-4.876359171509158097e-01 -6.871041568126889931e-02
3.795862129429883325e-02 3.968815039719049143e-01
4.525476549756624056e-02 6.134169590350224688e-02
-2.348679022449265963e-01 -5.757930487825280164e-02
4.737155832205978134e-01 -5.749214766985377700e-02
3.181126269268452766e-02 2.401752730216425435e-01
3.317534764422880311e-01 -6.560225325615987035e-02
5.525855149305880509e-02 4.544727855846323328e-01
-2.001781310154500115e-01 -8.206350697116160386e-02
3.166045454564421213e-01 -6.420127918785345500e-02
3.543319436335242711e-01 -6.878354478457271437e-02
5.975349164674181868e-02 -1.611341603747051821e-01
2.996552119642744705e-01 -6.118064238732368043e-02
4.947451791400766519e-01 -8.744370717044580577e-02
5.040458450751006403e-02 -4.602783629315232439e-01
5.908549108087879365e-02 -2.469725762268401015e-01
-3.028560446794179573e-01 -8.513583097855981219e-02
5.488072000157351304e-02 -4.852997937639269566e-01
4.376325660727279354e-01 -7.961455785469351287e-02
4.065542365589169815e-02 -2.073701308918246555e-01
-8.467021009096509232e-02 -5.881039042331825950e-02
-2.990693804038467851e-01 -7.499466237004270841e-02
4.374603911594765471e-02 -1.839540258996585909e-01
3.281933811083637131e-02 3.280512774758626016e-02
4.105478494542713630e-02 3.206935752383511806e-01
-1.472456583661957419e-01 -7.302308383092082078e-02
-3.559788392722441630e-01 -7.221152511480999348e-02
4.164183407812460658e-02 4.990101551554558812e-01
3.257265276030385515e-02 2.278650132957328323e-01
-1.112397999591171471e-01 -6.818154199272030702e-02
-3.128837071109478174e-01 -8.238188911353394595e-02
3.180925955649438475e-02 -1.165781290677755377e-01
5.647478550790197005e-02 2.311385465138865447e-01
1.363590186556316031e-01 -7.901356231056977375e-02
4.424197533202468557e-01 -7.625433417693727733e-02
3.806349222483640382e-02 -2.303700700830741965e-01
5.452867656442539346e-02 3.687920112858095179e-01
6.259181797190260799e-02 -3.370781469890007376e-01
-3.289277867421138701e-01 -8.116947499910165398e-02
6.093777608589501238e-02 4.697529405078536557e-01
5.907067397817078458e-02 7.944253260208933298e-02
-4.503292522166124634e-02 -6.528810972716325711e-02
8.482554636476780097e-02 -6.985628769865404042e-02
-3.930150307249692387e-01 -5.644835190726682494e-02
3.545960509086232282e-02 -4.058280673229747171e-01
6.405903716921668156e-02 -2.782923628834736984e-01
5.743171927513224251e-02 1.304372313317863075e-01
4.205192638871313449e-02 4.252828759466867892e-01
-2.064474693520345072e-01 -6.033715502014003196e-02
4.523924272615198472e-02 2.097637855569118859e-01
5.646825977361402682e-02 -1.190586125544108587e-01
4.221303857907765522e-02 -1.466068754805638363e-02
5.028318807150244929e-02 2.599348251471452764e-01
6.019982034633408752e-02 -2.507917659727914028e-01
-2.467906355319016143e-05 -5.579212502852481936e-02
4.254663503718614237e-02 -4.748551542581848084e-01
-2.351732852623753534e-01 -6.086738475741360066e-02
-1.743662649136673570e-01 -6.130556244505913632e-02
3.876070379176841385e-01 -6.423181295520152823e-02
-2.517639689510051682e-01 -6.943695167132934998e-02
-4.341997238229367007e-02 -6.515929425375943662e-02
5.954279013117969033e-02 2.396418896365054563e-01
5.065474554860915912e-02 3.491989838942962665e-01
1.187932136548282003e-01 -5.631574825593421707e-02
3.765694581444445355e-02 -2.180846675927314848e-01
6.351014224672191233e-02 -4.441388010177061973e-01
6.007679153171341380e-02 -6.064666699855747467e-02
1.255523647947986987e-01 -5.708989782039852745e-02
-3.680894793664983844e-01 -7.215234001490855587e-02
4.511647433915555450e-02 3.935023622870634785e-01
3.846088375218092992e-02 -2.770511478669057670e-01
1.113725977961598224e-01 -7.991787475276490582e-02
5.044601835359252551e-02 4.193140835436162117e-01
4.401708031365082485e-01 -7.686161442427430490e-02
4.152298310232294121e-02 -2.723238054422557619e-01
4.272617265367528727e-02 4.126666660930689012e-02
6.294142005437541876e-02 3.709983387736816018e-01
4.170795738759425220e-02 -1.482126444408483623e-01
4.743223514625470871e-01 -5.883858992555379697e-02
1.941711816478818298e-01 -5.451443415122658731e-02
1.884393352895248341e-01 -8.779025282155294985e-02
3.921660314519270774e-02 -3.037435060507664986e-01
3.784494469999821753e-02 -4.951670115233081093e-01
4.473900614291992373e-02 -2.752142829497112864e-01
6.260431297712509835e-02 -8.162078358465663097e-02
-2.659227970639891359e-01 -5.610759035980128484e-02
-9.558331016924836998e-02 -7.019102211062178132e-02
1.950798741415308291e-01 -6.044312658085626566e-02
6.010794600549529410e-02 4.504129224959285693e-01
5.282397033976471423e-02 -3.724467202699059953e-01
-4.847220340811152495e-01 -7.683037413842441765e-02
5.219604575319425344e-02 -1.739820921988707303e-01
-2.407078059740390685e-01 -6.417982265180655066e-02
-1.100663734551051709e-01 -7.785082868612636098e-02
-1.053083232246515566e-01 -5.882911614462948968e-02
-4.545711057483644568e-01 -6.530233328145518268e-02
6.484444113265819265e-02 2.306371294828163387e-01
6.151615037677593545e-02 2.607018014196921252e-01
5.118433055538174070e-02 -1.258429038076871453e-01
4.147789473463137089e-02 2.421793606564653922e-01
3.315806020625100548e-02 1.196885500959037341e-01
4.610763813331641980e-02 -2.435602226201094567e-03
4.410423789187012389e-02 4.141760135119242348e-01
-4.124531263529532810e-01 -7.546657886781094060e-02
4.291849068931885558e-02 2.661021156939439303e-01
-4.016609778739944625e-01 -5.712836678684241054e-02
3.203925130551510403e-02 7.557778356432531819e-02
4.024080417747800675e-01 -5.924613166055370250e-02
4.081528877029194646e-02 -1.753743338596255308e-01
3.863241174825637891e-02 -2.073325751599083278e-01
5.537497608917807401e-02 -4.427074079459814016e-02
4.865068024473029329e-02 2.794296830567889467e-01
4.091741494739198348e-02 -2.055076515066532883e-01
3.524902429878508103e-01 -8.377764654228736507e-02
3.520211543845330748e-02 -4.008488013486295465e-01
3.350533325422744291e-02 -3.386106561610933152e-01
3.987952824819795961e-02 -1.672435505104334919e-01
4.205263892783617230e-02 4.340350500398725275e-01
-2.286430900547242739e-01 -6.094997197544582690e-02
2.868232654561532202e-01 -7.924361472572793996e-02
4.873911111528828055e-02 1.202449113212935572e-01
1.213317714053377960e-01 -5.589570413319222553e-02
6.370528564778410452e-02 3.910335916540632617e-01
3.208944421312398543e-02 4.168190338732575828e-01
-1.158323688469712343e-01 -8.868279846830762203e-02
5.061851580280951612e-02 -4.783805938679560610e-01
-4.338559036971509908e-01 -6.535007136268178307e-02
4.433491020184532339e-02 -4.021006826993663852e-01
2.840421736299424404e-01 -7.103908345837084415e-02
4.198322292710565673e-02 4.838465736038424225e-01
2.280002031857808475e-02 -8.037860289680054393e-02
5.102733274350379489e-02 -1.510095093722607640e-01
-4.280282156034628249e-01 -6.443792395430658626e-02
3.501857092290272533e-02 -2.060510483653652525e-01
-3.201601658677449835e-01 -5.673992213353340475e-02
2.414924934135687096e-02 -5.220319432086883982e-02
-4.901763593450696455e-01 -5.752295587535183330e-02
5.829706088749220250e-02 -1.904287291542878791e-01
2.225792831521811177e-01 -6.617167139973867407e-02
4.881825585044130555e-02 3.042365221913491125e-01
4.630047736628417621e-02 -1.653042684175975996e-01
-6.617257033813328526e-03 -8.390508296127263677e-02
-1.398637773259111539e-01 -5.561027062370516028e-02
4.437624757053704183e-02 1.366211109108724786e-01
5.735370463658706619e-02 -8.232754768206729246e-02
6.322122043910360922e-02 -2.867601737521177085e-01
1.632868473587490987e-01 -7.387312279729207898e-02
2.392026109598083261e-01 -6.388181409618698403e-02
4.969562774052516119e-02 2.665932139056971240e-01
-1.760850710231048888e-01 -5.836573324057647838e-02
4.595331187837237152e-02 1.535459989396539271e-01
2.589686703236493415e-02 -7.209817543079422020e-02
4.881728618487557458e-02 -2.111654373420448483e-01
2.680827905696497870e-01 -7.393486401666160557e-02
2.831876096861891678e-01 -8.258042866496972945e-02
5.264527580557476494e-02 1.685655497052104268e-01
5.549402804945646750e-02 -4.719623255564687758e-01
5.118024651788277701e-02 4.151010786093093374e-01
-3.353689349864540370e-01 -7.834229817252025274e-02
-2.379292184388545062e-01 -8.230897481584142916e-02
-4.942265256086944003e-01 -5.514205348813860930e-02
-4.388051161970373260e-01 -8.266059351709431624e-02
-3.171498938449073268e-01 -8.135159669972047425e-02
3.204745746001580464e-02 -3.924351302248874074e-02
3.728208476690130224e-01 -6.780693535357096291e-02
-9.341669150688713952e-02 -8.481711044772766162e-02
3.828133336197914183e-02 -3.240106329829270937e-01
5.521149347886789016e-02 4.550550178577275062e-01
-3.975331357096839602e-01 -5.522150629791644505e-02
-6.886238843029757195e-02 -5.315750806299779363e-02
3.735177911739974155e-01 -7.564924473098222357e-02
3.464925157846487913e-02 -2.466283909695872190e-01
4.630920535540428151e-02 -4.615397276788115732e-01
6.604686049488772692e-02 -6.240889559968754163e-02
3.906753458993517114e-02 5.288030970400925401e-02
4.008626686805882855e-02 1.516340913341414076e-01
-1.155997922891200957e-01 -5.550893660929245854e-02
4.536343159743005948e-02 -2.023359940554231295e-01
3.963380070173261327e-02 -4.129507579408489004e-01
4.697067881347982699e-02 -4.512875279557171382e-02
-3.842399350868630492e-01 -6.823691823289024239e-02
4.259424610789164234e-02 -4.046566801104857225e-01
5.776957550586880874e-02 -8.530003708954814190e-02
4.160009496819150332e-02 -4.054939148276053285e-01
9.650193630335757167e-02 -7.276994490331356591e-02
-1.544652998285886980e-01 -6.894118427423479023e-02
5.844120605483205111e-02 3.878151887022518451e-02
3.366100450026188184e-02 3.738135186982510794e-01
4.854175160749941709e-01 -7.351701785800335287e-02
6.375791035052669198e-02 2.596206958732769632e-01
1.299331006288687584e-01 -6.423068158267963845e-02
-6.940406464754722560e-02 -6.803454112667894904e-02
5.523231406501449836e-02 1.180570961043931888e-01
-1.218102583419895524e-01 -7.209343117411848301e-02
-3.550551086411366519e-01 -7.147718387937440632e-02
5.845143463393243088e-02 -3.383697358729907956e-01
4.251020340245970086e-02 -9.904829533304515543e-02
4.931657691980262381e-02 -4.622552859540007830e-02
-1.472435103101227272e-01 -7.162293453109758179e-02
3.516383414363043469e-01 -6.487548742029192184e-02
5.357801028306674596e-02 -4.507816984195923693e-01
1.416489718645944640e-01 -5.892239016856926082e-02
2.702751337309025059e-01 -8.253789764640473425e-02
-3.764925451553030600e-01 -5.670579211111514972e-02
3.318087389182877711e-02 -2.632846167712385999e-01
2.409670680858448932e-01 -7.292862898741303557e-02
3.345800146197397407e-02 -4.784371608733422043e-01
2.417835011812771162e-01 -8.609618249822914571e-02
3.588670864575405073e-02 3.217950867944602278e-01
5.300326458765336479e-02 -7.762592367365717116e-02
5.228243162487322682e-02 7.977360978180381146e-02
-3.819804952615101223e-01 -7.974624007432051798e-02
4.927852492944480023e-01 -8.187913314416583876e-02
4.569715350626235573e-02 -1.268958311937692374e-01
-4.730462466935565491e-01 -8.523750166270083195e-02
5.113077268467924874e-02 4.598878699806649983e-01
-2.518796993870506817e-01 -7.436588372456476304e-02
5.731393200121936982e-02 -7.025883706255298122e-02
3.229938514834240770e-02 -4.314584259989890924e-01
6.433379180053266921e-02 -4.623081042793667494e-01
5.644234542578241420e-02 2.336628307287658135e-02
4.288219134950133071e-02 7.320375747239515896e-02
6.206432477938894632e-02 -2.610325095484098412e-01
5.102342061457332267e-02 -4.632950440156834437e-01
4.822696772511081420e-02 -4.464941151156177623e-01
1.109543838008880678e-01 -6.744671504503452208e-02
5.518436598527864945e-02 -1.864554959205719786e-01
5.490622847935100470e-02 -4.836827788041946352e-01
5.504701816265544778e-02 4.567264969856057455e-01
-2.069440265869156859e-01 -6.849222677952149230e-02
2.191757255089796796e-01 -8.481890946584391688e-02
-3.078556574549611291e-01 -7.861384202257515330e-02
1.452270141764520073e-01 -8.256258093455282054e-02
3.529089789024741908e-02 -2.640516185535931593e-01
-1.272236875353405239e-01 -5.468726297677728443e-02
5.926960979001161256e-02 4.482666536091630682e-01
-2.698314629858874492e-01 -8.849243010045904079e-02
6.154706418797017964e-02 1.293885872422929628e-01
-4.239665808424376570e-01 -7.365979268260414159e-02
-3.419910512951229720e-02 -6.007303861699198055e-02
3.489781032348515666e-02 -1.235976466147958863e-01
2.604380992018195951e-02 -5.903639107461999824e-02
-3.305520877362788656e-01 -7.844925291427695679e-02
4.913779232395398822e-02 -4.925808337393204894e-01
5.249600964997724883e-02 -2.831612301615538119e-01
-8.450567651393559032e-02 -8.663078674164714776e-02
4.960351120581552031e-02 -2.043870838146342184e-01
6.262212647521347986e-02 -1.408235285603793852e-01
-2.595641292115867804e-01 -7.157497410832314166e-02
1.310755085999980585e-01 -8.639740304256227077e-02
-1.615947006478967163e-01 -6.156730501266483024e-02
8.976257462690595545e-03 -7.779317595167589694e-02
-4.825938765405533015e-01 -7.273328826571445749e-02
6.134865747188189555e-02 -3.411472421992359783e-01
4.799911051953198449e-02 -1.240320648195891717e-01
-6.472102863265072337e-02 -6.361154369888277760e-02
-4.183035859203738660e-01 -7.923889239074022317e-02
-5.384162059604968853e-02 -6.947245908418353544e-02
-3.277765445075855322e-01 -6.002218290499150566e-02
3.353377706011595460e-02 -6.038805897026855440e-02
1.555204262953012728e-01 -8.412501669664684822e-02
-2.123413139593927079e-01 -6.273990913775207012e-02
4.778828655981692819e-02 1.513444476184068188e-01
3.379200283067662625e-02 -8.273266226875974905e-02
-4.522798081659326064e-01 -7.926906312057024895e-02
3.552196567929466475e-02 -6.408847723619959247e-02
-2.178845315326641829e-01 -5.942923443711400910e-02
5.545158507532865766e-02 3.104112734066034607e-01
4.271542447701470735e-02 3.811293345214511463e-01
6.213655130802120397e-02 4.978993075524084100e-01
3.711042777056083874e-02 -4.198460984524979844e-01
6.238018935892486461e-02 1.527549631899833837e-01
3.523542787367084372e-02 1.194911926247038680e-01
1.083638987351476235e-02 -6.355838126322188586e-02
5.418045431176399251e-02 -3.545574069797468031e-01
-3.656203238087398777e-01 -7.908460568500885746e-02
-1.740847292385913070e-01 -7.714909461007923852e-02
4.153369468905198092e-01 -7.673709444453113981e-02
-2.852082103009843106e-01 -8.468117135658193018e-02
3.310241620995346690e-02 -4.111922968451083849e-01
4.676224881929600397e-01 -8.104005250196488763e-02
-1.396184389107713031e-02 -8.351283882565196937e-02
-2.145582126086892361e-01 -7.548038271115675713e-02
4.844454848553225723e-02 -3.812780910502552301e-01
-1.599963715789464169e-01 -5.481826154561808551e-02
5.571158236608553249e-02 4.982216546987986439e-01
5.200878882103154854e-02 -2.299265701308810250e-01
-3.420561498966186997e-01 -6.948532583414568364e-02
4.773289119491419541e-02 -2.728256316487776001e-01
6.454227584952931807e-02 -1.584544657677419144e-01
4.278394445651056976e-02 4.657896844659585867e-01
4.394095531160646662e-02 3.640101830118791515e-01
3.485114657499133184e-02 4.009259542910150742e-01
5.711413168307866162e-02 -3.319440715241661621e-02
-1.532432278991406882e-01 -8.699965713945945200e-02
4.889791823506842716e-01 -6.939430632846588232e-02
2.166073141427028448e-01 -8.118381055378964817e-02
-3.410546482385424794e-01 -5.650376058271810997e-02
4.021080614230987393e-02 -4.661707154670990949e-02
3.356651162213231121e-02 3.901612414045688704e-01
3.967341194784558267e-01 -6.730785747561296439e-02
4.038806719749177265e-02 -8.955258438345270466e-02
4.237114858458601585e-02 2.307596477552389391e-01
-2.175654116122690551e-01 -7.414828889066404916e-02
2.267992326601256936e-01 -8.160420103980670081e-02
4.509625007082387338e-01 -8.661647795366334002e-02
-1.575554523051985178e-01 -8.640100397927130693e-02
1.982027333660340007e-01 -5.795433588682175063e-02
5.878347194154220912e-02 3.243060351337755387e-01
-3.502974780143042199e-01 -5.808357082296278229e-02
-1.577418131566439286e-01 -8.085926861351322437e-02
4.517851546142603869e-02 4.786888791104078056e-01
3.627717898063702595e-01 -8.497808119527006099e-02
-4.613159026223603298e-01 -8.717945117513692388e-02
3.770888374849479252e-02 -1.968922618283178716e-01
4.275436682421351886e-02 -4.093823935078595433e-01
-2.270018823497033100e-02 -5.515308695275289441e-02
-1.460712524641893939e-02 -8.424603861839186081e-02
3.754594884248496633e-02 -9.150237420991402804e-02
3.356788025363389716e-01 -7.343678094592076544e-02
2.902437054916785497e-01 -8.683678338622258241e-02
4.127178271352482941e-02 2.697556527963606010e-01
-3.995655020438526606e-03 -7.994218741949576934e-02
3.442384927017616558e-02 -2.195084020596616003e-01
3.056525337312248070e-01 -8.514108382708007738e-02
2.864293926871618323e-01 -6.160636179638456777e-02
1.813585764405142298e-01 -5.766054772892492686e-02
4.599058137256617496e-02 -1.177516690782464126e-01
-3.169015109255759466e-01 -6.834028334791231174e-02
3.443133605663095675e-02 4.166463451625898040e-01
5.707924777057105103e-02 -4.940747333357895510e-01
-4.861117963340555459e-02 -5.649021076659510587e-02
3.679155225218744274e-02 3.862881353718153887e-01
-8.901381260969631892e-02 -7.511868408890443050e-02
5.157709940543298011e-02 3.239909066991951692e-01
5.375559249907990722e-02 -4.343853820743937000e-01
5.205287189937624071e-02 -1.704097784312779140e-01
3.817946757322066009e-02 4.356214164958081003e-01
3.302732565428045941e-02 4.029495261868434319e-01
6.251239062491886767e-02 -9.762096312419821231e-02
2.563376342014858089e-01 -8.376638075840781017e-02
6.053878736951412431e-02 1.070934387346484939e-01
4.209115708726574034e-02 -3.326842525749434953e-01
3.504362918430636853e-02 4.238180190860721952e-01
-3.274472185182397688e-01 -7.940954266633182268e-02
4.921634786043493914e-01 -8.192618870208701054e-02
3.001339592703722303e-01 -7.685330306074800166e-02
5.076606876329725626e-02 -1.134815057799530846e-01
4.743432149265680575e-02 2.325638607093173382e-01
2.980636040968355216e-01 -6.689431614401875059e-02
