-1.012645243427213737e-01 -3.841795747373621950e-01
-1.059535793391140901e-01 4.478474873257054512e-02
-1.048520460692360379e-01 -6.080047198287041876e-02
-1.134466074454688611e-01 3.500117775953066612e-01
-8.862083287197419779e-02 -7.081587077967144150e-02
-9.741312043242411622e-02 2.323377890913649324e-01
-1.069430264436210809e-01 -5.170897624346448840e-02
-1.127927906403463076e-01 -1.100135556945713855e-01
-9.067195346741585560e-02 1.547778840762344954e-01
-1.026600658662053522e-01 2.349793525502352765e-02
-8.645033464481188812e-02 -2.534596273646096964e-01
-1.001685627005794998e-01 -4.642309052282289628e-01
-1.188007320842631165e-01 8.865321604037257330e-02
-1.201895782491011477e-01 4.502291824455920688e-01
-8.036534881487900073e-02 -4.010947272022432619e-01
-8.987416482818721963e-02 4.094010181257345948e-01
-8.387664672158312573e-02 -3.139231754530551477e-01
-1.162730166905945328e-01 -2.396732909818366508e-01
-9.011182511813020657e-02 -3.154590348025386737e-01
-1.111303662762480604e-01 -4.719557281893347334e-01
-1.132630172838411386e-01 3.318566885402151057e-01
-1.026707525425267775e-01 4.561253730602042866e-01
-1.131789224427768303e-01 -4.447029476232420286e-01
-1.172594293117188435e-01 1.618085820531445229e-01
-1.172781706401102575e-01 1.383681395366225253e-01
-8.307996741533363316e-02 3.679847029624483401e-01
-9.620108894868539817e-02 4.500678017610528769e-01
-8.119716913192220886e-02 -2.783710157554686315e-02
-8.485099019442210455e-02 1.238396785490022411e-01
-9.616184392580229279e-02 -1.899996330633504371e-01
-1.169396952298114023e-01 -4.543692032780330958e-01
-9.894000394964330702e-02 -5.469455841396408946e-02
-9.107353670370366139e-02 -7.777351419227229723e-02
-1.208293249179759332e-01 -1.365435424776406670e-03
-1.194563208645730290e-01 -1.100509729754586274e-01
-1.119413724041051772e-01 -2.609635135207761802e-01
-9.410706334729546096e-02 -2.478679956189466793e-01
-1.111928647385549418e-01 3.431942381498996886e-01
-1.060466124466091786e-01 -1.848968490886243599e-01
-8.308096808151310686e-02 -4.630544467768910044e-01
-1.136881966982149494e-01 3.299954434348767451e-01
-9.799652126390301365e-02 1.615318052095249257e-02
-1.024299021266059651e-01 -3.460038806922225429e-01
-1.095301267474974027e-01 -4.493471931779383644e-01
-8.011899725309312714e-02 -4.876149567668875973e-01
-9.377359976281063325e-02 -3.999241055426157043e-01
-1.150481005359718090e-01 5.743854701051764877e-03
-1.119139061857502560e-01 2.166019481212010378e-01
-1.000501007390515174e-01 -6.936627294600783422e-02
-9.607022183434343887e-02 1.554919978917451706e-01
-8.205076997565230457e-02 -1.458683585108453418e-01
-1.162316195015647979e-01 1.612112325822675496e-01
-7.918417272905109439e-02 4.679989100603753061e-01
-9.695905336861776469e-02 -3.284827189446449802e-01
-8.009754114292877425e-02 -1.997644779186955599e-01
-9.262487262301410951e-02 8.107500365139730381e-02
-9.111850233585283565e-02 -4.705765736360330020e-01
-9.767232848919860100e-02 -2.557500343117126151e-01
-1.191252411955667778e-01 2.313415979857974536e-01
-8.134447665494037860e-02 1.310305494549465211e-01
-1.126491534443549991e-01 2.275367785657564923e-01
-8.168343557586033032e-02 1.850086153519023835e-01
-8.155215279992666932e-02 2.203527648368425185e-01
-1.191524829883966463e-01 4.750931126028469231e-01
-9.637335406451907893e-02 -2.965878949094808981e-01
-1.106544560113496001e-01 -2.376407522652890236e-03
-1.013980985739142415e-01 -4.499077790398458010e-01
-9.709791180592730608e-02 -2.692664209848221191e-01
-8.101306407425001854e-02 2.417239123429453240e-01
-1.072475612023980895e-01 -3.460447109519513287e-01
-1.034196648578177280e-01 -1.975026601685244687e-01
-1.104155578518459802e-01 -2.799211362294731220e-01
-7.927905706363247429e-02 3.870601100209913881e-02
-8.432874963904490873e-02 -2.597135634502719670e-01
-8.962628667670313742e-02 2.045866117260208839e-02
-9.719840207742735938e-02 2.335832533071021677e-01
-1.200785584875556644e-01 -1.102986660635797422e-01
-1.076710523841872824e-01 -4.298776146721956515e-01
-1.089993620122681195e-01 3.110612613976950769e-01
-9.842825303674118675e-02 3.594174243145681347e-01
-9.678875447375767660e-02 1.970271887133826505e-01
-9.159119689724870561e-02 -4.814788841203286873e-01
-8.382250960815162966e-02 -1.461357158215244034e-01
-1.184495427792927602e-01 2.161395632119663679e-01
-8.529728177822826218e-02 -4.439790913781855863e-01
-8.971490237134804868e-02 4.110175447540986848e-02
-8.327328683775248042e-02 -4.823172983810803949e-01
-7.970673461538857474e-02 -4.715527686708745891e-01
-9.294428693605727432e-02 7.026947625281443344e-02
-1.156667042411926305e-01 2.815693684382812867e-01
-9.350998789848796733e-02 1.134981299609402194e-01
-9.555971954410091840e-02 -4.922272352395107298e-01
-1.133821122809424153e-01 3.754023402806579979e-01
-9.274635160330757522e-02 -5.434828560594984204e-02
-1.016416543768012826e-01 1.926344988155488380e-01
-1.006914719209814901e-01 -1.652786066171029189e-01
-9.428049176588770841e-02 -4.504526602582159533e-02
-1.185362471101362170e-01 -3.395857188324676867e-01
-8.717118219403174884e-02 -4.254632535773299473e-01
-1.028803686985568788e-01 2.089168718429812444e-01
-1.099066710789464718e-01 -6.836047076772755471e-02
-1.017860843478729516e-01 4.062786461875608213e-01
-1.062249622963639117e-01 -3.300784766136954929e-01
-1.081238159391101350e-01 -2.568141549696619785e-01
-1.007017703126366071e-01 4.172964871894478955e-01
-9.306526040871976324e-02 -3.598054472120082448e-02
-9.481030405529600191e-02 -5.565309301742105141e-02
-9.488081915939672317e-02 -4.931762498793743621e-01
-1.197591913184259393e-01 4.200968775558486801e-01
-8.785192519787665688e-02 4.916100358598993747e-01
-9.278001411052338998e-02 1.288018445246574828e-02
-1.063688927144277319e-01 -2.498004392084689496e-01
-8.423576019891831912e-02 2.139213343559478453e-01
-8.081854424852641383e-02 4.255057306917412463e-01
-1.092650460982647065e-01 -4.011521097876425967e-01
-1.147372914253896869e-01 -2.212553985304995807e-01
-1.162741614989990513e-01 -3.691516045502771792e-01
-1.088115617387271916e-01 1.249518323579528190e-01
-1.020540534322358361e-01 3.149443507710332213e-01
-1.057614575804631807e-01 -5.287428993036458191e-02
-1.059461639859007320e-01 4.068597038481397421e-01
-8.868572527284679374e-02 1.531572571275884309e-01
-8.170290764945753459e-02 5.925090243950914548e-02
-9.826072484313030930e-02 1.463513024479859981e-01
-8.472102605186826452e-02 -3.422233266902833249e-01
-1.108391692585990462e-01 -2.428608133666672053e-01
-8.281177623356339446e-02 3.103338710469181194e-01
-8.587011007382483463e-02 1.971662938508441654e-01
-1.211905367246487453e-01 -3.219098946612038992e-01
-9.056959187532342970e-02 4.134663444217651085e-01
-1.052883830670667820e-01 3.708300278440227471e-01
-8.912858574953752555e-02 -1.162075525299208767e-01
-9.988204991827320800e-02 -3.037944337138690498e-01
-1.106378301768938810e-01 2.825280717376700279e-01
-1.164446458960929354e-01 -4.982856575449690073e-01
-8.407756506378583072e-02 -8.750212316976813121e-03
-8.120707393719361900e-02 -2.670881063729075855e-01
-8.232479149290572451e-02 2.318572912950636056e-01
-8.460601348801632948e-02 3.552914572900686130e-01
-8.491711943648494465e-02 -3.016814046580561515e-01
-1.034504366344204396e-01 1.334631247694402223e-01
-9.902016262105328703e-02 -4.264145234366054638e-01
-1.208727038226261596e-01 -6.944610190739930466e-02
-1.208262745427909346e-01 -4.986249173830091808e-01
-1.194597801546070093e-01 3.028529829695284503e-01
-1.153568330113325935e-01 -3.394285882672557486e-01
-8.157858521863958767e-02 1.108835019612947059e-01
-1.142888507873258686e-01 -3.796922451008485355e-01
-1.062182778984397391e-01 3.737697886362419952e-01
-8.978415180267007578e-02 -4.281785209012668458e-01
-9.018048705078940408e-02 -4.323197302329124803e-01
-1.083632768548405956e-01 3.615430678084708971e-01
-8.245981352121312113e-02 -4.409584400734078979e-02
-1.090677422734135371e-01 -4.092516490558594233e-01
-8.528051997231944625e-02 -4.778016467083628926e-01
-8.162378147460769284e-02 -1.676496272502890905e-01
-1.149669098647395638e-01 3.622759763359145735e-01
-9.680165025378950627e-02 3.347986553811311827e-01
-8.655000231926268661e-02 -1.326071126292044378e-01
-9.422331568328479179e-02 -1.493955951509862157e-01
-1.020218192575608196e-01 3.182577502104462219e-01
-1.200719685349119770e-01 3.265847209564103348e-01
-9.341881933166285013e-02 1.827408549926071712e-01
-1.105043871692631408e-01 5.840225958162303943e-02
-1.132242654709954000e-01 -2.520436501395987294e-01
-8.719576496155501122e-02 -3.305766127641107666e-01
-8.987990192150085988e-02 -1.815752145140000495e-01
-9.737098622071682641e-02 2.460681809773745954e-02
-1.146896231694746193e-01 2.483652678387137103e-01
-1.118073202952686307e-01 1.526965671459474816e-01
-9.989271368796204253e-02 -2.543886444904963628e-01
-1.075010876721029796e-01 -2.705349389184864561e-01
-1.143727014433854050e-01 3.787143628439771925e-01
-1.061887635198126567e-01 -2.649038794645680595e-01
-1.181380997082228657e-01 1.954054853221198762e-02
-1.048555403890075732e-01 3.473298959286827969e-01
-8.114037437323406987e-02 1.214888028292361311e-01
-1.058116283540311287e-01 1.509196519898085009e-01
-9.968331506020122745e-02 3.843670442327463688e-01
-1.191017861063611294e-01 2.485130536056394668e-01
-1.155831611276196824e-01 -9.930210775158898606e-02
-1.017137436058029865e-01 -3.983745101096070051e-01
-9.275055378300778308e-02 9.855556239663709750e-02
-1.041968246630878836e-01 2.844298069060942069e-01
-9.740046322477546870e-02 4.945521081614479009e-01
-1.127150218708822260e-01 -4.509669694329132561e-02
-9.228546736657627925e-02 -4.897571667747402380e-02
-1.100932333299576849e-01 -2.950016828762549448e-01
-1.024658548595233087e-01 4.631591251714883839e-01
-1.024779491801618425e-01 -3.075317149424764418e-01
-9.380976845304711542e-02 4.711284020023565056e-01
-1.091160480957035217e-01 -1.392818310405639082e-01
-1.095876838417361165e-01 4.711044648483514452e-01
