1.015939869406093932e-01 -3.452672107983931760e-01
-3.535704455796081502e-01 1.061177735679387224e-01
6.948473681924016709e-02 -4.838761509826577933e-01
-4.047420226384612629e-02 1.540249094212894354e-01
-6.130364758736805975e-02 1.476358152400444324e-01
-3.367834761782512176e-01 1.087938674665435146e-01
6.580312642306440640e-02 2.302674146299850122e-01
-1.005839988100646343e-01 1.159428438113888626e-01
1.021104009088459330e-01 -3.585079921516298729e-02
-2.444925121740932905e-01 1.232693633555445034e-01
8.348928818515422012e-02 -4.124316486790636782e-01
3.894325871927818428e-01 1.236287309188603967e-01
-1.923923940725325021e-01 1.422383133137412603e-01
-7.738125591183775409e-02 1.462841987559774237e-01
8.631219348283325488e-02 1.951638582262144039e-01
-4.474776628978339721e-01 1.454956291959621506e-01
8.431882418084257758e-02 -4.086149719531554370e-01
-3.384934239594301619e-01 1.143440687144033907e-01
4.190670130805091986e-01 1.107338318312068859e-01
-1.340692360595171495e-01 1.263183366008658881e-01
6.646782182024935093e-02 4.449175996090924956e-01
-1.870576775682866177e-01 1.290862826043086553e-01
-2.044816146323436001e-02 1.342528163724725498e-01
4.446556528130533037e-01 1.384794662595605352e-01
1.939936199061051969e-01 1.436799536807756850e-01
7.075438002414136118e-02 -1.580615050852269832e-01
1.370470239369325771e-01 1.243127135526785887e-01
-9.250417701887669875e-02 1.476812819308639391e-01
9.552497254587044573e-02 1.863847737056069098e-01
6.932039314627735926e-02 2.725223537379484195e-01
8.692115716416703997e-02 -1.271322337102481770e-01
6.907950308651777949e-02 1.397626202747916935e-01
-1.931744100409453768e-01 1.066772128912713002e-01
1.640006299456655547e-01 1.399862825687473444e-01
2.091321428199552912e-01 1.194105336926302163e-01
5.972260472945212229e-02 1.514285726759415640e-01
4.611626958880032934e-01 1.060842401598479645e-01
4.468521994179235346e-01 1.338756429106786605e-01
8.030677273226671797e-02 -1.922055302408791633e-01
8.277085845324350100e-02 -3.603851610729289501e-01
4.930151272921086125e-01 1.078205383086469071e-01
7.577967171579924610e-02 1.362244674428869651e-02
7.211556813371367003e-02 3.976627989668466423e-01
7.583735814535497166e-02 3.430261489509744965e-01
6.817019427981163560e-02 3.933105913604235671e-01
7.145140282564954592e-02 -5.270512185584808051e-02
8.889417363479801271e-02 9.834067677438340649e-02
2.221879727527775739e-02 1.244906983827557267e-01
-2.719582452764686131e-01 1.290178816953576613e-01
1.791631590316390410e-01 1.137607464200273144e-01
-3.448994686229911455e-01 1.238909050557400748e-01
8.193826363019285353e-02 -3.061519628582630714e-01
9.599701086458956034e-02 -1.497804007543158678e-01
-3.986980187149438137e-01 1.291852613508788217e-01
9.746899932075647754e-02 -6.822605287293448395e-02
8.548374899614863409e-02 -2.449098853056341785e-02
-9.490282973142116774e-02 1.186848148958493665e-01
7.779777109801555568e-02 2.754103311877091897e-01
4.803853463143098468e-01 1.270451483296671791e-01
4.994889450449403467e-01 1.397468885836617991e-01
9.143866686958967982e-02 -4.851791585668738804e-01
2.138586832262404647e-01 1.409547258100195544e-01
6.577766770162196686e-02 -3.795933498318251331e-01
2.528307170170016605e-01 1.402700061669276410e-01
9.813631952977119877e-02 -1.625788247903880990e-02
4.050642672854047888e-01 1.275835852625725186e-01
-4.091002092989054484e-01 1.253608452355905456e-01
8.103599070836009499e-02 3.949366563506329086e-01
9.331654570391079151e-02 -2.030026683457347714e-01
7.310695575833181525e-02 -2.106070587840740416e-01
-3.875979192402830842e-01 1.336868980091543424e-01
-3.962586533575080949e-01 1.373242116604497243e-01
9.973882440410253292e-02 -4.883603192355433498e-01
1.522669214977701024e-01 1.440252549412068817e-01
8.760993010632822653e-02 2.861105699372822331e-01
-4.178918201967530832e-01 1.108822942689069446e-01
8.601004703701975451e-02 -1.352973949959607181e-01
4.622571220998472619e-02 1.261805607913339955e-01
1.076154319955172634e-01 1.507856657330490791e-01
1.038908485542572313e-01 -4.564317526992794916e-01
-4.670900360908503135e-02 1.375007579933135160e-01
-4.216605289024675240e-01 1.343580427587753867e-01
4.677541180708252311e-01 1.066427221507070255e-01
9.077528032728854335e-02 -1.488423757460054508e-01
9.498377130638868682e-02 3.731301506263617895e-02
6.647656121883527280e-02 1.568902187957312844e-01
8.094363810944771309e-02 -2.287516822355518675e-01
1.691706157496160046e-01 1.498316581142620230e-01
8.263959800737563643e-02 4.268860480697744819e-01
9.498812046888316374e-02 -3.360444185180665455e-01
7.577619098167942546e-02 3.349030305021234444e-01
1.027348465490145468e-01 3.852096556803723537e-01
7.117165859236718184e-02 1.668935769353550036e-01
7.842356975230690974e-02 2.761015435825231457e-02
-3.779870839302914565e-01 1.217944527042367220e-01
-1.154069771597759919e-01 1.197781767088157423e-01
1.311793181003312325e-01 1.385393296588868228e-01
-2.665101367471268690e-01 1.151462870114592363e-01
-3.927071858418281769e-01 1.247651128863206393e-01
-4.364111558096195331e-01 1.215934687299247141e-01
9.932193778466524847e-02 -1.057557201271492886e-01
1.034361437751571966e-01 -2.227208341860155150e-01
9.393612137701634612e-02 -2.101272725185721058e-01
-1.243797542259735822e-01 1.101280507317657920e-01
8.067272370235223367e-02 -4.712702211099096816e-01
9.376688880467254350e-02 -4.428827960158084887e-01
8.588930375000181083e-02 1.017524343692911559e-01
1.285630413512603987e-01 1.531963571656421719e-01
1.045919743642425015e-01 -3.919911572248491183e-02
8.291258138663282207e-02 -2.296935815209195653e-01
3.483587957441035554e-01 1.343471735921928367e-01
8.469187335061545419e-02 1.902178675042818234e-01
-3.475871702296906562e-01 1.402098901997694824e-01
1.008971297738416872e-01 -2.601249216743383164e-01
7.566018659284146075e-02 -2.185641374096547462e-02
7.369433169225192426e-02 9.969012827487189199e-03
1.564757720975833433e-01 1.106671150244649127e-01
7.397956526942850441e-02 -2.097287795340441185e-01
2.585114536268121599e-01 1.473774290755115457e-01
-1.353981818978434726e-01 1.490550222979156736e-01
5.368946602707147520e-03 1.212129850644472207e-01
8.799495405325929998e-02 -5.583492190158334534e-02
7.062014695595042468e-02 -2.960840223819494188e-02
1.834857995868247604e-01 1.475067744327024366e-01
2.901312225900599673e-01 1.178281346597389589e-01
8.721410364559889494e-02 -1.796545348292605260e-01
-3.926105276824320978e-01 1.244058564742342998e-01
6.859115618411393278e-02 -1.969346193330390182e-01
-3.821732207576843399e-01 1.524922521917578822e-01
8.751712252428989203e-03 1.305292500689757551e-01
4.341733987704190501e-01 1.374175066286841274e-01
3.863649371105781771e-02 1.207700152083936995e-01
2.432675760416985744e-01 1.442338275615629994e-01
2.389337811754351781e-01 1.541556533842711740e-01
3.921588022582930266e-01 1.132232974219858912e-01
7.306926831426019397e-02 2.324699427298685395e-01
-4.349582183347966424e-01 1.145343382551183842e-01
1.237727813555644651e-01 1.214748042541166084e-01
2.947825653602964557e-02 1.434993570579972122e-01
8.842184694812904588e-02 2.347430331399188441e-01
1.515141503283572444e-01 1.411486470820317862e-01
4.377894635725516626e-01 1.232358344327664224e-01
4.300362866799257722e-01 1.128851591628253770e-01
1.015511884003301724e-01 4.979108284345981073e-01
7.164237781441151753e-02 -3.468460628252265643e-01
-2.205525694045600282e-01 1.098642998261620818e-01
-2.265970768151205350e-01 1.317163857350618361e-01
1.487190478715667563e-01 1.302849070111680163e-01
7.810722518768076217e-02 -4.705294340031231926e-01
-4.564740146727827019e-01 1.443356927100660769e-01
7.637695608307104589e-02 -4.799727278424109622e-01
1.127484543148293827e-01 1.332718947747951743e-01
4.626219358438062867e-01 1.511799330678317288e-01
9.436616324109925458e-02 4.370701187359667950e-01
8.214972129183939487e-02 -3.537468469284180683e-01
2.568837663825407347e-02 1.184368929993737662e-01
-4.121500487845506377e-01 1.177544203139211376e-01
-4.048364106361936887e-01 1.320857756050123344e-01
4.138484177719198298e-01 1.404254963824063118e-01
1.151570882518172523e-01 1.115112590902030965e-01
-4.651002624213670389e-01 1.408498469258745445e-01
7.637706847021041856e-02 -3.275362928092172554e-01
9.128256647788601796e-02 1.991489281309278825e-01
7.623655299082832126e-02 2.431439516725744099e-01
8.060430987957112325e-02 -1.820383388911581690e-01
-9.872451334310849980e-02 1.304345666279627114e-01
4.062862317940729717e-02 1.096575017983589806e-01
8.436729170566648062e-02 4.771461195001995836e-01
7.470257166170524155e-02 -8.890020310773705248e-02
-4.758424900060447271e-01 1.509418411707299512e-01
1.914363302303044856e-01 1.080713978990968105e-01
1.014643413528673044e-01 -1.719636664722183905e-01
8.422390765055909334e-02 2.622576890975878428e-01
-3.468629830156143568e-01 1.221904511255571535e-01
-3.449205371263890374e-01 1.054393752364114478e-01
8.762159653566636841e-02 -2.003146783436433598e-01
7.541452814724003417e-02 -2.398373777314456445e-01
1.023992038256755777e-01 7.327209735801598622e-02
9.222909996947059597e-02 -4.673600613164872186e-01
2.663066277084763511e-01 1.421748813251104693e-01
2.854144698202956132e-01 1.403681330562523977e-01
1.272523525950652878e-02 1.413918061953420846e-01
7.062539213395868654e-02 9.106220785869878487e-02
7.347191540005593158e-02 4.658590680079029989e-01
1.015336552107142243e-01 1.255594396611635633e-01
-2.949020071985217761e-01 1.447616647853534610e-01
-2.454236033031728104e-01 1.055887978162945995e-01
3.938289433671178230e-01 1.378908745324860519e-01
1.030926728342557164e-01 4.840629473920281534e-01
-2.950525242624241207e-01 1.498152098530824983e-01
3.057768007595130788e-01 1.343170114076034372e-01
-1.735828960115508579e-01 1.070182952900309292e-01
-2.699692879183085426e-01 1.235923167829813263e-01
8.247123190194538545e-02 2.881497927831569994e-01
8.467725903929312903e-02 1.772404231604481906e-01
-3.354786142258400217e-01 1.257586423611904980e-01
1.083335210068347987e-02 1.065615590666427748e-01
7.919780392569453209e-02 -3.487125617135428124e-01
-2.317600591107341623e-01 1.182800753789224890e-01
-1.890812368786256581e-01 1.500160649898090170e-01
5.295776557638287585e-02 1.431596460734658738e-01
6.550142018801885513e-02 -4.838696428425868223e-01
1.415740056688722381e-01 1.215947434709627739e-01
-6.338383707278072432e-02 1.458137923366741306e-01
2.701295686090178227e-01 1.455967217438638439e-01
8.326080507159694388e-02 4.790153341202941784e-01
4.382137506241571279e-01 1.236462151358493911e-01
1.466793798743570854e-01 1.529982714016042689e-01
1.268799238088377246e-01 1.301184481862128761e-01
4.880325692159903639e-01 1.460780396690212202e-01
2.690298710939267313e-01 1.174346224761078084e-01
9.287204639729584876e-02 2.346148470489300975e-01
-1.455726844517737373e-01 1.431452097178922411e-01
7.928628839035067877e-02 2.565268974327525875e-01
-4.674375021651759887e-01 1.317071917298091588e-01
7.861397639526068737e-02 -1.668624172044491649e-01
3.683603337241103670e-02 1.169011369150761981e-01
2.318281656139186131e-01 1.531249500505176275e-01
7.981375650769217955e-02 4.677273405350090840e-01
-2.864758957417228302e-01 1.110334462232628328e-01
-1.693798790859519787e-01 1.506942080782097682e-01
8.299981169225012501e-02 8.972647395636190737e-03
1.041452339895864165e-01 2.639903455158260082e-01
7.685972599574875108e-02 -3.837603178789010805e-01
7.292976242435278422e-02 1.117860821602535415e-01
7.841411065373826705e-02 2.727384353107207282e-01
8.459663810764850300e-02 -2.968923002329213467e-01
2.478639547695465906e-01 1.457278463632890597e-01
8.261247574364860569e-02 4.101522971188182876e-01
-1.017193194372276732e-01 1.223480538901103865e-01
4.775458309488941344e-01 1.151435359540186054e-01
-1.779478410119652576e-01 1.430548952642730631e-01
4.793584174713272361e-01 1.496242277254679065e-01
2.374201132816391446e-01 1.279679084246495568e-01
9.873644069114562161e-02 -1.657520279714764788e-01
9.583949488219811741e-02 9.191336166177910272e-02
-4.047475340540108713e-01 1.378911756242342523e-01
7.157463904083960493e-02 -4.844674400231406830e-01
1.418931364559070651e-01 1.259810299666120903e-01
8.081271975965598209e-02 3.792146283226166537e-01
1.016203708819238827e-01 3.610430228492558236e-01
7.698767231524894505e-02 2.015539727839041895e-01
7.005518574365388051e-02 -2.091816439175224751e-01
8.525436915899087253e-02 3.043494836457419916e-01
7.074619917329150187e-02 4.627161464942717295e-01
-4.588228093049151468e-03 1.433202844901155792e-01
9.057030181199399177e-02 -3.768718221354251385e-01
2.782463609497579649e-01 1.500445345814799269e-01
9.321085446932519947e-02 -2.414453138112958586e-01
-2.604675685954198627e-01 1.241646764790390600e-01
7.326843593568010959e-02 -1.722247418192951463e-01
2.397223600821168921e-01 1.491235529831955731e-01
8.542857742471310356e-02 3.961007584864489894e-01
-8.713735385014731438e-02 1.258160612706634707e-01
8.192907854038533610e-02 -1.444507435218654878e-01
-3.878250040083207617e-01 1.239276868735408321e-01
9.750109842199305987e-02 2.482607568436466794e-01
8.350981517041233815e-02 1.841867793518625618e-02
-8.694585867003978841e-02 1.093463039802108350e-01
-4.754460710633876541e-01 1.129634322059871465e-01
-3.329985378870126134e-01 1.437632671382439442e-01
-4.547899209514495444e-01 1.457592758353166706e-01
-1.320072463973818166e-01 1.222003435664551496e-01
6.726824785597895762e-02 7.615191407901533704e-02
4.624520356830438272e-01 1.511271078146666502e-01
-1.519562062590297247e-01 1.191985081538152746e-01
8.553981011976774518e-02 2.684784665574073692e-01
-3.801604461553387271e-01 1.193866286643201491e-01
-1.564272540612892115e-01 1.325117312587482665e-01
-6.319726106572842728e-02 1.363523648506121955e-01
3.540605942972144815e-01 1.339529038891859036e-01
7.052349950512748489e-02 1.631868425104264775e-01
7.230131335965439554e-02 3.148461406616942515e-01
1.038225017129164041e-01 -2.987140907539491685e-01
-4.369562237922198777e-01 1.054929268311340929e-01
9.913008082146634870e-02 -3.608644502522544428e-01
9.681831666037288286e-02 -3.051707250533490789e-01
9.466536289897242717e-02 2.356664272604083177e-01
1.003557358512681130e-01 -1.911297240358793559e-01
-2.612034554884559157e-01 1.484835173857066426e-01
-3.845559742327960828e-01 1.278137874851328348e-01
-1.899072775776425859e-01 1.345445290148560291e-01
9.764045910836693931e-02 4.744267395384712538e-01
8.034292448568236544e-02 -6.792819459660892623e-02
8.694496778657312408e-02 -2.718618735809907871e-01
3.579128090939881490e-01 1.198356332786164602e-01
7.176856624085914405e-02 -3.529143733826922702e-02
2.270167728108026806e-01 1.478270507101407949e-01
-4.601761258326420023e-02 1.377191349880372284e-01
-2.900007738429400961e-01 1.152912766578072512e-01
6.963196145453787178e-02 3.906375041470289133e-01
9.725820464693690770e-02 4.774914737241909846e-01
7.594818002813907842e-02 -2.228725530443450564e-01
9.543587813086462646e-02 -2.578645767232677910e-01
-4.256020271092237905e-01 1.108690299344690100e-01
9.643707456717631743e-02 -4.871474515394181859e-01
1.013509297135744003e-01 1.068441769378964956e-01
-3.939084581363015980e-01 1.226190658338760509e-01
9.357471199058642330e-02 1.726755808953363003e-01
8.453025944537806424e-02 2.536179062032793974e-01
6.951908618755142655e-02 3.944868077253933514e-01
3.549480483064517689e-01 1.433059318301137530e-01
4.648879253829852898e-01 1.493568149009223411e-01
8.079838141031814303e-02 -1.411452518951482604e-01
1.043011837533254216e-01 -4.332703578019846402e-01
7.591776903711489055e-02 1.032746671722805099e-01
-1.815815130213752626e-01 1.468717616167490858e-01
9.354247281029870464e-02 6.049912680557245626e-02
-2.112335249612755650e-01 1.302020174701707944e-01
8.502135967145263429e-02 -1.861299988167308683e-04
9.403056461305758784e-02 1.165562445829603222e-01
9.629756761252672437e-02 -3.208001997217435619e-01
2.301298457843659051e-03 1.351452394181492656e-01
9.516527193822377217e-02 9.908339044636771398e-02
3.996817897148197130e-02 1.223361005376752964e-01
9.722647177689214271e-02 6.988331095668587345e-02
4.964294754158617984e-01 1.483043751624310014e-01
8.752724795105726319e-02 1.275476476761248090e-01
-4.400664504114042419e-01 1.083950624953984310e-01
9.561044160344522869e-02 1.716059258361521955e-01
9.019789670486899613e-02 4.836575215959548757e-01
-3.926090595290110397e-01 1.394936336320626857e-01
1.744695585729456599e-01 1.133082222439973918e-01
-2.223992999130988135e-01 1.509064437320648544e-01
4.009661377030894203e-01 1.303982619846244528e-01
1.021796971283864819e-01 -7.017347232819104441e-03
4.436180906901231458e-01 1.263243975465915270e-01
8.378581827937203741e-02 -2.072053584888468025e-01
9.677798314939822788e-02 -7.805500366356044051e-02
-4.138517269984274272e-01 1.425272791485886481e-01
4.555797263556726762e-02 1.490750914358648371e-01
7.561145256634260736e-02 -2.420148302145485042e-01
-7.711266658761817272e-02 1.156556124033552013e-01
6.586103064342185842e-02 2.182283860114656582e-01
-2.892434748936824063e-01 1.285378404804989882e-01
7.478327147793473184e-02 2.972529830791175165e-01
4.630047063510601690e-01 1.260084859163876914e-01
4.487118367617731751e-01 1.210511186694221974e-01
7.589848017621059206e-02 -3.811723644521145538e-01
9.207339787150481403e-02 -3.130357560626949587e-01
1.305750368431187747e-01 1.462565230261085869e-01
-3.024800629070553137e-01 1.189577469295972634e-01
9.700285712112921566e-02 -4.977794413917371319e-01
-4.761220439482574118e-01 1.098671828416424301e-01
3.819686301862372790e-01 1.248701804291242334e-01
7.768829169651780830e-02 -3.551312703812100624e-01
4.797732092444921825e-01 1.077727941976273085e-01
9.615699824201129342e-02 -1.605667182314980401e-01
7.575766162157371308e-02 4.426450497769152115e-01
8.778967927348846345e-02 1.479979138557556695e-01
7.237070591258276675e-02 -1.836771554645242333e-01
-8.420329919274638364e-02 1.311594775056649231e-01
-3.683219480409903879e-01 1.286288132494101122e-01
9.673050298967922345e-02 2.010894763560496790e-01
-3.770969037618865372e-02 1.490195126633226952e-01
-7.750923188600189473e-02 1.151101823294057303e-01
-3.296548920424361429e-01 1.054850141305768707e-01
8.473902619227025035e-02 3.561674970743993196e-01
1.004801839648158390e-01 3.704504370498999943e-01
4.084826969910998473e-01 1.495217330005143008e-01
1.795941946101130560e-01 1.089029913353772860e-01
7.880359690442273468e-02 -3.144956680231635326e-01
7.933996107208352022e-02 2.465008435860881475e-01
8.330537842862073550e-02 3.259492117800651956e-01
-2.395509472604242518e-01 1.400795861713898249e-01
8.827892994454944464e-02 4.479327231093674921e-01
3.918759638274960100e-02 1.356786722661604827e-01
8.257830457846992989e-02 3.792844380961162276e-01
-8.110498967881041299e-02 1.290100271336139803e-01
9.860280299826762462e-02 3.628249081161174505e-01
9.419206989859751911e-02 -4.667588918646176088e-01
8.041126476457982619e-02 1.753568788955368607e-01
6.612867368052066652e-02 2.768265054713473505e-01
8.550235479402934491e-02 -2.101286497370956630e-01
-3.747902585097935280e-01 1.226219627630409370e-01
9.870661142172154623e-02 -1.428395506246352697e-01
-4.291922650903867709e-02 1.408567197415122596e-01
6.608306067814728735e-02 4.059285219762157615e-01
9.214857701413736724e-02 -4.961584139899799517e-02
-1.645985266395978419e-01 1.065350192652960715e-01
-3.159013562405587061e-01 1.262730474517262946e-01
2.221055313418738297e-01 1.098073784985288404e-01
-2.382655757074494396e-01 1.094270936338409550e-01
8.973159690734899829e-02 -1.605390317946266965e-01
1.389853683984354493e-02 1.367201919477725180e-01
1.197361265941012665e-01 1.299316194279990233e-01
-2.786237591451924400e-01 1.462906549947412538e-01
-2.273826868811257285e-02 1.214969994464328851e-01
-4.000804665589365872e-01 1.146236489279213178e-01
4.139096677315131645e-01 1.532643131597984931e-01
8.323057368688491220e-02 3.457136602991767171e-01
8.169038151589247398e-02 -4.483859154205874775e-01
9.006587811542299260e-02 3.303731864842979205e-01
6.768623891977565421e-02 -4.510175097981313774e-01
9.532830109198686674e-02 1.139906948635301953e-01
3.283149924507106077e-01 1.096146223071414738e-01
1.000724072516239183e-01 4.806100703589057943e-01
6.935173235883540510e-02 -7.561326013653490996e-02
7.313344967004997699e-02 -7.519723411375645039e-02
1.036006661872154178e-01 -3.420240341720759414e-02
9.657349243934432170e-02 -3.899332267700540422e-01
-1.891401640573591170e-01 1.142240256572101265e-01
6.840916909352390274e-02 -4.491451199392333393e-01
-1.630777776668883572e-01 1.278909722062718801e-01
4.265838656545288821e-01 1.126995908360955978e-01
1.494667335445617473e-01 1.128878107102408990e-01
-2.770870815884489691e-01 1.385090407782876287e-01
9.545698139187985820e-02 -3.374156651313525712e-01
-4.274952105278165826e-01 1.091203111761662736e-01
-3.245388949490939368e-01 1.383910252086633097e-01
6.976346543625999708e-02 6.784480824873984073e-02
-3.755269657659107141e-01 1.492071189962065336e-01
1.028232771398838175e-01 -1.756254591422635736e-01
1.047923364012622871e-01 -3.852334435501909571e-01
-4.174868267422213730e-01 1.062028959513816595e-01
-2.824134391986370396e-01 1.480701191003201966e-01
-2.763877814725751447e-01 1.196459121731635600e-01
4.770738863407220087e-02 1.300140194817044348e-01
8.629665808482211986e-02 -4.171614835205267324e-01
8.760363868119935837e-02 -3.073437588359761996e-01
8.499978651287165565e-02 4.663216825342355598e-01
3.890355285328017665e-02 1.403529442004869399e-01
-4.253898867297777331e-01 1.515756381402754149e-01
4.560292020093796861e-01 1.351469775968389131e-01
1.876226765513711037e-01 1.055890446008229677e-01
1.193453908934687391e-01 1.278800400639282797e-01
-3.112489039302088756e-01 1.455481535147645777e-01
7.997356606275229929e-02 3.666190088061332952e-01
4.835653012543705831e-02 1.052428941855724220e-01
-3.478794141257134376e-01 1.205160360298158650e-01
9.253736468035123064e-02 1.142860657233849553e-01
8.820109860634162136e-02 4.188810615490948797e-01
8.991791111146818505e-02 2.221063170744840276e-01
1.047589160338525671e-01 3.943853835879684855e-02
-4.339347734213646612e-01 1.111909346167103685e-01
3.824169534786072688e-01 1.409040093547695438e-01
6.651556993979845789e-02 4.240633043238454247e-01
5.492427993412463127e-02 1.296919643287107737e-01
