7.759036356161452819e-02 1.709527736270624043e-01
7.175597426812352353e-02 -2.491762660159152487e-01
9.031483620832525538e-02 -1.534871117797187434e-01
6.975357916491597976e-02 2.615980900993772895e-01
6.688587352035224587e-02 2.246694672160090001e-01
1.908107659368134534e-01 9.740390220628891704e-02
-9.474882754557989450e-02 1.016081473618023479e-01
1.553542933132002757e-01 1.077714703376261296e-01
4.015244552376906473e-01 1.152856868902860654e-01
8.869538976494306670e-02 4.597796676756720213e-01
8.343602128279847818e-02 -1.062822368234109804e-01
3.572386685634697523e-01 9.132763040721170178e-02
9.058726248567616768e-02 -8.890185687317153640e-02
9.807563208623837347e-02 -1.307963360421349197e-01
3.830491270306382035e-01 1.180991002982695326e-01
9.354711167234741609e-02 2.444972136002676599e-01
2.824367397300729943e-01 9.927305367714345241e-02
6.072430112864690699e-02 6.842742804169643644e-02
3.742637418962881934e-01 1.126767516892552834e-01
4.050584163881888466e-01 8.611442813757941295e-02
-3.562541466040918259e-01 8.871119043530195647e-02
6.747891900570146539e-02 -3.482560365044262696e-02
8.733482078616638944e-02 1.961765747303766405e-01
6.889024791521203284e-02 3.205106008884469615e-01
9.859392626330365506e-02 3.133434788799710491e-01
-2.727719202162126599e-01 1.096260032714150290e-01
7.435162578260290367e-02 3.540740191772134837e-01
9.083155105857554368e-02 -1.443453997138222089e-01
6.980541051859068258e-02 -3.388913448031706244e-01
3.306127741509000684e-01 8.176674760536573050e-02
8.652281285416008050e-02 3.111784697432632418e-01
1.831276164980893961e-01 9.337777106582290099e-02
3.520945887677559005e-01 1.180759702278316725e-01
-1.651286579683975964e-01 1.185996514236530297e-01
7.593164122198936550e-02 1.782138272272808521e-01
-2.387206497101088676e-01 9.588320994261290142e-02
9.540591398819264768e-02 1.005278759850669612e-02
8.011559296728443247e-02 1.053795247399524904e-01
6.756714925267082172e-02 3.170932900118874631e-01
9.156882004479605097e-02 -3.924481754364499420e-01
-4.573011410737130022e-01 1.148160680745538009e-01
7.694928929899214065e-02 2.731753278239882343e-01
-8.246371870010071881e-02 1.013448396437627297e-01
1.020596799032352786e-01 1.001797685112764125e-01
6.641234213193847324e-02 -1.844058002434069143e-01
7.316415413168753101e-02 -1.109527344991456665e-01
6.147484190969043638e-02 -4.401734553174079245e-01
8.821335416449649358e-02 -4.405199214931280194e-01
7.527177259209305582e-02 1.305323032143508311e-01
8.179918209845271626e-02 4.190340892267505613e-01
-1.742154246666591799e-01 8.461937207983161180e-02
2.470103138700111556e-01 1.127731779755358765e-01
8.013575995219801573e-02 -3.558961060645932095e-01
6.574809204842879673e-02 2.254853248034361934e-01
-4.566280134017175474e-01 9.688713859649145110e-02
-3.427293833331297446e-01 8.886685931467641630e-02
-2.818860969611725054e-01 9.935460044767885357e-02
9.267643125167246421e-02 -2.674392860749976730e-01
7.539188030665355811e-02 -1.174441617562955731e-01
2.657946633936935088e-01 9.018498996667900780e-02
9.638294291095395039e-02 3.291385744313907180e-01
2.971601665434789874e-01 9.119981454914161123e-02
9.327901020796913745e-02 2.950494827041671986e-01
1.767435411990344596e-01 1.170601233386850959e-01
8.657974008705082714e-02 3.705480912849639097e-01
7.659949431370316475e-02 -1.535045186250100224e-01
9.034085472369035585e-02 -3.730905355829146064e-01
-3.111583812892833034e-01 1.135130454992452353e-01
3.787594370466985660e-01 1.086308847621335616e-01
4.660677933161513353e-01 8.558477596145430688e-02
1.078536349833691954e-02 1.187506952381885972e-01
-4.661812968502246912e-01 1.095075737874867672e-01
9.108106666938320384e-02 1.070550859354069129e-02
9.787651310575795627e-02 1.497447639004293451e-01
1.674570775688616342e-01 1.099161874545109274e-01
-1.292718983545586564e-01 8.209132607209690402e-02
6.195403104372265712e-02 -2.780551380917889448e-01
7.403672485307322138e-02 -3.562543040420589335e-01
-2.600735896312226236e-01 1.083221313999584989e-01
-1.523367163126903012e-01 8.279055729932360830e-02
-2.212562977020513522e-01 1.147181503042483675e-01
9.229492134469219344e-02 -2.420440897961748661e-01
-3.816568218354542408e-01 1.214557214085273396e-01
2.858256421453236884e-01 1.214092416595421442e-01
8.153076704043793477e-02 -2.995157706104956130e-02
8.881647935284653350e-02 -3.844670163124291884e-01
-2.440058388546191281e-01 8.666770674057844293e-02
3.059743447012039930e-01 1.071491339040426816e-01
6.781992751760568261e-02 4.900143164548024233e-01
1.035782628054945365e-01 1.055655995266487901e-01
6.854599849641862530e-02 2.431408086655407752e-01
-4.392684979013811164e-01 9.084316558372718120e-02
3.125505091283143910e-01 8.392679646590384124e-02
-3.348729420096088205e-01 1.189513536515629522e-01
7.964469875486390738e-02 -3.566060461876370269e-01
4.484932573370761233e-01 8.897881250520400798e-02
6.189930386098674298e-02 -3.283248738882926787e-02
-1.841023300547954822e-01 8.457212710993755600e-02
1.221190228968597191e-01 9.559233515514919954e-02
3.717319907546560165e-01 8.374002046115702758e-02
4.137320202491052701e-01 9.450813712206584949e-02
6.836339709379490870e-02 -4.591527659418062068e-01
9.062577300604934827e-02 -4.271225765370135763e-01
-1.055520642825840127e-01 1.000485100922012816e-01
5.201766606857027853e-02 1.125803010692860706e-01
8.844106330464918120e-02 4.581397667879572033e-03
8.701891444394982411e-02 -1.883795496201629005e-01
4.097828341363836113e-01 1.094245471129755565e-01
7.155217053388340798e-02 -4.064326825081547856e-01
2.040606327416568666e-01 9.612324149713158405e-02
-3.821700283456948011e-01 8.376960886445539156e-02
4.449352028335497033e-01 9.862961134768233329e-02
7.302265514572481298e-02 -1.837211262708390302e-01
8.440085524136087258e-02 -2.479739758379949643e-01
-2.725125913748372986e-01 1.097478386685958318e-01
-3.105612258662382441e-01 8.182565553283005499e-02
7.344489950550059376e-02 3.408151940394132939e-02
-8.409656527344078203e-02 1.040805371683162228e-01
8.281724411014512732e-02 4.755160783810489233e-01
3.567629423730384053e-01 9.490572429480348404e-02
3.856551936545460357e-01 1.151698845820671169e-01
-3.501539682542069709e-01 1.232906731177610959e-01
7.379344925888409179e-02 -1.927063481779400789e-01
3.411072216372044164e-01 1.157412802482172820e-01
8.305656765016067311e-02 2.763581215467811880e-01
7.414123097146352315e-02 -4.352328258868113364e-01
6.923272158596693870e-02 2.997213558087499230e-01
-3.164606388061428355e-01 1.044640369083531528e-01
6.831996670618445400e-02 4.896836043158439011e-01
2.564749680814500943e-01 1.073045902663508633e-01
8.328407714265351203e-02 4.505637868136370683e-01
-1.849270044588073869e-01 1.020333422344860130e-01
8.419626426421855658e-02 -2.830366108079273024e-01
8.919275674411741850e-02 3.275446404834683189e-01
2.987912651149463583e-01 9.036519089166694663e-02
8.588995018011902349e-02 -4.165984457829658982e-01
6.425339477442815195e-02 9.164604726638791998e-02
3.189310534019718091e-03 9.225885040699954853e-02
-4.936895949644459769e-01 1.113960116890557739e-01
-1.904760065684736325e-01 1.186025290146808242e-01
6.810198850209570054e-02 -3.001628536260528834e-01
-3.062745055389312077e-01 1.139811914433002116e-01
-2.944753549836361950e-01 1.183652700704216354e-01
8.734497998562829046e-02 2.331091550709726290e-01
-3.327479429286354096e-01 1.026969119084933935e-01
6.963568353025550994e-02 -2.110163835552077982e-01
7.098937599222787664e-02 -2.808877674578624806e-01
6.100263637992919818e-02 -1.584783383914456500e-02
9.421368577405431211e-02 1.886381402511715377e-01
7.467631408899477741e-02 -4.677425897418296952e-01
9.342280559097948522e-02 -2.661745981693337537e-01
-4.951959953843285689e-01 9.780615749107191004e-02
6.750459581442980195e-02 -3.554647318223986829e-01
8.989955824275264185e-02 -3.679714270444059965e-01
-2.152112015148640589e-01 9.882838055780573949e-02
3.020843096887017021e-01 8.738598634995164982e-02
7.996177246824354157e-02 -3.912097713168676272e-01
9.547699869807446671e-02 -1.451135677376790278e-01
1.738000927538685403e-02 1.219536886187424507e-01
-2.315135091866635797e-01 9.217948147006294057e-02
7.312264099104381909e-02 4.959011749076351894e-01
-4.527463739936218312e-01 9.853309873261939522e-02
6.937077559760940204e-02 -3.664555221594590906e-01
8.592691681251785063e-02 2.167771312289481500e-01
2.754907806670591208e-01 1.046598759648407206e-01
4.714323391356883830e-01 1.120761955522439068e-01
6.746849779884478426e-02 -5.025197838110873061e-02
7.633668941027782484e-02 -2.896995340210558600e-01
1.986243656922148659e-02 9.039651505009504984e-02
-2.710632914961085271e-01 1.171732868997947818e-01
4.189880074193987891e-01 8.969628369051840799e-02
8.953475308836611468e-02 4.392248838552592627e-01
6.391103118938379346e-02 6.945574631998630011e-03
9.321993801003025659e-02 -1.807043636743110859e-03
6.285132028635698198e-02 4.258704903699410682e-01
-1.733807291215084811e-01 9.001156801031473531e-02
7.128683761957055331e-02 1.119228542652170866e-01
-2.064030320590364287e-01 8.507680897584202206e-02
9.397325829117242346e-02 3.346952916576364512e-01
-1.206523716869168927e-01 9.062337412567267325e-02
8.584994501582454696e-02 -1.297211511162799091e-01
3.005872761844640140e-01 8.611391153236502838e-02
-2.001696261490991668e-01 1.187853291497285024e-01
8.849395160313111575e-02 2.550796760733434754e-01
1.116362441379223913e-01 1.093443330198013985e-01
7.920393123952951253e-02 -4.915936841265444723e-02
9.855672294225115149e-02 1.099693678351676418e-01
8.238047604827336556e-02 4.118617946190384904e-01
4.264201352332857020e-01 1.051378708533566853e-01
7.826222359962153874e-02 2.110861359505801227e-01
7.440887076564561831e-02 7.989093876129937932e-02
3.105761294303464037e-01 1.164384695781627288e-01
9.019104616670925445e-02 3.571674360046774854e-01
3.404322042259722014e-01 1.073293695222199418e-01
8.296139538310454142e-02 -4.851278761441826237e-01
8.161862993123036869e-02 -4.877674112973171550e-01
-3.898697532062748161e-01 1.118125155258777870e-01
8.275400540110167125e-02 -1.626546134606637883e-01
-2.574692283645574342e-01 8.696472983699032877e-02
4.024818934884850652e-01 9.122185589587239463e-02
1.395832813078321522e-01 1.044307914658376690e-01
7.277627780300466309e-02 -4.614579129640564714e-01
7.952548842810169827e-02 2.872067940981207768e-01
1.179205268522554029e-01 1.232961118737064821e-01
2.821763281273522717e-01 1.026429335479714933e-01
4.582090299437346914e-03 1.071614465975216923e-01
-4.640199354724162673e-01 1.214829116012897670e-01
1.416100149348209492e-02 1.137283897473927441e-01
3.556114627459318056e-01 8.310084743089873882e-02
-4.012034881881162418e-01 8.296732039253562618e-02
-3.545903008889687014e-01 1.218959100898343584e-01
5.984951518289838290e-02 1.174086668155823743e-01
7.269697293084675938e-02 -1.494940481586422010e-01
-4.485357654713161280e-01 8.130272621590206583e-02
6.405130423282068275e-02 2.416871318452485928e-01
9.743654956024894176e-02 -3.528961940186980950e-01
-4.805646430595740259e-01 9.179922399719864234e-02
5.118227400346975209e-02 8.377778618799969212e-02
1.716676578674279918e-01 1.052398045159098627e-01
9.392466209033156765e-02 1.308103749115407943e-02
-1.110933967959073509e-01 1.052822464975186056e-01
-3.507945081925620823e-01 8.823421473640069568e-02
8.676804899681411776e-02 1.470786263549029860e-01
9.084164457370502710e-02 4.567408587773417183e-01
-4.557204753674504172e-02 9.464373226474831480e-02
-4.233526072395694673e-01 8.742218197382223277e-02
9.123418037349184662e-02 -1.509809947315133849e-01
3.174626140847806033e-01 9.697746503072302016e-02
8.238154581514012254e-02 3.211091657436755398e-01
1.913239389841054905e-01 1.171451561485870041e-01
3.205646457279226480e-01 9.269762639059009324e-02
6.541004854833010196e-02 -4.990289512376934189e-01
-2.563020158022126793e-01 9.577005214540357247e-02
9.621866080178442804e-02 -3.782175829536893463e-01
8.422260593760733105e-02 1.004354663784960966e-01
1.717442486502531729e-01 1.045901085417972887e-01
8.553467841801476457e-02 -1.508003860874649327e-01
4.370699500221492118e-01 8.862096177750489190e-02
6.407272165126554064e-02 2.587444432145262763e-01
-2.026177742103928425e-01 1.116992836692242141e-01
-2.604885040507097793e-01 1.137558554423793167e-01
4.550218354177090196e-01 9.327972997113953557e-02
1.756102763912986697e-01 9.483284519170731564e-02
4.100080942479559232e-01 1.122740368714584269e-01
-1.197069228651953532e-01 1.072687170459740713e-01
1.690205466284939728e-01 1.210283593632015542e-01
6.350453180203008419e-02 5.293097155748438531e-03
-1.072176747166422306e-01 8.660101885650717257e-02
4.962593991586505826e-02 9.070869254046265429e-02
-4.906571782768287537e-02 1.194349123816522695e-01
4.025929305935407321e-01 8.129373297967590339e-02
9.435923409544633156e-02 -3.217316058044945581e-01
4.452403861229997650e-01 9.918500377324668271e-02
9.326735759006632431e-02 5.922591031114510240e-02
6.806944532952585725e-02 4.510810803852257633e-01
-4.253460276741538593e-02 1.129197254453488952e-01
9.418737257019027531e-02 1.558805854066228624e-01
8.084973303642228881e-02 3.582358952894686421e-01
1.152114011736502519e-01 1.232525476001027354e-01
4.827329841978115210e-01 9.364312186434808893e-02
-2.523705685905863749e-01 1.025320074229075784e-01
9.247191817334499131e-02 4.154028561781859530e-01
7.019903589641396380e-02 -3.063619579106171553e-01
8.520398126607131584e-02 -2.072319139514675612e-01
4.165533727946979514e-01 1.224026053745961296e-01
-4.977835383024654670e-01 8.691291056378014357e-02
6.987635347216702986e-02 3.123838724635860098e-01
8.104109385477942240e-02 2.822169187587900696e-01
8.707473733162307550e-02 6.383354870044199991e-02
6.534637302196755204e-02 4.705311592213869964e-01
1.920567308643439386e-01 9.837184973475010530e-02
-1.993147533988908204e-01 8.953697421950213009e-02
6.433866787968089973e-02 3.890481992619955198e-01
-2.335556765833388670e-01 1.009712166994860549e-01
-2.040309481726998442e-01 8.344920131427158161e-02
6.704443290229955554e-02 3.768422810965055270e-01
7.845118094307812484e-02 -1.982335231550091947e-02
9.235563061386165007e-02 -3.104442758755587839e-01
2.772997223040218895e-01 8.077636652004283047e-02
-3.434466293070230769e-01 1.122981171513202092e-01
2.857988852444651728e-01 8.824648173369575854e-02
4.430726906435663581e-01 1.120125819490503938e-01
4.417421053047132506e-02 8.210873280417463338e-02
1.305814780220481142e-01 1.009195289873686674e-01
6.487259288658508982e-02 4.904851280058893925e-01
9.889717588462232367e-02 -4.816139180295069266e-01
1.552618417473005108e-01 1.189311241267574371e-01
-3.645856802400937458e-01 8.515263723130150897e-02
-1.792947745015028849e-01 1.049338062740539090e-01
4.214924940193996994e-01 1.031782805461941566e-01
4.642556438295131205e-01 1.183888958830160432e-01
-4.267764457817065926e-01 9.542958851307148382e-02
7.651836627827501847e-02 3.191935188683738822e-01
-2.283012006468386756e-01 1.037073112589945723e-01
-3.951524942950852548e-01 1.145575086733969794e-01
3.229978322856141837e-01 1.109243921908720232e-01
-2.979688012100054628e-01 1.175530161498029580e-01
3.036289973577066537e-01 9.928061613139715913e-02
4.967462300396628949e-01 1.012813566976549229e-01
-8.813211693107780853e-02 9.127972045649457300e-02
-3.965311130901166825e-01 1.146065995546240446e-01
3.067189196838705501e-01 8.281463905890174004e-02
-1.120226328645065328e-01 8.668013997799017822e-02
9.472949195792523813e-02 -1.209514339559921714e-01
9.551327357038874588e-02 -4.427829953462615320e-01
1.150434689185082515e-01 1.225108522201632244e-01
-2.676060456298041679e-01 9.820177980089206393e-02
-1.106591628013788853e-01 9.639732861562211319e-02
8.717011714259781385e-02 1.700394705458463385e-02
9.217928766655403283e-02 7.153204186276274079e-02
6.587735358315938150e-02 1.206511184719952778e-01
9.249304217668219419e-02 -1.826049869166854744e-01
-5.712245416279815302e-02 8.386468074149633356e-02
-3.687819266747602853e-01 8.970916836990827647e-02
7.125607434758507441e-02 -3.762215802499840889e-01
-1.398454554705532704e-01 9.236078545147863306e-02
6.122598902313325375e-02 -2.347825121728600584e-01
9.688619723644054105e-02 2.879176155308518226e-01
4.278846142034535838e-01 8.599478106967051172e-02
8.800968228515371194e-02 -2.399077515925096549e-02
9.578504024417833218e-02 -4.647648307090146425e-01
8.529132839491027074e-02 5.428104639543573917e-03
-2.730454070091865582e-01 8.221639581346873449e-02
7.956646807045864023e-02 4.728165565124163860e-01
3.492559228812575078e-01 1.005956212984928655e-01
7.187754161746628956e-02 4.145642504497745184e-01
9.739514535154514263e-02 2.462926012772072015e-01
3.779718370305061859e-01 1.004339491340943136e-01
8.621934609207160261e-02 4.485418465594505077e-01
7.463206507653408206e-02 -2.846000638693219065e-01
-3.504007748710314951e-01 1.197119093195246897e-01
-4.326993625224447859e-01 1.185490606724572960e-01
4.933401895052746955e-01 1.059018637518296391e-01
7.482208130933043488e-02 -2.271526890013827460e-01
-2.606028613949562533e-02 1.232540622890724302e-01
7.782962645032176496e-02 1.949655855004246430e-01
8.313115456678810133e-02 -3.459953222773097803e-01
-2.535487456938109174e-01 1.087969216707669329e-01
4.667995245711820118e-01 8.797579740432914797e-02
-4.973209868664880684e-01 8.564074407652266796e-02
2.105361812604626959e-01 1.232917370044457339e-01
4.094101666454854627e-01 1.107097813453102875e-01
9.822390826484728166e-02 3.228942025702576935e-01
-3.740522433936459556e-01 1.218078583446662311e-01
-7.303468210382013659e-02 9.516961769001963667e-02
3.622140389968675489e-02 1.206550600317355393e-01
4.840281553507619350e-02 1.223939902570528870e-01
9.852231232459418564e-02 7.823237612508870953e-02
1.183735230736100430e-01 9.147150280532800881e-02
-3.538965102898123938e-01 8.071685597117306266e-02
4.388422450812008435e-01 8.368657060263118286e-02
6.340718393988242774e-02 4.271343017689267496e-01
3.235546052548855522e-01 9.653932451209457088e-02
8.335987165266844912e-02 4.156870881767467107e-01
4.835547929190318062e-01 1.143892698728281587e-01
-4.856810672950434560e-01 1.036400644900240531e-01
2.032427859041211482e-01 1.150686977215437112e-01
6.825784613546437285e-03 1.204113200871989031e-01
8.189723466065468305e-02 -4.139622468726309457e-01
9.197260636377302401e-02 -3.124947694131298137e-01
4.574117088689721999e-02 1.150155998913654498e-01
8.354984650904417887e-02 4.796456938920622415e-01
4.499398626728129402e-01 9.056204171580894968e-02
1.423051403305729545e-01 1.080216136090706991e-01
9.736387217589093090e-02 -5.366465139966836162e-02
1.852543543444957752e-01 1.211455206367734183e-01
2.401175474679533295e-01 1.229164637413731054e-01
9.351154156086405322e-02 -4.773667898750193483e-01
-4.246983071767752582e-01 8.997547918677473167e-02
7.631220414027228838e-02 4.470173055781110349e-01
7.415079386946843432e-02 2.171864284423898894e-01
-1.847360415777434817e-01 1.073171318550378839e-01
-3.307218040750911081e-01 1.100156626719291930e-01
5.858421730727103593e-02 1.156747177554484640e-01
-4.512421391182037667e-01 1.107670015884518744e-01
1.239163704469720129e-01 1.032356139646807280e-01
-4.062365343664036121e-01 8.905596988547714865e-02
9.046212055932822960e-02 -3.116428971866278541e-01
7.837916593027360879e-02 2.692340682174356736e-01
6.837775721423744457e-02 9.972357008054999472e-02
-3.081000852171658089e-01 8.364877318032992726e-02
-2.022555310986503541e-01 1.051912468717690619e-01
9.039131836023461819e-02 -2.732270885411021144e-01
4.126308146885250272e-01 9.260355393420260928e-02
4.842029215718415269e-01 9.957808869872664115e-02
2.383630680503511234e-01 9.358962793021052828e-02
7.194943663913055953e-02 4.476480297051469437e-01
6.193564427704112418e-02 -4.279720809144141880e-01
8.059256913551293700e-02 -3.194460156862416467e-01
-1.923122479067366219e-01 8.337180077025152514e-02
9.526133261435698607e-02 -8.721473923702305342e-02
3.914608950499471884e-01 1.206833176315081912e-01
1.054751198724185324e-01 9.542843196521144655e-02
-7.243346383542514921e-02 1.043709800080104833e-01
6.410161287413029818e-02 3.583919732529974311e-01
3.085010771295018106e-01 1.027301520795993461e-01
7.274913040894848137e-02 4.715386985043910073e-01
9.589739221064952357e-02 -2.660560011373734879e-01
-3.189186942447914674e-01 9.277050687472743196e-02
6.938666491801881442e-02 -3.942869370038245558e-01
3.173927971994827679e-01 1.202230743208321240e-01
2.109974468180959573e-01 1.038402245037073346e-01
-2.899327619568204950e-01 1.227454803514173021e-01
7.571056856189661843e-02 -2.214524052084543282e-02
8.971376048465184994e-02 -9.390527962746664237e-02
-2.940268555417439034e-01 1.076466820545555203e-01
4.216893406125795662e-01 9.943871198080189711e-02
7.202637906615927399e-02 -1.500378014569546670e-01
8.190286199575391723e-02 -2.549370139659171697e-01
4.440488442623663490e-01 9.808695885248763791e-02
