2.677271305401133228e-01 -1.707060524466325058e-01
-3.140316243371723548e-01 -1.819924313531569027e-01
2.025278850226341909e-02 -4.453645010957796302e-03
4.877000646721353361e-01 -1.957061885066750939e-01
-4.590762998205761836e-01 -1.872541101047834333e-01
1.475345128727501010e-02 -4.531994006470020375e-01
1.750242357035469709e-02 3.144842689475809694e-01
4.410279022174253827e-01 -1.732930616657074596e-01
3.802521721442597702e-02 2.673792482807824111e-02
-2.565138843555473391e-01 -2.159317408488061751e-01
-1.934259563838138796e-01 -2.211493995288916770e-01
3.356853192057107638e-02 -2.132880332047979444e-01
4.151402344818266865e-02 -8.304812628176405642e-02
2.730235809401293512e-02 3.999073337382468285e-01
-2.912588873665464817e-01 -1.614831993734758830e-01
-2.337376285066180559e-01 -2.162050980028086267e-01
1.513881026440280220e-01 -1.936647815480796453e-01
-1.345082525121552575e-01 -1.911940206730085023e-01
2.380677035199774139e-02 -1.839111863826274895e-01
-2.969345269916002783e-01 -2.087631471268364125e-01
2.649303253224543075e-01 -1.883172921814441070e-01
1.898681080679676114e-02 -2.763287468920243573e-01
1.815862660356559743e-02 3.798477293630984075e-01
4.163659590537927002e-02 2.083585912113481431e-01
-4.420355814567288322e-01 -2.034081804018489370e-01
-4.120995219079862659e-01 -2.163215451891180585e-01
-1.277854570592134031e-01 -1.619879663217570487e-01
1.684297863373251936e-01 -1.737341675469442626e-01
-6.470846340366498417e-02 -1.911969717173099825e-01
-4.340989669052264244e-02 -2.000305435633638051e-01
1.914398247715831669e-02 4.436798402915338446e-01
-4.838306475297051712e-01 -1.627704315126395906e-01
-3.124211596525867662e-01 -1.752105254063229811e-01
1.508024192298862420e-01 -2.192603128184592576e-01
-2.925638835430348639e-01 -1.701729312052375764e-01
-4.198402582570016639e-01 -1.882527256465355014e-01
7.865960990974840694e-02 -1.667654528382372936e-01
6.176345574837249774e-02 -1.779219691839353246e-01
3.246089820559716621e-02 1.190941244822876222e-01
-1.662994629783508538e-01 -1.737623809842121503e-01
3.224205687260773834e-01 -2.061052763387062337e-01
4.617488281969837072e-01 -2.103156000104866585e-01
-2.157952948587227304e-02 -1.689720589759983183e-01
1.716770335715689377e-01 -1.611775547314944212e-01
3.913620004552914589e-01 -1.750847390774309398e-01
3.420069240985251779e-01 -1.629934457532702385e-01
8.147776762062486355e-02 -1.940284346878706767e-01
-7.020743633283133001e-02 -1.858091009423760154e-01
-6.639503771418808764e-02 -1.604709511201350969e-01
-2.019470199811304045e-01 -1.790497063247906695e-01
-3.458029989592886766e-01 -2.075567600661041290e-01
-5.857747125578394165e-02 -1.891065177880925097e-01
-2.543529653312991412e-01 -1.990643622432720639e-01
1.953719702411194081e-02 3.922051405323314643e-01
-1.055291463661969242e-01 -2.133573864654346730e-01
3.428084274104237217e-02 -4.692362976125714624e-01
1.242800899192851860e-01 -2.197667429588378019e-01
3.066368721632117822e-02 3.924597400256494284e-01
-2.333481232333532995e-01 -2.163647535210714290e-01
-8.629277864947926258e-02 -2.010269801025569292e-01
-4.046800491616299178e-01 -1.953439189456319669e-01
1.279733610418021250e-02 -2.434401417901569387e-01
4.284500636306542987e-02 -3.214217351336428052e-01
1.642496345236965638e-02 -1.450751915304031581e-01
2.949762515275877739e-02 4.682390264501545829e-01
-8.007040895577544060e-02 -1.656405818842577871e-01
-3.894270573167200045e-01 -1.726562848548864881e-01
2.397601904614232726e-02 4.121826135564465865e-02
3.729531895937487906e-01 -1.700924481416473677e-01
-1.858951367250327724e-01 -2.198484168108926218e-01
-4.720743332544222737e-01 -1.956589485755784175e-01
-2.879064108823506940e-01 -1.718281243807442404e-01
3.058787499691688616e-01 -2.071886737572378179e-01
1.662112662506753935e-02 4.152133819033929640e-01
2.231636790325119968e-02 -4.998813555596242075e-01
3.361908650550458066e-01 -1.858628035719148697e-01
2.116762159266838417e-02 3.596737894939742164e-01
-4.568297131041813008e-01 -2.237063303823233484e-01
-3.236411051754740642e-01 -2.208588484566806898e-01
1.365269649070888214e-02 4.889018256907390336e-01
1.735996853764687486e-02 -3.892801352121343372e-01
-3.549334890146398358e-01 -1.778336900453126868e-01
3.306292258826815100e-02 -4.242492715705815653e-01
1.736141440697092087e-02 3.524454502575614656e-01
4.130241776975609458e-01 -2.229410081397915633e-01
1.818682665785298358e-02 -1.113436177156772455e-01
3.577417474365390815e-01 -1.702905554875028260e-01
-3.325996795288443941e-01 -2.030387264501785083e-01
-4.523874882753956550e-01 -1.884959787362013861e-01
1.496780067545071535e-01 -1.600737443815467564e-01
-4.612816967752551012e-01 -1.690341479687301751e-01
2.901081945437655740e-02 2.412366106502326080e-01
-2.739977424049496735e-01 -2.079131881248341696e-01
1.807670143988360234e-02 1.752743859203823584e-01
4.816665782430622489e-01 -1.975005834291388984e-01
-4.709839373023034792e-01 -1.772875399622036996e-01
1.715517605009149182e-01 -2.210140675441579772e-01
-2.317532246250398886e-01 -1.992586839611254490e-01
3.734601799935026722e-01 -1.737193200530424697e-01
4.087701384730354492e-01 -2.086368854598110723e-01
3.228956452442621750e-02 4.722826297632204406e-01
3.908507947304368235e-01 -1.596236559927480814e-01
-3.544516260430463639e-01 -1.945123990368168299e-01
-2.976704533580265544e-02 -1.812478112823810994e-01
1.830523483694800335e-01 -1.745263688302510774e-01
3.040109575569238665e-02 -3.558973245257701645e-01
2.667084776562633763e-02 4.848378946604012807e-01
4.508711176560578071e-01 -1.895176525987555260e-01
1.364050232505231719e-02 -1.683593803082695795e-01
-2.860244617055001104e-01 -1.963723057076186551e-01
2.030366445946000242e-01 -1.865707289044965522e-01
2.474141814371810799e-02 -4.321116566678306903e-01
-1.456962763605186284e-01 -1.691355122472067984e-01
-2.135580237968456307e-01 -1.743356789440394516e-01
-4.680968326954331182e-01 -2.096466971933411694e-01
2.942457633148898299e-02 1.769048989920851689e-01
3.494627845401860888e-01 -2.093818316976288063e-01
2.536755146516019854e-01 -2.226928626495514596e-01
4.288661987336217507e-02 1.921341487291700068e-01
3.191358144858824630e-02 2.227241161322274232e-01
4.054841863662973500e-01 -2.111853192906855137e-01
-3.235490855005982436e-01 -1.904287416697518776e-01
-2.787093283628655493e-01 -2.070315420992058231e-01
3.810114428353383875e-02 -4.818498911101036786e-01
6.265658517542060935e-02 -1.836579132621094512e-01
-2.973234506254884835e-02 -1.622223605473476216e-01
3.123538887075819614e-01 -1.680467255023182505e-01
1.437192918848942957e-01 -1.875205080389950041e-01
4.039844491980004726e-02 4.721005127966009240e-01
6.216482869715100890e-02 -1.957076271121739319e-01
4.141945383617584575e-02 -4.260115780742809166e-01
4.390737707982214078e-01 -1.673448439007567679e-01
1.503415827909382330e-02 -4.062745281615086634e-01
2.019969720206893360e-02 1.573111447114469152e-01
-3.473413584041916691e-01 -1.980425736665959446e-01
4.319299692251288292e-02 1.875854464014643508e-01
1.278192382591225584e-02 -4.057346986461960459e-01
1.434485033228727335e-02 -7.317822916455918314e-02
4.500616265518222470e-01 -1.974213876868201600e-01
1.269344438041919432e-02 -1.607520403646441887e-01
2.284364348790041133e-01 -1.637283101447473133e-01
-2.850060922840497168e-01 -2.084137959922036654e-01
7.839839421865857361e-02 -1.811984959469792322e-01
-4.941356791754258904e-01 -2.190599672075294047e-01
1.796144319288139890e-02 -3.285343608979882646e-01
-3.958454647727862596e-01 -2.111525681020406386e-01
1.475666959218456809e-01 -2.005307255830919289e-01
1.327775152432025818e-01 -2.016798615718223830e-01
4.299460955166527487e-01 -1.785882508439353700e-01
1.199411684145224033e-01 -1.672002652091895136e-01
-2.236674028370164713e-01 -1.785945107823433409e-01
4.689243801247807708e-01 -1.872179707575668539e-01
3.273903135255273877e-02 2.639276251146762675e-01
-3.605058512830892070e-01 -1.605712939542133233e-01
2.705867799628126624e-01 -1.968504947503016966e-01
-1.470143768286391595e-01 -1.670409160873015386e-01
-8.793114828316239695e-03 -1.785185874570924813e-01
1.919562771254068601e-02 4.755061189610332306e-02
-1.325757636692219688e-01 -2.014593519951549672e-01
2.748982531862176337e-02 3.891378453028880857e-01
2.600416426247742496e-02 4.138858175453273835e-01
-8.211095329262818598e-02 -2.085372130135235702e-01
2.993778072840980187e-02 3.137456638114805019e-01
1.234213002019070027e-01 -2.218907242169538829e-01
-3.988952256151345743e-02 -1.712353006429104818e-01
4.002526585913753765e-01 -2.027119941701839290e-01
-3.946863168878822492e-01 -1.635468557748597229e-01
2.798763273955695574e-02 -3.807416211890419788e-01
-3.040268809604265154e-01 -2.192624338804323170e-01
-5.111441539143901647e-02 -1.865449877733371675e-01
1.180613890617266959e-01 -1.818332198990092463e-01
3.650788987666664376e-02 1.496270042678047307e-01
1.822100844819252163e-02 4.695909976998050572e-01
-1.647692804041362979e-01 -2.235064262800291468e-01
1.838796359177863327e-02 -6.693587829182590099e-02
3.263410477028242385e-01 -1.621088342249621395e-01
-7.732468744575982100e-02 -1.673739379533961680e-01
1.405668851534145336e-01 -2.113690846771369980e-01
4.868764290420486418e-01 -2.010141855919033160e-01
-3.598457748092520614e-01 -2.032971313209744890e-01
4.185485419051648837e-02 4.860430992047910514e-01
-1.372378881979752219e-01 -2.057274204558450226e-01
4.866375538382602395e-01 -1.847897856477458411e-01
3.757868813535436558e-02 3.090348755050355001e-01
1.458849162728037552e-02 -2.164288577661057644e-01
1.557057707329352336e-01 -1.874321526506927960e-01
-4.055561083505602182e-01 -1.764656189693054600e-01
2.289775465619333650e-01 -2.087257021645544386e-01
-4.952332206457081831e-01 -1.732316055408219535e-01
2.820148018407307999e-01 -2.108364869222836280e-01
3.631569986338845091e-02 2.423080490753137806e-02
2.918037925209082672e-02 -2.340898687372184872e-01
4.426037541172779255e-01 -2.134611684319359659e-01
3.668686081555569967e-01 -1.969958002532161689e-01
3.118501250858867202e-01 -2.127305404123026600e-01
2.006500557241622795e-01 -1.805644073436362129e-01
3.321980614424135947e-02 1.385516646440134725e-01
4.315645758455222136e-02 5.155476051553953276e-02
-1.646587327539517087e-01 -2.133764444230676904e-01
-4.703296530952424392e-01 -2.158783878293374370e-01
3.971779490206583940e-02 -2.464907850924741295e-01
1.625140753423792717e-03 -1.948921504951975914e-01
7.933938136554663512e-02 -1.781578654064481793e-01
1.947337517369274185e-02 -1.085185566817655767e-01
-2.872367197955078000e-01 -2.060292100899543399e-01
1.212593833316376601e-01 -1.728157323780622479e-01
-2.441828603995118696e-01 -1.894971341798880049e-01
-4.697703896817565505e-01 -2.067116260068300182e-01
3.074900222376542036e-02 -2.413940587685792227e-02
-6.196212760084751636e-03 -2.220052730222837889e-01
-7.415672750310609018e-02 -1.869253366522167781e-01
-2.304687055565741716e-01 -2.167547647496540497e-01
-3.209633847594977052e-01 -2.147697440608429265e-01
2.109210791128002249e-02 -2.877109145160582360e-01
-4.347434259920966992e-01 -1.760203604161800772e-01
3.909900445280678483e-02 -4.677993102422622895e-01
4.121673212830367916e-02 7.868652776580264963e-02
2.833668904030035574e-01 -1.808184804360126741e-01
2.179428301269692447e-02 1.938808128007118992e-01
1.727708198957289554e-02 4.970100222524280742e-01
1.836781796787471110e-01 -2.058042237325137247e-01
-3.806586922820587304e-01 -2.208717926477341553e-01
3.354284206950153280e-02 -1.817153488880449697e-01
3.157143159581576874e-02 1.166301571687942129e-01
2.951388145488060832e-01 -1.949412526111508059e-01
3.359999708321270706e-02 -7.003896628457317863e-02
2.560455450331891036e-01 -1.791384572485347215e-01
2.924876605624495696e-01 -1.649174634274961360e-01
1.498259064622926573e-01 -1.837201821158411796e-01
9.595896107466306280e-02 -1.631867573595853216e-01
-4.739283469003399141e-01 -2.172734773209576975e-01
1.670443912799024488e-04 -1.978639936356412221e-01
-4.033396835138082226e-01 -2.209141882644122257e-01
-2.356851796562643431e-01 -1.802656046829904657e-01
4.921068242203524568e-01 -2.026542400044140102e-01
1.710104700726100546e-01 -2.056865703316764771e-01
2.440506084131957021e-01 -2.194612012620543728e-01
1.482964689391064184e-02 3.807443929309074493e-01
1.404412048153216297e-01 -2.104535191250762605e-01
-3.572560627845728920e-01 -2.151008993030109062e-01
-4.274226970021499650e-02 -1.962434004440879454e-01
6.265090095817893445e-02 -1.829657348288593610e-01
4.329183217719007049e-01 -2.132716702376692419e-01
-3.654670654788416684e-03 -2.097450764901478415e-01
-1.624630958064672281e-01 -1.676708498652964563e-01
3.394380025964605085e-02 3.493748989732948784e-01
4.038648840995739953e-02 -3.541895891109716477e-01
4.292321085351391563e-02 4.437967238536947301e-01
-1.130353696083152837e-02 -1.871335287637631017e-01
4.307688469159132172e-02 -5.756912512162848383e-02
4.873998154812755335e-01 -2.000549114374945425e-01
4.645695854597812202e-01 -1.898631305705016370e-01
2.584376375005903448e-02 -3.592462285480300110e-01
-3.031293326730314375e-01 -1.895633903343911797e-01
3.723412177537743784e-02 7.764677954139997951e-02
3.856088435472537768e-02 1.310115590994641588e-01
-4.562765522870124713e-01 -1.696705452337440301e-01
-3.061402710401894822e-02 -2.189161808508615081e-01
2.090152607180528754e-02 3.927255642161000537e-01
-4.575889491523377206e-02 -1.695579771186944695e-01
-2.165037693367752869e-01 -2.053554578020727606e-01
1.754412761820189903e-02 2.604572564173104343e-01
2.284794011740720610e-02 3.681119414948198498e-01
-2.512824499357777519e-01 -1.658847667216790667e-01
3.354267818253333644e-01 -2.159255873092906786e-01
3.116627425286507824e-01 -2.171604233311713594e-01
-5.656063251341314491e-02 -1.644328218466047931e-01
-4.707145658885802941e-02 -1.835878746108223769e-01
-9.495605102305459955e-02 -2.076359693371202519e-01
-2.021911813336566555e-01 -1.817015559948710335e-01
2.065100958046539592e-02 3.953355488624409331e-01
4.283337922309538026e-02 3.511812793015168799e-01
4.851791944027961101e-01 -1.906050740428961721e-01
6.509318471488256819e-02 -2.166156876707746592e-01
3.422407564300466998e-02 2.752308678796373531e-01
3.447570205539796095e-02 -8.232500712044865665e-02
2.568592221430660016e-01 -2.199755257849006496e-01
4.329780461892662746e-02 -2.670322949906641652e-01
3.777066897159842007e-02 -1.339887207926815371e-01
3.617964251805327880e-02 -8.103733560436710004e-02
-4.853187086591356225e-01 -1.664282300354390509e-01
-2.734949364015764051e-01 -2.223078363471487906e-01
-5.201732274388914945e-03 -1.874894695534389255e-01
-3.549800529567640472e-01 -2.070701467977528187e-01
3.688904375006449854e-01 -2.075259463969154616e-01
3.075582001178234215e-02 -9.687178396415419002e-02
-1.444520540235050277e-02 -2.093296324967991451e-01
-2.893968833818315600e-01 -1.742012763191272962e-01
9.881626924162467684e-02 -1.921683589621232535e-01
3.317648988246115760e-01 -1.755902993423824610e-01
2.073821808003267764e-01 -1.837924726652619967e-01
4.386621857960596449e-01 -2.075537277350117948e-01
4.258427487568938741e-02 -2.569774447467221279e-01
9.710742233890790054e-03 -1.889465870195189412e-01
1.336975386524830167e-02 -2.701235717148809945e-01
-4.548495551738571674e-01 -1.893504530732458280e-01
3.726973888117413036e-02 2.530639694296504816e-01
-8.787891447051821014e-02 -2.187518951992046823e-01
1.864103650614401531e-02 2.949544999426282343e-01
-2.370416034101541225e-02 -2.212869622433706329e-01
2.709198812222146646e-02 4.996586188766971581e-03
8.617188338508319223e-02 -2.187324858383494774e-01
3.522967338614513277e-02 1.523418298430080364e-01
-3.060021251943600973e-01 -1.755713176987998558e-01
4.358862359282144050e-01 -1.861531697269033225e-01
-4.221095050941683358e-01 -1.908869529902401663e-01
-2.462362186321879198e-01 -1.999951393170456004e-01
1.228090089087408021e-02 -2.142482319193470541e-01
2.706964490866747841e-02 -1.925871984200212550e-01
3.064522663391844315e-02 -2.480232891235794046e-01
3.611276558441611773e-02 2.232823007002742166e-01
4.032666180939021849e-01 -2.220300992839181475e-01
4.984286371482216094e-02 -2.014013635671160207e-01
4.107003434864209268e-02 1.510203845576328918e-01
-4.944729654072790304e-01 -2.011972793515036662e-01
1.769789280010047872e-02 2.979713878126488691e-02
2.473888884507147168e-02 -1.459655827485347723e-01
-4.699878659519377555e-01 -2.043000100314947831e-01
2.985870380082971121e-01 -1.888942169167052709e-01
4.622127903027732909e-01 -2.197804764931907684e-01
3.500090417607696347e-01 -1.955281388662394315e-01
-1.722042255951956591e-01 -1.885910950467694081e-01
3.005560573165834137e-01 -1.895969516658130294e-01
3.013029948250830481e-01 -2.063854326798076899e-01
-4.440295576080407480e-01 -1.789948651832204973e-01
3.062599962160383882e-02 -5.177816388080702659e-02
1.751214086772101552e-02 -2.079289565566461162e-01
2.406501840494823519e-02 3.555572461040981125e-01
1.288792399032778757e-02 8.353115618795414754e-02
4.884701028139911694e-01 -1.631311191696485086e-01
-2.415064810319079713e-01 -1.892530393867110083e-01
1.330980998362241152e-02 -4.035846753524297004e-01
1.655231109954768964e-02 -1.328393382230639297e-01
-3.659048239148248172e-01 -1.599028683375927073e-01
1.626335441309104679e-01 -2.097084199648329150e-01
3.768308980590184820e-02 3.981867780730615758e-01
-1.818938086959969169e-01 -1.956595981382600602e-01
-3.161639427355796839e-01 -1.868494682567043430e-01
1.882736215779545752e-02 -4.314602932920476031e-01
3.445672011448230876e-02 -2.480597416025958069e-01
2.995930670690327702e-02 -1.580723209316303723e-02
-4.200996439683831740e-01 -2.101399496814825296e-01
-3.486672264479495631e-01 -1.909177711722632731e-01
-4.968799377787914695e-01 -2.089602574404475499e-01
2.582234818588879932e-02 -2.789793887398442918e-01
2.994837445573683699e-02 -4.537649083189846388e-01
3.501501270415330325e-02 -4.289030389436099266e-01
-3.223582998175463787e-01 -2.129657304771879200e-01
-1.805451675585956206e-01 -2.155643722034912280e-01
-7.974962644860938976e-02 -1.670829357123823078e-01
2.578900322992943028e-01 -1.612727497945823929e-01
2.185569377410789826e-02 3.613979335584686092e-01
3.541609642374476952e-02 -1.242592240355815392e-01
-2.075381390288135730e-01 -1.750946135803648218e-01
3.163432007687783099e-02 -1.225214219715464736e-02
2.475282301590375766e-01 -1.928826245018965269e-01
3.432766925814911829e-02 -5.939394272036380151e-02
3.871117297772798116e-01 -2.108481338693444229e-01
2.202438769974068844e-02 -8.468084419157506648e-02
-1.015184471148286027e-01 -1.611668187036193745e-01
4.084962720940121805e-02 3.890372604282291702e-01
2.714226114555297054e-01 -2.134664112598144703e-01
1.718894333269435082e-01 -1.899178749275421962e-01
-3.647262586543912333e-01 -1.871809452336175017e-01
4.085104062569488992e-02 8.224839951901186108e-02
-2.821999778896173705e-01 -1.867108879681733669e-01
4.076009829680905527e-01 -1.843255519906029649e-01
4.857428769991298800e-01 -1.843834078064727766e-01
3.175767358717096478e-02 -4.759807185023445797e-02
3.136261460520539668e-02 -4.578200695594597525e-01
-2.906317184125031261e-01 -1.709749975225233198e-01
5.251128909754188001e-02 -1.717860175685808066e-01
4.852946264239813567e-01 -1.892654391598018737e-01
1.430285991883695207e-02 1.294447629600755656e-01
3.994642638572054594e-02 -4.155971980568973212e-02
4.358246164147006052e-02 4.653040304087344703e-01
1.579783181634741851e-02 2.220416466131991395e-01
3.074369169729096463e-02 -5.871742654509037873e-02
-1.861650540259693898e-01 -1.716649068032791714e-01
1.504765835529320306e-02 2.992823149114445247e-01
-2.598356493256440691e-01 -1.890811396464869842e-01
9.059215450178204065e-02 -1.878235442770093133e-01
4.740488091295269601e-01 -1.750601686821593450e-01
-4.589221985701055218e-01 -1.920951350729982465e-01
2.946555735193912007e-02 9.960557089400579045e-02
-2.885879030832986247e-01 -1.745683313218101551e-01
1.706971177219229752e-02 2.935471897484352999e-01
3.256800699276263256e-02 -3.503370247012995709e-01
3.360033649887217422e-02 -4.707126571665113390e-01
1.711615254872833614e-02 -3.867868097317997966e-01
3.769449978405914337e-02 3.577613055479926807e-01
4.058026552976592427e-01 -1.971307934775183845e-01
-2.338735434888391529e-01 -2.093674310576719710e-01
1.663111227196454323e-01 -2.113135929146866543e-01
4.142874845605151179e-01 -2.225507012641746440e-01
3.321564297449020042e-01 -1.901580035988214012e-01
2.679489650143518364e-02 -2.411192194753464246e-01
2.718354568508773994e-02 -1.134433461767291318e-01
-2.535162305903593261e-01 -2.225503577661940291e-01
1.623213776029663880e-02 -1.258874245167456163e-01
3.845336274176369695e-02 2.552458912957679127e-01
3.270715314680382457e-01 -1.736296126171100740e-01
-3.759298686545250456e-01 -1.895530508517634383e-01
-2.245861957243923124e-01 -1.605112663140202400e-01
-3.845086958330661275e-01 -2.218265677460030671e-01
-6.346608472311399129e-02 -2.166635283121258748e-01
1.321314153477382014e-02 -8.788334840824862937e-03
3.304349149079974790e-01 -1.654665210601498071e-01
8.219049241885068025e-02 -2.191431014475683225e-01
1.162650583405029359e-01 -1.717274396365288114e-01
4.550754912001750974e-01 -1.724852935793415032e-01
2.834459565910130152e-02 -4.972272776915777071e-01
-8.252708967109412264e-02 -2.167955169338194876e-01
3.135311661246931170e-02 4.302254834510567116e-01
4.344566359580515069e-02 3.229810940531225860e-01
4.477326292686877318e-01 -1.653147919844852876e-01
2.236590729448073578e-02 7.493093132170847159e-02
-4.347593392195630013e-01 -2.190925352173477281e-01
2.411837494108662883e-01 -1.774455040477683765e-01
-3.993433483664499128e-02 -1.965415941943794431e-01
1.837956958959270359e-01 -2.102722878383864735e-01
1.947272791058474173e-02 9.037376849201128604e-02
4.013144943275113175e-01 -2.001388296644248666e-01
2.401493803087276779e-01 -2.028752123832279208e-01
1.405358363406626898e-01 -1.962268349266819145e-01
3.317706512363738369e-03 -1.639614076782135443e-01
-2.335730798860957691e-03 -1.669343640641708371e-01
3.264843885849999516e-01 -2.093914557457757786e-01
-3.008927167195462049e-01 -1.828953762560560081e-01
3.492512967828609316e-02 -2.606091899910041310e-01
-4.099474951506072440e-01 -1.676911195296399981e-01
1.700030769699686362e-01 -1.847895132231255344e-01
1.917625753189178273e-02 -3.450874494740863163e-02
3.838117099023885537e-02 3.180532112053265914e-01
8.116205823253119789e-02 -1.723555557996145904e-01
1.227318557510248542e-01 -1.734015201989038690e-01
2.673874949527021982e-02 -4.799149866976125667e-01
1.055202332623416117e-01 -2.229907491228854122e-01
-3.217032823458064739e-01 -1.918292693825344175e-01
1.589343315217888186e-01 -2.071849830153019711e-01
-1.902860127845210636e-01 -2.101628874245464740e-01
3.224770999221328038e-01 -1.623378693560995067e-01
4.659254747906693694e-02 -1.721111401127961571e-01
-3.042279760986241754e-01 -2.156845459123241104e-01
1.792411233144619587e-02 -7.110047197021851506e-02
