-4.727305907051797540e-01 8.336605411543607236e-02
4.878264905813498586e-01 7.917603411346085807e-02
-4.140267339667316193e-01 6.196100038810670174e-02
-1.432551533012983436e-01 6.640601486306219048e-02
5.781406322880677795e-02 4.757931349416011368e-02
6.318680920548991331e-02 1.588651060134252946e-01
1.694799755714748724e-02 7.438343852512607768e-02
8.101020026901983861e-02 -4.267619790897625442e-01
7.909813917463193178e-02 3.677667058791554977e-01
1.441776177752045474e-01 5.424605930876691406e-02
8.476233612597317002e-02 4.239556389950885906e-01
8.030932834073678528e-02 2.961953424494284670e-01
-2.726415008587644850e-01 5.475261321651470059e-02
-1.665299422489652237e-01 7.583027126386299166e-02
-3.551832022476236750e-01 8.498190373578684564e-02
8.324064574353939872e-02 -2.145895610964009270e-01
9.228985963098401690e-02 -1.020100262888596898e-01
-6.754639656789640512e-02 8.877820374353506683e-02
7.598048081005259746e-02 -3.380683839767312238e-01
6.086681389098780315e-02 9.393051747421610198e-02
1.392928904895234243e-01 7.235472933472530954e-02
7.442541517730838496e-02 -2.857112864262457697e-01
8.814756296512005207e-02 -1.090389302913186143e-01
8.048749175281799673e-02 2.629904828117270998e-01
8.145654312757610871e-02 -3.153110107682899343e-02
-3.432585252665832920e-01 7.685867242041688474e-02
9.237101948944603791e-02 8.083531213482997302e-02
4.465810642008817277e-01 6.022614639422330107e-02
9.193602168581904710e-02 -6.665615834035598652e-02
-3.272835372637672435e-03 8.640521074170548488e-02
-4.564619961226006328e-01 7.438656258332221327e-02
3.407507910487712621e-01 6.934276965552610417e-02
7.706804194340333147e-02 2.410828675149429001e-01
4.659540359904027484e-01 5.906585284365473143e-02
3.733873923318054011e-02 7.143644379484426210e-02
4.612201999114552420e-01 7.275965857831434569e-02
7.670527245923974835e-02 1.169226456401463166e-01
-4.435966138087021893e-02 8.384039361658768286e-02
6.864885274761112210e-02 3.450409658586444106e-01
4.215781430641368788e-01 8.783118841307946401e-02
7.141602455869799915e-02 -3.975502411591447238e-02
7.779994467133621860e-02 9.226150318085191149e-02
6.471532246631861440e-02 -1.472238801639635941e-02
-5.643615487406639097e-02 6.701313276622944404e-02
-2.294257104829189320e-02 5.849701710889032569e-02
-2.730548666515594247e-01 6.629945639729128981e-02
1.591972343331370388e-01 7.908035681183811505e-02
5.798613374514149932e-02 -2.271801915497235758e-01
6.888764241911482511e-02 -3.658720729972811947e-01
-1.891026881755811795e-01 8.386758096462143541e-02
-1.250835091259560050e-01 6.412780600042522483e-02
5.735414561572249603e-02 -6.556594807431737060e-02
-4.396318212919242407e-01 5.899493775523234618e-02
3.214733930071581591e-01 6.230717346057268458e-02
8.217289390153681428e-02 8.971849430531986247e-02
-2.247500250300281666e-01 6.107323115026508376e-02
8.623141840984505091e-02 2.007522478088197282e-01
-5.680965434220519583e-02 7.881333550448421654e-02
-1.608481338104583713e-02 8.651784944742879624e-02
-8.195322089462719894e-02 6.979775798615395210e-02
3.147156749963394562e-01 7.576234960226402304e-02
-4.889142883978192522e-01 7.099378532752642634e-02
5.117588924550653395e-02 5.790543723809959964e-02
7.026002304754763728e-02 -1.381240398681251591e-01
6.012437113767821195e-02 -1.029327975258120809e-01
6.293621047133124424e-02 -2.476372398414912190e-01
7.829818588832715420e-02 -2.179068086316681141e-01
7.355963091867112613e-02 -2.975574179079873982e-01
2.818598193767889448e-01 7.805756129424179512e-02
-1.812819256001105828e-01 6.980185625789359083e-02
-7.412747840012823275e-02 5.878313540485302635e-02
2.990590659212787328e-01 8.725949479018957344e-02
-2.345142834622405692e-01 9.032944854714408667e-02
7.793990226940683552e-02 -4.447659771666585549e-01
6.921714487265495652e-02 3.991575520651445830e-01
5.802492761844790792e-02 -2.797890776583633610e-02
2.725961667441908487e-01 6.650961183462278381e-02
5.840011671396094783e-02 -1.942445126725937943e-01
-2.977360807907682982e-01 6.343205976958454784e-02
7.884053976390059670e-02 1.039719108195841235e-01
-1.849978872771617100e-01 7.386501451475802060e-02
7.586917558472561218e-02 3.541610004048353355e-01
8.277657216343570212e-02 -4.624970044178621231e-01
8.495732923422849581e-02 4.130646790484133746e-01
6.103644369918392876e-02 -2.518929725879697212e-01
8.920167420362079547e-02 1.553608672690727222e-01
7.724703460844739578e-02 1.975327180332836496e-01
5.658343691380229856e-02 8.038278229367978867e-02
5.602428641769952034e-02 4.314902585671671620e-01
8.045531327101984598e-02 -1.781041459030731078e-01
2.370775459845361199e-01 8.483091633246742092e-02
9.193527482845564869e-02 -1.473030622732630635e-01
-4.053212907550859390e-01 7.213059419329037603e-02
2.346686064365580693e-01 9.049909801643352125e-02
-2.736584855150190343e-01 8.822500369657182429e-02
4.694903395241488697e-01 7.836656611902226288e-02
-4.366662034533075332e-01 8.767925508429730286e-02
-4.830011935635901699e-01 7.438110879520976049e-02
8.756633360707899438e-02 -1.527808620189567979e-01
4.829810997153878294e-01 5.674193471358901508e-02
-2.306065926619088602e-01 9.041560922079905360e-02
8.740303727367226827e-02 -1.624670998415432832e-01
5.578695105390663045e-02 -1.469178304956703096e-01
6.052683206512365910e-02 7.531409175505254794e-02
-3.824033836290465782e-01 7.982181735864701810e-02
8.151073967696054190e-02 -2.237196740938177664e-01
-2.173463568233897636e-01 8.653332548698511317e-02
8.686801759080053920e-02 1.263294191313952819e-01
6.769087297483200594e-02 -4.844353733356241420e-01
7.076827203777946718e-02 -4.644476044043929219e-01
1.822940675571637081e-01 7.181857709238892440e-02
3.438292702220557828e-01 8.929317562680172404e-02
-1.911403482695890332e-01 7.707342967337005302e-02
7.823962359996761151e-02 4.621398520951891520e-01
4.394156140931727572e-01 7.364869138839702511e-02
5.713184072488441956e-02 2.358416304934574104e-01
-4.891637957432057870e-01 6.343091069649753333e-02
-2.306313624689487751e-01 7.097006474425393563e-02
8.610294831210341115e-02 -4.729126081998730191e-01
5.893056388203588014e-02 3.867914324591491537e-01
2.700938193510338259e-01 7.127272088274394513e-02
-3.657748249069938673e-01 5.503713538024779250e-02
7.769400194047548780e-02 3.476018244580263428e-01
-1.097981629442186247e-01 8.046902874222006119e-02
8.500182502894126912e-02 3.669202949681937831e-01
-7.530138603034230993e-02 6.783474930806898673e-02
-2.229502002842077557e-01 6.563201894518022605e-02
2.758633825524376970e-01 6.635986149590222816e-02
6.922191366812813218e-02 -4.933082618232860206e-01
8.305594445849828755e-02 1.510096498859370140e-02
8.375780121745302065e-02 -4.871629856910967282e-01
4.051942582824616945e-01 7.988241880607971357e-02
4.445597976885976577e-01 6.078184761244842527e-02
3.600788838723926188e-01 6.471143358570163873e-02
-1.350041114884285021e-01 6.767156701765397742e-02
4.008862687576518757e-01 8.178687246216509443e-02
8.850607814308419918e-02 -4.007132796667582930e-01
6.259373675251356239e-02 3.045809604969352824e-01
7.938962143539041172e-02 -4.431783405976977841e-01
8.530652757343970549e-02 -4.582783669966673523e-01
7.832097375346469548e-02 -3.835745228405440521e-02
8.675466346830873476e-02 -1.849137182918758615e-02
2.839312493101134871e-01 7.770481967489351049e-02
5.786668279717332997e-02 4.606121708061610143e-01
8.414986026912973927e-02 -3.534209684259675965e-01
3.943179893246794299e-01 7.943683203587559305e-02
6.343366848072640174e-02 4.797590805826148497e-01
5.832184950838614768e-02 -4.252365787266030317e-01
6.487608447181081317e-02 1.239725888364761053e-01
6.302589388800416970e-02 2.835574080512396344e-01
7.686180335550862885e-02 -3.316538327706057832e-01
3.229244407375457815e-01 8.265726215898216989e-02
6.981815741153329924e-02 5.901948290375713668e-02
7.536962925021439830e-02 -2.025232771391984876e-01
-4.766180850104140276e-02 7.607397185641684434e-02
-2.620286100403252938e-01 7.209847195040020029e-02
6.474168235326716037e-02 -1.076740175406436517e-01
6.627761716042224194e-02 4.098176677999556539e-01
6.190862524040940951e-02 -3.203916584473868179e-01
5.671240998295801194e-02 1.337562079979184304e-01
-2.021977023148467945e-01 6.741952675794182781e-02
6.242636142667357113e-02 2.123514068698473256e-02
-5.437579823992821915e-02 7.341335022275541355e-02
1.400655300510741386e-01 6.601428694884114989e-02
9.061551892270858222e-02 -5.088240486214989922e-02
6.837581229655453896e-02 3.127792065632721830e-01
7.262062919229517188e-02 1.243377534408698359e-01
2.902938005890309814e-02 6.174952630189900482e-02
1.078246815524144253e-01 5.568913698688604530e-02
8.390108933708084749e-02 -1.812997201253038204e-01
8.321497339658967540e-02 -2.232822031300931709e-01
6.126398350506911950e-02 -2.289745033494783311e-01
7.773589603120900637e-02 3.317799091777418052e-01
6.976580355161499103e-02 2.500272097744060673e-02
-2.413462496190097450e-01 6.472010707609676672e-02
-2.711208838156128342e-01 8.293131091239647201e-02
6.854565015623148572e-02 -4.391883161796195090e-02
-1.507619170104207429e-01 8.213760076338572080e-02
9.248075340942751854e-02 -2.019603327262669001e-01
-3.075219031828739791e-01 7.317017024036354123e-02
-3.692983980788270282e-01 7.525532224974740281e-02
8.753757013548202348e-02 -2.178836057689441663e-01
8.011690886107847298e-02 -1.797705603987223011e-01
6.157305109113708763e-02 -1.748163248263328029e-01
1.890824068808466540e-01 7.208828029257141612e-02
3.656932660929087531e-01 6.821834477629595828e-02
5.833954306371980092e-02 -3.090107265974816331e-01
5.760043278776172393e-02 -2.550954230421268454e-01
5.343666298115423707e-02 5.743175432467306774e-02
5.602358727621892243e-02 1.044424272315014335e-01
-2.478282261865917269e-01 7.108764051096150283e-02
-3.400820997303678483e-01 6.805440325638756338e-02
5.735531870447707625e-02 2.015832686893733738e-01
2.553948536742930431e-01 6.792348981315599055e-02
9.242240384639266448e-02 -4.257119552907058235e-01
-3.250515211486466605e-01 8.993904494148230455e-02
8.781795462361940974e-02 -3.755389843226532021e-01
9.260976372520091093e-02 -2.103936669858348374e-01
3.945683700926448934e-01 6.190968104136906902e-02
7.126555879119733650e-02 3.469880555543338740e-01
7.625851273868977653e-02 -3.679755795498473869e-01
6.831557721380998593e-02 -1.501120258855208611e-01
7.673844819115360760e-02 2.530832360409500659e-01
8.566337054952932739e-02 3.894698342062863361e-01
-2.478666308111195926e-01 9.065491133072767216e-02
8.913421810646948718e-02 -7.525611208622717818e-02
7.998422986184849925e-02 -4.226285083469256687e-01
6.032942706073851635e-02 -1.247026237924906411e-01
-4.312379485830193371e-01 6.342269678361744933e-02
8.031280341475977025e-02 -3.935715764730378652e-01
8.987580966088859480e-02 1.958878302652773407e-01
7.947443518003016738e-02 -3.835978548529112020e-01
8.147049903455638731e-02 2.745748528246239051e-02
2.238421441584670379e-02 8.780065369642853224e-02
7.810722853564888712e-02 -2.284973294134583499e-01
1.386235657258073628e-01 7.918497154044856767e-02
8.610681265642883275e-02 -4.625887313405101509e-01
6.321749628758810413e-02 -1.265639829660212268e-01
-3.255366091595501832e-02 7.107084310322298037e-02
8.093213603173277093e-02 -1.088230803926315549e-02
2.924794920316421409e-01 8.269117004411730143e-02
7.016241301587022861e-02 -2.739167001759252873e-01
7.377125434990150499e-02 4.274136399687317178e-01
3.279865776699937285e-01 8.100164535504972285e-02
-2.202897112220514320e-01 8.591037426047209991e-02
-4.646469547762721586e-02 5.996829636709455347e-02
1.391075986407808163e-01 7.048521328271950548e-02
7.075349273918452031e-02 3.878916416033807435e-01
-7.483951145593847887e-02 7.532026576647998795e-02
8.654679978599022494e-02 -3.057605523831401495e-01
6.693631415035916632e-02 -2.785509682539241139e-01
2.388141320261351064e-01 7.204100718250805446e-02
7.099178903015168629e-02 -2.024567939773965763e-01
2.114203160652112778e-01 6.181256571953186452e-02
4.616157582528430670e-01 8.157162483153657107e-02
5.845138153183504492e-02 5.419903402507197931e-03
1.297554727463602342e-01 7.609517076243199618e-02
-3.138883055645439457e-01 8.318869634162673332e-02
-2.716364430502540284e-01 5.451390848239268117e-02
3.187932792827651296e-01 7.010976839061267007e-02
6.460121366227034034e-02 -9.383956545830940410e-02
7.019544370268171463e-02 1.685454191737677521e-01
9.286805318038815482e-02 -2.007071650403239316e-01
3.289989891867171057e-01 5.535451438751715081e-02
7.737501032019922231e-02 -1.147559382030045594e-01
7.191221744047615605e-02 -2.402789882943168198e-02
-4.008705708420402525e-01 7.944401562134706385e-02
6.397230213129823095e-02 -6.165409043919478638e-02
2.418926485876459198e-01 6.495304322901240823e-02
8.081981596216847308e-02 -3.412494001428560964e-01
7.980370797961400253e-02 -2.975343414995682556e-01
8.129559782490003439e-02 -6.267809714478500549e-02
8.988770755417896385e-02 -2.115997468305981233e-01
6.572241384065335978e-02 -2.918216120638903455e-01
8.402110208625668264e-02 -3.386913461172853523e-01
4.211962749311261023e-01 7.742751769040878695e-02
-4.855852788729917435e-01 8.524573973761118140e-02
8.485487261365365352e-02 -3.373273149952191741e-01
8.309380324552995134e-02 -6.464476816201170095e-02
3.247831266198764055e-01 5.509395861933685801e-02
-1.957997213136470904e-01 7.944272373938998655e-02
7.096287998632233585e-02 -3.686640305937438633e-01
-7.534279015793310386e-02 5.828195248558898367e-02
-2.104895211816654177e-01 9.108957287992602847e-02
-1.763867283579116929e-01 6.231893291038947957e-02
4.333083594135378469e-02 5.757782147991408195e-02
7.958614906941785527e-02 4.076067498941057243e-01
-3.705204066361036386e-01 7.979054461496393191e-02
3.724317153473611919e-01 6.280451049999402624e-02
-3.491672744823420826e-01 5.998779026890288524e-02
2.875211064354276091e-01 5.905803364725159543e-02
-3.294478380926822991e-01 8.403707740559962502e-02
9.076396158406452308e-02 4.611533758634492886e-01
-3.567329637372902429e-01 6.156918871179484221e-02
8.588754200801396177e-02 -3.343155418228186404e-01
8.121337835861441867e-02 -2.397145649321338334e-01
-4.829497135502243133e-01 7.232940457941772205e-02
-3.688502471554843121e-01 7.137093761609325515e-02
-4.196268552743926961e-01 6.662907313658628095e-02
8.744726775176048239e-02 4.363664661001648293e-01
6.073983533018489922e-02 -4.976939504907367251e-01
4.283272159875050056e-01 9.069146814850703731e-02
3.186250418474390056e-01 8.221295361789138223e-02
7.578594746817557404e-02 -3.056863502133351229e-01
6.522156914510568448e-02 2.926201066922449190e-01
-8.511212974440651724e-02 7.122699844883451092e-02
1.764374238142354390e-01 6.462923205918724712e-02
-4.845785634379859985e-01 7.663109135604651012e-02
7.534123426990491090e-02 3.525356257376301983e-01
3.264731347545926088e-01 7.623301266438231583e-02
8.580456275495995655e-02 -3.752559012249632175e-01
7.547842358903089632e-02 -1.586178132626996362e-01
7.130798453536479897e-02 -3.883767465593751522e-01
8.266898255333321455e-02 1.230564958701025891e-01
5.947765892929068876e-02 -4.807690514332630949e-01
7.638188517751709483e-02 4.471938178759385929e-01
7.423177690342619428e-02 -2.848109727976638750e-01
-3.854964998663216180e-01 8.375772958526339629e-02
6.894482569325355303e-02 1.299047991766365540e-01
7.361631855436789884e-02 -3.596495977482048190e-01
-1.072331406810839161e-01 6.823502016538463000e-02
7.133873488054409684e-02 -5.269361258288285388e-02
6.631077157682774281e-02 -1.672581508067724210e-01
4.018811036957325999e-02 6.131768758508238104e-02
6.806863742385704796e-02 -3.390076241902435505e-01
-2.659952893961933240e-01 7.088104253572469204e-02
1.324734390718237398e-01 7.621132652968642951e-02
-1.915664163878572079e-02 5.677927044884256702e-02
1.475029912046219582e-01 5.913971595065392606e-02
-4.350110259967867599e-01 6.091956371465512277e-02
6.106122276858971798e-02 4.568716366819364216e-01
8.671516100473031230e-02 -2.735956602706381968e-01
-1.302257297075749554e-01 8.509444960337375630e-02
-3.759989563929457823e-01 7.708623055100838339e-02
-1.959906291075291795e-01 7.081399895407525236e-02
3.459061740038336108e-01 6.289736577258975281e-02
-3.140210900053336252e-01 6.683454307596292665e-02
1.363070635682691600e-01 6.736476500721555460e-02
-3.137718319470945705e-01 7.954163999863372858e-02
7.828524725353491753e-02 1.459292523241495498e-02
8.198750886464001297e-02 3.988019072342959825e-01
6.258123069642085312e-02 -4.492353305437001287e-01
-1.073436076823344187e-01 8.004062312155768577e-02
-1.220154934575259364e-01 6.392128994296752964e-02
4.050370828839141568e-01 7.421872992760669696e-02
7.477790793700922478e-02 -3.435286009167982657e-01
-4.033520026245542844e-01 7.310000976831187991e-02
-2.300838178702095949e-01 6.178845329828952515e-02
4.574828865291264979e-01 7.619179322754554562e-02
-4.937570070025480984e-01 6.306939906224307002e-02
5.635622340431378774e-02 2.985462724877141483e-01
3.202303227734042412e-01 6.142361018563236019e-02
-4.929011657360987675e-01 5.516835860676738701e-02
6.558669960215590677e-02 -2.073021015593667915e-02
-4.580585453376284644e-01 8.520728733054128146e-02
4.560530969542032631e-01 8.683375388926084515e-02
1.094935000365304667e-01 5.981150020209824447e-02
-1.725359636141132746e-01 6.790698478773293800e-02
2.938010296459525605e-02 6.434822277159635284e-02
7.634501613791344621e-02 4.914846234137965064e-01
-1.185027141682448715e-04 6.553685003148268517e-02
6.189762408128851590e-02 4.307856692294458334e-01
7.475964398783285780e-02 5.274233546225648439e-02
1.843485651201844933e-01 5.778811680333184597e-02
6.912307067553336015e-02 5.271469967422082181e-02
5.611663980355563464e-02 6.213830289400890106e-02
-3.802970110137741111e-01 6.182600054343101448e-02
7.816457455804493026e-02 1.453285219498818837e-01
1.269024142619045170e-01 8.149664323051253323e-02
8.338920611145295148e-02 -9.924331199222524713e-02
3.023149729343127534e-01 5.750905148189944249e-02
6.895913060412373063e-02 -1.783058251392046767e-01
2.365341169102793684e-01 8.759981968591834534e-02
7.758612181740953684e-02 -3.918320019018886047e-01
4.019398851721671662e-01 8.770115891787244600e-02
8.610999044111278256e-02 -4.608610060206506098e-01
-2.474191433473125201e-01 7.034913638871531649e-02
7.665555668069212736e-02 -1.848954485547615878e-01
6.159404361374476444e-02 -1.074288624815116222e-01
7.550561239505926281e-02 -4.912837067890734044e-01
6.871772688125932227e-02 -4.993894774716686191e-01
4.614906083232200862e-01 8.593288144660526928e-02
5.203185104341190304e-02 6.621258011460096071e-02
8.563301144695101286e-02 -4.277867215732809036e-01
-2.160227350317402983e-01 7.100556299937610394e-02
-4.112415460075931062e-01 7.363806874985712181e-02
-4.703687963000103833e-01 6.755477528956810307e-02
-1.812076976029619590e-02 8.259370338777316523e-02
-4.869740571118563732e-02 7.147073620855060039e-02
6.376691484349628070e-02 5.510062232332235688e-02
3.243213176196225733e-01 5.985830249600310182e-02
-4.248502496066726142e-01 8.472365327328801321e-02
7.497321143843604929e-02 4.881536662043388652e-01
8.413490887975105803e-02 6.421958306303798825e-02
