4.659612490893197956e-01 1.253369915794354528e-01
9.667970964982830484e-02 1.659911542327794365e-01
4.808236360781159568e-02 9.916539172528537893e-02
3.660373724151343433e-01 1.209734962501642919e-01
8.343404623124384134e-02 -1.117681513760713230e-01
7.270846239636030717e-02 -9.253872320644440652e-02
9.371217322362068725e-02 3.879129677288851719e-01
9.236615056227559517e-02 -2.618010864444300090e-01
1.136823415161186679e-01 9.535050642766629281e-02
7.991216083886476529e-02 4.959660804186772909e-01
7.446963189004363048e-02 -3.925740107087786201e-01
7.601092784687657478e-02 5.124489708905410890e-02
-3.817891982569141529e-01 8.563404480070191394e-02
7.987872616446511920e-02 1.081196469952334649e-01
7.457217018429029842e-02 -3.270194329473387063e-01
-1.016085813359930423e-01 1.062534201158233937e-01
9.504126934101952973e-02 3.486399727755977729e-01
4.717888426637811827e-01 1.180025847403004535e-01
3.487782371762493394e-02 1.239004815975963680e-01
8.120275266936660685e-02 6.699658324476298610e-02
3.502312229947928124e-01 1.002469422021308176e-01
-4.046470322034578793e-02 1.069264490891592700e-01
6.292927568403428040e-02 4.081825353409115342e-01
7.372660089603078060e-02 4.580502736772017469e-01
7.146086405230434035e-02 -4.602933873727006464e-01
8.773747620643013168e-02 -1.553645039070817857e-01
6.647390747201975536e-02 2.775730372418173664e-01
1.383133109452687748e-01 1.056201639601495046e-01
1.584112465050396823e-01 9.661462034577994462e-02
-4.425365277213094695e-01 9.423408839806735049e-02
6.919995600387995882e-02 4.920507629412520512e-01
1.105574920320723242e-01 1.103513507066979926e-01
8.377892940057241056e-02 -3.995094723252173852e-01
3.559772245370380617e-01 1.139040297341005203e-01
6.569758490985955213e-02 4.007483812185141936e-01
-3.534084338331143771e-01 1.264371257842249463e-01
7.815076313042035316e-02 3.659008226068414249e-01
1.517408088933946964e-02 1.025005143375052885e-01
-1.850202076157748676e-01 8.972249449721214631e-02
2.191826682195214815e-01 1.046135543835037263e-01
2.152759911041548513e-01 9.576373988572917106e-02
2.993855128514443242e-01 8.606598602366277717e-02
-3.401326296320306142e-02 1.105807411628980663e-01
9.159616453627672517e-02 -4.165196472506665915e-01
-1.858616960441364929e-01 9.862119777372924112e-02
-3.821428948202804099e-01 1.219227126311068776e-01
9.967507205991188446e-02 3.547812794930621516e-01
-1.139509153340277914e-01 1.087461788053337708e-01
8.996802608148335434e-02 -1.909133259637895152e-01
6.207030132432955760e-02 -2.632651019584051344e-01
-2.979151789090394020e-01 1.149016437272345481e-01
-2.200741389049296615e-01 8.846439436217912178e-02
-1.120287598682828678e-01 1.198717478953589266e-01
-1.545767228354353318e-01 1.152995946702810581e-01
8.608424849960982783e-02 -3.147717950229823591e-01
6.477694966410529887e-02 8.170721148862991612e-02
3.338439414436180641e-01 1.107632433102394565e-01
6.309632718250823835e-02 4.841894165821702956e-02
9.740320129718349484e-02 -1.014877124105211248e-01
4.639012636861001848e-01 1.249599890954239401e-01
-2.483521960916450499e-01 1.060298928434418864e-01
8.982265004646794448e-02 -1.294697042433212708e-02
7.119483041302521187e-02 1.149010251078241840e-02
6.917020118156114172e-02 -2.317748689217115077e-01
1.883714888205947346e-01 8.662413602160945469e-02
8.636223506786278037e-02 1.908204606302743578e-02
-3.455935692156273387e-01 1.069218749496612109e-01
-2.647466494492561884e-01 1.113289364849685548e-01
9.805278326933364319e-02 -1.759400345270560884e-01
7.166872502462384720e-02 2.818198398387229409e-01
7.948764262799556946e-02 -2.026075112278113988e-02
8.263980527375736074e-02 2.606526530954045295e-02
9.189331378418019725e-02 -6.500435229401024806e-03
3.387096505236126820e-01 1.157525005798768492e-01
4.718080734298065737e-01 1.287552940381568867e-01
8.321416658469427130e-02 1.095100788794589608e-01
3.807961941949664642e-01 1.153530932620446814e-01
9.188027065965520546e-02 4.665544344559887646e-01
7.413195960243235128e-02 2.620732469747875104e-01
-3.314859477065086324e-01 1.100130714951642608e-01
-1.279122605373742561e-01 1.003170559665198525e-01
9.816964976499131801e-02 1.812840257549591660e-01
6.252334120700142606e-02 -9.244514122681601886e-02
4.973440042209786860e-01 1.062364740984784728e-01
2.759095954827601727e-01 1.196079049881035861e-01
1.113637929322508491e-01 9.022754784249331639e-02
9.082452929405027131e-02 2.701011205231973467e-01
9.303137761764213032e-02 1.221052772594533042e-01
8.101212431350091059e-02 6.881160386029749887e-02
7.658950693748944882e-02 7.162003261062677151e-02
7.828746825850396718e-02 4.513415239000518886e-01
7.203788948322575880e-02 1.194182814140259952e-01
1.151198044921802888e-01 1.095647170189112396e-01
1.708579225736803764e-01 1.063368196755239969e-01
-1.408638247767279861e-02 9.818875668042303939e-02
9.454349753480317808e-02 3.196071134739908448e-01
9.959156915888800476e-02 -1.574806023009964751e-01
3.756960008405141327e-01 1.075859488062436142e-01
8.624368254257452904e-02 -4.184382679883317246e-01
9.317523541715722057e-02 2.779300484246016723e-01
8.148581297030799142e-02 4.255708607965327239e-01
-1.703071348287843456e-03 1.102189679241319942e-01
9.414284450843113383e-02 1.373249833873544379e-01
5.120019839891232216e-02 1.016770581792665329e-01
1.103249440604326947e-01 9.667705246724123125e-02
7.942089070166813425e-02 2.556590499252678894e-01
9.164091603522606100e-02 -1.471711289736125083e-01
2.916212163443621108e-01 1.137987269811461255e-01
-9.347386461644779931e-02 9.637676808095185788e-02
9.766460449024494395e-02 4.356765015924312090e-01
1.149641985093878827e-01 1.285995352860443974e-01
7.251508150458108037e-02 -2.504132460516181879e-01
2.052850036265796430e-02 1.173045647072621378e-01
2.527745964600518480e-01 1.286694349696927420e-01
7.496937562199923466e-02 -2.823154070843035823e-01
4.893268823461931483e-01 1.019490579773899563e-01
7.401811765997201586e-02 -2.998372477001940428e-01
9.862402922664526006e-02 4.201786720059766944e-01
9.303512272342795431e-02 -3.303400401620860682e-01
4.600405430032501464e-01 9.037642219139951916e-02
1.959006825507465521e-01 1.082988596269434112e-01
-3.052094543640326840e-01 1.140860604081519458e-01
2.772815377910204937e-01 1.080870940413951597e-01
9.522096263545287709e-02 3.766222158133323283e-01
4.209188942851718185e-01 9.407085660290059881e-02
8.017071239700102048e-02 -3.413437881014396158e-01
8.734128741051194744e-02 1.583742434911428187e-01
-3.626242032369735302e-01 9.428921233128306767e-02
9.053134964359044190e-02 1.924825297964785076e-01
-4.697132937514416628e-01 1.142246578591026296e-01
6.967743929206948739e-02 1.266936675357765996e-01
4.793078349581980646e-02 9.305191848429605894e-02
1.702507803274083686e-01 1.018079801248042981e-01
8.727448144093075122e-02 -3.131787338651981223e-02
-3.030252377037969680e-01 1.268941034426442904e-01
1.543308163810697131e-01 8.598680610662967627e-02
4.124015993339849029e-01 1.076060565099831168e-01
8.168763280080404421e-02 -3.568979324360624927e-01
6.545979626167530707e-02 -2.134390705191946402e-01
3.087075117638409250e-01 1.015335998580538801e-01
-2.589435773009421959e-01 1.201714502240975868e-01
7.749119616881161576e-02 1.494024954012862505e-02
8.448256195411363301e-02 2.260944475754266270e-01
3.334364038176478306e-01 1.028505304861253578e-01
6.310906603693511308e-02 1.266738936263511750e-01
3.687061290289518345e-01 8.551156067258969262e-02
4.706925569616730032e-01 1.276967502189942927e-01
7.730261552755302024e-02 -2.497979735861710626e-02
8.415570122998461411e-02 6.625451099762424967e-02
2.743299305913526887e-01 1.205482051827220236e-01
6.177389993144988267e-02 3.852327514235602823e-01
6.289108638899609804e-02 4.525986961251464713e-01
8.649727528169237623e-02 2.932203395321474337e-01
4.554520245621572760e-01 1.095142069054959588e-01
2.904410614992116724e-01 1.191139815199921959e-01
8.527043495922570493e-02 -3.380566138229594841e-01
-2.200459608867465500e-01 1.158379664132935805e-01
8.329594868434841981e-02 1.294606443276712371e-01
-1.753468401426815371e-01 1.123298392612864793e-01
-2.217459715466959524e-01 1.029210606900524683e-01
1.037861471674185188e-01 1.104225510450964620e-01
7.734693828305516661e-02 4.522923947846643200e-01
3.545684278439993342e-01 1.241870043494274212e-01
6.290597981629875157e-02 -1.764271908884303963e-01
9.562324616729256377e-02 1.548033372694734844e-01
1.838721793255202464e-01 1.279966004229057264e-01
-4.308859433308653841e-02 1.212421933058487333e-01
6.410296533254045137e-02 -1.091364375619530147e-01
-1.574048412518979090e-01 1.155838924210733643e-01
6.739346367443121988e-02 1.650876612577667490e-01
9.709936905769123161e-02 1.339821588111429485e-01
8.762539111461331576e-02 7.771678279882943130e-02
-2.463755168053827216e-01 9.633319482305335857e-02
1.422551227885208158e-01 9.826297794061122914e-02
8.862989848681357419e-02 2.058320250666222373e-01
-4.179575895577984923e-01 9.992436067859378213e-02
-2.445634009919536167e-01 9.884677957041121399e-02
-4.600347099514541238e-01 1.046500023030644266e-01
2.771867121694405744e-01 1.131157119506440711e-01
-9.229319525143819813e-02 1.221516661621818711e-01
9.477045772011327696e-02 -1.206942425689594423e-01
-2.543436807890001594e-01 1.236044731587707668e-01
6.997507698523375286e-02 2.046149239490879790e-02
6.498397722987669933e-02 2.969852550088650789e-01
1.606991005509361692e-01 1.071045565782841047e-01
2.487401783487563911e-01 1.284256739174280959e-01
-2.232130037454931326e-01 1.225020812322338282e-01
1.435097825842708286e-01 8.593779377614785275e-02
9.576590297675457997e-02 2.098698554945225281e-01
1.145921748345620772e-01 9.499768258694651912e-02
3.038231234784234402e-01 9.824260603858636642e-02
6.370898092705978843e-02 -2.480476196784495713e-01
-3.265657243374157082e-01 8.553352930758528760e-02
-4.856063943132015170e-01 9.551080715786719466e-02
-1.136669608110837393e-01 1.223373249395284246e-01
-4.573847871262740616e-01 1.063220220717202569e-01
-3.861563683048249151e-01 1.091742584441218744e-01
7.726040173831716373e-02 3.837020999656840514e-01
6.956716107343041688e-02 3.733649730998256366e-01
6.449614652421653549e-02 -9.114059179839273384e-02
2.306774824181143657e-01 1.132124691296931829e-01
2.302101651235809454e-01 1.212077130004279857e-01
9.862307807333503540e-02 -3.409308688179465419e-01
-4.439607805813694519e-01 1.210749940476872899e-01
6.327181044303298307e-02 1.291005427759865931e-01
3.945313785812373242e-01 9.799066838743897279e-02
6.186605369108966190e-02 -4.349261107146418226e-02
6.583764895170973741e-02 3.875031357505827057e-01
8.931590358365981697e-02 2.757726770319111065e-01
3.910336425684715067e-01 9.020360724774478811e-02
-4.657346770969700289e-01 8.855463924906714634e-02
9.801987308724047221e-02 -1.226400357562179577e-01
8.172731166505242673e-02 4.264118840764097307e-01
7.538768025594899669e-02 2.103393868106162579e-02
9.186441781365695114e-02 -3.927088233193877231e-01
3.357042763996495038e-01 1.022315820586728874e-01
8.668822170788115233e-02 4.644350424215160089e-01
8.771174764954503544e-02 -4.398429734856934559e-01
-1.039943298440167974e-01 9.865402080578478117e-02
8.674548599442077901e-02 4.014893656965069502e-01
-2.668359283474721622e-01 9.812657590454210155e-02
7.760105596194843969e-02 -1.674264545125683235e-01
1.425466995410422655e-01 1.139375861444698046e-01
9.111048944270783156e-02 3.617800448618205822e-01
7.935178960399047465e-02 3.941668023607381999e-01
8.223103203522508231e-02 -1.102223626751624996e-01
-4.806733271927662310e-01 1.202359821053566868e-01
4.671074629920312082e-01 1.001145278935655636e-01
1.473711810402030808e-01 1.113368095291493720e-01
-5.245383273599091289e-02 1.070630219299463226e-01
9.707746183658738648e-02 2.917837511653831317e-01
3.849231852383216967e-02 9.514919728758386430e-02
6.353724051664966233e-02 -4.586975734203467825e-01
6.479930770073016877e-02 2.030945719250247805e-01
9.001034297679055829e-02 -1.797065233486084823e-01
8.912680000639838784e-02 2.466337884330901398e-01
6.600432733384598016e-02 -1.313047958854798303e-01
9.283128517335448304e-02 4.257752880655655270e-01
-3.295076714358360359e-01 1.180414797427046247e-01
1.568797727654610563e-01 1.138250088440918573e-01
6.182795236975757724e-02 -4.095533871590388841e-01
3.648074204065279158e-01 1.009969244316772929e-01
-2.032793614443852981e-01 1.082563938263416681e-01
9.233390082012948863e-02 -2.586947914064553489e-01
7.916316278998436484e-02 2.662404356345726697e-01
1.385741929151296237e-01 9.621498851710108546e-02
8.741939604545634346e-02 -2.258455027108154933e-01
4.992268564694124500e-01 1.013617472864375424e-01
1.513511692218538762e-01 8.640743428059582953e-02
8.572494657403550988e-02 3.451241585705702164e-01
-4.142709130016124508e-01 9.244537192418400551e-02
-4.072444028054290621e-01 1.170062761213899183e-01
-2.285406746739947481e-01 9.702175810252589017e-02
8.957232153709571154e-02 2.361342940626831588e-02
7.868935681001720805e-02 -3.549373291356187066e-01
2.348422413009385590e-01 9.886528766908131427e-02
1.999069966552605715e-01 1.007822322711063867e-01
7.946724076898226130e-02 2.995183880913856456e-01
6.758126050895252313e-02 2.578226068288221873e-01
-1.897337892121431224e-02 1.008527920012484147e-01
-2.472611999496880930e-01 1.191909278225756763e-01
1.655174791544227197e-01 9.824688838803019575e-02
4.649274196057422426e-01 1.262980517432524818e-01
7.408422304368689204e-02 1.842643103022505446e-01
7.703266163536326427e-02 2.702974358020716616e-01
-1.761575088713148718e-01 1.027088185702702550e-01
7.508129426598164624e-02 6.000143033107852020e-02
-3.699046163609310822e-01 1.211076131528123767e-01
-2.284721238344181726e-01 1.278138036895353213e-01
6.672584125480318651e-02 -2.846667191661541585e-01
7.604612709227753786e-02 1.913307702105959685e-02
3.948197815681151468e-01 1.058358932230660798e-01
7.617836487325391204e-02 -3.102145002567470167e-01
9.418658055811290897e-02 7.501881078493266575e-02
8.955845528979711201e-02 2.091650621838803126e-02
9.209129584344000197e-02 4.409492354522540625e-01
8.874003301870170279e-02 3.318350440522014333e-01
1.008554997877828541e-01 1.079215102070112398e-01
7.472601170822379402e-02 4.580976850921270049e-01
8.989017899110041121e-02 4.241752513122994950e-01
9.737980795929201960e-02 -1.094664559215582367e-01
3.037151492389831287e-01 1.141796174472609060e-01
-6.882513198451056802e-02 1.008404271593159596e-01
-2.400952512186960153e-01 1.160599616330620920e-01
9.271918816197810553e-02 3.381066920605424464e-02
6.242297340654290316e-02 -6.775490788712912327e-02
4.794030618427610468e-01 8.959031202957612461e-02
-4.188250175014237575e-01 1.152345201563212962e-01
6.755743638933797701e-02 -4.217448231283613680e-01
3.378590306206280536e-01 1.220162024436181047e-01
4.003333212821548193e-01 1.077035263839208890e-01
5.060390804383685381e-02 1.211115617085428697e-01
3.822607354031349880e-01 1.167854646513334371e-01
-8.746125831028583875e-02 1.193301874356852421e-01
2.373266032886957033e-01 1.276933699928329835e-01
8.527165017637683420e-02 1.073120100172697544e-01
1.126873998682242917e-01 1.151728106363105741e-01
7.852809523865122987e-02 -1.862430685689544507e-01
-5.899303947737466469e-02 1.270695778857325875e-01
7.223905774525707368e-02 -2.825636285152052229e-01
2.495697536384182680e-01 1.109004953078602806e-01
-4.197088860702730129e-01 1.072130711707161010e-01
8.067595362559831784e-02 4.760279824047635167e-01
5.920395303410397325e-02 1.222196608716832333e-01
8.631921146151155799e-02 -1.233917703862743576e-01
9.034409741835025542e-02 -3.463891740908489059e-01
6.841781909534838668e-02 4.132040892461038561e-01
-2.410870697981580824e-01 9.059549845136594115e-02
4.024503809730182180e-01 8.865689960406941683e-02
9.862088920056055752e-02 9.258824470212190239e-02
6.646392479865870229e-02 -1.142290412005023681e-01
6.424798556271227312e-02 -4.433166736622495829e-01
8.885980125812376063e-02 7.004151916064249583e-02
6.492286392251500615e-02 2.744181414201170011e-01
8.454935870193203140e-02 4.518057570568547732e-01
-2.783208705972350927e-01 1.064717280997333759e-01
7.457644008761166177e-02 3.158084118135190410e-01
-4.337939698626432916e-01 8.596639307475084646e-02
8.552525523838361288e-02 -4.227722767596228115e-01
7.168382651721960652e-02 4.266191197191959716e-01
8.230670184620625385e-02 -4.986957479757981870e-01
-2.751173413252309130e-01 1.092353166032121736e-01
9.712195200433981768e-02 3.275862234058811717e-01
1.914407950096390643e-01 1.138894170578880205e-01
3.825741130921587185e-01 1.010429644996025944e-01
8.013918790942475834e-02 2.739700884865322594e-01
9.012474183096286229e-02 9.673384385412042707e-02
1.744354356372207482e-01 1.147152729761363732e-01
-7.802755225846169651e-03 1.073273414833409989e-01
2.469988044111961489e-01 1.082562265410478286e-01
8.871264066371098433e-02 -1.775179192193439004e-01
7.027945806296720388e-02 3.012303377170340024e-01
8.316849551462968115e-02 -4.798511921022723392e-01
1.861302119977215064e-02 1.016912875172363284e-01
7.805896073195239815e-02 -1.329263044645648817e-01
3.856794518038835218e-01 1.014244102440367001e-01
9.376292667179542129e-02 3.031274852096573769e-01
6.216011474214988564e-02 -9.807420395157007142e-02
8.099148089335705958e-02 -2.451329086015996417e-02
-4.679744986259726236e-02 9.335960650187491439e-02
7.040366401444164701e-02 4.559290520777867783e-01
6.551724373283829284e-02 3.752377344016858407e-01
8.134498893231889571e-02 -1.217852727835256887e-01
3.919029416119091946e-01 1.260547452688109971e-01
2.770040611200853542e-01 1.257231398042019110e-01
7.895198683186821498e-02 8.888428674421056108e-02
7.999343949722792502e-04 1.019902385431826763e-01
4.166798190594551698e-01 1.279823887057925935e-01
7.726779547386886104e-02 4.051638930443990372e-01
-3.064759639415925996e-02 1.243121333577734688e-01
1.683453745080785158e-01 1.036683238676942009e-01
9.963067955330673353e-02 -1.110216402219517118e-01
-3.036616850673914403e-01 8.926240199941215536e-02
-1.097538411095977384e-02 1.156019073354931370e-01
9.956137484808535998e-02 -1.539364459106159488e-01
3.714760568422628140e-01 1.199557228161213240e-01
7.267877780653553277e-02 4.669267666757735968e-01
9.006113846457408645e-02 -1.458902738529773702e-01
6.166743012828412862e-02 1.402153514058416262e-01
9.517051131550235965e-02 -2.200476636366665018e-01
7.338211556838170058e-02 -4.783049284519624855e-02
4.055119822330808255e-01 1.161742723552782186e-01
9.927658459603838637e-02 -2.850596900796085187e-01
9.579891241789795231e-02 5.844261645066928246e-02
-1.054294318699424693e-01 8.999646970842523075e-02
-2.341691577969189364e-01 1.061746908458653937e-01
1.342916191094611911e-01 1.255381169053852997e-01
9.762475259405278827e-02 -1.173889189787949983e-01
1.955373707716659970e-01 1.155658952463454181e-01
6.253869250358212728e-02 -2.851571060313291550e-01
-1.979732092326553783e-01 1.180333959223607287e-01
4.570361264720873562e-01 9.934863087585477093e-02
9.703451031705145891e-02 -1.702133614985323895e-01
-1.108796286936962749e-01 1.198305403022762450e-01
1.770014013575703649e-01 1.198360753966746239e-01
-1.943594345029068249e-01 1.065383849894444568e-01
9.861610333100201409e-02 -3.036156440024918579e-01
8.068534657189085912e-02 -3.643494739903230251e-01
6.187415905851822995e-02 -2.066293792100504234e-02
-4.293625724541542121e-01 9.853829739626951412e-02
2.553246621677546235e-01 1.175338013885502964e-01
-7.599458547787207863e-03 1.005524516747666741e-01
-4.707742455297261319e-01 8.773165741208721613e-02
-4.166790988194007950e-01 8.793494848303662348e-02
9.751389641012853104e-02 -4.537746766524654030e-01
8.577206386260272097e-02 -2.342746931060674109e-01
9.402965698737730804e-02 1.165335062021194412e-01
8.265989193898359844e-02 4.412187640204477956e-01
-2.537581698792628071e-01 9.307224906663025266e-02
1.478935712174972439e-01 1.002538464594306955e-01
6.794000436399671994e-02 -1.604478538705275126e-01
-4.918991511488201018e-01 1.287860067538858511e-01
-7.335130615645624186e-02 1.095609904077253782e-01
-1.447815426094308799e-01 1.095968049670729139e-01
-4.111096013526238657e-02 1.071239521279555573e-01
-4.048560182646389061e-01 9.095146503068107791e-02
4.139055266709656955e-01 8.607053058322755579e-02
7.328821624084314035e-02 -3.535589655349474780e-01
-2.747418513351700398e-01 9.770414444149411182e-02
