7.291836588248401529e-02 -1.224971079871030044e-01
-1.024120008484279420e-01 -2.847141599553071334e-02
3.568311721278155657e-01 -1.603355635660663747e-02
4.077297860194806223e-02 1.651312121900360141e-01
3.011427010977729690e-01 -2.920508302548863178e-02
7.142453336564003052e-02 1.532273559187391498e-02
3.737891192490510051e-01 -2.022138930720995820e-02
6.358857764063441387e-02 -3.319032146394186311e-01
5.397613091529507301e-02 -2.226545949752198883e-01
5.626480736299188656e-02 -5.555882776220866237e-02
6.889669075193471937e-02 -4.598725723631383877e-01
-4.500468483311345080e-01 -9.802595013129966617e-03
6.862314066475583285e-02 4.142984995601548537e-01
-1.250512499714795389e-02 -9.404087451648779350e-03
7.426761455905883658e-02 -1.106389241163306947e-01
5.823480987808316023e-02 -1.419477196148677400e-02
4.893880865839728145e-02 -1.902367175607114769e-01
6.012564700514966276e-02 1.670454733192773267e-01
4.228070124577243405e-02 -4.005040826179760982e-01
4.311183865628354095e-02 3.524462105812032897e-01
5.304146595180281309e-02 -1.731799838669335623e-01
5.584496636260305458e-02 -3.113488379272991713e-01
5.663037764181755307e-02 -7.604876833457219210e-02
5.296126008304047339e-02 4.589146254016189808e-01
3.440966069751112411e-01 -1.728997624798556121e-02
-4.864004082979580534e-01 -1.995513305083262967e-02
4.190450393948796926e-02 -4.904615294109290202e-01
5.421549715885265464e-02 -4.202747718218347028e-02
-3.960143139126544032e-01 -2.000255978621723330e-02
-1.792674368259861151e-01 -2.160189900936693164e-02
5.399123311374987022e-02 3.412141802236137167e-01
9.225455305605290146e-02 -1.733972538513461892e-02
8.739827581825032610e-02 -1.932386791927576120e-02
4.508327200730188888e-02 -1.330932149849310964e-01
4.350322288324881548e-02 -1.259811261562443496e-01
2.862422200333128997e-01 -1.905101314182089389e-02
6.142073437138784175e-02 -4.677004565247752099e-01
5.062688742759247074e-02 -5.868782245172521339e-02
7.143700533038777056e-02 2.213513444319689105e-01
1.706561909773344210e-01 -1.932428670893748812e-02
5.229395864761432478e-02 1.620299074509314874e-01
-4.340154946445983208e-01 -5.726937550850075276e-03
-2.077169302613033341e-01 -2.642607184850165325e-02
6.190830164854577156e-02 -2.171820318411411543e-01
-2.220928970141056169e-02 -2.884337121731217479e-02
6.197129717371951951e-02 4.846062522290618402e-01
7.146672742496029684e-02 4.695187755733185586e-01
-1.662465349691418792e-01 -2.840726192244058534e-02
3.364919023645221996e-01 -2.210270996342311722e-02
7.268915115110763381e-02 1.570550218823582034e-01
1.182190679810247724e-01 -3.080325571562947395e-02
-1.744718077095293030e-01 -2.511998106674950826e-02
-4.494443424967399237e-01 -5.901929319498844251e-03
5.939546159217889976e-02 2.567621657424167259e-01
2.919118794420291207e-01 -1.557327163727917352e-03
5.969974738539629566e-02 4.418393071196192734e-01
6.016877915385554498e-02 4.618467026156272137e-01
-2.710994220685203349e-02 -1.801428682499139899e-02
6.620700989738903530e-02 3.098826642827865463e-01
-1.612928526103076798e-01 -2.669275950431893030e-02
6.931688231523469579e-02 -4.113630577081464068e-01
4.634604194879343719e-02 3.645683318281304208e-01
4.817185783237352137e-01 -2.814004458840324574e-02
-3.867725053186858997e-01 -2.890153075156898232e-02
5.413092599190993948e-02 -2.727624895360318824e-01
1.767264833850058503e-01 -1.647029577026382086e-02
5.595463784520515738e-02 4.930376731783331357e-01
4.967313813467033601e-02 -2.431154899271137371e-02
4.811631288539446327e-01 -7.572472853332290477e-03
4.994307278601217703e-02 -9.358917679004952195e-02
1.702289588293645073e-01 -1.600916222113690779e-02
7.013690540699157872e-02 4.280048714441311297e-01
3.706393044885334387e-01 -2.262457244705728954e-02
4.997533851297841778e-02 -1.254156529794966390e-01
4.828537671781285567e-02 3.553788918305379463e-01
6.870230376746244705e-02 8.814018993588979001e-02
-3.073461875486436234e-01 -2.499162291138501413e-02
-1.152842433946883460e-01 -2.116904450911594182e-02
5.892371356100145618e-02 4.046882201336650109e-01
6.549161271221470848e-02 2.867674246994355025e-01
5.941560443987359275e-02 4.158915337614202956e-01
5.538080941091538811e-02 2.894831876233658896e-01
7.254828405416124948e-02 -1.701513294259613396e-01
4.123432678950067487e-02 4.813806833524679751e-01
4.559155951058591061e-02 -1.087252222160220994e-01
1.595665462830421211e-01 -2.198128861561721159e-02
-3.166865876050292128e-01 -2.326678915259505764e-02
-1.508382226604904064e-01 -1.700118775146453043e-02
2.886061359892784228e-01 -2.695760182463646792e-02
4.073911841737428707e-01 -1.357363841174175079e-02
4.473920889985483207e-02 -1.912357861423914507e-01
4.415731854436215631e-01 -2.345884956482158223e-02
4.982441873110021735e-02 -4.819984879041717685e-01
8.319073102102469974e-02 -2.723512358232005326e-02
7.389051100645671610e-02 2.195157000478766829e-01
2.055091476549173457e-01 -8.004000243217235244e-03
-4.531828309070278227e-01 -7.976873715083376837e-03
4.175041213102781423e-02 1.197798398206995074e-04
6.417308465799909101e-02 1.333617827040817216e-01
6.068664534363876761e-02 -4.683616935865397846e-02
-4.744395925015983950e-01 -3.271563595756310505e-03
6.219310975623704163e-02 2.152610372957212137e-01
5.812338038651165828e-02 7.545965963639089669e-02
-6.581148378984835734e-02 -2.803756813886826293e-02
5.807849143355670041e-02 -3.306749600677949541e-01
1.342993692291692964e-01 -1.637569321843101999e-02
1.222267779698864576e-01 -1.183624969364893698e-02
7.240150238018638884e-02 -7.217932684143257838e-02
6.530758987668161542e-02 6.183422999798671160e-02
7.350951165248531538e-02 -3.951968822201923359e-01
6.055188764106000932e-02 -1.635870695204344472e-01
6.707242206134389484e-02 -3.615095106038835882e-01
5.991103939478414908e-02 1.542589829494837028e-01
-1.625566718210905703e-01 -1.936148053461073104e-02
2.112575743411716500e-01 -5.460834197745900731e-03
4.582617085920326350e-02 2.741766648769827786e-01
6.231481877305433681e-02 -4.263473289012169598e-01
5.014089575444069524e-02 4.584300516104922174e-03
5.721261834398316815e-02 8.093916746787888084e-02
2.082958880281901015e-01 -2.825244198462117939e-02
-2.798956709706040824e-01 -2.210483735001600447e-02
6.316173025406524033e-02 -1.963677628164472999e-02
-6.890636606427336108e-02 -1.344237781141677246e-02
7.379943836848434913e-02 -2.686219245421449520e-01
5.421818333038497251e-02 3.332583235060959659e-02
4.088262599696734778e-02 1.787548218698876701e-01
7.040307028406400658e-02 -2.545291455868248232e-01
6.495464153319052691e-02 -1.164469773740297587e-01
6.636513115571696098e-02 1.310969798527356067e-01
5.811856376912472033e-02 2.491667053328461279e-02
7.137301572460852395e-02 1.128576755810163368e-01
-5.814594695646913003e-02 -2.820413466406046510e-02
4.697866462361399709e-02 -2.823920693214030386e-01
2.988039568931660783e-01 -2.507191092047145187e-02
-2.942108794816847839e-01 -1.240115791527707234e-02
3.157169098070161661e-01 -2.050569813616398562e-02
5.495935284876762861e-02 -1.941353456008831913e-01
-3.949097681750843858e-01 -2.240582995676132505e-02
-6.041159633510317928e-02 -1.913838347996499323e-02
7.077377910771320835e-02 2.964248043371220387e-02
4.914352441024227858e-02 -8.614104512939968483e-02
3.801543456436635715e-01 -3.104901737190668420e-02
-4.133534221340495751e-01 -3.106793699710919121e-02
6.903687958235094069e-02 7.644527656497523971e-02
4.844017092824437487e-02 -1.934439482611358674e-01
6.032317579875667857e-02 2.829488118028112842e-01
6.639789410557062066e-02 -5.922637017577536689e-02
5.309472405897652791e-02 2.891991411178979066e-01
-1.303147718742898586e-01 -1.672135351030401562e-02
6.010801057346870646e-02 2.642749277102480754e-01
4.410298543297763718e-02 -4.745977904039285766e-01
-1.730967364699450561e-01 -1.532136547804952009e-02
5.423805511991319772e-02 -2.270629564611574835e-01
1.764061362367798091e-01 -2.214579604904243215e-02
2.248125228895793137e-01 -1.738419486764664068e-02
5.508169324553957580e-02 -4.303805652508574386e-02
2.566577234199505231e-01 -2.740151100874332890e-03
6.002681669087706062e-02 2.581079288325435206e-01
7.070319891161702675e-02 -2.867442798346557797e-01
7.457961932497036983e-02 4.100033000141162232e-01
6.676447989628886415e-02 -4.787310527232736534e-01
2.278377586533144594e-01 -1.669300059843559225e-02
4.516653942617121498e-02 1.108138728489040936e-01
8.708882815830187862e-02 -3.611534164768448463e-03
3.878597464823965169e-01 -1.071742447298529299e-02
6.500158509158704412e-02 3.891580030684953506e-01
6.745313987499002018e-02 1.385408809463594126e-01
-4.026498131904264755e-01 -2.985799163452751426e-02
5.318093996214656727e-02 -2.890377081074942955e-01
3.396782808146938670e-01 -8.011144299236216959e-03
4.105758661827951794e-02 9.305941254335425850e-02
7.018644651938810153e-02 -2.150834893677305848e-01
6.819889622410779673e-02 8.988888332605582399e-02
4.571586626555899091e-01 -2.817282857769065618e-02
3.367258509096663355e-01 -4.946860921334117478e-03
-4.523552234849070874e-02 -1.334513084750954537e-02
5.939116228896501593e-02 7.694008742539582002e-02
5.192436766826835637e-02 -2.079591170819071744e-01
4.882489361857522692e-02 9.910007075073890004e-02
6.130195065436749857e-02 -2.451382152306555984e-01
6.542432094335126624e-02 3.234689146620446376e-01
4.177614372935534170e-02 -9.547832668796440991e-02
-3.445018692178344333e-01 -2.889070000520488346e-02
3.094740079891737938e-01 -2.880925703691050721e-02
5.484425329157383011e-02 1.337083134870648005e-01
4.421822809044761993e-02 3.927252946567258984e-01
3.566051446874228814e-01 -2.738061853782491895e-02
1.167656659483827797e-01 -2.819033586673624914e-02
4.628466948826555072e-01 -8.244608674454423358e-03
-4.480937536651331543e-01 -3.151043520744800652e-02
-2.045239902777310492e-01 -2.711425318856042210e-02
6.779845104068960016e-02 2.885901727462455435e-01
4.618446616006599559e-02 2.194144523196831509e-01
5.643102887810669266e-02 1.820768575583280313e-01
4.895458735890767521e-02 2.761974061018255266e-01
6.562026336590953690e-02 -4.405382989041894959e-01
7.038484849440040936e-02 -4.908864466740335830e-01
4.338747622803162951e-02 4.598460272180405761e-01
6.095739269955302575e-02 -1.892561228522817718e-01
4.778571349488169862e-02 6.903134058467674805e-02
4.801429722348915519e-02 2.860963296688222579e-01
3.005839121601084907e-01 -2.797190317502917800e-02
5.542658760592733547e-02 1.416005881609971873e-01
5.555343530406853247e-02 -2.579893685149287075e-01
6.676072568891155967e-02 3.338682671937864832e-02
5.013468487135586127e-02 -3.519336314983219083e-01
7.244314445990851503e-02 -4.645825382425552430e-01
-1.849420830482116918e-01 -2.267638737865707022e-02
7.560564247673196014e-02 -2.762873908872987005e-02
6.061347225528790350e-02 1.941640254279272115e-01
6.699136716315357010e-02 -3.835833737177783975e-01
4.617931545545881367e-01 -2.196295288957350600e-02
4.900184193454437676e-02 2.757893482264495155e-02
4.911016610720841946e-02 2.717442390407383002e-01
6.991152985584081492e-02 3.038134064344848451e-01
4.840378952991197803e-02 3.758252429497188629e-02
6.144775486893105931e-02 -2.657056175608940585e-02
-2.173349226819695224e-01 -1.864476724163721677e-02
-5.986744627176399103e-02 -2.638577647435758067e-02
5.336115372177863136e-02 4.588005589103311133e-01
-3.250942933500953202e-01 -2.018404660642947324e-02
-2.569672181581801329e-01 -4.687089115499643022e-03
5.515762635998389118e-02 -3.942315349017487813e-01
-2.477067235355685515e-01 -5.079791199315453198e-03
-3.438105662877045665e-01 -1.781056290939275755e-02
5.874315416015263303e-02 -3.096143891771607759e-01
2.248538787957939933e-01 -1.146915422549277253e-02
6.916258997832258615e-02 -6.206445473881938568e-02
-2.357466822613384361e-01 -6.369374257578108711e-03
-1.324733047954909093e-01 -6.554612422145722483e-03
6.903513570314701031e-02 3.819092617672338319e-01
6.272106379558817224e-02 -3.292719353120728831e-01
-4.206949209192637484e-01 -2.191428382022464483e-02
5.846879468811938541e-02 4.953799647737251455e-01
-2.052863077383373369e-01 -1.920628246721201027e-02
-3.685756472952121943e-01 -1.867802899988235676e-02
-1.819543350821395400e-01 -6.561854912978004606e-03
-2.560389038306244425e-01 -2.343755002166403312e-02
5.521513045778980722e-02 1.591329663164942065e-01
6.553204447472182892e-02 -2.704008343263009095e-03
7.437332262600704347e-02 -3.578394041912262846e-01
5.377652117149811506e-02 3.004263382282901240e-02
-3.547883508158322652e-01 -1.586398690094237285e-02
7.060922809466518846e-02 2.192488360536625214e-01
6.031439649660641500e-02 -8.084075918127886506e-02
3.769498266585263879e-01 -2.889869563061586710e-03
1.172662708965072076e-01 -1.181704988586573801e-02
-2.444787888684659682e-01 -2.523572148546160410e-02
-2.501643257476119375e-01 -2.727528835484693825e-02
6.539851887341741055e-02 -1.572053752498054902e-01
4.188355692597328650e-01 -9.395252286883426507e-03
6.262514062268520476e-03 -2.433101861126241161e-02
5.503564648350534050e-02 -4.524904271318093141e-01
5.776387574973440575e-02 -1.145445800040688633e-01
-2.581511193863017528e-01 -1.754610440711235064e-03
4.764708694716468518e-02 4.025326412291700962e-01
6.861454559095903072e-02 1.766000024070446539e-02
7.405808892168574964e-02 3.101845242694332150e-01
4.384695999253029886e-02 3.706549390894697815e-02
4.116459897930535572e-02 3.627822113023759787e-01
4.583273639663854038e-02 4.381559942736161783e-01
4.365364832189382316e-01 -2.306922221231688663e-02
6.125374470684408212e-02 -1.692964825155625075e-01
5.586247457696791319e-02 1.989452318322468827e-01
5.751507415285217473e-02 -1.835423637689170828e-02
7.289239679448522580e-02 -1.841373573269526887e-01
2.231334959015874864e-01 -1.054041328166710478e-02
5.539870294551685337e-02 -1.132636423116601954e-01
4.513993849438110439e-01 -1.595010348481529228e-03
6.503861238973374093e-02 2.719717169084590047e-01
2.241124351594370179e-01 -1.709236776770961530e-02
5.043284336987063909e-02 -2.991498513348462840e-01
4.640130328703373497e-02 -2.743572899954745958e-01
2.917582578459757547e-01 -2.409023723906023040e-02
4.435069822548931562e-02 -3.181206725267003987e-01
5.931472569062656852e-02 -5.818863973377852439e-02
6.565606651855437903e-02 1.817211179839182122e-01
5.806351962382116927e-02 7.117967002067171478e-02
4.333000558044010075e-01 -1.235908018433562461e-02
5.929192023878016027e-02 -4.995374138207077097e-01
-3.447182989330522807e-01 -2.337483361417314054e-02
6.017021496127006319e-02 1.959479440534054318e-01
3.010471234969723797e-01 -2.491950200549519767e-02
2.483735965479545449e-01 -2.350815220183311016e-02
6.251247283744121308e-02 5.261173443100541913e-02
4.029922061789759091e-02 -4.426218210339838421e-03
3.889724258302109661e-01 -3.011678367778281018e-02
5.681686207074232442e-02 4.413845368719349072e-02
6.975739000658442990e-02 -2.362417626069660548e-01
4.912222192262483134e-02 -3.860523882848033717e-01
-1.565021281591268965e-01 -1.138224380329166951e-02
-1.162242753805292628e-01 -1.465364780451627880e-02
6.859131275973162634e-02 -3.453126508807791151e-01
5.523719573039365116e-02 -3.237919021554657162e-01
6.123342514275620374e-02 -1.660399527038365353e-01
4.986795906454200011e-02 2.552414589710131354e-01
5.598248065676636465e-02 -2.905249985280413672e-01
-2.729475124248178508e-01 -2.503688386956470779e-02
3.927481678889003236e-01 -7.484341739295019558e-03
7.213902505481517569e-02 1.086963813629074904e-01
5.276092922565822629e-02 1.735876329407557428e-01
7.126844303898294264e-02 5.024240515227085258e-02
4.271408558308820158e-02 3.444814397916159399e-01
5.977151128762236976e-02 4.619668776193682769e-01
6.686638600252015063e-02 3.531331798987148440e-01
3.787693604564301708e-01 -2.082307766859192721e-02
-6.565474086768430251e-02 -1.792111055916956186e-02
6.584096123739624495e-02 -6.258167928168512084e-02
-2.668678017482309928e-01 -9.078361941031731774e-03
-1.453658888980091657e-02 -2.056756189703679016e-02
3.527535400010853861e-01 -1.758141960667114478e-02
6.187914944478589696e-02 -2.267147580724905298e-01
4.829913202413061990e-01 -9.518776261222883228e-03
-2.731370633767260525e-02 -2.119121259278455849e-02
-3.323613084767190751e-01 -2.577719795767108302e-02
2.531682850567853471e-01 -1.118515262501706964e-02
3.900981523745870039e-01 -1.353920054668278361e-02
-1.825706743472025329e-01 -2.435700788101025083e-02
7.003916646959573722e-02 -1.598965168884588506e-01
4.716576034606911882e-02 2.473420239448547164e-01
1.594847860976299492e-01 -1.651815323810901237e-02
5.618288910442825745e-02 -1.741797285461236244e-01
6.727053062908816550e-02 -1.721508325762699521e-01
2.725784012025911363e-01 -1.181023111720169716e-02
7.060836004791348763e-02 8.054739833451107778e-02
3.446002283211800910e-01 -6.230630192811004164e-03
7.373916358167198482e-02 1.840492116126413169e-01
5.658811702299360036e-02 -1.633610330528630916e-01
4.890665414236061714e-02 -4.311180592764566333e-01
4.729010096503349914e-02 1.792117223701455986e-01
-7.303125746089667025e-02 -2.187474954693879869e-02
4.985507049442872152e-01 -3.423527461872910571e-03
