-8.258114683338269035e-02 -3.710768592454400938e-01
-6.754653430362245192e-02 1.380684100462981068e-01
-7.588325209553448136e-02 -1.058925525524495592e-01
-9.011972365293940967e-02 8.521590483351848544e-02
-9.034767662195719584e-02 -6.383807237566829773e-02
-7.804389194631111693e-02 -9.888044719785893388e-02
-6.372610656306354482e-02 -3.946906196850096249e-01
-9.503682142463443228e-02 4.584590220844924069e-01
-9.119526283229184571e-02 -4.712646831677090864e-01
-8.725497952823735304e-02 -1.413330872020563955e-01
-7.656714827375610266e-02 -4.919143689138149034e-01
-8.696392105659311866e-02 3.558123447331607014e-01
-7.879368948735343547e-02 -1.612627352543608561e-01
-7.594263999856909475e-02 9.377987427361711426e-02
-8.963190830223854988e-02 -5.342362360435715107e-02
-8.774601581242791326e-02 2.752305977688163097e-03
-6.640169645575921820e-02 -9.177954425555523432e-02
-6.108690309129438667e-02 -4.547958819728502577e-01
-9.085532332521306653e-02 2.157938738722801064e-01
-8.902287494722493921e-02 4.753675769530117945e-01
-6.050099215047111123e-02 6.335773341082318044e-02
-6.986345641710167698e-02 -4.342203114505726047e-01
-6.634579438424381692e-02 4.324890846783462361e-01
-6.191664836064181276e-02 1.600435383994147642e-02
-8.984853176775842165e-02 2.400282113970435560e-01
-6.375628452143722313e-02 3.037953336591215914e-01
-9.762039265438049451e-02 -4.623227119616096781e-01
-6.471983062126607233e-02 -5.314103710357342969e-03
-6.765960998215547750e-02 4.369014071955392708e-01
-6.697712492716767496e-02 -1.136297485969822718e-01
-7.071903845737781413e-02 -1.852958239585096312e-01
-6.722126974552944390e-02 2.979111910098418692e-01
-8.294012278772699975e-02 3.331348638328340828e-01
-6.479166013860926387e-02 -3.932700058290975464e-01
-9.561639556504619719e-02 4.317391133965209349e-02
-8.219794185582141033e-02 3.892465578132670023e-01
-8.620536591484773137e-02 -4.295964777323754147e-01
-9.845581213788234809e-02 6.343466794087992966e-02
-9.171358181386624064e-02 -3.955395994569765872e-02
-9.629717267443960171e-02 -1.101002783710761657e-01
-8.478990244774009533e-02 3.722329718926637998e-01
-8.567305322349783037e-02 4.128796846712404767e-01
-6.796772271598416904e-02 -3.318745903138172748e-01
-8.046983523222039913e-02 4.800731018041850540e-01
-8.321159564274793752e-02 6.250472853848709764e-02
-7.273999242107409557e-02 3.775925061699774155e-01
-8.746495814987187423e-02 -6.143994515830175640e-02
-9.235193780294026489e-02 1.458526413244565223e-01
-8.785061863019916206e-02 -1.143218186014102189e-01
-6.925619361303281263e-02 3.432580792844155404e-01
-7.344087476860639008e-02 -4.284872004070946483e-01
-8.464184425807186329e-02 1.173269528509255366e-01
-8.209284199917477043e-02 1.159607376826790048e-01
-7.596808399286236746e-02 -4.041704050936093529e-01
-9.364848588349372616e-02 -1.484749010191086516e-01
-9.493055780993353565e-02 -3.502523774686018276e-01
-6.424348671448487647e-02 3.622782081154654055e-01
-9.161277334238626668e-02 2.047934966608419005e-01
-8.280852700343299677e-02 1.762399171381761054e-01
-8.841218923298288512e-02 -4.960632293271981519e-01
-7.319659374926412720e-02 3.268600654555005036e-01
-6.359943173779691872e-02 1.094420933667067386e-01
-9.018580230588701951e-02 -1.093222478375718287e-01
-7.209646448590611989e-02 -8.528095406335578499e-02
-9.075590234532071587e-02 -1.655111110073340663e-01
-6.309110963887043511e-02 4.724322998875052360e-01
-7.238887968618468172e-02 4.890131621600746215e-02
-6.657009933108060107e-02 2.045296963989198247e-01
-6.372116515376458068e-02 3.659313526690821661e-01
-8.257446218280384276e-02 -3.406618881081669992e-01
-7.467651086691817763e-02 -3.095273746550497584e-01
-9.650483340814575151e-02 -7.897673446682529352e-02
-6.210715712209757822e-02 1.892641784219930567e-01
-6.426809229561825099e-02 -1.468958050797145587e-01
-9.622346696050765313e-02 -4.565952026741876280e-01
-6.757481826022238014e-02 -3.133031508221055805e-01
-8.004168575455106183e-02 2.911914367040424612e-01
-6.033089665231972099e-02 3.007390148530404428e-01
-8.216735791968454716e-02 -4.675249998221266967e-01
-9.295232310484957683e-02 1.329729082495094694e-01
-7.106074477922186272e-02 -8.290122531632571068e-02
-8.788115986277367231e-02 -3.052284367226129058e-01
-7.463424970378285117e-02 -2.714858153822250486e-01
-7.253063706913420727e-02 -3.868487284149948469e-01
-7.603271318221871411e-02 3.461497742492138929e-01
-7.352754348898804526e-02 -3.453135433082052952e-01
-6.505381454648551109e-02 1.567975948629338756e-01
-6.281562231177018063e-02 -3.346645324228524343e-01
-9.109063105481907119e-02 2.314403853581242787e-01
-6.705490677633330066e-02 4.135431291023043965e-01
-6.823005921497005133e-02 -1.334672663779148394e-01
-9.258237540071756477e-02 2.965036816171817691e-01
-8.159254553432726542e-02 -6.382969906217572653e-02
-8.191043586199031612e-02 3.469637489131721653e-01
-9.653888448454672755e-02 4.685392580662200990e-01
-7.540048445856228909e-02 4.050816806089326816e-01
-7.118026839027191688e-02 -2.970490766281440598e-01
-9.490124135487654211e-02 -3.732925629384074018e-01
-7.795624706322157316e-02 -4.856780134911946600e-01
-8.925396224686277247e-02 4.606471147060094973e-01
-9.583534426397455341e-02 -4.813213603789864292e-01
-9.685099808993125059e-02 1.934172608094162360e-01
-9.190238448996357334e-02 -2.885580705357083664e-01
-8.693492150729986712e-02 3.730675384665740335e-01
-6.736283895450134729e-02 1.281016556413449026e-01
-7.734632174506750335e-02 -9.815918641957699364e-02
-8.102793635873695166e-02 4.260933896131613441e-01
-8.529661548725497866e-02 -2.916531106165349829e-01
-7.319188406427246107e-02 -1.659297391130287735e-01
-6.085497463928457584e-02 -2.470947037751100028e-01
-7.296278624517860134e-02 5.266240342290584575e-02
-6.744654656120430136e-02 4.388493863662971117e-01
-8.738699085846357573e-02 4.193364270048478559e-01
-7.867824117819732788e-02 7.445154383318119962e-02
-9.495432070683096359e-02 -2.600541679804335704e-01
-7.609722386464390365e-02 -1.550950916757239950e-01
-9.742841968803550579e-02 4.098200025422321646e-01
-8.749654298739073521e-02 4.051771769828775849e-01
-9.273901787615024261e-02 3.231634949613406693e-01
-8.144548306788956804e-02 1.513392412312691837e-01
-7.705787242269146464e-02 -3.632570353906678928e-01
-6.895399821520376005e-02 -2.798253648529366311e-01
-8.364325537227035312e-02 9.940460036081877337e-02
-6.033901515081829814e-02 4.916228646580270700e-01
-9.612717547695459608e-02 2.676589972957050811e-01
-7.492239644269960142e-02 1.777128533349077166e-01
-8.436129884716181415e-02 3.751587352439418321e-01
-8.179230469944764881e-02 2.875095179321562888e-02
-6.901463671987229098e-02 2.133652369175942365e-01
-9.762881915624477269e-02 3.817501976997738078e-01
-8.582914317212753108e-02 2.587848192789292678e-01
-7.243794755786459039e-02 4.204680307422066221e-01
-8.529310349859731133e-02 4.711058962351077906e-01
-6.414919543126662571e-02 -4.693387527980154017e-01
-8.354199665751138593e-02 3.858230070434606196e-01
-8.657891237828707620e-02 -7.030442841273765175e-02
-9.188855631850401107e-02 1.408276429063968216e-01
-9.587759950423890842e-02 1.078658802034460074e-01
-8.605027766907014097e-02 5.364119072643780406e-03
-6.044460243287830270e-02 -2.474218089822777245e-01
-8.937030514733612652e-02 -4.359494317503052052e-01
-8.454237176315726465e-02 2.577240370243230050e-01
-8.590111258566757169e-02 2.733815799440538763e-01
-8.343996606485470924e-02 3.985912249252575590e-01
-6.406012231628277487e-02 -2.820014770453526110e-01
-9.296094959005252178e-02 5.560304365070423138e-02
-8.206375040620139671e-02 -9.443213533304917195e-02
-8.602618314502574748e-02 4.794953576865482736e-01
-6.503683636872448215e-02 4.705942383130166107e-01
-6.128863703527531737e-02 2.640072681048152292e-01
-6.667064346096107652e-02 1.411266169843794493e-02
-7.537195079805592002e-02 -3.481285064303542010e-01
-9.297790689397289476e-02 7.556859823798101061e-02
-8.341557329442050861e-02 1.471208311249740941e-01
-7.617170003281303892e-02 2.434155018351974453e-01
-6.529674000489671393e-02 1.891755948840299073e-01
-6.181383150903640988e-02 -3.118606442184811423e-01
-8.831656314045788214e-02 -1.353872193099882049e-01
-6.351762569780872170e-02 -4.832620994462216713e-01
-8.621875365664466440e-02 3.026579878409202395e-01
-8.969492311926163808e-02 -4.105008873033298977e-01
-6.063596384979330622e-02 -5.025153766229695229e-02
-6.430645913104082734e-02 -3.005774329948832646e-01
-7.688540329491067027e-02 3.136973886920545462e-01
-7.621045689701966275e-02 -3.813225282445132924e-01
-8.849275245262056000e-02 -1.475875132245885180e-01
-9.536801680344453302e-02 3.469504106780133545e-01
-8.143015014579113586e-02 2.374274495805820395e-01
-9.106107930817164409e-02 3.534860707353374432e-01
-6.796644959191211477e-02 -1.000378169926555705e-01
-7.183481844959527240e-02 3.684270317918915127e-01
-8.516420772202049072e-02 -3.043389578149874319e-01
-8.521184735119258225e-02 2.767418363430262929e-01
-7.531678054254509203e-02 2.237496074852828309e-01
-7.042563018317549162e-02 4.163249806596122093e-01
-7.782253593036703165e-02 -1.364140221797449648e-01
-7.652253628316529888e-02 6.031040898559436592e-02
-9.331543696888067174e-02 -2.636565692526559035e-01
-7.756614030055608566e-02 4.346495365692164548e-01
-8.606795634962349784e-02 -3.474749541142577725e-01
-8.239642147371650793e-02 -3.836772844368295798e-01
-7.291087425593467675e-02 -1.821217076005987590e-01
-6.943833592944226307e-02 3.369103401040441925e-01
-9.629619275453760174e-02 -3.802808934854109424e-01
-9.746492443041498976e-02 -4.932900246866577243e-01
-8.755686450128585818e-02 -3.127872806682727713e-01
-8.155498486114465262e-02 -1.212093089216482733e-01
-7.238494870065437237e-02 -2.298514244359001202e-01
