8.877401439174115172e-02 -3.573149181652293116e-01
7.647645134469094330e-02 2.512977679635753914e-01
-4.032649854243535170e-01 1.547306343575863830e-01
-4.476410587075295711e-01 1.735593367516196084e-01
8.036476850870311051e-02 2.911841115642365141e-01
1.077325393864064784e-01 1.548432904381428221e-01
7.892774341756192413e-02 2.868860985036654210e-01
3.028951747174895015e-01 2.116587769442201949e-01
-2.976004507060424631e-01 1.895683073380821648e-01
1.017910612509994595e-01 -1.482814631958317975e-01
-3.936756380816232026e-01 1.669351183239666803e-01
5.942078193645350392e-02 2.097327962729780282e-01
3.432582799803400864e-01 2.097306907852567459e-01
4.293763449416814204e-01 1.596686443001608113e-01
-2.572167659204691592e-01 1.979732492088182028e-01
9.225273918108045645e-02 8.814063368923896746e-02
9.886916516805621669e-02 -2.688802598803256005e-01
-3.044766078016865052e-01 1.867683255324510405e-01
2.022281244697052838e-01 2.000999190650576409e-01
1.081306733650304608e-01 1.838313777978952679e-01
-2.085202870335034486e-02 1.916566234565139082e-01
2.799030504976772749e-01 2.046567127196645686e-01
1.096921017658372133e-01 -2.264373093086209376e-01
-1.273721656539472669e-01 1.795825290364186921e-01
-3.560845320452649121e-01 1.986580743894161838e-01
-3.124092554474752204e-01 1.546189650087209655e-01
1.116331547768605326e-01 4.449134190505192876e-01
1.057251093634682393e-01 4.193635249042771962e-01
-3.915084038801002198e-01 1.773072901589548556e-01
9.469033787512126654e-02 -2.521404804207777461e-01
8.954126692609865046e-02 3.475122491770599176e-02
2.254251288591203606e-01 1.535665067720185517e-01
9.150414343958046537e-02 -3.602830056483835586e-01
4.534174878385288654e-02 1.726393752001817994e-01
-4.801117653854479750e-01 1.712888953126431302e-01
-1.034893459184256237e-01 1.791285960516849629e-01
1.043918865569513077e-01 -1.444710457585789420e-01
8.737743181590329478e-02 -4.467632714310389996e-01
4.613811316930189754e-01 1.767125146228696320e-01
-2.022708440034909350e-01 1.728193479176213243e-01
-4.461672827197280533e-01 1.930181809080107058e-01
-4.620825004942431535e-01 1.843741517782263584e-01
1.010328584665315388e-01 3.788716542086693062e-01
-1.166099671288879369e-01 2.066294426536388062e-01
4.913451887450656086e-01 2.003946922689447963e-01
-2.254304312721654435e-01 1.596656741011683867e-01
-1.769495281616350058e-01 1.935797400626504405e-01
8.643258159661926232e-02 -8.351512091123391990e-03
3.850021928593582166e-01 1.711391066956353679e-01
4.217118209080955582e-01 2.120191277217693404e-01
-4.597616068213323803e-01 2.131626297811300974e-01
-6.408628625949996938e-02 1.593823053240275289e-01
3.525279725911953932e-01 1.682104883162107711e-01
1.033954054403722900e-01 -4.890561055949886882e-01
9.725862925073147647e-02 -4.350206015458604192e-01
-2.705522793295879191e-01 1.742749855028439265e-01
-2.695967336590384678e-01 1.949579648420672884e-01
8.355617546985438793e-02 1.218780209852368124e-01
7.562554225365514249e-02 3.949800866305597236e-01
-1.533876063646111287e-01 1.808792533704400851e-01
-3.191500006567612457e-01 2.154982323239492681e-01
1.459060245344038220e-01 1.601309916277212642e-01
1.306924925456259823e-01 1.964354664942539186e-01
-2.205979533716729835e-01 1.622569918896645813e-01
1.006312663837113375e-01 2.120588825507785380e-01
4.568607878593577976e-01 1.863079268606825378e-01
-4.591414666641391307e-01 1.663046578002671527e-01
7.825593864414537304e-02 -2.147227747089881511e-01
2.382790050774946655e-01 1.592830811249443812e-01
7.900510626030188277e-02 4.854448266343650564e-01
6.310053139419191659e-02 1.809665441895231819e-01
9.888723426922241266e-02 3.694084012941400985e-01
1.247004526609956088e-01 1.849441385403167715e-01
-3.300518367369964512e-01 1.972909114004581799e-01
8.005303398588270447e-02 -3.828731528751627700e-01
1.047837408869713993e-01 1.260950905933061472e-01
9.237710154986078503e-02 -7.667693881612702711e-03
9.666938023721394213e-02 -4.824688307601159298e-01
4.954897850951568428e-01 2.138007706200435454e-01
6.782729727510994344e-02 1.705339390701823277e-01
-4.387902321407201045e-01 2.091391635074633104e-01
6.864026924561617005e-02 1.676023135528292851e-01
1.151068240476407212e-01 3.814053104170984643e-01
4.368065437865853440e-01 2.019636144622835028e-01
7.806509589727694820e-02 3.250080498179608313e-02
2.714358749364151890e-01 1.703314739392676191e-01
-3.549759287513810646e-01 1.855641124375353446e-01
-1.917719103678572345e-01 1.637383631061654077e-01
8.698092760205555773e-02 -1.922876338437977672e-01
-4.355308905448294077e-01 1.564217046644442721e-01
-3.681398834706779422e-01 2.124509414330488788e-01
4.070156842684302667e-02 1.559718356110567639e-01
6.991973223586944730e-02 2.149958317486393433e-01
9.843967750480608903e-02 1.463426749924287007e-01
-7.480521299997622275e-02 1.972134870175422661e-01
-1.505768599988449585e-01 2.066475111880049509e-01
4.254884303919532762e-01 1.559112607298507314e-01
-6.327430686402923943e-02 2.109188581560227371e-01
3.571837643345825430e-01 1.707407493812892474e-01
8.184830930843745023e-02 5.367341936986680384e-02
1.056238349585367775e-01 4.614152359863374908e-01
8.050217639407997172e-02 3.251333364785291558e-01
-4.146863366748314572e-01 1.811326260767543994e-01
1.050576294114634601e-01 -4.471431453673513357e-01
9.365198979773448063e-02 -3.518235022376259291e-01
7.911097583103521291e-02 -3.763283771701627645e-01
-5.026554965711649281e-02 1.954156934032827975e-01
1.181297473022746569e-02 1.723785859847158930e-01
4.651585164808906825e-01 2.079763655629136565e-01
9.142426812889714594e-02 -4.888000826966781842e-01
-3.221640522055562172e-01 1.876609607982597794e-01
1.072378406867607881e-01 -2.168642365745289124e-01
9.174601432373785670e-02 -3.609648276834735992e-01
7.805305117763505773e-02 3.681729084554560272e-01
1.023024787445629968e-01 1.073060389148539073e-02
-2.154231277714196979e-01 2.010261686539808190e-01
-2.715921628463698889e-01 1.930129545605306918e-01
1.097030327925386795e-01 -3.982210909902128559e-02
3.589578019095699402e-01 1.941752691060937286e-01
4.659165896973134213e-01 1.772878146146059652e-01
1.058530280020233416e-01 -4.102443176356470600e-01
-6.397219515684826607e-02 1.913024035936532474e-01
-4.064089543605730048e-01 1.886845284407724366e-01
-2.178319719158254841e-01 2.043279598283184173e-01
-3.212886753746451163e-01 1.598937098636460385e-01
8.124896132703751661e-02 -1.840420904026340843e-01
1.104046056913867702e-01 -9.775378814122781534e-02
8.922543044658748368e-02 -2.685425675092234510e-01
-7.395922834272850022e-02 1.745911932361032814e-01
1.326286851008008361e-01 1.660591252141044860e-01
-8.977775664861564753e-02 1.775845612342825675e-01
1.066063985205315534e-01 4.724045520017181587e-01
-1.380672801809098571e-01 1.754683093663783611e-01
1.158988933191197335e-01 -3.284003777336330643e-02
-4.277768383682651887e-01 1.979770592005606344e-01
1.003411591587932694e-01 1.799303061829122807e-01
1.103227311931989085e-01 -2.697748676567838233e-01
-1.580201761458853715e-01 1.885206914768313702e-01
-1.214378920698379050e-01 2.025748863854457404e-01
1.080796346401974306e-01 -1.310892395699869706e-01
2.945918568014325167e-01 1.769293234270504778e-01
1.027611906238652395e-01 3.994582916887120527e-01
1.556082017950577434e-01 1.653564878172480990e-01
-1.553917568431801843e-01 2.042665872486654211e-01
1.079934412324339288e-01 -1.867183758759938250e-01
-2.131843023580581864e-02 1.676931310992602064e-01
9.423565581816872871e-02 2.971982718462329309e-01
8.248283092991548493e-02 -4.842456073567203978e-01
9.660664467761370666e-02 2.516059869612657929e-01
-3.326393859186860258e-02 2.050909927939857935e-01
9.494975479543155128e-02 2.824802735199352099e-01
-2.292565782616674541e-01 1.768966337439448200e-01
7.506895376117173058e-02 -4.966469212930898491e-01
1.565778800708745866e-01 2.013493686651944836e-01
1.012119673449680679e-01 2.988275891283087571e-01
8.089843695040288551e-02 4.747609660774861906e-01
-1.290390554871380102e-01 1.745387600339228795e-01
4.451183082961766013e-01 1.703084862730789295e-01
3.676733112355786703e-01 1.964758773123733704e-01
7.444762094998447211e-03 1.825632554284820630e-01
3.649577952202851527e-01 1.857308792037919432e-01
1.091717282745472417e-01 3.162125994728972600e-01
9.161592513845628893e-02 5.768435323410681104e-02
-5.925676507107846547e-03 2.060781042153025933e-01
-4.975851780177925621e-01 1.988320605194842106e-01
-2.400054187635258796e-01 1.851248405539582809e-01
8.070256611429049709e-02 4.005473638581436013e-02
2.475033209296820802e-01 1.852688055134442680e-01
3.181558362037156806e-01 1.811745003596231252e-01
-4.938290230420205873e-01 1.938642723850070304e-01
8.876808226816979008e-02 -9.959674153706332689e-02
-3.598829588688956527e-01 1.922611853833263718e-01
9.213707946269189542e-02 2.288194656107813696e-01
-8.660513452400864232e-02 1.539255970221267145e-01
-2.243588592482986810e-01 2.109871519563869535e-01
2.779545537886798368e-01 1.985120892801334191e-01
3.662563953460977739e-01 1.988499538688006663e-01
-6.048404278764096809e-02 1.854200107104078121e-01
9.132904349707482439e-02 4.548784387827906617e-01
1.090303598193171908e-01 4.208919709132112885e-01
7.607043824509351904e-02 -1.322349929888672060e-01
7.777675063577371706e-02 1.651087748173396541e-02
8.453535495490394069e-02 1.765297860777118588e-01
1.740386495352352902e-01 1.843379115588787975e-01
9.778888331283230873e-02 4.026317140094437530e-02
9.016725495618072017e-02 -4.612525623643104478e-02
-9.661644377782607762e-02 2.142888962617531812e-01
1.020964951615846994e-01 1.105544055613995047e-01
7.663825865522022607e-02 -2.130650599989898364e-01
3.708788763310433279e-02 1.870969520158570765e-01
8.964951858992575850e-02 3.756151540564482971e-01
3.526800857049263715e-01 2.153682940538974577e-01
-4.364836183289984017e-01 2.150622588336725816e-01
4.151243717271794198e-01 1.950263228657962422e-01
-3.418846862070202830e-01 1.944922491332168324e-01
-1.823088464317590418e-02 1.879933340834909483e-01
8.532180907458797314e-02 -2.765141469655278961e-01
-3.557882851395146595e-01 1.854652739760266345e-01
9.912866121537744490e-02 1.376939418770307677e-01
-1.695319691070484858e-02 1.594357763118402493e-01
8.820540645030194860e-02 -2.106094209620761326e-01
-4.508921389696352033e-01 2.020266283460014911e-01
1.062220679561540759e-01 -7.809489072908770702e-02
1.937640724947385928e-01 1.937128924694109244e-01
8.138739567318931112e-02 -3.872202506551113421e-01
1.011789931734372594e-01 -1.415416908957504161e-01
8.979173613479940474e-02 4.875238413504656698e-01
9.941637786951473821e-02 -1.132397543890144576e-01
9.343459555815347706e-02 2.376437908553161726e-01
4.480996437179839420e-01 2.017356009225350633e-01
-4.013158110886702046e-01 1.728198807483209976e-01
-4.862825735790337056e-01 1.949205843496049084e-01
1.043350683986004057e-01 -1.745071191562828083e-01
8.086078373832650268e-02 4.611246853594357376e-01
1.066283302513272302e-01 -2.877902908597937959e-01
-1.737414810750356198e-01 1.761990460147884185e-01
-3.800235181829841880e-01 1.964994892336120458e-01
-3.297196550931772441e-01 1.747326748254953710e-01
-3.168799101515280547e-01 2.022619297989436404e-01
1.005367657419251604e-01 -1.197132159426076425e-01
-4.613922262486283010e-01 1.709041135111142307e-01
3.742965760398333508e-01 1.840497722935371394e-01
-1.812506014437512691e-01 1.710998714315953295e-01
1.063527387406075775e-01 -9.796019965139046715e-02
1.013429967399820386e-01 -2.391941630935092711e-01
9.269635479849591686e-02 4.260369416400626719e-01
1.850564777835299601e-01 2.018363082087926141e-01
-3.339803913921876033e-01 1.754086227598733450e-01
2.621147014033692324e-01 2.106600916619156827e-01
9.045187559301093305e-02 -2.491170930282494700e-01
1.209414598256739470e-01 1.593469710934971584e-01
1.687824363248866533e-01 1.628742751259452115e-01
-2.041437579946262515e-01 1.674704945635872022e-01
-4.283108682446062909e-01 1.687647803337136709e-01
1.003489613504614519e-01 -2.547180129324407849e-01
1.149052057429187368e-01 6.130399824357779526e-02
2.064552977782265764e-01 1.699353890510143517e-01
-2.051440747739897708e-01 1.956969776847475861e-01
-3.448857842182283528e-01 1.655580285918148986e-01
2.535137533902565021e-01 2.015265627299739348e-01
-4.135897391364709019e-01 1.878723690645749400e-01
1.115243754244718000e-01 1.074343979906411395e-01
9.080103828534646926e-02 -2.999584761225212448e-01
1.035937557745245652e-01 2.025221118232385376e-01
3.339987211303819814e-01 1.625579912730553689e-01
-2.334598247473663735e-01 2.058902529039902118e-01
2.423249436833112558e-01 1.898824445598444877e-01
1.853475735033430771e-01 1.949351675512791537e-01
-3.962001358905807846e-01 1.575181634883141557e-01
2.392015614063731643e-01 2.101121686773413932e-01
1.157612959873262071e-01 -4.804775839799328985e-01
2.971730730266559650e-01 1.870990329839069544e-01
7.645831997523599988e-02 1.392178775719797867e-01
7.951725890363714466e-02 3.333732928372492577e-01
9.584257395586481820e-02 -1.153010242105739769e-01
7.718974305345183140e-02 1.336145381074163030e-01
9.449539707093412844e-02 -2.782689309617185636e-01
8.123527806478914037e-02 -1.524228401443431524e-01
8.516911147287242745e-02 1.789194707150478791e-01
2.925744355283820264e-01 1.679269130438530988e-01
9.763959131663590973e-02 3.123381858136302647e-01
8.460671523889640167e-02 -4.456089413590924586e-02
7.825603200189246156e-02 1.409554681087535899e-01
1.079758785628015527e-01 -2.143905999647016669e-01
1.155172704715139442e-01 5.043254435570576621e-02
1.662278144194321294e-01 1.903651424881916965e-01
1.105374143230501982e-01 -3.413709950750538624e-01
3.839391559014078137e-01 1.588100233564450070e-01
1.128781511645767788e-01 1.457901612199355990e-01
1.001183996762904371e-01 4.844322770009160672e-01
8.006590737767471655e-02 4.447478430714828512e-01
1.026464302651607374e-01 8.814749582914971349e-02
8.249870562239869365e-02 1.672286840774825922e-01
7.905768186148320886e-02 2.589616801906164945e-01
7.937024134137593556e-02 5.777297935452241351e-02
1.127512885841612800e-01 1.287572983903346735e-01
-3.135394864110099267e-01 1.959565629093030781e-01
1.121885945375554750e-01 -2.851495380693532811e-01
1.868332921040686267e-01 2.092481976418361089e-01
-3.272286200465877037e-01 2.036472527233558205e-01
-2.216159698068608241e-01 1.599364597179814274e-01
9.486827008625797752e-02 -5.406449833879711786e-02
7.583362238594248961e-02 4.293794341461911745e-01
1.093799574598445234e-01 2.722851777948163132e-01
7.816887875947309272e-02 -1.934289075628004007e-01
2.192174136519539074e-01 1.973276784945696694e-01
8.748270197182439478e-02 4.100761161756957263e-01
4.746866033361843984e-01 1.828569426098631823e-01
1.074208703466480452e-01 4.015081359563362762e-01
3.777964238094851934e-01 2.077003381717166253e-01
1.130841536082608512e-01 -3.442251514976208959e-01
2.279537126168219574e-01 1.665005130853624005e-01
-8.768342109613813662e-02 2.131356930256359528e-01
-1.539399062877625513e-01 1.776136281068080303e-01
-1.444445390059443390e-01 1.826627717338362711e-01
9.347790619295526238e-02 2.075881355640006865e-01
4.296644573954946367e-01 1.806246306498844323e-01
4.213040821090927590e-01 1.582089969679641994e-01
-4.309408339343345773e-03 1.862102104363593247e-01
9.293188458207735092e-02 3.487413301444551861e-01
1.024992486875780928e-01 2.600174522447495917e-01
9.993602224414799284e-02 1.842479048768574934e-02
9.934965544462937004e-02 4.975412188320460505e-02
8.206408096037276501e-02 -4.654700140831390387e-01
4.079435917247390408e-01 1.727719306202553096e-01
-2.207066628302244427e-01 1.691263758250217686e-01
-4.353894749324779267e-01 2.035686928676947449e-01
1.023629295530776862e-01 2.333375176982289689e-01
-2.346907628254244482e-01 1.757231015939358931e-01
9.481534279388803554e-02 2.078484680567254106e-01
1.050653504185696807e-01 -1.201758084982605945e-01
1.139385617745379831e-01 -9.958759643186465560e-02
-2.073788339086687360e-01 1.999031287976783533e-01
2.227214431913344672e-01 1.755684116661765382e-01
2.329598959982537298e-02 1.585416874215962446e-01
1.087287681102981907e-01 3.867297849627996387e-01
-1.243173010842679727e-01 1.834756196873854606e-01
2.280554575426033681e-01 1.912425748473343123e-01
2.225121303826724795e-01 1.989365337365104347e-01
1.109821737680811715e-01 6.496870912482022309e-02
4.558382054363312452e-01 1.853866554639440611e-01
-3.126387164503383609e-01 1.684780116607884626e-01
-2.976010792622529877e-01 1.647164849156029787e-01
1.044092488693649790e-01 -3.990648169824395630e-01
1.026574431254099196e-01 4.939942417552670717e-01
1.013112859835351154e-01 -4.309038099925639465e-01
3.437376364877618995e-01 1.823050944725373990e-01
8.499645243219178248e-02 2.036571178319088737e-01
-4.880393888851953799e-01 2.125481502645591991e-01
2.795839197460218140e-01 2.039263462046351227e-01
-3.707675038702890058e-01 1.847515633449751116e-01
-4.777216807594071302e-01 1.856455601375588405e-01
2.055911670086085774e-02 1.975277945257323253e-01
1.038253219859007759e-01 4.307698729430891049e-01
4.729059053319208950e-01 1.734190608450353333e-01
1.699611376088241421e-01 1.624786183362926240e-01
1.123414286917578941e-01 -1.515725807068935005e-01
4.718879093137897662e-01 2.016670232085443493e-01
9.533016885354572700e-02 -1.737701224327249383e-01
1.119427478801559017e-01 -1.097694897500147704e-01
8.898066539874449621e-02 3.381156524495506632e-01
4.713302021976735201e-01 1.812400436989280994e-01
9.754975591711556593e-02 -2.696377116720543032e-01
1.503505571598307000e-01 1.548792276399790779e-01
3.255751784656937264e-01 1.868836265084665715e-01
-2.751705023540227391e-01 1.691590380003888949e-01
-1.793868465988508465e-01 1.992074080035223238e-01
1.014791835622032012e-01 -2.762758160257854367e-01
2.249919519615379837e-01 1.621990162985489370e-01
9.418730007592912568e-02 2.210157029262930228e-01
1.009916528049626949e-01 4.903413959637109576e-01
8.719636347631642970e-02 -7.338467269637116708e-02
1.572538508205655328e-01 1.827811091233146890e-01
7.958331541255503350e-02 -1.433013621949278393e-01
-2.175951658708216163e-01 2.019863414356063425e-01
-2.658772053824521864e-01 2.024237413311926748e-01
9.242749460130228467e-02 -2.883748753442730850e-01
1.000575105637216966e-01 -9.637132939939319076e-02
-2.857599585089571903e-01 1.880297943725331988e-01
-8.816789425473159358e-02 1.560036786885532489e-01
4.823305455298957378e-01 2.076283773652096709e-01
-2.983078384769892732e-01 1.682072483627281567e-01
-4.664992594960649663e-01 1.570521072667240281e-01
-3.331513104582921603e-01 1.874553479549965207e-01
7.657090334037919277e-02 1.931434977290853450e-01
-4.853774648202667796e-01 2.068798835352169130e-01
8.700909609456308758e-02 2.145884016368562186e-01
9.198087985832015256e-02 -1.364376883618618752e-01
2.055000554747673513e-01 1.546549406110845348e-01
-1.217639618861483530e-01 2.129990711223382904e-01
7.504251185683341596e-02 -1.597248098174314235e-01
-2.414326426509842971e-01 1.531445307733817485e-01
9.381779066166695547e-02 -1.423705722098539406e-01
7.779094196441960207e-02 -3.025723371281097140e-02
-1.001644423238629011e-01 1.860685575476288545e-01
-1.309408908157772000e-02 1.758555146098026434e-01
-3.700263217042493169e-01 2.032145485907432825e-01
4.363333249895769983e-01 1.555363457698734075e-01
9.796291089477149328e-02 6.064137220418330809e-02
1.145560762792819931e-01 3.318765463574010477e-01
-1.018423765980215334e-01 1.933480313652348181e-01
-6.861776679246245347e-02 2.153207640825022251e-01
4.921966699369950682e-01 2.017742394490549263e-01
1.904261198081543816e-01 1.800225560935848623e-01
7.700273483153419196e-02 -1.554657522297381300e-01
4.765763342128193081e-02 1.972926340099177001e-01
1.068614137095613703e-01 -3.257224119003705454e-01
8.456238783987846119e-02 3.079201230323562744e-01
3.861765029667627580e-01 1.705929705887099246e-01
4.086397364870856252e-01 1.687663011531281843e-01
-3.907480441553459194e-01 2.028783742796796963e-01
8.582853943377821704e-02 3.975641106928640145e-01
4.881456303158300258e-01 1.732860706550132246e-01
-3.378176269786683505e-01 2.088096015215681334e-01
4.232003494043478087e-01 1.807270210547072820e-01
9.617350884374997744e-02 5.052361023190510281e-03
4.055745822718633820e-01 1.621049828167218099e-01
-3.977501830755484358e-01 1.648164358234068816e-01
1.046667275651155249e-01 4.788167356978292322e-01
9.036565462216827882e-02 -4.924202563221796725e-01
1.536192318923783606e-01 2.030105491619811353e-01
8.755210220493570006e-02 1.771177762534235089e-01
8.212350740056295617e-02 1.182726782431312573e-01
1.112982481682683877e-01 -6.742300522227040460e-02
7.590242769840349624e-02 2.969975868076814018e-01
1.434971753144775874e-02 2.095852200268362164e-01
1.124639940075958799e-01 1.229879056061022879e-01
-4.013957129365788301e-01 1.939066016501115319e-01
8.770517500748364892e-02 -1.194076795166556515e-01
-1.845972029458696761e-01 1.962332638577559685e-01
1.591451984270041420e-01 1.726769116625814782e-01
3.807734813661152184e-01 2.050553619887195422e-01
7.987721125035929237e-02 1.599333308409316423e-01
-5.555265499559347564e-02 2.091056021164021672e-01
4.564709455721562836e-01 1.711740767504671412e-01
2.974480455037442628e-02 1.637375013024641168e-01
8.607557372288310304e-02 -4.060442886492631187e-01
4.035960646608205415e-01 1.681921316607690731e-01
4.930475657037869386e-01 1.669982205764329874e-01
-4.553364650355200549e-01 1.586732122646222765e-01
1.428287875463907231e-01 1.900507009025202976e-01
1.061734797041629097e-01 3.846102454187498854e-01
2.342154159650812195e-01 1.891964026660108988e-01
1.009712246323012375e-01 -3.911725363798529420e-01
9.249636298701835457e-02 -1.470192010540366523e-01
7.524454121945201024e-02 -4.039226201264435323e-01
2.674581412016888704e-01 1.550776298701239675e-01
8.651259093337715367e-02 -4.899530082432007605e-01
-3.067755955020732284e-01 2.005535706869182588e-01
7.854301777439409715e-02 1.132658157149399880e-01
1.007706160045878097e-01 4.133986797168569538e-01
1.146982735094015382e-01 -4.463966246430124407e-01
-4.282022429848074685e-01 1.843228794005193905e-01
7.755767534167112842e-02 4.412467798769548200e-01
1.131139986047015045e-01 4.811322845304334406e-01
8.289215088786494601e-02 -4.168707880561058898e-01
1.746236896868742505e-01 2.121064750066108395e-01
-1.065613526979743986e-01 1.942640021420491969e-01
9.544365221540151989e-02 1.190519953324437052e-01
9.889825185807099572e-02 -6.724447468322591881e-02
9.590001571041573136e-02 -1.768807238290559525e-02
7.923235155149721543e-02 4.236659634168579158e-01
-9.666555557450662306e-02 2.113908242125320802e-01
1.116394120725063832e-01 -4.521664769705212583e-01
1.149045513808818475e-01 -4.881292680614287560e-01
1.054307985836444583e-01 1.178863141541631743e-01
-1.092902040179256629e-01 1.754055468063776546e-01
9.490209683662609308e-02 -3.034292074639233228e-03
-2.122233818374636982e-01 2.084517501158242858e-01
3.842505024719375939e-01 1.723423965972055161e-01
-1.775481204519926415e-01 1.925297587577674552e-01
-7.911937621490094941e-02 1.974784033256100635e-01
2.233320253695056934e-01 1.915516734728592851e-01
3.608485263845853108e-01 2.103915496482196001e-01
1.855466079758818498e-01 1.796047260133483148e-01
4.189279937738593640e-01 1.638168013412552027e-01
2.695394937196182727e-01 2.123577983859994411e-01
9.058226091853927020e-02 1.887400296337560235e-01
3.434051357308434138e-01 2.141369780495451236e-01
4.983260150944524014e-03 1.599550942638735540e-01
-4.775561804068615412e-01 2.025701475925206774e-01
-9.767460044019260490e-02 1.603421859702696128e-01
7.758091524704791020e-02 -4.652887458574750390e-02
4.888528802301661536e-02 1.588203413892063098e-01
2.862139131749010801e-01 1.620348754945716285e-01
2.734738384651159704e-01 1.932787773907129747e-01
1.115811255024348192e-01 -2.010375040281324743e-01
9.933504221663014278e-02 3.941570854737170837e-01
9.075843204979872070e-02 4.249713537992746426e-01
8.356881535643734260e-02 1.244923409379520285e-01
9.451331727279499439e-02 4.233773660676992678e-01
-1.870976531211763216e-01 2.109141669507649253e-01
-2.605754101679160772e-01 1.804719720647692816e-01
2.289111334163614897e-01 1.997953500043004871e-01
3.989550235644975240e-01 2.105582029209913664e-01
9.794433536308055910e-02 -1.569629894869070119e-01
-1.788685859708243342e-01 2.109237499290312901e-01
1.009890919614092608e-01 -7.304250414153568016e-02
8.327143685765714398e-02 -9.307539827016497735e-02
-3.452304768031184690e-01 1.622345590282059380e-01
8.700951728032846333e-02 4.514709599370643200e-01
-3.194904871986147255e-01 2.027030986349664943e-01
1.146559228100176853e-01 -4.399169291184018560e-01
3.540178154250692710e-01 1.719802250806519162e-01
-1.435057100760995796e-01 1.783868582704959405e-01
-3.978108848798900254e-01 1.991487681729700032e-01
2.397277353414133394e-01 1.688790495929533009e-01
1.054969474501454840e-01 4.464545431473421200e-01
-4.514856781076720393e-01 2.081901058167237029e-01
1.065778323033060859e-01 -3.060993206848927617e-01
-2.389433330976591385e-01 2.142189126365745544e-01
3.333994616255687715e-01 1.638891590577417068e-01
1.073962480475794123e-01 -1.055629719019826052e-01
1.021006408927543907e-01 8.142811090532175999e-02
2.720364294418220474e-02 1.694594247292711131e-01
-4.747075410324249622e-01 1.927061622233153804e-01
-2.488435166655966757e-01 2.139736002815184612e-01
-1.178516023583112693e-01 2.040498153706977735e-01
1.139604210461439004e-01 2.447949327673978326e-01
-5.740244989277132337e-02 1.530665358383328511e-01
3.087404273384449782e-01 1.887530272093637107e-01
2.695916916867928670e-01 2.033879867246268791e-01
1.120313885893626793e-01 8.114839739753143544e-02
1.462619509361555714e-01 2.087538157609071243e-01
-3.167160282025265339e-01 1.933798611398651612e-01
7.920482566424125181e-02 -1.410016741153741204e-01
1.009375397018608123e-02 1.973333295846367852e-01
-3.260715635749311669e-01 1.735897019920449313e-01
