2.040521349368515924e-01 4.141379332006805969e-01
2.138405071375385491e-01 -1.788937741854128571e-01
2.019954687963573248e-01 -1.660106080050257615e-01
2.510386570495996006e-01 -4.980999490365995985e-01
2.257893356733474688e-01 -2.228560892099330504e-01
2.410915170622225379e-01 3.515386748646484039e-01
1.992874497403738232e-01 -2.235281774300393876e-01
2.101038865410382872e-01 -3.447863102446921957e-01
2.122141671690132014e-01 -8.988196612989596268e-02
1.963104384137289715e-01 -1.091238334248112452e-01
2.153061968991968333e-01 -3.077847907144913853e-01
2.229685272633359361e-01 -3.265557567454439036e-01
1.813634123080944960e-01 2.533567406334547023e-01
2.513346489058889688e-01 1.056300970042066689e-01
2.390524972033203355e-01 -3.716665807776339259e-01
2.294404568957487678e-01 -4.083927055260774264e-01
1.988464811224918138e-01 -8.926130639600382555e-02
2.312167337098878228e-01 -4.676069160014862947e-01
2.109459561739076561e-01 -2.813474599114673680e-01
2.210680698103275610e-01 5.893822631152778602e-02
2.220941538231651080e-01 4.442470454719386064e-01
2.101476143610070402e-01 4.480787496994360630e-01
1.861360306045005686e-01 -3.666081341545665007e-01
2.186127487365915334e-01 -4.073495053226607876e-01
1.920304194631768935e-01 1.478440191895752376e-01
2.280022425896788274e-01 2.732161683614332537e-01
2.137578884538480217e-01 3.546725144199822655e-01
2.080686275040577460e-01 -4.929346626312769430e-02
2.316609214288746221e-01 -2.538597269388251920e-01
1.889913306678440152e-01 1.746374902707902299e-01
2.436053742836487013e-01 -8.935379256279052385e-02
2.407800826255886983e-01 -8.383530587000442846e-02
1.876537342164685818e-01 -1.723850782691118688e-01
2.098583762567467481e-01 -4.461300081196006850e-02
2.489527804354537688e-01 2.051744322451876101e-01
2.447831701379380442e-01 -4.310475201771226672e-01
2.196400796705388903e-01 -4.878939650090577951e-01
2.181650327659420130e-01 -3.444735689475824092e-01
1.961400259376312460e-01 3.130272879003331843e-01
2.276824672011814599e-01 -1.612171671817451690e-01
2.083034387591561343e-01 1.154829632779659221e-01
2.256650311704702094e-01 4.174748915104311564e-01
2.374325915882268268e-01 4.228327869519733495e-01
1.926811214965488128e-01 -6.463503497701672540e-02
2.072794219539378924e-01 -1.141424099250576418e-01
2.217433749587328640e-01 2.875332785197252106e-01
2.031207176792712010e-01 -2.426932620766689697e-01
1.874690402191956373e-01 -4.591754966313662534e-01
1.921107811531940213e-01 2.852086065166522522e-01
2.244170412829985528e-01 -2.109526864997408602e-01
2.037105440399961109e-01 1.019612421758375742e-01
2.324629639323461117e-01 3.979148126319819179e-01
2.168637400458109932e-01 -4.417970121551035856e-01
1.989631982356317996e-01 3.852413290647457300e-01
2.119239570313290466e-01 -2.169844024355069845e-01
1.855661497201529508e-01 -9.943265529425504567e-02
2.041766980041592738e-01 3.936534721494541200e-01
1.952088977570823891e-01 -4.686685100323141340e-01
1.891560655448363271e-01 -5.709347185752144949e-02
1.894679573877693368e-01 2.916734200104402763e-01
2.247849324679682681e-01 -1.749009715877455351e-01
1.972416957771010448e-01 -2.836209282012416288e-01
2.098985739552470253e-01 -2.664867573483098440e-02
2.137370484299344620e-01 2.106300736422432873e-01
2.289937055697705004e-01 -1.462380333392447884e-01
1.883640225639697796e-01 4.103561003928232198e-01
2.297955318645718004e-01 3.006177334140213153e-01
2.383191755299095549e-01 3.221975949956656926e-01
2.516775390659147238e-01 -1.852880720334920683e-01
2.255487880044158011e-01 -3.674678906723284344e-01
2.277951831977410579e-01 -1.813797912517541855e-01
2.133611813783462541e-01 1.575069064002976305e-01
2.388997452932162258e-01 -2.238691791690687882e-01
1.850739252876570928e-01 9.897786791145724017e-02
2.039844809292978844e-01 -2.152989486376405415e-01
2.189694709386502680e-01 -9.796809248794002833e-03
2.344759838258798634e-01 -2.927198215028037342e-02
2.197257515613324497e-01 4.850027787770962995e-01
2.354860255950869119e-01 2.006955756512007749e-02
1.832679975596319677e-01 3.455466646045426415e-01
1.818045865295578878e-01 1.620039533811274968e-01
2.518928766667037911e-01 1.742393190385874702e-01
2.392638220111923397e-01 3.431251009182911815e-02
2.298036646115066972e-01 -3.602921752346840423e-01
2.276039172323776061e-01 -1.181654456035281520e-01
2.460002284715886445e-01 4.727239948258739055e-01
2.517276917205322206e-01 4.470611392736953960e-01
2.377784686965391803e-01 1.473745216724082763e-01
2.102595055571661042e-01 -4.733517321677460643e-02
2.102348915767872084e-01 -1.949791015850093068e-01
2.476396166883035876e-01 -4.038821106561474306e-01
1.862080940260254502e-01 -3.976462682383756775e-01
2.183880104631971131e-01 -2.944344909416201084e-01
2.335717072545417938e-01 1.267357678239726670e-01
2.113289289111162095e-01 4.044862092961087896e-02
2.233021572302921198e-01 1.779181748835113597e-01
2.316220691512925756e-01 1.397666329085087700e-01
2.132696226742805123e-01 4.066470888835532760e-01
2.360225975543569499e-01 -1.502060525236564859e-01
2.443966303518573246e-01 -1.266659954582515235e-01
2.297589305013948424e-01 -2.601352275165392802e-01
2.201606063110190803e-01 -2.488942851080704344e-01
2.344336289716462129e-01 -4.325917993404782003e-01
2.299248588942189864e-01 -2.627328614200504786e-01
1.923841199786043843e-01 -1.398538814491521176e-01
1.858310791709437693e-01 1.855088996246190280e-01
2.007472077866199189e-01 1.693377681496398557e-01
2.212662413695161145e-01 -3.157109727516101971e-01
1.851240578334978348e-01 1.522071951622915309e-01
1.870208539715514373e-01 -4.569814840646357901e-01
1.863455920574238478e-01 -2.448339043862592934e-01
2.342081214326214855e-01 1.874373329310506930e-01
2.398775376096724532e-01 -1.515710774588426846e-01
2.001792921360355804e-01 2.746245362024493097e-01
2.082213897836345806e-01 2.750874868968578024e-02
1.812034279359814315e-01 -4.786759549713456297e-01
2.514575585296662252e-01 -1.902340533026327662e-01
1.868626926099996588e-01 -2.691513483615890490e-01
2.098270926636501832e-01 8.799545363980754153e-03
2.042548434258868451e-01 -3.662675611452703706e-01
2.240883041572532264e-01 -2.351592027549553876e-02
1.811661399633239800e-01 -2.689172447984582437e-01
2.506368890517319814e-01 4.323068564051618656e-01
2.455801383046642972e-01 -3.194378247049610708e-01
2.412599778147692664e-01 3.411149131480540886e-01
2.125006084743485957e-01 -3.509029427822174529e-02
1.944477850498864679e-01 9.956740881764225559e-02
2.273371206052199334e-01 -7.874330160637699194e-02
2.214144906043364891e-01 2.863450724128888680e-01
2.415960515039564660e-01 1.295938349371797971e-01
2.012117110133467834e-01 -4.109845190386799407e-01
2.435420508669914330e-01 -1.169939564165479728e-01
2.522918426158260452e-01 9.917355713526909700e-02
2.511573326673460782e-01 1.757588879178590968e-01
2.278626661353225780e-01 -1.852386022139091981e-01
2.009324165861547939e-01 4.573415345652843689e-01
2.514026956684058955e-01 -2.478245353024655095e-02
2.277111431890818105e-01 -4.948518212945586248e-01
2.076056517463067408e-01 -8.726533111860179659e-02
2.195268337543508919e-01 1.452721571186039728e-01
2.058363430144563022e-01 -1.573317379538019534e-01
2.184125100759326532e-01 -1.967761064325268539e-02
1.970563823250890412e-01 4.226728690154395451e-01
2.029275238926667724e-01 6.563522373525931819e-02
2.178239147826542821e-01 -3.318237622317224966e-01
2.312476521050812472e-01 3.731064227232838704e-02
1.919703034606113912e-01 1.465051303727562537e-01
2.381758633600650210e-01 -1.327314686055736104e-03
1.922118676785672386e-01 4.039338277874338079e-02
2.217831201330224822e-01 2.119204814042349172e-01
1.948374910497543411e-01 4.725929082609019449e-01
2.453115677184464216e-01 -3.879004880707489500e-01
1.925610824413199751e-01 3.486929558337140689e-01
2.376138982234206054e-01 -6.936325672050880353e-02
2.214359551125499870e-01 1.543539142470259362e-01
2.312407808095316986e-01 -3.892111064990128044e-01
2.473032796749324858e-01 -2.501394606538001053e-01
2.260334715909559922e-01 -1.796741240189847488e-01
1.916964349845358129e-01 1.388452245608525759e-01
2.474509736277981098e-01 -2.384407748438617247e-01
1.880439411743605183e-01 -1.267499868632118165e-01
1.929294787699498137e-01 -1.090227402877723684e-01
2.419498448652478428e-01 2.360606545970861392e-01
2.195551553325998384e-01 4.769585222138833513e-01
1.970501869587238941e-01 -2.547007555941462886e-01
2.356550430651624950e-01 -3.940834075443201412e-01
2.002682601357506087e-01 -1.506992506135637067e-01
2.269045665665562206e-01 3.726149830165905730e-01
1.952231996792421764e-01 3.538344174084754323e-01
1.909363915088208019e-01 4.622831317301863141e-01
2.343968959593057955e-01 -2.776673688715377564e-01
2.106648139650268980e-01 -3.637000642849422816e-01
2.495811219236395706e-01 -4.385758053146394664e-01
2.099771779232538771e-01 3.080493402768026412e-01
2.033649114163279537e-01 -1.238977737926244549e-01
2.244701846749995733e-01 4.783492094925239080e-01
2.338921882527633667e-01 -3.411386508551126351e-01
2.208506629236288710e-01 -6.781234409393854801e-02
2.074192074414782372e-01 -2.338243598549790692e-01
1.903066685097676292e-01 1.099975280248732812e-01
2.379938778380384923e-01 -4.402989146718427893e-02
1.871547549837649926e-01 2.857347789617791234e-01
2.461113585064592657e-01 -3.211462927191379713e-01
2.154665205388734961e-01 4.243439746129983314e-01
1.973299113629722878e-01 -2.403410949417393860e-01
2.124946738622528475e-01 1.678499922962715107e-01
2.383223500593104616e-01 1.162002457707576042e-01
2.191532854237541184e-01 1.310594588733579036e-01
2.275889329599509736e-01 -4.367888050964952029e-01
2.426153886063987519e-01 -2.773195024511597717e-01
2.064275378735420663e-01 4.270921727151618663e-01
2.472408250687028186e-01 -2.410422939309663226e-01
1.917072958277543648e-01 3.732649475548793783e-01
2.324379249885936138e-01 2.685283155665704191e-01
2.163636930541805725e-01 -2.495161276145269058e-01
2.364492737681813672e-01 5.736599027026834108e-03
2.493232497101161016e-01 1.625476810558251772e-01
1.992816025497889942e-01 3.772323751251135393e-01
1.879324557823968123e-01 -6.363528887669400724e-02
2.068985849746599603e-01 -2.745107535950171984e-01
2.358268847535137658e-01 -1.216815961153021597e-01
2.175838697157742585e-01 -3.759242813262825278e-01
1.948372603280431603e-01 4.931768003207557260e-01
2.009822464040950107e-01 -3.226186815527964935e-01
2.286582186699716024e-01 1.828783005993525057e-01
2.032792181883472660e-01 -3.828596762259421915e-01
2.024575790693772248e-01 -6.848864918569264049e-02
2.038082796146583053e-01 3.526317794383844184e-01
1.977475676144904160e-01 3.307075351027575216e-01
2.296823452801669552e-01 -4.668244457875303510e-01
2.187087579483668609e-01 1.403611125874661969e-01
2.260259050809987347e-01 -4.196898520790744991e-01
2.410078628742293727e-01 2.539182118592343551e-01
2.343529081336964692e-01 1.319974495631329736e-01
2.079006422806486398e-01 -1.848788363612497987e-01
2.352124863165622193e-01 1.565574573063144292e-02
2.333119354258055278e-01 3.746032615700075619e-01
2.044952019229790974e-01 -4.870718369139735993e-01
2.520099338737197270e-01 -3.879370465764637732e-01
2.376311271734856678e-01 -4.167796773580848546e-01
1.883616382864060634e-01 2.983567051315306751e-01
2.091337721176795839e-01 3.220363141341308078e-01
2.378250741318252981e-01 -3.094923920928702721e-01
1.924428377395298595e-01 2.096343675396413753e-01
2.464949223201379214e-01 -9.880103597451583841e-02
2.175344435511114005e-01 -3.967081653150260623e-01
2.127200790884378190e-01 3.509228034276896668e-01
2.504913449138106429e-01 2.397437938030233529e-02
2.202885333093947962e-01 2.112569956030873053e-01
2.466770393446017229e-01 2.555199371737627567e-01
2.389123308565338499e-01 4.938725641151512358e-01
1.829199778781631647e-01 -4.464265652631289605e-01
2.167257278826159039e-01 4.650416206127343521e-01
2.101190048591838888e-01 1.618769382555182990e-01
2.193090602509172315e-01 4.527896314690764701e-01
1.880068053611629875e-01 -2.701584600322513019e-01
1.816397527172501913e-01 4.720519729551664323e-01
1.993935474693734333e-01 -2.905841801770648880e-01
2.346163350809705728e-01 1.911567530504687529e-02
2.416740236511143447e-01 -1.032214734863252659e-01
1.995981448343394637e-01 -3.058447579290917151e-01
2.134092305999515382e-01 -2.387870140024099808e-01
2.366546059864196305e-01 4.383159623246152270e-01
2.188647456942066638e-01 3.855871528901665402e-01
1.874471888663453711e-01 1.589850185508819846e-01
1.961632184722371663e-01 -2.413428703492551675e-01
2.461079312553483556e-01 5.565115225884254002e-02
2.318235497567445735e-01 -6.055721037919903349e-02
1.846671719395466260e-01 2.149465131904315651e-02
2.066456274256252001e-01 1.785815094050907659e-01
2.253902025367051642e-01 4.543385952202254607e-01
2.412330367246593443e-01 -2.475716164694976573e-01
2.411973280312591505e-01 -4.200657583371735226e-01
1.972327300460540167e-01 -2.524006806447265383e-01
2.458630071212293267e-01 3.074031868400318723e-01
2.470409595043897566e-01 -3.376224390314238599e-01
2.373028370729074465e-01 -4.328372109567633075e-01
2.026199067381925234e-01 4.123228740253581659e-01
2.411388601263443343e-01 -4.872629684360123559e-01
2.108391936020734825e-01 2.627766591399901541e-01
2.084744884580705948e-01 -3.091499625164865206e-01
2.352334208131157123e-01 1.549035888340057898e-01
2.476550046906166314e-01 -1.882458630060456217e-01
2.118733877983806080e-01 4.081094331409709230e-01
2.283048446548456845e-01 3.357098239818493424e-01
1.892267602281415551e-01 4.964971485651135108e-01
2.238727045720981801e-01 1.175733174649021828e-01
2.396622715930374348e-01 3.367549249893914132e-01
1.969271110454950957e-01 3.583743670115108193e-01
2.154699330176759187e-01 3.236994861232435072e-01
1.924160895573181485e-01 1.911633791695341866e-01
2.461519496209098046e-01 1.616150518967629512e-02
2.179517412196859683e-01 -4.720775854410689254e-01
2.000538437712372497e-01 -1.530537456454363898e-01
1.944551559268392626e-01 8.201232333739383318e-02
2.520872229948899479e-01 -1.571369962697426459e-01
2.239662323449216341e-01 4.213111720380238179e-01
2.513438942769337103e-01 4.021744295119999979e-02
1.924462772999669946e-01 2.354707690563258016e-01
2.465118785737856477e-01 -8.217127102657206805e-03
2.353439863627703188e-01 -4.727453643508474634e-01
2.153009926450492051e-01 2.674639093355338781e-01
2.386366603291143473e-01 1.844437784225179122e-01
2.391251734527918282e-01 -5.089242941432869927e-02
2.157788697432555525e-01 2.053797414054913117e-01
2.036100997667543711e-01 3.579696099600444548e-01
1.808188045343754879e-01 2.528577592550507180e-01
2.352819809960657871e-01 4.451923941662588868e-01
2.020380870526577999e-01 -2.329135421900960790e-01
1.856440292846224249e-01 -1.631713669235856923e-02
2.370246366497134050e-01 -3.627180597077046542e-01
2.494880626155011605e-01 -4.720151963100712722e-01
1.955725739000778729e-01 -3.124577895635148872e-01
1.839075909693120847e-01 4.174487869438802123e-01
1.830647176098801898e-01 -3.328914900557533585e-03
2.082151209075948639e-01 6.234671526788582163e-02
2.517976266365844484e-01 5.772881646034100367e-02
1.836709575562521790e-01 3.703285394762987348e-01
2.062846284064191460e-01 1.187905080414165537e-01
1.893706243644152076e-01 7.059318516592127946e-02
2.431392778357868156e-01 1.558103258780165756e-01
1.894283584592532099e-01 -4.929781214928702360e-01
1.970184023034641241e-01 -3.926349749943743861e-01
2.019360991287491025e-01 -3.939137660262341800e-01
1.864353606532608287e-01 4.802367271250979064e-01
2.046740958862478532e-01 -2.951208679455502581e-01
2.286133952872996256e-01 2.240965010086537479e-01
2.399421364911431542e-01 3.734589905836473989e-01
2.428154824915852439e-01 -8.667268015209339538e-03
2.059532029036575951e-01 3.150916210513614590e-01
2.236390642301161469e-01 -2.076057183053128252e-01
2.281776014474058423e-01 -7.333413159639246004e-02
1.957217656916760973e-01 -4.105868836638437713e-03
2.079788892908774889e-01 3.165469054072931332e-01
2.378167594620861358e-01 -2.584085498485109156e-01
2.193473792355372654e-01 -3.331834983385122406e-01
1.992985250831912358e-01 5.560987935938943583e-02
2.270726488251915143e-01 -3.589876483748182245e-01
1.997663280965611410e-01 -4.085781742411169759e-01
2.305315942135603979e-01 4.519081906271751325e-01
2.154450457724678136e-01 -6.221527177410945963e-02
1.842079816511240642e-01 4.308168440318005388e-03
2.509059649462808128e-01 2.612988293908824478e-01
2.441222993033861366e-01 2.520372767371947820e-01
2.348400538125746673e-01 4.399524302744580728e-01
1.927743830966426319e-01 -2.439782081320808205e-01
2.320090860555906742e-01 -2.322940691202423080e-01
2.284041084518267928e-01 -1.771158471524414413e-01
2.393334004083131905e-01 -3.898464615051444593e-02
1.909896821273747713e-01 -4.011089253635344853e-01
2.278141259259616191e-01 -8.452373443729199742e-02
2.474430754629159956e-01 -2.758143555551114678e-01
1.884056241059246517e-01 -4.023176890049402488e-01
2.416912139344117305e-01 2.149441941688265967e-01
2.079441844556980667e-01 -1.200565766321051164e-01
1.962286839606998123e-01 -2.046597795320711510e-01
2.135933822468932819e-01 3.979451600066108430e-02
2.144937510949856962e-01 -1.633697145625656599e-01
1.992212894229337117e-01 -3.087819687315676020e-01
2.466142391589808414e-01 -1.854353733086645528e-01
2.483466951225311581e-01 2.474684011227920033e-01
2.179635388054796952e-01 -5.632672594135168520e-02
2.238278844822473301e-01 -1.033524555047913296e-01
1.884152331958567350e-01 -4.431443321253456524e-01
1.918389780664302435e-01 -4.802508078060115926e-01
2.098368767488695275e-01 1.415888364999018378e-02
2.198223487246144803e-01 -3.937369276530823248e-01
2.186126211623388160e-01 -3.706469346187346581e-03
2.359184864252545921e-01 -4.648843639860155141e-01
1.960539320776312211e-01 7.103911536527618420e-02
2.460044570910676631e-01 -1.794374394341273771e-01
2.373539697990669772e-01 4.730048787818246225e-01
1.883415925041361794e-01 -4.033680075949711563e-01
2.276020514011199980e-01 1.333469726917327902e-01
2.115245843673642101e-01 -2.436588128601113734e-01
2.429623348477102374e-01 -3.720023218278077914e-01
2.301918932712562205e-01 -8.877322154574496249e-02
2.282211779977031396e-01 -1.553057722489102899e-01
1.892355447157251236e-01 1.810046079955347498e-01
2.150275694947989535e-01 -4.377544963439425896e-01
