-4.591644936037331259e-01 -4.779701477536656418e-01
-4.326357593102766463e-01 -4.305605510479632025e-01
-7.535015824984403476e-02 -4.991940396869657404e-01
-1.551112527841169708e-01 -4.970569114957905654e-01
-4.770576279196664382e-01 -4.335244590217777194e-01
-2.609476666818503210e-01 -4.358228026631926211e-01
-2.025118104205645420e-01 -4.479914310256896126e-01
-3.436807093793554646e-01 -4.272455374646688675e-01
3.759380644105168034e-01 -4.575134665000952783e-01
-3.093138409728346527e-01 -4.827487684976657922e-01
-4.794257751995648631e-01 -4.691211746968507734e-01
-4.571639637324127481e-01 -4.741346422824049833e-01
4.769825900933374330e-01 -4.433554920334541460e-01
-3.824269810711808937e-01 -4.736162665569502161e-01
-2.289866763287873308e-01 -4.542269075669941314e-01
-4.258783787325098880e-01 -4.836636269975234104e-01
-2.173406822038215225e-02 2.837770009326938681e-01
3.284080077484197169e-02 -4.904112171106369544e-01
9.968123116004923290e-03 -4.712381826512657135e-01
-2.523337158202310082e-02 2.053858625661295623e-01
2.960381868867424382e-01 -4.884312114590722009e-01
-7.941053202184411575e-03 -3.730805295702910307e-02
-3.333960149642545279e-02 3.841116997931700583e-01
3.299468648065166931e-01 -4.295170426593146740e-01
4.356948346086342294e-02 -4.790463957995763078e-01
4.068608064028975679e-01 -4.583901126379109625e-01
-3.150040448021063089e-02 -3.688280912151906676e-01
-3.470411213745774326e-01 -4.434770410154507125e-01
6.396251243370620898e-02 -4.525238842232904846e-01
-2.388086999647121011e-02 -1.930756906840624954e-01
1.640715943488242345e-01 -4.601978258402156241e-01
-1.689207076842702548e-02 -4.773120490927273973e-02
1.380584114138828644e-01 -4.632631941764696615e-01
-8.208433288501915115e-02 -4.280329407787171192e-01
1.789754536000145446e-01 -4.819242197146577089e-01
-2.846103808455554551e-01 -4.445107273749735466e-01
-3.035082296571005589e-01 -4.940137109907021262e-01
-4.894115646683510068e-01 -4.493936146391670494e-01
2.764156306319679457e-01 -4.396064616219098609e-01
-3.673082208986511166e-01 -4.362716097341948762e-01
-2.595236534606266687e-01 -4.928639741470153268e-01
-4.390116831012134124e-01 -4.507978916640688061e-01
-9.309903736668512231e-03 1.052607617301835052e-01
3.184670971121532634e-01 -4.951531491059653067e-01
-1.554930164116796742e-02 3.483015724981364247e-01
-2.999472773556293159e-01 -4.731985654313397571e-01
-1.720463417179501908e-01 -4.577710481848143997e-01
-3.438258074743516524e-02 -4.487511529801828658e-01
-1.721405943867896360e-01 -4.546235103194556926e-01
-1.714239183866994587e-02 2.508437242297991698e-01
-2.282611682293850253e-01 -4.590087531203385085e-01
-2.515395550265394631e-01 -4.446124924787788757e-01
-2.726097768353441531e-02 -3.928347611929942085e-01
3.312558198122458331e-01 -4.750438002239154578e-01
-1.592686178361668592e-02 4.294720583279328929e-01
4.896659800197996626e-01 -4.352349076026672536e-01
3.144764071612317080e-01 -4.460121872503446383e-01
2.669872431163788917e-03 -4.352649193288923302e-01
-9.473878630046306260e-02 -4.682249979550051622e-01
-1.950561001187901544e-01 -4.555034044102541646e-01
4.025059104210537697e-01 -4.311783169089797862e-01
-9.355101887593031407e-03 2.786002250360118948e-01
3.544431473783992148e-01 -4.313388730126926918e-01
-3.473178482802607991e-02 4.734221277277518292e-01
-2.445322145425277149e-02 -4.607872768233405303e-01
-2.565983480752986878e-02 4.101969594906114125e-01
3.597439510865318990e-01 -4.534636349496580232e-01
1.326420330432098726e-01 -4.628066712985262621e-01
2.461872727411438255e-01 -4.724614309060861661e-01
4.519587304675012351e-01 -4.448954281727306448e-01
-2.227271258957964628e-01 -4.599945107923653076e-01
3.330901142823016192e-01 -4.276925775107510708e-01
-1.653489799752594358e-02 -1.170764044421791494e-01
-2.970146985450716759e-02 3.596796818918299721e-01
-6.145958584414812353e-02 -4.714154887140541428e-01
-3.273000663948677502e-02 -3.007791693884598327e-01
4.837312291283331067e-01 -4.802953841276313973e-01
-4.219942967110121845e-01 -4.729090400376720904e-01
-2.170948080774204314e-02 1.195134203736618606e-01
-3.583604658889424366e-01 -4.720844489625902751e-01
-2.845725956588163186e-03 -4.649741924875736565e-01
-1.611341894013573750e-03 -4.825263350902839754e-01
-1.498916852124142496e-01 -4.880575095477375225e-01
1.689790626338161239e-02 -4.330997130718691190e-01
-1.804437995254416505e-01 -4.561872659269633479e-01
-1.255813280230717588e-01 -4.541960834556852955e-01
-1.524797757124320974e-01 -4.411609975658687954e-01
2.764583161057702076e-01 -4.401485880573418052e-01
-4.326129533163930452e-01 -4.385184747182846454e-01
-3.943970574354322967e-01 -4.829690468446268259e-01
2.204815619702165108e-01 -4.429503534055581060e-01
4.040617105802690734e-01 -4.388140774026438873e-01
1.263880331064098916e-01 -4.589299609079799946e-01
-1.784565966610984766e-02 1.277181255003490001e-01
-2.225462725919234996e-01 -4.407252531122719530e-01
3.982803946509209103e-01 -4.894612810322581664e-01
-2.981849774100608919e-02 -2.539143110207359166e-01
-4.141543167159378314e-02 -4.643178880626966931e-01
-2.865523265989755597e-02 -2.168386199336935771e-01
-2.039759046536557818e-01 -4.881538117764879781e-01
3.748018337816820811e-01 -4.416904184270283862e-01
2.181674553311930831e-01 -4.701840144603156579e-01
3.082143606501310806e-01 -4.372302352896941802e-01
8.993537583885358178e-02 -4.427725165151624731e-01
-2.714656796686045759e-01 -4.883600649163635232e-01
2.271333899940647383e-01 -4.699908824684048136e-01
1.896374546774038938e-01 -4.513411395215368715e-01
4.766386082508689004e-01 -4.958827780045991229e-01
4.313734574053440518e-01 -4.598550054188574876e-01
-3.554645387508748033e-02 5.578498425672606675e-02
-1.495464942964219723e-02 2.041377483447007757e-01
-3.715510691496670681e-02 3.767526607023385932e-01
-3.581600051930033946e-02 4.051215675031956120e-01
-3.487794873754178626e-01 -4.771032276643615289e-01
-1.741054107041539734e-02 -5.876417140742873357e-02
-1.282850247171785085e-02 -4.861472143795603218e-01
-2.551686302483865409e-01 -4.629704477505883764e-01
4.464177073245073624e-01 -4.767477467031521199e-01
-3.111921960789728603e-01 -4.352805456285115948e-01
-3.458233349871486784e-02 -1.079690746548400693e-02
-9.679329639404876673e-04 -4.693176897727239227e-01
3.261033572169497186e-01 -4.797541421043756138e-01
-3.304972919778659257e-02 -9.555505452476531492e-02
-3.874461247398589547e-01 -4.557807534843879571e-01
2.130108278560748358e-01 -4.666311222006274129e-01
-3.759003857453468989e-01 -4.502308893594989536e-01
3.516545406254356632e-02 -4.570305923353357169e-01
3.053976215314544440e-01 -4.353858140586746028e-01
3.896800398703059720e-02 -4.402962426499903437e-01
-3.386335439842659278e-01 -4.411360210812087512e-01
-2.966404731950122997e-01 -4.971260001982377164e-01
-2.732456194231278612e-01 -4.937182321864237444e-01
2.709874738409042694e-01 -4.563035047019528001e-01
-3.783815921449218411e-01 -4.697275186745866193e-01
2.316696843080315871e-01 -4.623012940674721127e-01
3.378661749053564201e-01 -4.897002925887701252e-01
1.050703474112358871e-01 -4.350555582428495827e-01
-3.178428361435023941e-01 -4.807635738358175814e-01
-4.835404658638220443e-02 -4.298705887602101150e-01
-1.091538555078053196e-02 -5.069656894590812701e-02
1.617058788479684983e-01 -4.369790806099504987e-01
3.943159127804441999e-01 -4.299366036236204058e-01
-4.686827747711587167e-01 -4.595695137485027448e-01
-2.520309938686871032e-02 -3.411374217196002645e-01
-3.410604895351760923e-01 -4.429086941976619896e-01
4.544417609170303685e-02 -4.711458012376293913e-01
-4.554693556981614933e-01 -4.956809134564466035e-01
2.101880538307951962e-01 -4.754077468430047970e-01
2.564439403639829917e-01 -4.875426025902245275e-01
-1.001177279111653551e-02 -1.325909742190698459e-01
-4.742881589190565128e-01 -4.413960694793693795e-01
4.402379016120416821e-01 -4.303630423758162404e-01
2.887282978604495121e-01 -4.769905921253307923e-01
-4.540104761637289155e-01 -4.441173175694550501e-01
2.124228044238234414e-01 -4.276264156302067576e-01
-1.924869048390664972e-02 -3.020064204996455448e-01
4.986493444462457569e-01 -4.810094338543016157e-01
1.494284776959450278e-01 -4.861520961954267639e-01
-4.653879481165618115e-01 -4.502778892138088462e-01
3.287880511098839609e-01 -4.908540741079980840e-01
-1.299507177350556208e-02 -3.351911909611611229e-01
2.520059490464813257e-01 -4.535700438869938456e-01
2.436573059165956234e-01 -4.924160999976386899e-01
-1.114506756518740538e-02 4.606205938041743053e-01
1.114385355885827433e-02 -4.622980131888480004e-01
-3.040039804469896190e-02 -1.330894245321121439e-01
-3.187024348610223434e-02 4.206646332472656624e-01
1.764492770585184278e-01 -4.323387182312558030e-01
-4.613103682958246132e-01 -4.887910012997656040e-01
1.233549131819999811e-02 -4.995380717369696244e-01
2.431417815643380775e-01 -4.611603942966296943e-01
2.325091964241610132e-02 -4.352481577563188653e-01
-3.236631301367203228e-01 -4.616876713238770025e-01
-1.326417773557927449e-01 -4.957186733205137807e-01
3.645183486130165740e-02 -4.760018376492826109e-01
2.871365245959095480e-01 -4.779307746805632195e-01
-1.774060026088020159e-02 7.478562025428059368e-02
-4.740893713396643339e-01 -4.355173272729965239e-01
3.275961532077525939e-01 -4.458850452102958162e-01
-8.641908226551531236e-03 -2.104443594516391958e-01
-1.001513824061975866e-01 -4.624204121796313682e-01
-3.837194703937381046e-01 -4.513253590672643423e-01
-2.516056257095189430e-02 -4.853267610700360279e-01
1.467475789417966858e-01 -4.282810819619622400e-01
2.633913906426927909e-01 -4.304343848862052235e-01
-4.385141978795837892e-01 -4.769878180821303104e-01
4.670621789919117139e-01 -4.793030757448125678e-01
-3.925687451760010438e-01 -4.266436185906152811e-01
-2.480506847335607334e-01 -4.803108241979792137e-01
-1.322212299797420609e-02 8.483258687249506380e-02
4.802326875674161055e-01 -4.937879189753124898e-01
-1.278060154522974168e-01 -4.731047159677238545e-01
-4.243973812040321425e-01 -4.600672033627044577e-01
-1.668785102852572422e-01 -4.399672814841875113e-01
-3.187652226834728486e-01 -4.870034707117611994e-01
2.036723158600745043e-01 -4.329049442433513528e-01
2.071939653072489840e-01 -4.851324644784897888e-01
-8.008460934323791136e-02 -4.859535069819513886e-01
-1.707535255208469938e-02 -4.580859175901740299e-01
-4.251613995508095600e-01 -4.321206745175019126e-01
-2.273575733573435231e-01 -4.430965419307606457e-01
-4.775818974352258328e-01 -4.544510454408169364e-01
3.449681785396403466e-01 -4.886684242649821375e-01
-1.813672601859522837e-01 -4.860898468052999855e-01
-3.911720267771835458e-01 -4.504675364406913740e-01
4.196297899335249548e-01 -4.639083760012597812e-01
4.711748928311456641e-01 -4.706133564749841458e-01
9.942219255622852803e-02 -4.579697571246623689e-01
-3.398538538993922664e-02 4.700796936704538798e-01
4.137847038836743874e-01 -4.348070201694814729e-01
-3.521993622188355211e-01 -4.281821915888947006e-01
-8.539201241721472435e-03 1.514458553473407854e-02
-9.183462126813235482e-02 -4.989468286850161638e-01
-4.827727494796574259e-01 -4.915717568177798702e-01
3.358236655951890581e-01 -4.306246721356160601e-01
-1.704475220310730510e-02 2.874897157726030716e-01
-1.440621883415595939e-01 -4.855458717803888824e-01
5.056241343845080394e-02 -4.991567896264127446e-01
-3.251224726552913724e-01 -4.993647966044343356e-01
-3.080212214992716913e-02 4.177610014354959933e-02
-8.793370272286316069e-02 -4.991426088363443148e-01
3.439082557732273671e-01 -4.663777327062585965e-01
-2.770153054322491704e-01 -4.420246606302478121e-01
3.568491656428673942e-02 -4.790242864447921134e-01
3.689253822672452499e-01 -4.764051593214334579e-01
-1.006513387023110218e-01 -4.556789234847289372e-01
-2.627688303092601263e-02 1.556913851032860618e-01
-2.335990119390918274e-02 3.027104685931926165e-01
-8.322394310452896349e-03 -4.735387182307704279e-03
3.502051378660542280e-01 -4.517420329522174871e-01
4.954490345656618056e-01 -4.735609424333311335e-01
1.256160124838688885e-01 -4.419807864668581221e-01
-1.268429109944861910e-01 -4.732802480168804005e-01
-7.731024684590193097e-03 -2.895117332434198332e-01
7.881146974103903080e-02 -4.968456121104724010e-01
2.704286121738183057e-01 -4.520010096061701788e-01
2.802819715897737485e-01 -4.849496915347182302e-01
-8.877678342766537334e-03 -4.436451381967128071e-01
8.081690594377333170e-02 -4.456562243957620240e-01
2.004126336592548796e-02 -4.860871197850720193e-01
4.207372252398059453e-01 -4.758590323041341774e-01
2.315406039568910224e-01 -4.470908656540576454e-01
-4.473811320342174769e-01 -4.896452024509961864e-01
-4.051779474014031157e-01 -4.836500138418911021e-01
4.713138038537906249e-01 -4.442711035432573841e-01
-3.410947014555776313e-02 3.811328466822266892e-01
2.434015384868881693e-02 -4.953904508268066609e-01
4.642244528542524007e-01 -4.712111112560860571e-01
-1.816923671354064851e-02 3.225915232287102086e-02
3.105712403879757888e-01 -4.326787120219619531e-01
-1.043116157187474746e-01 -4.741727909790443007e-01
3.394380965002123940e-01 -4.766701769559558155e-01
-2.383444245001498096e-02 1.905151729347096534e-01
3.519249151372558782e-01 -4.441201359981099550e-01
-4.539802784575279748e-01 -4.718217050100631527e-01
-2.299265296296892913e-02 -7.021126088024776113e-02
-4.244458481873503164e-02 -4.789518818255640298e-01
-2.635276892039517538e-02 4.057675934660955885e-01
-3.143047592796577305e-02 4.182470609792121596e-01
2.284779423063570958e-01 -4.999388873464700733e-01
7.547250125298532453e-02 -4.472564907300100590e-01
4.691388795279038959e-02 -4.830090633671124678e-01
4.749246185512364660e-01 -4.901267190443272526e-01
-3.160693354695265356e-02 1.898978564609917763e-01
-4.550747192965745036e-01 -4.305023791621432894e-01
-3.329047263618811758e-02 2.601445911048944071e-01
3.853697235565788359e-01 -4.796689357500424356e-01
-3.684442293650080913e-02 -4.227430647785465068e-01
-4.336270859882318529e-01 -4.499406152966582972e-01
-3.937404386314492521e-01 -4.319742992281518923e-01
-9.310566221788607599e-03 -7.498612734463649954e-02
-2.178303146319537920e-02 9.393171959728574549e-02
-2.558321866688972879e-02 1.163647846146091958e-01
-1.150172648248609653e-01 -4.553710594992299576e-01
-2.682840010651625917e-01 -4.889111390761736731e-01
8.830443381601593700e-02 -4.745865391775948572e-01
-1.101119360697626615e-01 -4.290221089169460322e-01
3.928698873036813310e-01 -4.655892302581676745e-01
-8.087765978702865510e-03 4.616505606387832916e-02
-3.339810629471107184e-01 -4.497545605928755519e-01
2.589720657370098156e-01 -4.340192862455015677e-01
2.084747137887732471e-01 -4.587415119923047291e-01
1.350057378017336385e-01 -4.887849925506498883e-01
-1.197940298885280530e-02 -3.982015458727270474e-01
-3.886110856605962116e-01 -4.467034692715925459e-01
-4.348195326045293241e-01 -4.703827675064049529e-01
-2.849939450182421563e-01 -4.687848521358634057e-01
-3.364555749875844937e-01 -4.929772877577202062e-01
-2.039115971838323382e-02 1.612787765049767952e-01
-2.935802751864968752e-02 3.963095966094239975e-01
-2.690098223113235321e-02 1.822414530876513838e-01
-3.666335926302387582e-01 -4.555291127865616074e-01
1.124037652734671822e-01 -4.770226913370664290e-01
-1.455550303597230588e-02 -3.173486403767403763e-01
-1.527234047938846873e-01 -4.667248087343460750e-01
-3.224321480561787023e-01 -4.548442253021195425e-01
-9.182722300582257802e-03 -4.323339569066964039e-02
3.547907816848078211e-01 -4.941556691526158840e-01
-3.170547083315811143e-02 -2.114196366172383934e-01
-2.305606734399726632e-01 -4.547888150541941066e-01
-2.584389365930022109e-01 -4.598461674500637919e-01
3.551527733541901544e-01 -4.979746883443877392e-01
-3.979724808959468341e-01 -4.705219569809782065e-01
2.681370712573508674e-01 -4.772009101768653894e-01
4.957945845154757558e-01 -4.955170441663658831e-01
-1.804642347415159609e-01 -4.853161495002580317e-01
-1.184215981889591429e-02 2.624115791033013734e-01
4.132558777743930989e-01 -4.947592470167488932e-01
-3.059072254325112539e-01 -4.342000482039107823e-01
-5.841981108551430601e-02 -4.340139945700041135e-01
3.351976896725044064e-01 -4.918440144337574704e-01
-1.102260030577415506e-01 -4.303277141627116498e-01
-1.591168891136718333e-02 -1.996563886352553663e-02
1.054261627890120678e-01 -4.710542062746122527e-01
-3.636447869508485642e-02 1.650772969451457239e-01
4.189677199252318518e-01 -4.542014552603089728e-01
-4.411513925957815108e-01 -4.676175157822578532e-01
-1.604065879533231875e-01 -4.961710238144583229e-01
3.554359484282743065e-01 -4.829903177787616686e-01
2.210577196935097355e-01 -4.701445574428139151e-01
2.749731297366875271e-01 -4.968203356252015590e-01
1.579085265595330245e-01 -4.612066411348622053e-01
-2.936411211904902396e-01 -4.342571429958017593e-01
-2.244064659783262528e-02 2.953409531361175233e-01
-2.764403650571621851e-01 -4.296991130126831537e-01
4.594291972476952646e-01 -4.562486760275631381e-01
-9.088016299938161957e-03 -1.259359613074690909e-01
4.944654179775451741e-01 -4.998937179484320703e-01
-8.729087928867307333e-02 -4.606090538296234715e-01
-3.878820185506751672e-01 -4.972226304629306926e-01
-4.604235766040842837e-01 -4.356311247581082791e-01
-2.464811552919321525e-02 2.851068949620079174e-01
1.678455694081930627e-01 -4.392465577974717927e-01
-4.590679019415033757e-02 -4.936886506635856930e-01
-2.544428598285689569e-01 -4.441877089310928284e-01
3.166763754555945720e-01 -4.799602476331631395e-01
-2.363648098845660961e-02 4.642571745408785588e-02
6.271229386184629107e-02 -4.750344317473811362e-01
-3.379587486119650652e-02 -4.039084003685312618e-01
8.685513401729294536e-02 -4.685859155126123055e-01
1.579315184583133247e-01 -4.471494391084578357e-01
-2.935928248050713174e-01 -4.465091954499578186e-01
-1.483525282712855331e-01 -4.853781538872234957e-01
1.231270970439697354e-01 -4.701624232288871275e-01
4.052962576165552999e-02 -4.637661460451328876e-01
-3.879614614906080616e-01 -4.398584368423673618e-01
3.759182088012156253e-01 -4.616277373422157382e-01
4.252132867574988095e-01 -4.946587554652744911e-01
3.439437754086774879e-01 -4.308798496761200303e-01
-2.828378395882289453e-01 -4.722928077623935739e-01
-1.141963800861289791e-02 -3.650125336292403544e-01
3.958214018467987039e-02 -4.756469344241712749e-01
-7.593611745205730568e-02 -4.932836312110099319e-01
-1.527445636639312987e-01 -4.870350400234553234e-01
4.597042865081455432e-01 -4.802167927641743939e-01
-4.891330150755982542e-01 -4.329303110246475184e-01
-2.581890749888893222e-02 -1.224715483009112260e-01
1.039839566488980349e-01 -4.853872746687419859e-01
3.083702507283969663e-02 -4.707177136459511635e-01
1.391100248765360092e-01 -4.804706327514426389e-01
-3.362539519326035453e-02 -4.375424833505316968e-01
3.160259820504848216e-01 -4.790760658224415547e-01
-3.046782748341991809e-02 -3.883243474682089857e-01
2.157447082598404897e-01 -4.789053091229067416e-01
-3.021761247041163667e-01 -4.294835260741212135e-01
-3.197679150798473646e-01 -4.467547700571429248e-01
-3.783962361563102395e-01 -4.868878426484044564e-01
-2.562309243620097821e-02 1.367985417822390470e-01
-4.007780984612890895e-01 -4.475798358959491852e-01
-7.803487217946436516e-03 8.986082466844591554e-02
-1.679925904020485028e-02 1.686169759081909136e-01
3.682176781700974288e-02 -4.446618501101340382e-01
4.834570796918393754e-01 -4.924458706640081340e-01
-1.795364116779041286e-02 -3.959572428024266122e-01
-2.477840844925213171e-01 -4.742515128613545849e-01
-7.059319816749187737e-02 -4.893808692624807000e-01
-3.401601420996347436e-01 -4.852911860683168932e-01
3.813185030204443438e-01 -4.659063328119736891e-01
-2.423074304716321681e-01 -4.679102757033051230e-01
-1.445679397055787963e-02 -1.935693563725982003e-01
-3.018797809712137070e-02 3.986994855580161534e-01
-1.767730335119962470e-01 -4.677599877337773604e-01
-3.176932262891640768e-02 -4.180477905708100961e-01
-3.328339038646672687e-01 -4.936420280157396423e-01
-2.490849560625868486e-01 -4.966415075790493461e-01
-4.466452428922416118e-01 -4.591714556771154809e-01
-4.688039381075591594e-01 -4.431963121486106605e-01
2.157957745630183499e-01 -4.351876829369188959e-01
5.774493098271815672e-02 -4.641146504825397479e-01
2.574851249566886269e-01 -4.322476518383517874e-01
-2.179573884841357057e-02 3.245499084661118694e-02
-1.489782548726701350e-01 -4.674131451048496588e-01
-4.493195245077027389e-01 -4.864168545410839650e-01
-4.400950365398413888e-01 -4.926662499722209709e-01
-1.850072879013682225e-01 -4.274977654451763698e-01
-3.188505153811693749e-02 2.738563577529702364e-01
4.990781480662895842e-01 -4.883033933119754755e-01
1.753906081735256972e-02 -4.946130743498023952e-01
-1.239404041659919464e-02 9.272395033750902016e-02
-2.251175915656811188e-02 -3.335222275042846185e-01
-2.613347367970920709e-01 -4.906821185891211412e-01
8.387729001968824427e-02 -4.778265602317155469e-01
-1.877081925186656619e-01 -4.639152490668974060e-01
4.397783407926024735e-01 -4.492738122533557199e-01
7.281103283823942007e-02 -4.553445655626713329e-01
4.130199903745886969e-01 -4.535904317239246586e-01
-4.126179239073973770e-01 -4.346099272961596593e-01
-1.042586786652306419e-01 -4.911925863198898234e-01
-3.179102114123405487e-01 -4.813938684965620718e-01
-2.854456327372423274e-02 4.198076145610215582e-01
3.719497547184188457e-01 -4.682610609011331748e-01
-2.372951951748373256e-01 -4.461659621721835167e-01
2.075027165339338175e-02 -4.420634039115599601e-01
-2.255033783722582008e-02 2.790180311485672693e-01
1.195007045521991884e-01 -4.976024583480428420e-01
3.426718225337850310e-01 -4.892917846094689827e-01
-3.109403898532869803e-02 4.832926906484543705e-01
-1.466161132287169266e-02 1.435816828834804992e-01
-3.531739644633058450e-02 -4.962428270099839001e-01
1.071975771542656997e-01 -4.975311975130723985e-01
3.422414879894348783e-01 -4.381225620315587488e-01
-4.936506704348383456e-01 -4.601384617823462975e-01
-1.243279031015664948e-02 4.995156782197890388e-01
-4.148502252791719247e-02 -4.565155138904604115e-01
4.598864963382985893e-01 -4.879937733247512455e-01
-1.467413474597234480e-02 2.746233907427817478e-01
-1.846809095470527406e-01 -4.786656761997784004e-01
-2.013828749864854384e-02 -1.535995912546577191e-01
-2.233828008493421446e-01 -4.563373158545752650e-01
1.032863142843809534e-02 -4.423457061288686987e-01
-4.654300497481120846e-01 -4.951697147873016513e-01
1.108569867112919605e-01 -4.693407806029092910e-01
6.651186923478968893e-02 -4.816684281573662130e-01
2.769984539302794424e-02 -4.969358818224973717e-01
3.995899863778081818e-01 -4.516953083400198077e-01
-2.567201750839442909e-01 -4.858383125316865225e-01
-3.133399467378701342e-01 -4.277783106156408666e-01
-3.439985507054377223e-02 -6.597857397447126626e-02
4.489882903793952496e-01 -4.288326219193018263e-01
-3.318684812079730762e-02 4.854934823155317991e-01
3.118422478324865965e-01 -4.679868552150197036e-01
-2.994244399204084583e-01 -4.416535929583895737e-01
2.637087544381839788e-01 -4.286273027091165311e-01
1.534430810215476892e-01 -4.310430797970354888e-01
1.691567066525490048e-01 -4.936908118957323843e-01
2.961067031469882815e-01 -4.670986854019222312e-01
1.516524141902925171e-01 -4.336174876929770328e-01
4.501906347459566637e-01 -4.792983127698049461e-01
3.128942313807017150e-01 -4.985874665811981243e-01
3.504873038759012127e-01 -4.299545369059974975e-01
-1.920901357959674538e-01 -4.916710690474619394e-01
-1.403679605359109406e-02 3.270515235299984447e-01
4.892764842257157909e-02 -4.406708223676586433e-01
-1.102979067473812691e-01 -4.485291193953103717e-01
-2.028011081310587826e-02 -6.914441431953199935e-02
-1.524692912102498799e-02 1.248145121347884468e-01
-4.705158176666600633e-01 -4.525764960191169806e-01
4.623580891299032825e-01 -4.890086785423863880e-01
-3.164169593001656677e-01 -4.743097433355305537e-01
-2.280680751957242514e-02 -3.134718148597492871e-01
4.534939853260220310e-01 -4.379393938269411368e-01
-3.541837573701811515e-02 -4.370793588923460593e-02
-2.557794830084080262e-01 -4.810584464122634740e-01
-4.366708897543323253e-01 -4.479582663632087902e-01
-1.034054479404594717e-01 -4.334279909125535735e-01
-1.160732852153737449e-01 -4.374047600047223927e-01
-1.950827313895242554e-02 2.225686322747228996e-01
3.438395433460350592e-02 -4.458544462575585454e-01
-3.313963563665889289e-02 4.221572565365726559e-01
-2.851660825814639200e-02 4.235176878643447385e-01
-1.219815655032119306e-02 2.735031827239040592e-01
-2.756402826197068556e-02 4.337708610596309189e-01
-4.180398722489474528e-01 -4.491281630509641465e-01
-8.706568612089460313e-02 -4.301209705999863298e-01
6.718694705381544896e-02 -4.630218003366305402e-01
-3.346256012601001029e-02 -1.664488950974628567e-01
4.810126839566629675e-01 -4.520558747547461786e-01
2.373048019535383135e-01 -4.800648472789926791e-01
2.441673203615255527e-01 -4.715155717453574091e-01
-2.137313505331195351e-02 -2.726333490645493907e-01
2.101397316873276910e-01 -4.865312252966479400e-01
-4.883485584146878278e-01 -4.598070239814903148e-01
-1.021015631191296569e-01 -4.344152439229067575e-01
-2.866411788687845963e-01 -4.727269039853728705e-01
4.482832188683285590e-01 -4.533293458328904180e-01
2.253602695239509401e-01 -4.543727212070102217e-01
-3.143626026020557296e-01 -4.376342163408578623e-01
-4.596064806318802543e-01 -4.942800682473802443e-01
-3.233112334081256201e-02 4.691466061470439541e-02
-2.960382539191352969e-02 1.416724899995147613e-01
1.744537497666547310e-01 -4.643469808488376316e-01
2.368995740469478362e-01 -4.370471507851289017e-01
-4.627794304772329115e-01 -4.289891499991235202e-01
3.690665074548479252e-01 -4.509224802162319357e-01
4.120318951907067095e-01 -4.371850336671090353e-01
-2.492273002237133106e-02 5.538060671590661066e-02
-2.131969918413689768e-02 -1.373366090526225713e-01
-2.306646585058453880e-01 -4.398728199026713526e-01
-3.379531032664089274e-01 -4.794719570070191672e-01
-1.251947142081344388e-02 -7.376856916051610646e-03
-2.492753893496291173e-02 3.670867160425541620e-01
-4.574593846032448674e-01 -4.657368390738738650e-01
-2.815670487462462734e-02 2.920907430601360488e-03
-2.325596451684953658e-01 -4.348701604226746786e-01
3.120122731205177136e-02 -4.892668308753381767e-01
4.328634649234064380e-02 -4.650600048802774333e-01
1.810922663679757072e-01 -4.973900597184945926e-01
-1.424916871501769045e-02 1.800268030754621496e-01
3.459423902210970736e-01 -4.434236828516365803e-01
3.912198785080477359e-01 -4.403663243874152977e-01
1.483824201367544005e-01 -4.726931780007228578e-01
-1.270333715006499720e-02 -2.475318233790826383e-01
