5.976236121564348913e-02 2.441835687164067847e-01
-4.164667532662048588e-01 2.471908853274178419e-01
3.241369063646513116e-01 2.471500985586247978e-01
-1.759530537960775076e-01 2.001928038167835044e-01
1.075325433614002790e-01 3.786636769116448198e-01
9.528819162901580597e-02 2.367969115562429394e-02
9.729451708444203373e-02 1.302489585345227852e-01
4.826203261876438333e-03 2.061769618054354325e-01
1.418486479000081735e-01 1.934087136566052800e-01
4.604939241097962821e-01 2.401896387559878665e-01
3.077305521579684067e-01 2.343186566961578121e-01
-2.060159936686378757e-02 2.224633562273565790e-01
-4.182255525484467329e-01 2.418400074009978695e-01
-3.425543108331228215e-01 2.087526649722751815e-01
4.437706816983320035e-01 2.025504545829980296e-01
1.069765241203557427e-02 2.177136218551770641e-01
-4.416283671342345896e-01 2.542470310276303547e-01
1.088473922719377374e-01 -1.656808541229957132e-01
9.145515272310278387e-02 -3.595199546461582685e-01
1.122075946535692204e-01 4.392803715049997670e-02
-2.564437479070791337e-02 2.333083634655681582e-01
-4.769535802019362336e-01 1.968870460335310213e-01
8.326281409390978716e-02 -2.652622424111222843e-01
4.416089777182949927e-01 2.213488043193230226e-01
1.174404789474647881e-01 -2.205029878077874317e-01
8.766244735353201367e-02 3.405592957819592037e-01
6.277782111963303713e-02 2.063932452626039415e-01
3.078440055978289847e-01 2.272857153560838839e-01
-1.565087685994438482e-01 2.360035169766999674e-01
1.183318346943676991e-01 4.915034462341224542e-01
-4.049525681450366621e-01 2.543337539465867492e-01
-1.449289716699464492e-01 2.233780723222682507e-01
-3.650614024547408354e-01 2.377335747542539401e-01
2.594135905452875646e-01 2.207484478154215779e-01
2.916280438309851730e-01 1.947441698657713660e-01
1.561077134117557774e-01 1.987594366674332313e-01
5.183387224024316176e-02 1.944024063708524874e-01
-4.689443701957640709e-01 2.186653515838273831e-01
1.034327807697715818e-01 -2.221568547531762583e-01
4.058989507801756824e-01 2.565261679603709766e-01
8.663686494449340803e-02 2.880124690091035999e-01
-3.815122160050582467e-01 2.135094821386340769e-01
4.186774144530263086e-01 1.956699223926966491e-01
1.123760602478577342e-01 3.430499047074556662e-01
1.050144470743560321e-01 1.286660164233240922e-01
-2.131402877038778287e-01 2.255635015004738841e-01
9.412487674362557399e-02 6.559337414474952777e-02
4.828470992134248352e-01 2.445216549904734027e-01
4.252710683566000016e-01 2.257491343106651227e-01
4.434847512259055824e-01 2.100726024772868739e-01
1.143220819704037217e-01 -1.283659651042512451e-01
-1.076435477081703063e-01 2.450701786470281807e-01
8.377841924676288077e-02 -1.802119697555991662e-01
4.772316402333720564e-01 1.920828169540815811e-01
1.047389206777687987e-01 -1.486246672872840735e-01
-5.213405343108568069e-02 2.457631590022106849e-01
-4.914563395455564532e-01 1.926966622180960043e-01
1.187275173910882220e-01 -4.210833887713046897e-01
4.211193206756820295e-01 2.220054464268587102e-01
9.377399666473928974e-02 3.921532166714204459e-01
-2.863449592808590127e-01 2.449793304914110736e-01
3.523880754376454982e-01 2.043650910497660789e-01
1.043073762478082811e-01 -2.081392742635526094e-01
8.890676008606435143e-02 3.417711236016164333e-01
3.045429370942398517e-02 2.206270258047755561e-01
-2.551516173417928135e-01 2.055815688347045755e-01
8.625486085961009408e-02 4.107535005017528551e-01
-4.994438800684048996e-01 2.141191479426897137e-01
3.118130751568085612e-01 2.249884735491195498e-01
-1.778820534373251050e-01 2.432313517477129317e-01
2.520513198358153018e-01 2.067213831180142458e-01
6.955486749375427991e-02 1.967740459089258875e-01
9.587501976404222415e-02 -1.941708344821135857e-02
1.009067732041019072e-01 1.816844367479625300e-01
5.938650241307574795e-03 2.368402114295086180e-01
-1.086998049977416780e-02 2.338176431358700569e-01
-7.167122909732914771e-02 2.002839701644895110e-01
-1.467615761370987260e-01 2.287582877258399483e-01
-4.488805692594177721e-02 2.367786813939927182e-01
9.373719098243460390e-02 -3.960943745513565428e-01
1.172012027962396896e-01 -4.917694805017317483e-01
-4.746995259608710604e-02 2.024309457435186088e-01
-4.059047521916570034e-02 2.230631900333024387e-01
3.481016164937633661e-01 2.457203484191101683e-01
-4.013433076213721584e-01 2.176883323144125360e-01
1.216011306567895689e-01 1.752658978338524909e-01
1.927400794776988890e-01 2.425039223034315405e-01
-4.205670640523531123e-01 1.991298547036221001e-01
1.118588392639964235e-01 -2.300082563887474452e-01
-7.253193668144430895e-02 2.342101069628351739e-01
4.438750428194354614e-01 2.458846492829700470e-01
1.006993152259576529e-01 -5.599186969293057370e-02
2.124651237279830962e-01 2.205337204221132774e-01
8.599366053870949322e-02 3.708497264951882144e-01
3.514473718048471973e-03 2.393303784243602239e-01
1.160676814894843201e-01 1.706894539916521403e-01
2.048751513686818404e-01 2.115503493466118767e-01
1.118217281875427682e-01 -2.745190652191942249e-01
9.053540698406881138e-02 2.229129095749556866e-01
1.251124482498522372e-01 2.596391682875353046e-01
3.798554525485788869e-01 2.271169141112590051e-01
4.877218758306400836e-01 2.144189747832080384e-01
1.226808054449016749e-01 -2.121110859734067766e-01
2.781468448431094753e-01 2.333911577992183739e-01
2.584465552091339546e-01 2.039728756759348061e-01
4.309547198735725893e-01 2.067195753095130151e-01
1.178813796126021440e-01 3.781409923449355892e-01
1.448159012984486793e-01 1.966834543604781826e-01
-2.865082254328933375e-01 1.948285119794781473e-01
1.723399082921684977e-01 1.944551875822131404e-01
2.437058281151233130e-01 2.286020386156936146e-01
-4.594011407253558721e-01 2.514201832073299503e-01
4.021895429747863737e-01 2.465499929629703102e-01
9.246004314236722088e-03 2.553635324401787310e-01
9.779843124360654283e-02 -9.334266811124036778e-03
-4.861058247175490399e-01 2.243644107209789018e-01
9.218030156074252801e-02 2.866273172751861997e-01
-2.012367315396489387e-01 2.568412384000966497e-01
1.250442013060482083e-01 2.434916901188304283e-01
4.438784462916907092e-01 2.474206429715352096e-01
-2.064405156856862211e-01 2.425104555442971765e-01
-4.403002450522407463e-01 1.921844494010327420e-01
9.412352801459555884e-02 -4.177261519575438120e-01
-4.606263371024273967e-01 2.246585359498509682e-01
2.735848299340167822e-01 2.469970904210097018e-01
3.871380086589734093e-01 2.399622273826647056e-01
-3.105455591887126277e-01 2.440427759481930137e-01
4.408205877202205913e-01 2.364708058987983197e-01
3.676663019478361161e-01 2.580350433182868608e-01
3.407535671202199801e-02 2.416763575404452524e-01
2.279775713112396351e-01 2.061640295583642146e-01
1.211678826283829613e-01 -3.890113789669794597e-01
1.216097064697747587e-01 2.794283478181883718e-01
1.141127160399868501e-01 3.336510753215822245e-01
1.092037893369456336e-01 2.873467327272002381e-01
-2.332818277506683025e-01 2.590402354619026903e-01
-4.393458598696325934e-01 2.175221992295287565e-01
4.199915809047138904e-02 2.092668495829391739e-01
-3.451463052839917056e-01 2.115138912720833098e-01
-4.784476145891912724e-01 2.169131077960833043e-01
-1.049286743992852156e-01 2.007140458280334272e-01
4.391700041280534039e-01 2.093980059652972292e-01
-4.714918707213544558e-01 2.246659321180014546e-01
1.016100819677964173e-01 -3.630883844651996428e-01
7.859343104937555058e-02 2.541519635395328436e-01
3.194590529646881283e-01 2.101306184626225981e-01
8.421456503058566412e-02 4.172575441588322054e-01
9.557646291795263149e-02 2.201799264558712554e-01
-2.959010459513842228e-01 2.474490477188591164e-01
1.197215576664186765e-01 3.628051326756310813e-01
3.496299457687521706e-01 2.616280921363414169e-01
2.168762828005067478e-01 2.388344518307425890e-01
-4.142461228241535176e-01 2.086377853658498704e-01
1.978686242489576808e-01 2.038812369847279315e-01
8.342602711824387285e-02 1.550793891624617782e-01
-1.627193013214394135e-01 2.068811259045356676e-01
2.912053201373638878e-01 1.976275486467037323e-01
2.671986496143232692e-01 2.113464676927399033e-01
2.535978921534214336e-01 2.269038443346812484e-01
-2.112247703199356952e-01 2.361067547200791372e-01
1.167017264488418027e-01 6.497126993775470538e-03
-4.998808698890833124e-02 2.212849677586973263e-01
4.090842515355178621e-01 2.225288622754963974e-01
-4.853981195288987749e-01 2.190501613967587025e-01
8.810506196646850086e-02 4.296622491630758267e-01
1.244484205306677360e-01 3.583208355278310053e-01
-5.876036401264517206e-02 2.073530266059383509e-01
8.543575288016835856e-02 6.742420945431437662e-02
8.314775103663718525e-02 -3.006214175577812675e-01
2.666525961191719141e-01 2.080683532332509023e-01
-4.257955655727539979e-01 2.353777244653961764e-01
1.106051255629748598e-01 -2.455528978417568231e-01
2.719072818638221811e-01 2.385699478061802381e-01
3.473943003006387809e-01 2.464267811396488872e-01
9.321739112886107126e-02 3.240336768729127348e-01
-3.917778813180483599e-02 2.105255426802412622e-01
4.238272638400335524e-01 1.935149829503939323e-01
1.131044421275455569e-01 2.777204171670770716e-01
-3.037568749510002331e-01 2.079371941497276666e-01
1.249750311543218473e-01 4.726328858248889375e-01
1.219251073751518311e-01 -3.976053458693066256e-01
9.817820891585449239e-02 2.286332586995476479e-02
9.627495792329276991e-02 -2.498687172120729327e-01
8.967907807522068619e-02 3.415967240385910930e-01
-7.950719525632232720e-02 2.390385734488437164e-01
2.048744546229507302e-01 2.272936324419414511e-01
3.735565749612651532e-01 2.256170238069681311e-01
1.167920456989991473e-01 1.741865719687523129e-01
3.166803071023148730e-01 2.560518848315319618e-01
-7.612444928605077710e-02 2.050095668968285878e-01
1.249638768234415664e-01 1.272370586355545674e-01
8.513664907729601161e-02 -2.332852559846009255e-01
-2.813939015602493487e-01 2.031095099007065308e-01
9.038513318502794380e-02 -1.143165898973588224e-01
6.159602158148924644e-02 2.192767026191276836e-01
1.103714402539240913e-01 1.419126998906339310e-01
-4.877344343738241328e-01 1.942721582729981522e-01
1.937780028158112566e-01 2.185744210252563713e-01
-4.923521358298010853e-01 2.396105259177266911e-01
1.018521726866817856e-01 -1.340042409862505224e-01
-4.855763845440722593e-01 2.304553521999554988e-01
1.423512726299471787e-01 2.393223666032918695e-01
9.057428871228279110e-02 -4.724521800903769275e-01
-2.440175750661244258e-01 2.657137897526705705e-01
-4.372384566640954429e-01 2.083948520919561842e-01
1.067848767261033727e-01 -3.387849863703212838e-01
2.764493022049889781e-01 2.383136564378197653e-01
2.094915988450282152e-01 2.381429679748858774e-01
-2.001238298300713758e-01 1.955831823099367650e-01
1.088255413403454996e-01 7.001204154888807096e-03
1.513994081637589639e-01 2.082954835340924404e-01
-2.853785034004449050e-01 2.328705408354618811e-01
-3.440795068073632113e-01 2.030187178458937591e-01
-3.207749098421766032e-01 2.122752065763936491e-01
4.193522627318679863e-02 2.528504720593721666e-01
9.616857475226647800e-02 -3.435267534153079172e-01
1.138062104041838163e-01 4.653629124420122221e-01
8.699211894901870412e-02 -4.685813551536520682e-01
-6.740505363720428189e-02 2.036492507579994449e-01
3.627560359492199016e-01 2.418310470534523748e-01
1.062106638677842163e-01 1.088628114138410208e-01
4.664989334782796426e-01 2.438066568294959824e-01
2.673924096750259771e-01 2.181445081521456997e-01
7.193512238411248205e-02 2.128183785564023989e-01
8.378707479297675675e-02 3.158296150079334952e-01
1.098449621495621864e-01 -3.952726015563445827e-01
9.798795046325303737e-02 4.016496391296662249e-01
8.355778768159305425e-02 -1.824237408818126793e-01
1.088517080628973455e-01 -2.511084042848444886e-01
-3.678356040394190618e-01 2.333091498157863208e-01
1.548035919877307487e-01 2.582629175373059027e-01
-3.619705837675303295e-01 2.242568578370178756e-01
1.351975845736288484e-01 2.406142337785817098e-01
3.224912899314771320e-01 2.174100441185670141e-01
4.040242199558365943e-01 2.271404389574687155e-01
1.010218569378081854e-01 2.876979464765491157e-01
2.635717284422618434e-01 2.630714857900448012e-01
4.698171762091252202e-02 2.628105459975033087e-01
1.059675010303157139e-01 -3.055944107756054517e-01
1.025408995293012326e-01 2.310984003072116266e-01
-5.127349059361852035e-03 2.118703984519418881e-01
8.918412295935940204e-02 -5.655951934756520139e-02
1.151294652081029657e-01 -3.136139106515168917e-01
2.395941039239306569e-01 2.611387536139364585e-01
-3.811330545503248679e-01 2.254334891083676906e-01
1.109286851248050265e-01 -3.907516331249775154e-01
4.020381081312144333e-01 2.047692672552835491e-01
-2.663982439870944408e-01 2.073172432815857391e-01
8.969019474225037314e-02 -4.319944686125190003e-01
-9.307549610281695696e-02 2.510012123414020468e-01
1.123577571168428157e-01 3.541751606750104253e-01
1.167495268788824037e-01 2.421493976431480233e-01
1.015208929675800453e-01 4.661198940372174304e-01
1.180638140706290473e-01 -2.784426815589660098e-01
1.577093257677796290e-01 2.327969949597633592e-01
1.125122055921764508e-01 2.526026822988046705e-01
1.070757254144107939e-01 -1.981339298055770914e-01
1.217280526935317075e-01 3.923136353045896252e-01
9.521827595883303186e-02 1.499588202624477784e-01
9.639617023155233611e-02 4.332101933859225928e-01
1.157201464547381597e-01 1.777377383175864356e-01
2.444475875248742769e-01 2.054584759614955791e-01
1.170306831948626503e-01 -3.859726732609817246e-01
-3.651747484905853991e-02 2.192253532729160348e-01
8.967508947840918676e-02 -3.950274720522608529e-01
-3.963600938330651413e-01 2.461548805225551861e-01
3.284334131110036026e-01 2.547554448323620102e-01
-1.461567697585872683e-01 2.557891823461180270e-01
9.407973901817379137e-02 -8.588918311185234078e-02
8.842175350062675410e-02 -4.998410715716332664e-01
8.570915888059471577e-02 -8.778585769845281828e-02
-3.982982154719283407e-02 2.123548670399131311e-01
9.227230567684074902e-02 1.141624826402598547e-01
-4.130855543905359584e-01 2.223605898203067088e-01
2.416863914496489851e-01 2.010497310494692158e-01
9.212623336742453706e-02 -2.301618834883334408e-02
1.123201352835635491e-01 4.311495518269379268e-01
1.021942842139222929e-01 3.836836385472291999e-01
-2.360994186381342175e-01 2.068024053159784881e-01
1.154044031809448034e-01 -1.248343930232098664e-02
-8.459048491180209961e-02 2.510102285835072999e-01
1.061882422306538176e-01 -3.522459245978480924e-01
-4.283927356794802188e-01 2.126923737908864576e-01
-1.512058438638463898e-02 2.498542277372973741e-01
7.519076784672662495e-02 1.956210645430819239e-01
2.182926704266764384e-01 2.133139333552215300e-01
9.977065439463017604e-02 -2.322372977513521564e-01
1.269951866908403115e-02 2.214949026419013034e-01
1.168147863643735906e-01 3.329618606056430341e-01
-1.634245604983443068e-01 2.272103151089520656e-01
-1.971293946700335420e-01 2.331448289986860489e-01
9.520571929193699656e-02 -2.357448941987788649e-01
8.701575375013281821e-02 -4.775953153017613584e-01
1.202688944164063134e-01 3.531506009332802121e-01
3.459025462659730543e-01 2.010691511971330891e-01
9.129384785445027184e-02 -2.432177289042461998e-01
-2.981740020410259540e-01 2.596327590491488424e-01
-4.057383409079926562e-01 2.484175643650224918e-01
1.159709286304103637e-01 4.997326547645868366e-01
-3.140278132792462262e-02 2.044121618537965146e-01
4.306483901956136284e-01 2.394344895375002391e-01
3.796149320310230335e-01 2.281884873709358885e-01
1.066464586042092932e-01 1.953747160366889890e-01
-4.170081050646802234e-01 1.969369499997547512e-01
9.943648717692699091e-02 9.422369932399565773e-02
9.197741168757600505e-02 -2.348481229642684909e-01
3.506015491940723816e-01 2.640539781374344752e-01
-3.638451144375932644e-01 2.168936829736560767e-01
-3.857949547749590646e-01 2.272194072506200646e-01
1.179784867844145824e-01 2.480429064576126219e-01
-1.364194966278950982e-01 2.090418146665408150e-01
4.227126858162937317e-01 2.485661865036568052e-01
9.217024286708308534e-02 2.389553903372851895e-01
-2.175811245230238056e-01 2.422688584723760030e-01
8.955238757079442280e-02 1.171928311577340454e-01
1.595290683747796479e-02 2.100882549677743905e-01
1.759733221978353468e-01 2.213145873806038333e-01
4.777845838354954910e-01 2.047548167240808015e-01
1.014533768335557085e-01 4.380563921121318760e-01
-2.133438323238878720e-01 2.393432652772762292e-01
-3.185452972967323104e-01 2.083730717837618540e-01
-4.583315118470152605e-01 2.590809613514307719e-01
2.286396137793911265e-02 2.653528286140891534e-01
1.145562709537701895e-01 -1.218136568205518966e-02
2.423959686665311253e-02 2.281858690428102410e-01
1.048571925526923243e-01 -1.597283511722323857e-01
4.852917026156614577e-01 2.655830673313370749e-01
1.260152464759494162e-01 -3.274877473765009928e-01
-1.316331614606734979e-01 2.213787754967094790e-01
-4.581477485928199256e-01 2.286976782849649004e-01
-3.383840955840338172e-01 2.196924782717526448e-01
-4.131132447275379649e-01 2.433948014501795543e-01
6.632187730627481237e-02 2.146236825934109138e-01
9.773088903069104827e-02 2.528182459094596712e-01
9.872727907937728364e-02 -9.996528493669343263e-02
-1.195476054212299966e-01 2.100160945978887250e-01
-1.272055101750184658e-01 2.164468874275556898e-01
-2.275448099714438843e-01 2.237042630480718941e-01
4.937374114525397983e-01 1.928035465567961015e-01
1.586354568028580658e-03 2.163595587847773061e-01
1.221512371667197172e-01 -3.394524938229109834e-01
2.074906208754146997e-01 2.149003289779000125e-01
3.224382649948102086e-01 2.176039247473325888e-01
4.997038086138672064e-01 2.141599380024595822e-01
-2.669468039430198392e-01 2.312169789412508170e-01
1.009320726636456778e-01 1.613940250737877502e-01
9.276315686475955502e-02 1.632000816425107637e-01
9.969976451500661696e-02 -4.807306505730156720e-01
8.571272962477416435e-02 2.062909801016313827e-01
3.403159897352359131e-02 2.129702481960257243e-01
7.304493948288115490e-02 2.529777329811018216e-01
1.098835016493641126e-01 -1.603608912599642222e-01
-3.556231484190353065e-02 2.036611236665387681e-01
2.748832594211325642e-02 2.276750486419422126e-01
1.852678396520868187e-01 2.261016474007713217e-01
1.035203340069248412e-01 -4.044628158015689534e-01
1.239077852656397249e-01 -2.778131900953305644e-01
1.030931064381257478e-01 -3.393212189909923238e-01
-1.074852247540569739e-02 2.163884220865311958e-01
8.571658784206237502e-02 3.271101069564776864e-01
8.992364772190197808e-02 3.188555643349245683e-01
1.167056445586457381e-01 8.672671147067190223e-02
9.076282228473497860e-02 -3.757255757644507588e-01
-2.767711479557297682e-01 2.652134800881090770e-01
1.058578694157323863e-01 2.415015115907067633e-01
8.642490954945714066e-02 1.747527304251123015e-01
-3.811111807435204613e-01 1.989904680616797483e-01
-3.545973170118505990e-01 2.321864104606651269e-01
1.186294076136903408e-01 -4.498592974522497290e-02
-3.279192858102993879e-01 1.998451701346289910e-01
1.243986584423865116e-01 -2.558484842190690278e-01
1.221005523309411922e-01 -3.297164910718427544e-01
1.253396158510596825e-01 -2.390366410044910683e-01
-2.859712611375103686e-01 2.338603808463386446e-01
9.695098553260961260e-02 3.204630401118618854e-01
-3.618750043666916216e-01 2.433481286566905322e-01
-1.140609688089547769e-01 2.117362487963138085e-01
1.043699493761701680e-01 -2.194348500055637308e-01
2.009235144165382181e-01 2.148327957498848972e-01
-1.116119317763863972e-01 2.341413365935346436e-01
-4.918883726921876587e-01 2.261351740982586733e-01
1.109325901964897110e-01 -1.243772810363684700e-01
9.924309474328352199e-02 3.354966429747197054e-03
9.280090743223079475e-02 2.815456118739100289e-01
1.087995035890532147e-01 4.900878148878733409e-01
3.312180247961560298e-02 2.557731884264503597e-01
2.958126504592424322e-01 2.079937312865928201e-01
-9.619499696871247618e-02 2.053880683510995731e-01
-4.009681653852220640e-01 2.472725351555983275e-01
2.412032830142615270e-01 2.403107297717117508e-01
9.177960999085454930e-02 -4.134613284905641617e-02
2.535796658226324718e-01 2.572961223495497940e-01
1.293114797354191214e-01 2.343702141537408190e-01
1.290329637903930848e-01 1.999666072749293200e-01
4.768596209315278944e-01 2.426991054045414264e-01
-3.547276029984334222e-01 2.172334280509544691e-01
4.625108247543526785e-01 2.601308089464632323e-01
1.209832061187642305e-01 -4.468328808018037224e-01
2.846011451638621459e-01 1.960804554805430922e-01
-1.251049856752938227e-01 2.066392332963700174e-01
1.166947734669924186e-01 4.641723583299054434e-01
8.391721444970223764e-02 -2.526721160077016748e-01
1.133911279897579227e-01 2.317911000232092400e-01
9.775420338729412517e-02 -1.075512170473580387e-01
1.160209323522058966e-01 -9.097680080406922443e-02
-3.625462649008786009e-01 2.615938837771485392e-01
3.957390021166462546e-01 2.505234980518021848e-01
9.817038893973251135e-02 3.412817696768757347e-01
1.419880763385377165e-01 2.518086540427911801e-01
-4.484588985388575644e-01 2.120822356486996574e-01
4.093959086040261930e-01 2.215932724713129964e-01
-4.954361526292787588e-01 2.427320798350247610e-01
-2.056559170247881374e-01 2.132192036848039596e-01
2.198669361324032678e-01 1.959402847746019027e-01
1.073612061333294454e-01 1.355107987622595767e-01
-3.089881999256177680e-01 2.064919915516307825e-01
1.043289689397960407e-01 4.561669700313104592e-01
-1.931252301717141240e-01 2.066481222615434987e-01
1.200522740465971294e-01 1.398492980528589502e-01
-3.207034381333145889e-01 1.923199106803852310e-01
-7.249190904261504365e-02 2.264423962737514007e-01
-2.941549678253529976e-01 2.291938154200738875e-01
4.472659008255962521e-01 2.074405905432261665e-01
-9.124074923622138567e-02 2.268787862154545421e-01
9.967587601251692853e-02 -9.666816070490502621e-02
3.181980929985351869e-01 2.108887212843527648e-01
4.239928962143315605e-01 2.086790702217768967e-01
1.223681846940603002e-01 2.467961112167363913e-01
-4.703370117565069952e-01 2.528475881377737489e-01
3.066821347586254909e-01 2.217534449518041573e-01
2.047213572309871665e-01 2.423401802055656917e-01
5.589204377729140027e-02 2.374816823578942415e-01
1.055985657820628365e-01 -1.101023307759900760e-01
1.024315522145163859e-01 -3.782603720271328074e-01
4.766367664932764647e-01 2.288493223401412147e-01
2.340318594092528626e-01 2.359766988481488692e-01
2.322250455108452183e-01 1.956843591718865349e-01
8.273951987047456491e-02 -2.389851280760180163e-02
2.089828441347343357e-01 2.337990712514197433e-01
1.139040522429641822e-01 1.299466228545977931e-01
-4.902830501133145225e-01 2.034791307252467041e-01
1.502805516769789573e-01 2.013992794597108116e-01
8.549897022243890810e-02 -9.224161442587719417e-02
4.114843761832664981e-01 2.515616010151864312e-01
3.169225946921199188e-01 2.110008566428012156e-01
1.102964433424065138e-01 3.519971792497827989e-01
-2.915585160043732138e-01 2.217451599373839732e-01
4.551426031379375292e-01 2.106646030545801240e-01
1.773718402033863661e-02 2.484055881519257047e-01
1.507863824885891102e-01 2.499072511995996670e-01
2.136702094196195612e-01 2.419292697831151306e-01
2.083479121324102179e-01 2.297875522490785416e-01
-9.631336472333384968e-03 1.926016246239240504e-01
7.632303855000355242e-02 1.943922440181911071e-01
-4.667045061616005297e-01 2.218467820239755639e-01
-5.337575920795289974e-02 2.079983471402062634e-01
2.537605515159154779e-01 2.313909371191777975e-01
-3.764145028073285770e-01 2.376110755055385049e-01
-6.009157826306787964e-02 2.584753663227854492e-01
2.387168923908018492e-01 2.492545193471173981e-01
4.402908684902036018e-01 2.340578902185480592e-01
3.794299846836983736e-01 2.451577972587130061e-01
9.792449452304619051e-02 1.159088019107623602e-01
4.136689005845483047e-01 2.161823591645705145e-01
3.847468187140669071e-01 2.085713518452974036e-01
9.819634794065179584e-02 3.014279392893045584e-01
9.029276567650768026e-02 -4.305238977757788188e-01
7.108218316298886563e-02 1.924026588651210901e-01
1.066561485186139357e-01 -1.907833850958549071e-01
4.974515658443945387e-01 2.331401140468184474e-01
9.091686223544048762e-02 3.799326644500583550e-01
9.636731090303318759e-02 3.550530168079782944e-01
-2.511835090615904820e-01 2.072583485788229707e-01
2.578489775708456833e-01 2.195046871535574207e-01
8.571649193177899306e-02 4.958001986454504406e-01
1.235824790552065844e-01 -1.692076630578500662e-01
9.027350829537794663e-02 2.939036640170820114e-01
2.491555083636364243e-01 2.492381730149181296e-01
1.019830631475181493e-01 4.315677578175777240e-01
2.428051599910306946e-01 2.125064177141148258e-01
4.293938706972595387e-01 1.944508845360570781e-01
3.767514957390383223e-01 2.388944310341476474e-01
-3.493090325952398212e-01 2.483829929494107969e-01
3.185288638212663281e-01 2.563094361252518105e-01
1.194549356473399992e-01 7.381583062826857500e-02
2.296492061051307321e-01 2.607828525633684169e-01
1.566612240871679829e-01 2.215728082421275502e-01
1.193497982988559469e-01 1.534003338794732718e-01
3.797870569987800149e-01 2.178748459858482756e-01
1.173295306345275568e-01 -2.298639940015775318e-01
9.375910051428826275e-02 3.350413793386211037e-01
1.126758117541860615e-01 1.312204885841488089e-01
8.282235214157840364e-02 -4.643971337977188529e-01
8.632391796741589740e-02 1.139977925598939512e-01
8.128973894592739224e-02 2.388214939249755364e-01
3.658720049631504212e-01 2.351814058797789819e-01
-2.570865643644191234e-01 2.453203452171959231e-01
1.096656056718319228e-01 1.378811003557792736e-01
4.246696631556884372e-01 2.437770273990029768e-01
3.014615246577050378e-01 2.636773544788625356e-01
-1.814006643361798510e-01 2.605299422082011374e-01
-3.790519410173577297e-01 2.071131597657651646e-01
-1.596021855433104042e-01 2.592556888978762020e-01
1.235904402262836266e-01 3.467671188661279880e-01
2.106259457705694782e-02 2.035853056857775956e-01
9.131093936831657931e-02 -1.112103594406345097e-01
1.210120506738204815e-01 -4.281929087937905720e-01
1.084449578083312993e-01 1.456485728897658483e-01
4.842799058297073689e-01 1.993576688845596356e-01
8.557957554322026539e-02 1.960352436236548757e-01
2.151991031775364327e-01 1.975887196631770371e-01
1.231113204548467399e-01 -3.664236306705616064e-01
-9.331897947918033065e-02 2.594554587413184787e-01
1.000996488129987094e-01 -1.841711674036039526e-01
-1.186296338317119892e-01 2.333934461955675665e-01
3.460168845890613243e-01 2.085970126971943284e-01
4.403189137747336446e-01 2.408768891916243104e-01
3.586467168934818206e-01 2.049639972268382238e-01
9.000809929415687360e-02 3.147516729495783983e-01
1.081580707927589646e-01 2.576223784666044070e-01
-4.229000914935879818e-01 2.012027863209235878e-01
9.003133082440051282e-02 4.168958826902942061e-01
3.614160674966032660e-01 2.086560058105380033e-01
6.544893688096264928e-02 2.584889971466149960e-01
4.307911062778996270e-01 2.280772496705458785e-01
9.668534951381757558e-02 3.056261835575434516e-01
9.505876410045421832e-02 2.411663580638891968e-01
1.134973603924369634e-01 -2.128287907545178825e-01
-4.809070306252669624e-01 2.286545772375866425e-01
3.010712492122158412e-01 1.956584465045668741e-01
9.605191038518468005e-02 -2.042255609012781914e-01
1.239406523297792440e-01 4.854275884651435558e-01
8.634960972552174763e-02 -6.940884961502447048e-02
-4.285236995213989042e-01 2.587202301661525317e-01
1.036879582070105998e-01 1.870537811264240124e-01
-4.851288462448721805e-01 2.236283845967705908e-01
-3.953522467617152092e-01 1.986651223286465262e-01
-4.821986584345823168e-01 1.910528044875708931e-01
-3.103752907720594978e-01 2.329827249988952742e-01
8.497538111575020370e-02 -1.775971348619675982e-02
-1.854028980520602277e-01 2.130576266627313142e-01
1.411555508342591247e-01 2.320875018284496161e-01
8.466843100453091964e-04 2.599933308403084009e-01
-2.874880949968516841e-02 2.510620183058536181e-01
4.223589035753254617e-01 2.174418072988426598e-01
6.613989676350451319e-02 2.457196648739986555e-01
2.471600753838042452e-01 2.073579570468221389e-01
9.820604042953662294e-02 2.750730516236721268e-02
9.681140351257910837e-02 -1.598912952947505461e-01
-1.152324411698028017e-01 2.157078471006094178e-01
1.228873417856176653e-01 -4.682674633100415429e-01
-3.031919497831815358e-01 2.201479067967817560e-01
4.837478872721142631e-01 2.246055420824019100e-01
7.380228945303857202e-02 2.217016244099972999e-01
9.227870721847719615e-02 1.137158025044364695e-01
-4.625850180553225943e-01 2.331198804719651907e-01
-3.748774180421610147e-01 1.942950589870382494e-01
-3.875319183553405100e-02 2.045148298900757444e-01
1.239177810129415969e-01 -1.974301789623821302e-01
1.089916125036187733e-01 3.597050169596439639e-01
-3.274820137406319054e-01 2.195226798413663083e-01
7.914319268462977064e-02 2.278113833204568062e-01
8.793208857132039924e-02 -3.034656402671668252e-01
3.734797406601075842e-02 2.108316231646171213e-01
-2.665260902730208770e-01 2.043264312105067537e-01
8.699438877665777170e-02 2.022929722639836836e-01
4.952142229065298329e-01 2.247695007660542865e-01
8.739178030317762413e-02 -3.068637248759452651e-01
