6.902202458012307584e-02 2.292250148808724353e-01
6.278453713559384308e-02 -8.408143808763779425e-02
-4.977429314361062618e-01 1.376782192751491163e-02
4.672432759525257939e-02 -3.841770431231389393e-01
6.021883839507735647e-02 1.037712906939252111e-01
4.948785102281139103e-02 -3.489528282138091297e-01
7.387449525273470652e-02 -2.570393561962791562e-02
6.814170850288170378e-02 4.676050907729757400e-01
5.785062706355870166e-02 2.188730585775044979e-02
7.869575574803999718e-02 -4.447411946067195698e-01
-8.384195215228951170e-02 2.341454527348529879e-02
6.733649478245407050e-02 -3.024162893665929275e-01
2.137382040256998739e-01 1.471502137457048054e-02
-1.641598966396150550e-01 7.546767869590409461e-03
6.195420714483912406e-02 2.325768607946572253e-01
6.125975112057990835e-02 -1.642107361861314674e-01
6.062160886569178952e-02 -3.385665437316521809e-01
6.175414906497611600e-02 -3.675322403524060588e-01
4.446590879241928418e-01 9.132149125518185251e-03
1.958192897922722553e-01 1.241288810552243493e-02
-2.357083719619381679e-01 1.808651037378528059e-02
1.694150746507672167e-01 2.311508662294547989e-02
4.268681159518328272e-02 1.031897082259491949e-02
-4.392637912235806130e-01 2.309530571399065479e-02
-4.752074267074223313e-01 1.694557318960276948e-02
5.964470003920419039e-02 -4.340826151007965983e-01
4.351589432955427217e-01 1.182742276209725052e-02
4.881617388853631834e-02 2.129686007918951685e-01
4.808443320842186175e-01 2.335819187519105888e-02
-9.901962851141787869e-02 3.343648160416934356e-02
3.291276448431025292e-01 2.337989422441466569e-02
-3.667948798979632219e-01 1.392441226589336001e-02
7.983882670012198979e-02 -2.248617583815617493e-01
2.202361863767375860e-01 1.985174167806114109e-02
-1.453182713624728839e-01 1.948404792799240948e-02
9.919847461752573370e-02 1.314679453938527587e-02
7.817676098562276188e-02 1.011837520965909176e-01
-2.602701033114458440e-01 2.476267533051235148e-02
7.058099512918492024e-02 5.879252791433753345e-02
-2.469024279422646906e-01 1.063852859515490579e-02
7.751749954860076564e-02 2.568228545064847879e-01
8.085773337297474939e-02 1.030772283323899696e-01
5.271645783135192609e-02 -1.026502361629442195e-01
8.014452901657109773e-02 -3.379663549913354270e-01
3.294840178040219225e-01 1.446510416271307164e-02
7.697193638362220813e-02 -3.933335172219802889e-01
1.550199388152118107e-01 9.312530758186277069e-03
5.285540951621348071e-02 -1.771967141952137670e-01
7.191443752250503696e-02 2.759150839248080134e-01
7.771663793686744981e-02 3.924169321327261040e-01
-1.735683165779233761e-02 8.642194488358678761e-03
5.023090890835524291e-02 -4.901565643558271068e-01
4.550582851002314966e-01 9.900167552261196491e-03
6.021161159684662589e-02 5.064621288864956661e-02
-1.071177266383535054e-01 1.913218314509246287e-02
4.908782099305897262e-02 3.516796238584929402e-02
-4.039898352245925306e-01 2.040344648802516758e-02
-1.688989009579716649e-01 1.545936629871247359e-02
6.873355952797277624e-02 4.315839108182415451e-01
4.668755167455362898e-02 -1.116169512885791804e-01
1.045540412449693646e-01 1.917570703595250503e-02
7.705094354159569559e-02 2.675225411187319713e-01
7.041644742353392328e-02 -1.076569300267143925e-01
6.200226698836841521e-02 2.149104050135604016e-01
-2.269918380406696912e-01 1.229339356525016580e-02
1.147343849693556184e-01 3.197386801380230903e-02
6.041087204751016682e-02 -3.145448978468247114e-01
5.276747557218941509e-02 1.913710870261168262e-01
4.814467764157536189e-01 2.500696074600416985e-02
8.180704389681725530e-02 -2.606507364620527234e-01
8.018581851792339066e-02 -3.214348900831373035e-01
4.363556229253916507e-01 1.990931231922277167e-02
5.745769669386113776e-02 -1.612692833842186424e-01
7.436713979358045012e-02 -5.345834679678118651e-02
6.625210320004326636e-02 -1.987707715945199460e-01
7.827222536770261918e-03 2.415840337667762849e-02
-4.961022759312563313e-01 2.848971871909344866e-02
5.579642158769781979e-02 2.770227195761520989e-02
6.683621505500281224e-02 2.161801433683085971e-01
-3.557331984898690624e-01 1.809651210285445622e-02
6.053774068821360377e-02 2.246641572340963844e-01
4.805189407581655914e-02 7.816498365235469148e-02
6.162601529884437213e-02 -2.388000265282574919e-01
2.894300880901855555e-01 2.856836680925922689e-02
5.633045098423439256e-02 2.626387972159127671e-01
7.452022940923463956e-02 3.516954501050005844e-01
3.699378606207662790e-01 5.110670250188409369e-03
4.733819358357793661e-01 3.098647789072062064e-02
6.726482593755200856e-02 -1.530267579351879403e-01
-2.779255579324904080e-01 1.549248657176793831e-02
2.984689463460477032e-01 3.006228117604414773e-02
7.753950834473666287e-02 1.337694125284325519e-01
7.607273216432264284e-02 1.754617429163214393e-01
5.889014660533586909e-02 1.207431292726817151e-01
5.286948362914067889e-02 -1.775182259143907038e-01
5.430671254220709177e-02 6.923551209223888225e-02
-1.341006448281938379e-01 2.488886058236738918e-02
5.706373523822416693e-02 -3.411745072451155547e-02
6.339312564178400944e-02 3.420673434351807485e-01
1.358417882330925641e-01 1.778983678183287953e-02
1.923123588641799664e-01 2.924901423616310669e-02
5.498965270388633808e-02 -2.686572173074166514e-01
-2.759130307703355767e-01 1.641785620553859459e-02
5.409006241257030556e-02 -3.567070191823422665e-01
6.576168012814465058e-02 -3.750710153492486931e-01
3.221810486446088362e-01 1.837800511722764707e-02
4.820422575870986215e-02 -1.889189851544516019e-01
-1.562417112199829816e-01 1.889503810131532013e-02
5.260052729518305270e-02 -1.038124518107736982e-01
7.912986064231153360e-02 2.190177834598941997e-01
8.059422281479811101e-02 1.798150219574223829e-01
4.776307973473259416e-02 3.146957274848415365e-01
-1.077824657753800874e-01 4.388798649984981814e-03
6.931731490710513199e-02 -2.627107655967292343e-01
2.126327953343346566e-01 1.508338928650243549e-02
-4.645047910096068433e-01 1.409409479066126014e-02
4.983512963149827613e-02 2.282903147089641038e-01
7.448881311821398121e-02 -2.739292832981330417e-01
7.705887848986925359e-02 2.742974512714975166e-01
7.710778387747829754e-02 -4.150826506723223064e-01
5.066846484146014795e-02 -2.695801849812686779e-01
5.215887064833846232e-02 -4.642435226567644957e-01
3.312109887477976411e-02 1.843783179240465753e-02
7.255098482707933449e-02 5.702029275834097355e-02
7.888998119480283844e-02 -2.574527137159301482e-01
4.689568757864515103e-02 -4.524974028724735309e-01
-9.264427629764460104e-02 1.696539129162510928e-02
2.993179884521879330e-02 8.232936333249729621e-03
-2.556389284494049452e-01 1.841686143852760971e-02
4.851473177893783628e-02 4.880054090282498480e-01
7.830286387226714773e-02 4.838683603815164824e-01
3.136024767877837460e-01 3.305591987409595145e-02
3.897838686116266160e-01 2.916346631459998395e-02
7.412529487195118616e-02 -1.003366969717205404e-01
3.987429681715660701e-01 1.012655756862057554e-02
6.416641660898003696e-02 -1.673717395335859726e-01
6.551080139448661743e-02 -4.721301599138894023e-02
7.808456656551543418e-02 -1.108197152326270141e-01
7.405400217151425490e-02 -1.129800971120739073e-01
6.026056739043306187e-02 -8.732915161081811206e-02
7.029217882905824943e-02 1.987852257223667873e-01
6.536128387367401427e-02 4.101029079277700440e-01
-4.326516783457134974e-02 1.927227612504345267e-02
7.030415228797992633e-02 1.378672218817147410e-01
7.454747831604846553e-02 4.035208173315321112e-01
-2.782619353602877599e-02 1.918172859587274903e-02
-3.049713200528516577e-01 1.693239871716156753e-02
-2.724770834641608852e-01 2.769886912029229098e-02
7.599604169485518756e-02 -4.797078430387192727e-01
7.343610896326713267e-02 4.188407566221830081e-02
8.183859709880969557e-02 4.499760963686807447e-01
7.794352719512842587e-02 2.230198305271802184e-01
5.964836035786913460e-02 3.261521217323171129e-02
-3.280050430297130060e-01 8.052468012279545562e-03
1.397008691104165701e-01 3.369673898017599978e-02
-4.021532376134928644e-02 2.238493092332416445e-02
6.895354562759359318e-02 4.589218069010669865e-02
5.601093689030045564e-02 1.651561748858881851e-01
5.397865575196159060e-02 -6.882878706575334959e-02
5.732690475451962531e-02 3.612672141303424622e-01
6.854883476886863836e-02 3.094579039032951950e-02
-4.007927815348516498e-01 5.533572729763180931e-03
7.017054318459770013e-02 1.009587529752853374e-01
7.317385970705936327e-02 -2.466970031314991152e-01
5.165754010108725147e-02 -2.719286016835263942e-01
8.070135989975679713e-02 -1.695299977793375268e-01
4.966080249119253498e-02 4.426440140138534485e-01
7.419467814203306588e-02 1.284748352381240855e-01
-7.845238784792174513e-02 2.059168524652210674e-02
4.478191025961454352e-01 2.069331441426236484e-02
6.520177389980330585e-02 2.176885626943387830e-01
-8.223724336595761297e-02 1.171150198182335789e-02
-7.304158588542208896e-02 8.166917739173995550e-03
4.807001531684107487e-02 3.093364248306273989e-02
9.463617551553915597e-02 1.992559888539258139e-02
-3.291752368007605511e-04 2.164646110484780284e-02
2.459718560399684062e-01 8.868724193252797150e-03
6.458354834727375593e-02 -4.818740955705995699e-01
8.497623213580163259e-03 1.073858136083793990e-02
-5.851772405839894553e-03 1.455104417439823106e-02
5.760344692165797476e-02 -5.139973898600525004e-02
-2.238843219972089793e-01 2.046513834177998703e-02
4.888418546573602974e-02 -7.458600130471182421e-02
-1.896920521870890664e-01 1.625677063422703572e-02
6.132957903773572639e-02 -3.956041322231778068e-01
-2.178013188697381919e-01 3.297319751476401883e-02
1.420930986020335629e-01 1.719614469498897957e-02
3.950889747787406092e-01 1.017156116714967862e-02
5.717964303487399480e-02 2.973614399894020099e-02
6.097650370298590694e-02 -4.194932573339216209e-01
-8.858185502409599010e-02 2.522086120256505914e-02
1.338387669815854775e-01 8.297191208460619194e-03
-4.195133070721696056e-01 3.154554249470875593e-02
-2.924118509082207495e-02 1.785803043488121133e-02
6.509646509882105470e-02 4.802333734462924664e-01
7.236917634438444491e-02 3.113485040196650733e-02
5.238518963955773877e-02 5.684928397254906951e-02
2.248467441724597560e-01 3.308208964348802184e-02
5.522311161764525966e-02 1.842299623874104064e-01
-3.678929278261050539e-01 1.109413287956506622e-02
-4.892289681308832350e-01 1.430565755365420522e-02
1.269499829709338501e-01 9.078318630131088085e-03
-1.098286093798341856e-01 2.443599972252297192e-02
4.614742992940775723e-01 1.433538013595114791e-02
6.414395226208358114e-02 4.636403721062772876e-01
-7.832083540187384507e-02 4.365573020794988324e-03
7.520759028666001988e-02 3.350563520323600608e-01
6.511962085081401952e-02 2.252329786508284748e-01
3.035498262557004834e-01 2.080792397674857686e-02
5.083508167405215161e-02 -3.105182614097286020e-01
6.128239515845912422e-02 4.163836913268070816e-01
-2.839076993582616559e-01 1.162416409177879917e-02
-2.729826436499285247e-01 4.976561015462066528e-03
-4.692441404501364044e-01 2.602989251307175067e-02
5.767307855120173965e-02 6.036960791997225684e-02
7.299183916800067173e-02 4.369174228589465248e-01
6.831654343329929269e-02 -4.123612697509017044e-01
5.298889382780547219e-02 2.127919795602378761e-01
-1.632116641155010317e-01 2.093040277560920259e-02
5.754767614350431160e-02 -4.045002960931433078e-01
2.997908554897282807e-01 2.115151315507846075e-02
1.471232646529582189e-01 1.370573606770741915e-02
3.904943438175934034e-02 3.291596077686731459e-02
8.048976699804089030e-02 2.405008206418850492e-01
4.698359354088862405e-01 1.383008180248868069e-02
-2.079603367277363946e-01 2.146892955265178315e-02
4.834779885686502077e-02 8.997710752273013757e-02
2.047775396211969356e-01 1.105654627292251835e-02
7.280102232076202107e-02 2.755603835105281396e-01
2.393955402797325327e-01 1.011332421537725068e-02
7.379749589622908168e-02 7.573216247966485515e-02
8.051406872780131341e-02 -4.228376820519538226e-01
-4.900255141923923752e-01 2.027972794474119933e-02
-2.808342932256057134e-01 1.399432185165183640e-02
3.793087286902941946e-01 2.501833219640003936e-02
6.270228741816319395e-02 -3.841978985004800284e-01
3.058202347580106784e-01 2.459730548563088259e-02
7.700996794780101684e-02 3.126844305691351966e-01
6.584881226510574947e-02 -3.151498335396353268e-01
5.878272781503302014e-02 1.272184530697852978e-01
8.159522621044423829e-02 7.447695842905566188e-02
7.003711264326761832e-02 -1.262321261856865773e-01
5.460472638755398123e-02 -4.440278309793447287e-01
-4.972069802460772348e-01 3.945210018480915792e-03
1.138941695699391410e-02 2.387779537458889489e-02
5.448792393544343859e-02 3.272515158838557037e-01
6.681001618268589404e-02 1.177788814495583924e-02
6.308725713669738333e-02 2.503671523782503572e-01
6.730048396118459841e-02 -3.489747973132458769e-01
5.861830300771131430e-02 -4.484853285323001648e-01
5.531029813097254610e-02 8.333783167963049188e-02
-1.429138468176259780e-01 1.737405126964453039e-02
4.961796609424473647e-02 -4.900471029683300950e-01
1.599819007129847925e-01 1.369140001672497498e-02
5.557447337865772941e-02 -2.358929802161656708e-01
5.162657678547366569e-02 2.070611610658906754e-01
-2.733579585549469337e-01 2.478024919589361108e-02
6.224448540578120248e-02 1.995779741135601526e-01
7.000564722531688044e-02 -5.402984937958510425e-02
6.257535429235649982e-02 -2.592543221468526227e-01
8.077661558474336090e-02 4.421909203557108370e-01
-1.962342425877544594e-01 1.942376935725587117e-02
6.514820703293333626e-02 3.135548366393313691e-01
7.104065405455017856e-02 2.544173031887067005e-01
5.566338357115396818e-02 -3.254015976637185670e-01
4.709864817033726503e-02 2.714541339585255786e-01
6.715635911667805491e-02 -8.926495350427254838e-02
3.608514078472074837e-01 1.977911504740392790e-02
6.369041622773941036e-02 4.559284787030055686e-01
3.182342977617584889e-01 6.413450036378609553e-03
1.371554737914529865e-01 9.484579480856014655e-03
-2.384886925430896865e-01 4.636446341340194621e-03
5.900294870609645859e-02 3.181259364480057972e-01
-1.157742373531053248e-01 1.135394134192579951e-02
5.340498416589023467e-02 -1.689142272066774808e-01
4.831724238343693134e-02 -1.854086197676130254e-01
-1.626771756933262925e-01 4.972613146262183648e-03
5.530131818428285495e-02 1.984254835359919866e-01
6.020264036244626915e-02 3.134091078959029275e-01
5.184373071291170643e-02 7.584546914236134363e-02
-2.538344406192170055e-01 3.083976795136000870e-02
1.556497596275446815e-01 5.399780100661666360e-03
-9.625103405939960943e-02 1.829308849146837890e-02
7.129336946258912899e-02 1.760378040464087857e-01
7.783568057610101842e-02 -2.074581464394984476e-01
1.434991937827773123e-01 2.672186004532406400e-02
-4.135696847124911146e-01 3.910327193888285535e-03
5.248646670363099620e-02 -3.485975271636121420e-02
-2.699793201444077306e-01 3.050749151507181622e-02
-2.977555562569806913e-01 6.260655893127298199e-03
-1.439787354936234998e-01 2.827875866606444077e-02
4.666680560734304262e-02 4.873190106049928305e-01
4.870545326402416775e-01 1.293495518864085092e-02
2.247556935626542352e-01 2.670421985414295207e-02
4.940776540206937018e-02 -4.829420450272740029e-01
-1.220461675863915296e-01 1.358226080451629958e-02
4.136078078258843549e-01 1.872851208714787496e-02
5.673900364262951523e-02 -2.922414125130585738e-01
8.120910257617330874e-02 -3.104373208011252938e-01
3.771973250767532981e-01 8.310458943598386661e-03
6.798535215248902031e-02 2.465409569996102057e-01
4.885777837278260094e-02 2.265526305710638955e-01
2.787206723978318257e-01 1.325705588659209511e-02
6.114909321593187119e-02 5.233244222946198398e-02
1.999298595891063623e-02 2.755817882040745292e-02
5.061799987274639978e-02 -4.553772535168129076e-01
3.848351979767234976e-01 6.991070321036074731e-03
7.609585070777791227e-02 4.849116192803819558e-01
7.233449357914634170e-02 2.190828408404534855e-01
2.756289091178575346e-01 2.495171369122906047e-02
6.009459801919403432e-02 1.812022049603226881e-01
6.976296369303058853e-02 1.390774821266967942e-01
4.774195820503335241e-02 -1.435213141381855850e-01
7.187619988898619194e-02 1.051810017292014177e-01
-2.454373547508881259e-01 2.180050447654779955e-02
6.820430139450495144e-02 -4.409204535718420637e-01
-9.331482583226768934e-02 1.193532503179128845e-02
5.974587414994303458e-02 4.155146747537304952e-01
7.218335654904162180e-02 -2.961223169390978516e-01
5.510779135957766250e-02 2.516107382778753898e-01
