-3.347964898382029819e-01 -2.575315538520948078e-01
1.959584805531389140e-02 -2.248786954762845847e-01
-2.851722845351176705e-01 -2.586291264776425791e-01
2.859887297067833511e-01 -2.513441268428562303e-01
3.774269437999844268e-02 -9.316031102119404217e-02
3.767428897912239449e-02 5.395204336426351333e-02
2.556726148168964041e-02 2.565113450784695104e-03
2.706066641474313972e-02 -4.990433022881505254e-01
4.336598743814182866e-01 -2.407795975122479781e-01
5.921460984363491331e-02 -2.349188196815756857e-01
2.486773418444176986e-02 -2.579521667548996255e-01
-9.510456398059796701e-02 -2.075647921879018032e-01
-1.357391519237362010e-01 -2.348119565552061472e-01
1.486975961790060197e-01 -2.622467068223917064e-01
-1.558887163613411619e-01 -2.474579213941621170e-01
1.873171088253398064e-01 -2.049338267494279497e-01
1.117019299292963952e-01 -1.957936325415665646e-01
2.891838803596191720e-02 4.108347501155941162e-01
1.489900110209032569e-01 -2.423683664840989849e-01
3.147484429607418921e-01 -2.180959171619020198e-01
2.706927957550069319e-01 -2.316566672012991823e-01
2.959900863459163922e-02 3.061681229480726074e-01
-1.737585003624687596e-01 -2.044510072299929870e-01
1.588479405405951450e-02 2.044175136543547877e-01
-1.701584649094226576e-01 -1.943165928222740924e-01
4.740560019013573267e-02 -1.918719231127603564e-01
-4.785090506109750397e-01 -2.485741862274866154e-01
-1.220617165626214362e-02 -2.076756416156485541e-01
-2.712188346044518417e-01 -1.963522679916898106e-01
3.592967400912894238e-02 -1.552162763767291898e-01
2.033031202718971198e-01 -2.611080048982464819e-01
1.351000065482321766e-02 1.554707570212158219e-01
-9.250202558457409907e-02 -2.262017566034052463e-01
1.385147556130794655e-02 -4.742689677299944950e-01
-8.021660245903527997e-02 -2.006066198082893104e-01
-4.052665072042412886e-01 -2.126583696997890183e-01
3.094910568195551326e-01 -2.490042474799519789e-01
1.772022808146545003e-02 4.157126779595377020e-02
5.823508247434106000e-02 -2.522864319590386595e-01
3.521515610845683542e-01 -2.584932378949343912e-01
-1.645921491362388744e-01 -2.348666398198667737e-01
2.721577397619279193e-02 4.487581919667449348e-02
-1.942840938215735225e-01 -2.088751072427905697e-01
2.793376512364442732e-02 -1.533977264692157894e-01
3.731979954077315753e-01 -2.233970968565067716e-01
1.086389310144375564e-02 1.836545770229991437e-01
1.536039560626700773e-02 -3.538602647846805782e-01
3.744250287208767958e-01 -2.010404749457149753e-01
-1.514617671975894142e-01 -2.146047239251414052e-01
4.237225006718275955e-01 -2.456461610880356083e-01
2.672694940021549392e-01 -2.602897245264906845e-01
2.594196026793260668e-02 1.919227626108870322e-01
1.212635544008631161e-01 -2.155155789926715970e-01
4.387154050156166774e-01 -2.594600013091168389e-01
-1.405335329637203978e-01 -1.991625672587962192e-01
4.220160117137381484e-01 -2.235274599954071295e-01
4.570105017108746503e-01 -2.098200203496272120e-01
1.518332473574603991e-01 -2.120858635773509304e-01
2.211881371780632932e-02 2.989366684680054842e-01
1.935393499455274613e-01 -2.443407703018599664e-01
1.645755154975636625e-02 -1.403803754456222075e-01
3.231332577168466447e-02 4.468132737985224257e-01
-2.697292773127556442e-01 -2.044477542255448421e-01
6.577712764450627247e-04 -2.226380254238846668e-01
-3.960903633317514050e-02 -2.289142088514700690e-01
-1.508914189945865791e-01 -2.545210012741140337e-01
-3.967538231686540406e-02 -2.008445087161928599e-01
3.346313884338021349e-01 -2.343018062077674157e-01
1.599667429736496560e-01 -2.201964358571979474e-01
3.509152958254302401e-02 4.003843165445477581e-01
3.030039272488349589e-02 3.206674889731372380e-01
4.111595937119526534e-01 -2.191842108865736938e-01
1.218660358485312845e-02 -2.329072176647420944e-01
-4.142091113963715099e-01 -2.391176462519218893e-01
-8.480047262054168922e-02 -2.236203324712409124e-01
-3.149860397625392494e-02 -2.262091769341122438e-01
2.412493161382944784e-01 -2.601855036273212907e-01
-4.542909659953936474e-01 -2.328933039894194312e-01
-2.314318743890552144e-01 -2.118560857532174602e-01
-4.739545414921798594e-01 -2.578418105273940775e-01
4.338110413846636426e-01 -1.942383784920515000e-01
2.138789966552978594e-02 3.559653645510718611e-01
-3.317873268452483648e-01 -1.956928142448396413e-01
-1.606660080111017574e-01 -2.010679635778089835e-01
3.464434679372330184e-02 1.628172491585528903e-01
3.685695474727908039e-01 -2.516416453707821521e-01
3.390776921388589660e-01 -2.554326038230724238e-01
-1.975785805056166078e-01 -2.339412291012195055e-01
3.550996601115804507e-01 -2.620117405024288137e-01
-4.715868231755848683e-03 -1.937004492351249718e-01
1.661832866074820503e-01 -2.631492704658826565e-01
-2.467674160886891288e-01 -2.197141968216568264e-01
-1.337913276195670242e-01 -2.051762956895990531e-01
3.105732406960075576e-01 -2.191449370706018973e-01
2.759998621846349032e-02 4.492286660934673437e-01
3.487206824074433609e-01 -2.036266149861832853e-01
-7.449068047263751602e-03 -2.340328388267072235e-01
4.229597554779561674e-01 -2.239132143446745937e-01
3.740249363638603608e-02 1.234855966973003039e-01
2.415375574746769782e-02 -3.545324056898147003e-01
9.667310309250032319e-02 -2.192392572623034219e-01
4.332668553817337065e-01 -2.314459690484866883e-01
-2.989151706215212867e-01 -2.252770651025527426e-01
-1.349919273957689292e-01 -1.974410235914574319e-01
1.066228029569593616e-02 1.498024168483474972e-01
-3.258728569727288304e-01 -2.581838101895312931e-01
1.186320294680056620e-01 -2.274818121142212490e-01
-5.621377897864132667e-02 -2.547787907592486967e-01
3.531246388810588277e-01 -2.433235569192799819e-01
3.211305753908366700e-02 2.278211020775978701e-01
2.194303808307025427e-01 -2.543280914954569871e-01
1.175296056915386966e-01 -2.156654347903919078e-01
2.434495599477318750e-01 -2.151797032439415336e-01
2.928850666056657115e-01 -2.076436689482060727e-01
-1.159195262984458186e-02 -2.008803594350394572e-01
1.232526718415449807e-02 -3.683898774516553010e-01
4.292680724422014427e-01 -2.106492749186176239e-01
2.131274872302946211e-02 1.523656671265887219e-01
-7.754129612113513925e-02 -2.145670954124578866e-01
3.452943559259014084e-01 -2.550266371686946698e-01
-1.357420029294628128e-01 -1.911317663016594004e-01
3.141405324582557945e-02 -4.512649434087068201e-01
3.626701001076393371e-02 2.007218709139250157e-01
3.226228857949744455e-01 -2.317824635036728198e-01
3.226291105581504670e-01 -2.107229926599863967e-01
1.179770894503878731e-01 -2.207297035087032455e-01
-3.603997519492885271e-01 -2.198898400127974329e-01
3.589696814905731781e-01 -2.205340702395069963e-01
1.261784861829962079e-02 -3.347698339639685328e-01
-3.285199094648320051e-01 -2.296846417325904000e-01
-1.101691594274836206e-01 -1.932915368961768410e-01
3.345145131653370907e-02 -2.726649469077651045e-01
3.753611794872047103e-02 3.369385601327141710e-01
-3.204017872253034360e-01 -2.296302092936323147e-01
-1.637732200904816748e-01 -2.531181391855999996e-01
7.321345979565463402e-03 4.661609726228921335e-01
4.884099732830690099e-01 -2.451456690288075224e-01
1.101339150611890805e-01 -2.555259692703296670e-01
4.578080143134519719e-01 -2.389046113148868278e-01
2.991471928749089848e-02 -1.613127484412107959e-01
3.499393129801916524e-01 -2.540563105675776034e-01
-4.937697753388983202e-01 -2.319480377354851131e-01
-2.601186233780078405e-01 -2.184410923672199800e-01
1.083649560876154272e-02 3.341852814812714678e-01
2.468321457497035798e-02 7.215777631538844439e-02
-9.022045539353784616e-02 -2.172593197328042125e-01
-2.495456446310313492e-01 -2.010730943401243254e-01
-9.467349452023987588e-03 -2.073110181458912571e-01
1.196916775811632805e-01 -2.239497378594735855e-01
-4.037646237894310097e-01 -2.521798909508055075e-01
-1.270929069680071244e-03 -2.267882583238243210e-01
1.152468057271859303e-01 -2.169347393863354512e-01
-3.701440710822598845e-01 -1.981539960726007576e-01
-1.515670057278928340e-02 -2.581535842722770813e-01
-3.746955114999214187e-01 -2.198012925130297113e-01
-3.673299209532780996e-01 -2.540905961992920847e-01
1.548950845185070868e-02 -1.381642622800623998e-01
2.049990845678550944e-01 -2.162839750535571204e-01
2.739899163877955734e-01 -1.970336175291614866e-01
1.402621003342485739e-02 1.637968352573594411e-01
-4.065896057770826966e-01 -2.517528306263023818e-01
-3.765304100209085902e-01 -2.054166593529301865e-01
3.431015846017859694e-02 3.636779925906032940e-01
-2.929907044735335919e-01 -2.220242092689485025e-01
1.535158379223067193e-02 -3.352210854951589436e-01
2.948269421899122333e-01 -2.637712462958998749e-01
-4.574105526247261855e-01 -2.562705925505527338e-01
-8.490765322027604700e-02 -2.610294430648780750e-01
3.057169717799024244e-02 -3.631876920587744362e-01
2.913907988857309395e-01 -2.027584473483727834e-01
-2.935063281137950675e-01 -2.618068290471082804e-01
7.779041043006873490e-02 -2.114332123788787987e-01
9.594380219621667649e-03 -4.230254727798011816e-01
2.414953727264557148e-01 -2.410540785491277482e-01
2.216937587319540715e-01 -1.955774074941447616e-01
-1.433599737583799438e-01 -2.223525799993680829e-01
3.662772480365028560e-02 -1.645911386765979145e-01
-6.207353960428052542e-02 -2.600338185533506152e-01
1.890271206781881652e-01 -2.510727632460398873e-01
-3.156017734812578412e-01 -2.079435863739309553e-01
1.759662684988072545e-02 4.257190019341023923e-01
1.967609757663069114e-01 -2.571610088697198204e-01
-3.855964411066786779e-01 -2.573409884970535577e-01
1.053429244878556492e-02 2.904094863785913194e-01
-2.708699916591316148e-01 -2.432436551479048026e-01
2.169429141955071527e-01 -2.064582505921097599e-01
2.303576693383805329e-01 -2.044547819203651473e-01
-1.811736258958297485e-01 -1.916673391048016040e-01
1.927630358286562817e-01 -2.617637070046892056e-01
3.715170625892993961e-02 1.778263137852460485e-01
1.471713493722803801e-02 7.446367771247497380e-02
2.951709802720025033e-01 -2.211299298959844561e-01
-2.201204815943413884e-01 -2.599140588583177536e-01
-6.007088484164146980e-02 -2.568474211108462413e-01
2.987049556018517293e-02 1.624769074298858529e-01
3.071643165517613516e-01 -2.604459016191018605e-01
-3.269023705616439512e-01 -2.207403493167799935e-01
3.907277070364645333e-01 -2.150323034282072276e-01
1.672053576986203272e-01 -1.934529163033394950e-01
1.046348173424171968e-02 1.628876803253969108e-01
3.576560003917739206e-02 -4.112505991063104549e-01
3.345411842499523836e-02 -2.887522423200962196e-01
1.719280242555987215e-02 -2.977367601286557974e-01
4.291089345585418213e-01 -1.922214229910039762e-01
1.385703591236620014e-02 1.322101406475787444e-01
-1.116173217517902883e-01 -2.501712469808201611e-01
4.021823106892676858e-01 -1.973797704403694731e-01
3.046667979276640459e-02 -4.553877386148975637e-01
1.197533922027071984e-02 -3.601800260814468357e-01
1.796382661055344609e-01 -2.556698507356082173e-01
2.758923692459769317e-02 4.975565307538718507e-01
3.581568966925197106e-02 2.727618458761538189e-02
4.690163308800465725e-01 -2.308148398437597226e-01
-1.066961866590157015e-01 -2.287739613654117266e-01
2.422602419916430883e-02 -2.264756726189925962e-01
2.462999437973401040e-02 -1.146193055598331290e-01
1.208452715312413606e-02 -4.436472147251968590e-01
-3.687611923429534588e-02 -2.498476855786002648e-01
9.045309211876728650e-02 -2.590079365911979181e-01
-1.729362433341399274e-01 -2.338866266733354848e-01
2.793634075214005419e-01 -2.322660701825500773e-01
-3.389444663725664775e-01 -2.568710440851187382e-01
3.250288740925144637e-02 -1.578518849539062296e-01
-2.057389544996699460e-01 -2.349820240292378459e-01
4.560001870854089034e-01 -2.567854164087438607e-01
3.180963629750277466e-02 -4.145889674354219512e-02
1.416139833644157742e-01 -2.442275417188960462e-01
4.635326264336423474e-01 -2.512556664956907548e-01
1.550382318407483861e-02 1.088636207125940336e-01
-1.146411230965325156e-01 -2.196165898518737114e-01
1.479349386810113742e-02 -9.146327518500929621e-02
-2.568360781753781241e-01 -2.054949869787546790e-01
-4.032453911819148251e-01 -2.019612102949491783e-01
-2.394104586107228538e-01 -2.311656035783350438e-01
-3.142302742523438441e-01 -2.024746754514810121e-01
-5.688674496141266079e-02 -2.627892977332685343e-01
1.277837710819318406e-02 4.435322932716304623e-01
-4.884235728623953499e-02 -2.504434712408454278e-01
-4.724324371794990096e-01 -2.456193214963988680e-01
-2.165846047849195877e-01 -2.163654503964416165e-01
2.088928597515715690e-02 4.171091970606143340e-01
2.480214801769210498e-01 -2.305364260914078978e-01
-3.257731183483789650e-01 -2.008119162263054536e-01
-2.735777583036529403e-01 -2.272060972534322154e-01
-1.743057649292309996e-01 -2.606918791214852815e-01
-2.218513858484321144e-01 -2.049966639491315190e-01
-3.871215757513832845e-01 -2.470602916821976747e-01
-3.699277460112522231e-01 -2.273499220830561551e-01
-4.278263287570596152e-01 -2.303299295897616172e-01
-4.777760190012088071e-01 -2.512141710911276471e-01
-2.282615441867708039e-02 -2.467214266315566062e-01
1.843913435060452466e-01 -2.158006349071803776e-01
1.417165713690426987e-02 4.582525569712161406e-01
3.056082170178320290e-02 4.961814224656494465e-01
1.426069701172590909e-01 -2.618270354862350935e-01
2.243113357110126937e-02 -1.908847309293424388e-01
-3.194055363827351668e-01 -2.456220498292772669e-01
2.248953976964140899e-02 -2.724202372144606255e-01
9.024822987120595386e-03 -2.715730324524849859e-01
2.896343597661416025e-01 -2.368332802044852414e-01
-2.321595749024830679e-01 -2.205986484985086316e-01
-9.233894061185554669e-02 -2.183421092351105486e-01
-3.845225659474454938e-01 -1.947087882015304805e-01
1.773723268030648059e-01 -2.311680374698438234e-01
-4.255928358764404784e-01 -2.147085345699457637e-01
1.312252965890211565e-01 -2.477229035641947963e-01
9.924050331764522337e-02 -2.023916191912206175e-01
-1.407317117360913361e-01 -2.119232173736832481e-01
2.125389851544693398e-01 -1.946143152413291055e-01
3.616067903415687290e-02 4.011478481837631449e-01
1.681528020520672850e-02 -3.510582426764892183e-01
-3.279913701604594278e-01 -2.613378887142073781e-01
-5.300793009351600915e-02 -1.942107297257487097e-01
-4.477578768663614817e-03 -2.538478218628884564e-01
-2.299970545210316963e-01 -2.088369530996275758e-01
5.634939082456480453e-02 -2.240449747114318102e-01
-9.227307354349445490e-02 -2.043567027755796017e-01
3.519255487684064265e-01 -2.631471782555403482e-01
4.606989813156029401e-01 -2.122885216229892791e-01
3.032879138974403643e-01 -1.937912237961194606e-01
3.438070451760378843e-01 -2.371241063648065195e-01
1.358245619212061772e-02 3.260185125292668351e-01
2.158196442009130411e-02 1.015435885894421242e-01
-4.385764997555917644e-01 -2.537751256496517671e-01
-3.863214808945164558e-01 -2.340613660017661912e-01
-4.345487846868100190e-01 -2.353910122983056130e-01
8.839278821244034301e-02 -2.084346612392414810e-01
-3.506305283253174920e-02 -1.933183248817551547e-01
-2.278714280338890452e-01 -2.439846902182004618e-01
1.053310176789723496e-02 2.082248388048391075e-02
-1.796901749525999792e-01 -2.219531584557834503e-01
2.905652516363828042e-01 -1.956388225147244198e-01
3.704973969981104620e-01 -1.949290080597311237e-01
-1.881092659892592556e-01 -2.237137171231095012e-01
1.257367356615890497e-02 2.856390303311540091e-01
-2.862635660725662001e-01 -1.940611786408253936e-01
3.557974022402221603e-02 -3.716050020337302584e-02
-2.666485970505604319e-01 -2.320397931109624556e-01
6.159124135433069469e-02 -2.581027156046323823e-01
2.654969235338514588e-01 -2.387862328278879120e-01
3.436367273463858396e-02 2.072300345710408331e-01
1.192203083829390664e-02 4.711959674983077218e-01
-7.526838752247622111e-02 -1.988443530601846643e-01
2.657978207437972085e-01 -2.078692742181983411e-01
3.329818379158973052e-01 -2.381091452887923454e-01
2.811319700114051079e-01 -2.087956227011583676e-01
7.962013515127930319e-03 1.971514586773637223e-02
-3.955870070303005859e-01 -2.561056504890202312e-01
5.085089354117666716e-03 -2.203134572291942650e-01
2.369454863992843663e-01 -1.941011218512062042e-01
-2.002899690800183929e-01 -2.186780308260730665e-01
-6.880795201020195595e-02 -2.600789926546296371e-01
4.678930261093777743e-01 -2.296533377971162748e-01
4.464811315469694453e-01 -2.550462244747285778e-01
2.570147045232695771e-02 4.196419265446205138e-01
8.377732078370114799e-03 -2.203310259195567777e-01
1.708632942968479895e-02 1.735606200593073911e-01
-3.036639857917261542e-01 -2.097663271481092773e-01
-6.884255616333090355e-02 -2.203346046395593394e-01
3.403131956743177255e-02 -1.745599362580956271e-01
1.582296658369306552e-01 -2.346495027009124490e-01
3.111474819668512692e-01 -2.076393748496806468e-01
3.346321621593663087e-01 -2.534837378556373810e-01
9.179114390773790433e-03 3.864557962815950987e-02
1.326292742153889481e-02 -2.660196521362434563e-01
4.497481655175361581e-01 -2.111738366138481426e-01
-1.852236742576082174e-01 -2.467239212399893189e-01
1.885463824211823791e-01 -2.592857463229565340e-01
-2.893446091248865759e-01 -2.050176627443300870e-01
-3.275376854710754237e-01 -1.902454158822173280e-01
2.616777646457013606e-02 3.511039302729913603e-01
-4.712566519184034908e-01 -2.503468962179173918e-01
4.844275187150756112e-01 -2.036783147135521332e-01
1.114036825156052846e-01 -2.188089831360924276e-01
7.992633137309912428e-03 -3.453352314752280439e-01
4.874832467895002797e-01 -2.517351134850258632e-01
3.753067725331038496e-02 -2.047638336254494762e-01
-4.648094223145707860e-01 -2.455278046602875630e-01
4.662617560283647267e-01 -2.491347536692712916e-01
3.599994311201815123e-02 2.550684572199224398e-01
3.077047442856917225e-02 -1.381634286660275990e-01
1.625615377715324827e-01 -2.116958606805802168e-01
-3.192715675770466666e-01 -2.598719645764591135e-01
-2.131800638092582467e-01 -1.976024017370728858e-01
3.668865954025455345e-01 -2.293296871083504440e-01
2.208740357265204235e-02 -2.794507409286666189e-01
4.585846104526202227e-01 -2.410839936910608161e-01
3.161579974502881640e-02 2.364125278937442287e-01
-3.668200763159474853e-01 -2.018775651964994644e-01
3.162778489908713020e-01 -2.336997697433937926e-01
3.929004893316496716e-01 -2.438608076038866201e-01
3.972450465263818176e-01 -2.262533542999533021e-01
2.146125260306366300e-01 -2.079401519137502596e-01
-4.565842935486852383e-01 -2.326538266024883450e-01
2.298579795295763173e-01 -2.517992164599384131e-01
-2.404143148223840676e-01 -2.200288634833033052e-01
2.310125010257511047e-01 -2.378667463479061661e-01
2.684820613394389710e-02 -1.758937277344255756e-01
1.669096772582482346e-01 -2.271914503375715988e-01
1.670761378406228070e-01 -2.174330363482444017e-01
4.962815744748030333e-01 -2.216785060675474650e-01
-2.370776040806401586e-01 -2.528592923958847827e-01
1.338439734401042358e-02 8.512939691000109832e-02
2.238997858653364315e-01 -2.164393206391139746e-01
2.019040963716486337e-01 -1.927822632699912608e-01
-9.207522240107424150e-02 -2.528935194277718290e-01
3.006700774382842223e-02 -3.467787936679156413e-01
-4.138874577389202170e-01 -2.410453306944555507e-01
-3.658751001200655217e-02 -2.618144278301031136e-01
3.903391668209803544e-01 -2.035319358321716621e-01
1.683356237577693371e-02 9.934235817930558987e-02
1.220021111409352876e-02 -2.015614547425889080e-01
3.680330608661709357e-01 -1.951195041058665369e-01
1.581151953273649546e-01 -2.155492643860060786e-01
-1.954539388271580025e-01 -2.512766316449276394e-01
-3.339294310795288823e-01 -2.508868243725997926e-01
2.069400818029332179e-02 1.804885865863066208e-01
-4.258578862835233902e-01 -1.935796115495010961e-01
3.440638135982032608e-01 -2.394290536046558282e-01
2.988441939537267444e-02 4.305635556836240330e-01
-4.779115345402226156e-01 -2.173800788149720109e-01
2.386461265683881283e-02 3.797702688825714823e-01
2.237656329767978569e-02 -1.492250187000234707e-01
-4.564734407780934866e-01 -2.578522155031708341e-01
2.340184713734988486e-01 -2.093543253087400968e-01
4.929338422617007831e-01 -2.024422975025839122e-01
3.354557659019685723e-02 -1.077992871146347120e-01
-4.434057990340459776e-01 -2.127552843256457216e-01
-2.412546919311044924e-01 -2.015344678347128493e-01
-1.831664918539996911e-01 -2.504645306653282555e-01
1.530027259576153265e-01 -1.986254488122478623e-01
-3.372875958356444936e-01 -2.343007502759782978e-01
-1.700824847353377134e-02 -2.528759034164348440e-01
2.706479133537520454e-02 1.796153070563766274e-02
-4.957688144490717264e-01 -1.984641688786519254e-01
1.561033156821978185e-02 -3.786397546402752168e-01
1.826244210757588249e-02 1.841949019234752072e-01
-1.669495469967692269e-01 -2.043138569785249992e-01
-3.339048185066910701e-01 -2.399148819869063587e-01
-3.831689929911393788e-01 -2.438709664466232052e-01
-2.738315503670150086e-01 -2.604214663934025786e-01
-4.961339377832989506e-01 -2.585341109406056326e-01
-1.300387827336467739e-01 -2.340545479296159970e-01
1.897841048895976268e-02 2.497711982026482591e-01
4.373117942826696414e-01 -1.937615717508507363e-01
-2.086582937131409299e-01 -2.121011559895737975e-01
2.699165086652302037e-01 -2.370108064145874938e-01
2.650837103454228849e-02 4.465525024108717433e-01
3.013069551584605099e-01 -2.219578347015058739e-01
3.016430821928395289e-02 1.749084412695998125e-01
-4.875587592321338759e-01 -2.198056462661400756e-01
-1.072916011353863830e-01 -2.483224213346668652e-01
-2.401096203606909452e-01 -2.074093631678066707e-01
1.825979856840970195e-01 -2.102647124136070023e-01
-3.696400253937307534e-01 -1.991100833436696416e-01
2.898287199224854893e-01 -2.236446985146547384e-01
-8.580853025808021783e-04 -2.482166874096188858e-01
2.700915753556901722e-01 -2.289044840851812701e-01
3.296364160518383546e-02 4.230091556715399603e-01
-2.388078200474518242e-01 -1.981921481267094887e-01
3.556983344356712262e-02 -9.476981570138598432e-02
2.275699864105642511e-01 -2.092188607984473148e-01
-3.588624210787576541e-01 -2.294069484525483871e-01
-2.417359646764977166e-01 -1.899416570739229648e-01
3.317921995019512682e-02 1.527502603683962290e-01
-6.097529129180567775e-02 -2.344218225581756743e-01
2.407887569940735384e-01 -2.465408162011645254e-01
4.357803903380507160e-01 -2.136868825009742290e-01
-3.105079115241590193e-01 -2.393947564511296200e-01
-2.774040567650432054e-01 -2.012249530930061425e-01
-3.223059543271001859e-01 -2.275009338030453687e-01
3.631343285525086007e-01 -2.464931445281060007e-01
-2.176999932765188994e-01 -2.258618352693949616e-01
1.382777953902537549e-01 -2.273340883474237462e-01
1.110060921535571676e-02 -1.788279768224422250e-01
-6.930734261501980686e-02 -2.171700117550975362e-01
3.616209537139627450e-01 -2.554952844481355179e-01
-7.751865355579079520e-02 -2.160336023913375092e-01
3.752479033688650434e-01 -2.076503643957199330e-01
-4.763132150919199281e-01 -2.578325452239816906e-01
-7.145707772193832241e-02 -2.154491344893574301e-01
-3.505501882680525094e-01 -2.235760052667177256e-01
-5.464206767143342525e-02 -2.302878118570194088e-01
3.711875611986670265e-02 3.808041279373258758e-01
1.403919516744099871e-01 -2.099797162707921494e-01
7.794804323329129758e-03 -2.108187956117626438e-01
2.769596677112592387e-01 -2.502795110095977771e-01
-4.290762187551105944e-01 -2.570740061645615526e-01
-2.179302672930988338e-01 -2.622076896324928574e-01
2.911938508075412324e-01 -2.547382303295183670e-01
-2.797167125078074967e-01 -2.432883365719957780e-01
1.181234054319668658e-02 4.279321893999218362e-01
3.489166428716706791e-01 -2.239609441008846291e-01
4.501395403638047688e-01 -2.321342231471986706e-01
3.622691926400878337e-02 3.368522258898546395e-01
-2.375830744822701179e-01 -2.241995763318911372e-01
4.295552329144862735e-01 -2.428545293087526202e-01
1.500425010246664304e-02 -2.653432958531853902e-02
-1.780569580349279368e-01 -2.314879988887976747e-01
-3.328927295858020718e-01 -2.040059185689980792e-01
-6.058075369376225705e-02 -2.026938127018965696e-01
1.631449809500551407e-02 8.013116688874943883e-03
4.309841815998008974e-01 -2.058448776618634346e-01
-3.300455551453650438e-01 -2.416792525169145778e-01
-4.157014185151371999e-01 -2.496976220233174670e-01
2.241041817244127099e-02 -2.656194732624330701e-01
-1.108311865665012608e-02 -2.604371471813582417e-01
2.516943315625619348e-02 -2.755333159670351195e-01
3.507957536456218772e-02 4.309275824258577137e-01
-6.793240964397617709e-02 -1.925147856250306599e-01
3.908551409220976103e-01 -2.350443492977332127e-01
4.145390353090019353e-01 -2.202150733521932580e-01
9.061715400286773914e-03 4.637997623326871599e-01
-1.965477976916317759e-01 -2.552101454260095048e-01
-1.059516501017240264e-01 -2.064103334280174007e-01
-3.286985400417030689e-01 -2.056642220921821584e-01
-3.254479157678422663e-01 -2.138724652771416546e-01
3.372560395098064268e-01 -2.060788610535694287e-01
-4.164334430923287700e-01 -2.442178148222999834e-01
1.988212275457343914e-01 -2.587462215512038588e-01
-2.906690296167193654e-01 -1.934034974265306239e-01
-3.988135840216978645e-01 -1.965738310363593921e-01
-2.362490828711207858e-01 -2.156593899834965411e-01
-9.996411904938329318e-02 -1.906772828559911703e-01
-6.783044124875270420e-02 -2.154829014804650056e-01
-4.765260719761712505e-01 -2.620000097900087033e-01
-4.819534525006849979e-01 -2.443776356601359279e-01
-1.360739166993806259e-01 -2.461078814224753053e-01
-2.739544646042103571e-01 -2.147793429877937754e-01
