-8.963104459556203718e-02 5.398119320054994841e-02
-2.331886994887667486e-01 4.406275522790004118e-02
1.399511421807397848e-01 4.931129911612353034e-02
7.690756664725784120e-02 -4.440813218355933456e-01
-1.898638634683424975e-01 3.552914293398190537e-02
-5.176369943464820267e-03 4.954581540472791090e-02
2.298778891330948149e-01 4.824448271031733793e-02
-2.276907062965396467e-01 5.854450879459771606e-02
8.063930366095217739e-02 7.711374371716495091e-02
6.844562745070859044e-02 2.866728103355214996e-01
5.422824654992419724e-02 4.404394933318211969e-02
-2.120066357906735810e-03 5.907347588334077582e-02
4.792930136321493784e-01 3.410789832779570485e-02
4.841063520377996143e-01 5.389147165420438146e-02
7.169260891808126868e-02 2.633646657165371607e-01
7.543629642080340592e-02 -4.870888016680705590e-01
7.062925037862144428e-02 2.458548078327338349e-01
5.292109848515558213e-02 1.024371133857082672e-02
6.564257126353045813e-02 -8.700326873150221463e-02
8.354065870944415995e-02 -7.705817578112350574e-02
-4.425093184896630172e-01 4.404134292282468888e-02
5.261254355244582293e-02 2.985189530774023936e-02
-2.462904012077102855e-01 5.975940864367301764e-02
6.920093569478380502e-02 -2.769095999516828499e-01
-3.673711578953697821e-01 5.164136548021436290e-02
-2.444156310620639871e-01 3.626257247308928289e-02
-3.978550923404766682e-01 5.810330503072291819e-02
3.948916542756074621e-01 4.560731391028272075e-02
7.965489420287397149e-02 -6.558716676268250279e-02
7.417727137631580092e-02 2.260189463171180524e-02
8.686934169647297921e-02 -3.038619906066931664e-01
4.198512675826130414e-01 4.533230405158994447e-02
8.348496261782478722e-02 -2.001840430641644852e-01
-3.366542831189908158e-01 6.133547876927791798e-02
6.449565042960403449e-02 3.809611163879285112e-01
8.162133292001783058e-02 -5.729350315749492939e-02
1.731247654614574971e-01 6.355384228754012987e-02
7.818466277075519777e-02 4.534832822227258253e-01
6.795431109993776975e-02 -2.864937329072383410e-01
8.046599887399197293e-02 -1.272743715239199602e-02
7.872428275661347286e-02 -2.528910864751912069e-01
2.011978927638835568e-02 3.781677500563762617e-02
4.941176609772471862e-01 5.407560930927324261e-02
6.752758182918150442e-02 -1.311496766467389330e-01
7.694375504024675294e-02 -2.742916315531839233e-01
6.660442567712909767e-02 4.987231801524546482e-01
6.569562414655805149e-02 -1.012949091159385251e-01
6.931175907458964058e-02 -6.494000166190005974e-02
8.321086167217783824e-02 -2.889480949659994913e-02
6.408708835692833450e-02 3.575163949388709961e-01
-8.109971877549748687e-02 4.869629874080838583e-02
6.336458817410428601e-02 5.256520500802908114e-02
7.818526700914418814e-02 4.818388555221112535e-01
-4.498140975082922655e-01 3.345916246673075189e-02
-4.178767192762543603e-01 4.587731401145178634e-02
8.346249603275013307e-02 3.584064044148171924e-02
6.769816019687302511e-02 3.542237332213937773e-02
-5.333893803753497753e-02 3.516612619821912755e-02
-4.740752015655369522e-02 3.749473636459532688e-02
8.008900975163946168e-02 2.805123441830223996e-01
6.909675456257724502e-02 2.110447568470519286e-02
3.285827281208186790e-01 3.260561978314124865e-02
8.627720331401644849e-02 1.885119534879623471e-01
7.687523658705475160e-02 -7.868337977220651869e-02
3.703763737984564486e-01 6.354780448447416852e-02
5.379049781556100029e-02 4.365617317918328855e-01
1.020810635727589233e-01 4.876443081378434297e-02
6.415975916398453105e-02 -1.185458903804851305e-01
-2.291001805471654107e-01 3.513648532687962955e-02
-3.701137044934867948e-01 5.881323027672169523e-02
4.704512794424456912e-01 5.103718996742956371e-02
1.949649745851471661e-01 3.216581365219584043e-02
6.836292140956745644e-02 1.906118130692715518e-01
8.327583734156573936e-02 -9.611773336549811475e-02
6.906921013048483715e-02 -2.165624888816478633e-01
7.533701229102462982e-02 4.159662645387649516e-01
8.421933595937103334e-02 2.579685236466481291e-01
4.465424734337284374e-01 6.131694186684444325e-02
6.883347663412953121e-02 -1.780357033399380118e-01
5.372339624591992990e-02 -4.159962088887501075e-01
8.358067596194496129e-02 -3.956847755922454635e-02
7.378918850759574877e-02 3.809852287072691412e-01
6.975388496845580377e-02 -8.348198295625164356e-03
-4.756401228976753215e-01 5.678387494593339913e-02
6.473440701653176976e-02 -2.414737621074182217e-01
5.190603478832900297e-02 -4.391042096042524490e-01
8.592383833695527162e-02 -3.765020238214166204e-01
8.628785026477647779e-02 -4.164085943531998790e-01
6.434608044725964593e-02 -2.192600615026797373e-01
5.424269244757462527e-02 -1.014730530652074858e-01
5.806950533697763372e-02 7.200507607929318432e-02
2.380273908299327390e-01 4.714241347153735884e-02
4.648681132815635220e-02 4.263488201771570285e-02
6.321173246727185280e-02 -1.815406959479162197e-01
3.791689728224547640e-01 3.633653346909904158e-02
5.900027003210916998e-02 1.867059740178277361e-01
4.458068434250095358e-01 3.984623699420197784e-02
7.723613282206520658e-02 -1.768597976163113206e-01
8.374922988017219350e-02 -2.276160462640853810e-01
-3.293356079588894980e-01 3.986048167784739249e-02
8.249417656451352165e-02 -4.348715964327498629e-01
-1.721002843584822362e-01 3.492201767841962567e-02
8.351220741443199369e-02 -4.581437155433705222e-01
1.748547462558631693e-01 4.258286378298159480e-02
3.468143165745485312e-01 6.343800635873486637e-02
7.479437643186315210e-02 -1.531864191498560901e-01
8.414820583729931691e-02 2.240124225379013234e-01
5.291440001440617102e-02 2.362442096850722040e-01
7.239858497281548289e-02 -4.649997770132934249e-01
6.868461601157860308e-02 -4.582156887155075520e-01
3.094711821615978575e-01 5.206424785031371627e-02
4.618848865163481809e-01 4.006646494023391458e-02
7.515684134703748409e-02 3.685983273534643168e-03
1.140914886305537390e-01 5.638185717503152450e-02
-2.239306715044688811e-01 5.805901613274877526e-02
6.080414208093687378e-02 1.016160291097590873e-01
6.706727390512046139e-02 2.609062775319908045e-01
8.434550895223158484e-02 -4.607709426990513890e-01
8.664157405864947314e-02 -3.323757822745079249e-01
-4.844152857475737539e-01 5.279548133956613043e-02
-3.568624230831773936e-01 3.697571552519740568e-02
1.552562912101409509e-01 5.200035931613922191e-02
8.070460993784678294e-02 -6.700246308335677803e-02
-1.142406889847451534e-01 4.595849819330233288e-02
-3.941250279415944302e-01 3.693347041168359990e-02
6.854537721686471130e-02 3.557068332341453143e-01
7.720841170530012842e-02 -1.335207535601881101e-01
-1.489901429041375902e-01 6.426413546085596451e-02
-3.275781378092379459e-01 4.496314366977927079e-02
8.157519971936610936e-02 1.911278171159986883e-01
6.284270002224912055e-02 1.414555332091285145e-01
7.052264372684924343e-02 -2.609344681033056723e-01
1.164408280556235020e-01 6.300384272887649129e-02
4.119978816748652850e-01 4.932819917299824386e-02
7.496716989153096034e-02 2.357651145028372142e-02
2.695745067882805435e-01 4.369698348043771219e-02
8.671252412864216552e-02 -6.698271080012985212e-02
7.656336304884436839e-02 -5.923799770966198253e-02
1.462749203269707587e-01 5.632016236233272632e-02
7.740779206958448011e-02 3.209198094311985772e-01
6.646863197695385139e-02 1.757804412927563842e-01
5.742715046830526582e-02 -5.798635753132308501e-02
-1.722530250921308070e-01 5.151033237597424375e-02
-3.533821943396308063e-01 4.291782522934617372e-02
7.122296105043779413e-02 -4.528080613277354338e-01
6.249708508061213585e-02 -8.200633401156376401e-02
8.611705925874491019e-02 -2.826362726858591135e-01
5.985231760989584426e-02 1.723303238337119403e-01
8.353819347870972134e-02 3.243513841144648469e-01
8.507293620911871024e-02 4.044763738006482701e-01
5.708658879771166816e-02 -2.041378174486120356e-01
7.916572879011396502e-02 -1.810145117594952335e-01
5.669487142358942133e-02 -1.986955425987280144e-02
8.266007765766969495e-02 1.516920298238383369e-01
6.772701182599893954e-02 4.592828780786493148e-01
5.159515408122206104e-02 -2.947762159751632360e-01
1.570653205319535450e-01 3.284516250234703616e-02
7.014495586089464219e-02 -2.412100087209434474e-02
5.896929501085068637e-02 1.375201429379109275e-01
-3.322669101469042374e-01 3.218933799830592246e-02
-1.512676750519414970e-01 6.173194763714318078e-02
-4.489895691615897189e-01 4.766440313585984523e-02
-1.840904726021039828e-01 6.199732998965368225e-02
-2.221844168172601997e-01 5.948444932101304428e-02
1.851932305049540650e-01 5.753937694991784202e-02
3.056067862422233716e-01 4.080138377658937276e-02
6.346035472215172391e-02 -3.253930578375063831e-02
2.256096136386842588e-01 5.321056000103396855e-02
6.111755023628040462e-03 5.670988708884106000e-02
3.140091434006507809e-01 4.131172258099513606e-02
7.359619203167855339e-02 5.932416216085578675e-02
6.069354245716707119e-02 -1.415531096249911247e-01
-1.125369672856589842e-01 3.483190581458539548e-02
5.406800944878686899e-02 3.000394720659264047e-01
8.408475882947419322e-02 -3.224369504446555901e-02
8.681634860179332502e-02 -3.342398522546944362e-01
5.783883978262438497e-02 -2.990407151207191694e-01
-2.912278637072026610e-01 4.518724711756305634e-02
8.392200905637037245e-02 -2.526024508549251646e-01
8.027633430142466775e-02 -2.963512346149527188e-01
5.312286083825179528e-02 7.211235912386537716e-02
6.516943504364092199e-02 -4.723411288302896693e-01
-4.712258916296424571e-01 6.386327998541596607e-02
8.764282374247434060e-02 -2.806686235164642662e-01
-4.909794066829497039e-01 5.776279219573143831e-02
6.779926348700993088e-02 3.018442031768685530e-01
-3.448777031685239525e-01 6.373233607041095539e-02
5.720919600687690565e-02 2.002785034345265780e-01
4.557982960579525233e-01 3.616221522582097059e-02
4.390970111347630711e-01 6.328746331928447599e-02
7.573834053643990760e-02 -4.128767887135166292e-01
7.763972265892549185e-02 4.556180262096306555e-01
3.908112348132325442e-01 3.301551740428076975e-02
6.566464321999176956e-02 2.722962456202824288e-01
5.972789374493059356e-02 1.770358961149275379e-01
6.179298175586167563e-02 -1.291017188025556095e-01
2.463773080397945181e-01 6.220202908856986568e-02
3.141136141274059046e-02 6.145370786825354870e-02
5.502636299377661189e-02 -2.345111929927563565e-01
8.518378051224440028e-02 -1.498967010613279083e-01
6.183335268136458396e-02 -1.546328535517136338e-01
4.144486957972647323e-01 5.400902780126570768e-02
2.783096699490055226e-01 4.875052009576030798e-02
6.808659973165598345e-02 -1.673779969416206992e-01
5.902272374281003486e-02 -2.062477916748052253e-01
-1.959479378781763259e-01 4.858796630416484241e-02
8.525562681780485264e-02 4.413019223814601544e-01
-1.644240252053792428e-01 4.113834875576349859e-02
2.559823582505985629e-01 3.739888491732723530e-02
1.227527166458672880e-01 5.519849365345841363e-02
4.519115701282505615e-02 5.446966238588291098e-02
3.100413866330159474e-01 4.928335601944944244e-02
6.589930097595120273e-02 7.483483196999018983e-02
2.520340339268046792e-01 4.370248328899906110e-02
-3.518797716423719413e-01 4.290324908476694787e-02
7.162482685434967689e-02 -2.648212434015170258e-01
8.264755304672510849e-02 2.786942215838041914e-01
3.347561193856185557e-01 4.410858662693939447e-02
5.206366442797638605e-02 -2.815676445258207261e-01
6.213157889634202125e-02 -1.676563228518779258e-02
3.189309154907448152e-01 5.405619427825258949e-02
-2.519426537420869083e-01 5.245740097488105214e-02
7.708554063242811782e-02 -8.923302302751734416e-03
5.395966804015106533e-02 -1.648774054875437045e-01
5.755096682557858667e-02 -1.938307532939702593e-01
7.550837729602899451e-02 -2.507139801911236754e-01
-1.895050557001244362e-01 5.323965259472840383e-02
-3.267196861161525412e-01 3.722178559681299514e-02
5.138004455764155765e-02 4.680857345430173844e-01
4.683394937008719117e-01 6.040681441129680529e-02
-4.014995307319892959e-01 3.646686206338867198e-02
-4.747643288890870394e-01 5.041554691169547464e-02
5.471705379647828771e-02 -3.680297917765903426e-01
2.396939536808466720e-01 5.405875967435336271e-02
7.619487497202126480e-02 1.319595748903916732e-01
-4.246737147327668271e-01 4.999338323208635249e-02
7.940709085303487846e-02 -3.318137110126759826e-01
6.622769133651873474e-02 2.663782337143228984e-01
7.527114640509613430e-02 3.405005962965814703e-01
-3.504798304956402433e-02 3.185379999032256215e-02
4.149535905518916268e-01 5.722395671110114268e-02
2.117406323089082720e-01 4.702029721173772714e-02
-1.300305272763395692e-01 3.236729291273443554e-02
-1.141922856760172467e-01 6.429746671056713048e-02
-4.485025934130800751e-01 3.496894441544540211e-02
8.233369546176438902e-02 -3.687051796580470553e-01
8.785146576839708565e-02 -4.596355972174239746e-01
5.600143938347379446e-02 5.843445126691892977e-02
7.242401358170513781e-02 1.737317205368985595e-01
5.325647216919837668e-02 3.405706172795440745e-01
8.294041180861244644e-02 -2.221437834293381597e-01
8.772999999453545694e-02 -7.069092110896046943e-02
4.417374006790512064e-01 5.325941977428283458e-02
6.798407203897827156e-02 -7.605220442456128715e-02
-3.254076305522070056e-01 5.973790263332101613e-02
7.731340351410398437e-02 -1.629886445979349396e-01
-4.958900624976609883e-01 6.178302220721609839e-02
7.388865305903269398e-02 -7.980728156972582976e-02
-1.827721877199462996e-01 4.526932898937263694e-02
8.241483281781059045e-02 4.496618404454661988e-01
-1.010180730656320414e-01 4.371807306457720088e-02
6.719456665972545206e-02 1.523750084609913902e-01
2.284483161349554203e-01 3.410335545328846418e-02
-4.394913349572350247e-01 5.068035499163647817e-02
8.508956931573730120e-02 -3.160422022344664406e-01
1.793089380965908752e-01 6.418895639096988681e-02
5.521068647693438969e-02 -4.048803070115679636e-01
-1.826229200035441869e-01 3.224488427178739958e-02
7.528644272437368112e-02 3.994412067187070869e-01
8.455977764252364803e-02 4.906658059844094533e-01
-1.472917330975747063e-01 5.867782151390932288e-02
7.226976327679002221e-02 -1.491359768905209382e-01
4.113129432766885474e-01 6.184161480230188079e-02
-1.796129750348639531e-01 6.323759364266567928e-02
-1.521786602748900208e-01 5.685324752163167794e-02
5.691415394370757941e-02 2.331659171150940457e-01
4.973773591319660126e-01 4.022792770206240487e-02
7.671867746813354483e-02 2.662768048025029310e-01
7.337394450479373109e-02 -1.446050192152388281e-01
5.222398615523593524e-02 -2.902656225898502251e-01
-9.610650167006795641e-04 5.014758661501195203e-02
7.343626694340821270e-02 -1.354692064149791708e-01
4.874509789153079753e-01 3.936375811901227095e-02
3.863604415297866579e-01 5.152548308437965296e-02
-2.881689075751132645e-01 5.109257247566467708e-02
4.731557860699673324e-01 5.819969765076660195e-02
-4.309868145694262243e-02 6.249664593982806604e-02
7.541393036823296203e-02 -4.240612941575837569e-01
7.764313220331975351e-02 6.344793202846943370e-02
1.066687190936750351e-01 5.190151020735211951e-02
-4.333417049297427770e-02 5.773385602146963169e-02
1.847586982821971535e-01 6.230774607106925878e-02
8.107861249845849105e-02 -4.336757485974431781e-01
6.344337094519914011e-02 -6.111415652415985722e-02
-1.403613416616887877e-01 5.432080970373243112e-02
-3.758007760536133945e-01 3.921918958530490329e-02
8.284889012162166555e-02 3.907145257337938382e-01
7.843643303719149973e-02 2.008512399243393975e-01
6.848667487728843373e-02 3.963910992630920171e-01
7.412420306243716617e-02 2.014283714730509267e-01
-7.032015779627809327e-02 3.221391191870426329e-02
6.708484649846113701e-02 4.110075340203700467e-02
5.361632757886813927e-02 4.017590237139979648e-01
-3.803633383413906888e-02 5.746920723843018664e-02
2.687025959573293710e-01 4.063470851445749599e-02
-4.759544413969429844e-02 4.638276309045952228e-02
8.704379577370513488e-02 -2.626706401331314611e-01
7.391004541805634709e-02 -7.480632021330935189e-02
7.757944441443653805e-02 4.858756570497767546e-01
7.933425873087252000e-02 2.194995530514215476e-01
6.044714520942529035e-02 2.732310462109933669e-01
6.662107041341103209e-02 -2.981623541269247113e-01
7.497579889683725352e-02 3.256406257259231163e-01
2.647757699080087734e-01 3.344907776551531153e-02
7.383393826632878021e-02 2.121122538369274446e-01
-4.336534366620335978e-01 4.707868589512897994e-02
6.888866275950966678e-02 -2.590644913700138607e-01
8.618241517439506616e-02 1.905191712199678644e-01
6.269669903270125300e-02 -3.387583651319375777e-01
3.256883911141285060e-01 4.093456750938051503e-02
8.641340197508318166e-02 -2.332812759991560458e-01
