4.740330528521531361e-01 -1.803770855950743712e-01
4.560015016261554921e-01 -1.433728087445699240e-01
4.906380855429285370e-01 -1.612819551140984853e-01
-2.094144176321999229e-02 -1.776868271697155111e-01
3.437303117395895669e-02 3.576048775664436574e-01
3.509531908491581031e-02 2.358240621261835646e-01
2.555768401699221037e-02 4.711884312360723470e-01
2.859535459193478513e-01 -1.357028680509400065e-01
-1.397415048312713459e-01 -1.413238090929915813e-01
2.952529722704555493e-02 -2.537420853131863163e-01
4.433480027257419298e-02 5.381114131178132975e-02
1.037110534139867868e-01 -1.375680121586664306e-01
1.022340702033331938e-01 -1.798227918342103493e-01
1.877992519717797126e-02 -9.247838637143801499e-02
1.855536789966930611e-01 -1.835324057496923178e-01
3.792490377972124183e-02 2.468576440522294302e-01
2.230931420728632375e-02 3.437687473687889295e-03
-4.876597786085729025e-01 -1.345084360803173729e-01
2.595774687217466958e-02 -1.744015508960706784e-01
4.924560669178357220e-02 2.851643888957756667e-01
-4.686809339493248627e-01 -1.640405955919018721e-01
3.512390640016095356e-01 -1.705192903426445694e-01
4.832364423800816766e-02 -1.693221550522883145e-02
3.949760545348744989e-01 -1.460610763321108507e-01
3.763133158239551079e-02 -2.981619745591190807e-02
4.382496016623638191e-02 -3.442816644597115339e-01
4.671074134989227078e-01 -1.538285007136604987e-01
4.415023864353750938e-02 2.021027405143205335e-01
-4.192053189683419001e-01 -1.367611206073613417e-01
4.294894598541066921e-01 -1.639162758839135536e-01
2.625579244163092074e-01 -1.605509437491168256e-01
-1.260279871825258358e-01 -1.436652724830060901e-01
3.643508848670451439e-02 3.761030963082065970e-01
4.317600031985169284e-02 5.170866342969537843e-02
1.083329103408625649e-01 -1.567877855488649663e-01
2.034120562067506244e-01 -1.732807574912070825e-01
-1.740327721395384941e-02 -1.707038157141176349e-01
4.647875927600042534e-02 1.154083502998963784e-01
-3.822005065726101769e-01 -1.588665602511155628e-01
2.549126604440133947e-01 -1.713003809518010012e-01
4.084562355431586855e-02 4.265866874245216600e-02
6.191171453316113293e-02 -1.520449584173056978e-01
2.182942014415167886e-01 -1.454971516438172685e-01
4.032340847378068638e-02 3.669028163537804144e-01
2.368452683024291350e-02 -4.505978926309737176e-01
-5.151109777170526094e-02 -1.431780994185323230e-01
3.326288369956698077e-02 -4.328475307973240760e-01
3.252034875115528134e-02 -4.237670417693373270e-02
3.989259661770720999e-01 -1.550954867529947823e-01
-4.881556679297976986e-01 -1.685913216527493708e-01
4.282476918365617502e-01 -1.846139945070224275e-01
4.085791134357541488e-02 -4.500858910325133966e-01
1.460184253766653173e-01 -1.701947034078398202e-01
-2.205533064470057703e-01 -1.823426442311419926e-01
-2.549105116168327578e-01 -1.554046073944481687e-01
4.481211274580143566e-02 -2.789413375030347364e-02
3.546853632001056855e-02 -1.781230369448580930e-01
4.880490807169741707e-01 -1.314310466898765961e-01
4.120639233384637556e-01 -1.670434553057432714e-01
-3.027265896304632831e-01 -1.606958076324219720e-01
-2.311825406181088338e-01 -1.665551218860394922e-01
2.236840347602184753e-01 -1.684028691622421192e-01
4.501347473677563826e-02 3.490345071711941083e-01
4.292839710020759370e-01 -1.729018080459975293e-01
4.153647662367269122e-01 -1.305693776271660278e-01
3.724935731434648734e-01 -1.708944184958570700e-01
2.847393141090170943e-02 3.041295180093639416e-01
2.671027165537205317e-01 -1.683360174653742991e-01
2.873927970324385850e-02 2.489546353236883336e-01
-9.675490919736273732e-02 -1.849058713572012680e-01
-2.196535565900528120e-01 -1.741777199892815542e-01
2.029405678128837209e-02 2.378322240771630902e-01
3.696733138072028080e-01 -1.533641565020916753e-01
-3.492092641828783428e-01 -1.601994100129440213e-01
3.580449278252106904e-02 -7.184792506757031738e-02
-4.995104324233091697e-01 -1.668510668118867724e-01
2.544392640950406959e-01 -1.506750059447963253e-01
2.544950591998158540e-01 -1.774558783887182356e-01
4.005109811936702346e-02 -4.309795636082991432e-02
-3.030561414733671244e-01 -1.437503759712573936e-01
2.136914163845737846e-02 1.667249726249022679e-01
6.435821795245966204e-02 -1.718870108562093879e-01
-4.265378752184925126e-01 -1.668086553002094963e-01
2.480613061135628072e-02 -8.044382871135535851e-02
2.998798008393599446e-01 -1.412871199929375265e-01
1.456914043709830464e-01 -1.745650935258737935e-01
-1.127256977994023357e-01 -1.338055346357341913e-01
-4.876252364607749357e-01 -1.643630661127180037e-01
4.926395608087619227e-02 1.465275327874679956e-01
3.760645475241153335e-02 4.134579904027203545e-01
-2.939005394560680884e-01 -1.388457483660667791e-01
4.476848371524533299e-02 -2.357359690539366781e-01
-4.784400340057650691e-01 -1.554559176026473200e-01
4.919515273342101036e-02 1.065202562839331346e-01
-4.655101393121375830e-01 -1.481128870037632383e-01
2.388242293509668102e-02 -2.118467143095510430e-01
-3.325423802924369898e-01 -1.491664806460404336e-01
4.397690233554829575e-02 2.278135541974389833e-01
4.405668279833490075e-01 -1.651839173726677990e-01
5.296503216091663635e-02 -1.556124695716303297e-01
4.896744162672341805e-01 -1.528148646991609461e-01
4.296155080082397770e-02 4.938214515524861348e-01
-2.907501379827204246e-01 -1.518618554006979648e-01
2.946559129318560011e-02 3.667520326210012005e-01
3.409723096512595752e-02 4.702738722047392628e-01
3.344095912745992383e-02 3.823203388971718741e-02
4.699269623454216394e-02 -9.455741422834473831e-02
-3.798429557223133024e-01 -1.633335426406922197e-01
-4.242008955180691654e-01 -1.624739544089924825e-01
-1.445705658390864512e-01 -1.318518124171744743e-01
7.760444032241808898e-02 -1.606278572620880585e-01
4.656921758868604044e-02 1.070694056969114794e-01
3.829150394245284250e-02 -7.956407750076999186e-02
-1.504414856603771833e-01 -1.745785865101895373e-01
4.116514357657813372e-01 -1.676270416410461372e-01
-1.355846384490112522e-01 -1.696856909478889897e-01
2.354161099309475258e-01 -1.814458168820772821e-01
3.717314686392825251e-02 1.437114068592304506e-02
2.811598331555664743e-02 2.723104605515150878e-01
-2.050137777812210960e-02 -1.582103349862300501e-01
-4.729271762097753129e-01 -1.506007131727854498e-01
2.118386501424196489e-02 3.181583909547769373e-01
4.691350369412028432e-02 1.965887867701960889e-01
4.646520763573518398e-01 -1.571311841614713156e-01
3.917913752776569503e-02 3.066401877537819898e-01
2.913843701882179449e-02 -2.487768869262727556e-01
1.811435617767829243e-01 -1.675184953169556179e-01
4.891448047902990925e-02 2.213862565193630561e-01
1.640013083010450901e-01 -1.306046734095581696e-01
-2.806353953299617343e-01 -1.627648023279673062e-01
-3.584333140133353357e-01 -1.610420719776607390e-01
3.359773360487816607e-02 -3.448850010160188218e-01
2.436755952848901341e-02 -1.069849242803043721e-01
2.986631195710409692e-02 -5.751039731996565596e-02
1.854059041673405961e-02 4.807363941428217657e-01
3.583777413010765800e-01 -1.453882987913078795e-01
3.141560208764393458e-02 2.745062515826117711e-01
4.966402693606190022e-01 -1.437392976156274260e-01
2.920385034350558850e-02 2.406137213088819227e-01
2.282613503959907142e-02 8.142281615420332574e-02
3.851707743902987868e-02 -3.091266572745956509e-01
4.222970459793395914e-02 3.400655904717752032e-01
-1.655325421833399036e-01 -1.319356045537840583e-01
1.966566737954367206e-02 4.563351199447680528e-01
3.623363209552687980e-02 1.516929512419561421e-01
2.654308686460893352e-02 2.678917154925627431e-01
3.186684853757748570e-02 -4.732690737475008236e-01
1.846800158081252086e-02 2.290857070657388306e-01
4.440965449171929702e-02 -3.321765924978787865e-01
2.982334637805361677e-02 2.586048808744066951e-01
4.597327087626221775e-01 -1.446893026948007366e-01
3.294858696243063712e-02 3.901569974656075024e-01
-3.335429847240678480e-02 -1.470344804969455632e-01
5.814394541591105803e-02 -1.548723727071822376e-01
2.588511495390288797e-02 -1.960312127685421846e-01
2.818279545334956282e-02 -5.977466494948835418e-02
-2.439028261042357482e-01 -1.676963493714774822e-01
2.919634853391228635e-02 -3.905647581167308591e-01
-1.561038007334603073e-02 -1.637865361819927923e-01
2.015207765735860246e-02 -9.556169453118323887e-02
-3.834933543965526326e-01 -1.496503379606032302e-01
-4.466780927482710828e-01 -1.819093688124374664e-01
2.126336892534687051e-01 -1.583182122962872862e-01
4.205116389520481279e-01 -1.454099408644073943e-01
1.939953319461307224e-02 -5.744879439982431002e-02
2.707529743813030798e-02 2.028191864406821976e-01
-4.464919772946355225e-01 -1.489686802904203189e-01
4.148792928379052558e-02 -4.078299474269891922e-01
3.110135418349546654e-02 -6.966653930779675985e-02
-4.721658615446644447e-02 -1.419703321462821854e-01
2.105854416236330184e-02 -1.733544409017874210e-01
-2.563042708509279954e-01 -1.537125714207255855e-01
-3.849239850036300092e-01 -1.553337456657529758e-01
-4.220020538851253500e-01 -1.836751981292581437e-01
4.251380397156770963e-01 -1.556743939439109159e-01
-1.327975863738065643e-01 -1.480322741306437928e-01
3.795945885783857943e-02 2.572846204017019689e-01
1.699164958851442364e-01 -1.383771537937433793e-01
2.108221737344148083e-01 -1.490417191461419488e-01
3.944266419903275089e-02 -3.659405020556419919e-01
3.426865660902111976e-02 4.133825613623671735e-01
1.849976409471731920e-02 6.635245941088774302e-02
2.155463801013680625e-01 -1.813286788565534602e-01
3.168823171969581409e-01 -1.329099935446759195e-01
-2.909900895030488321e-01 -1.702668259636744841e-01
-2.698061067442537597e-01 -1.300166339408779237e-01
-6.465962426276949948e-02 -1.770319071341328598e-01
-2.725125110639817771e-01 -1.420885414581861683e-01
2.738672829230814898e-01 -1.574417843340509826e-01
4.491377837653220961e-02 2.125071471332384831e-02
1.279581451060090025e-01 -1.326076652518602961e-01
2.028547588202448404e-01 -1.330398897290338001e-01
1.970385858894119213e-02 3.613512237092686430e-01
4.992308859254008802e-01 -1.822978897393195963e-01
2.904173069862547862e-02 -4.276673719750581082e-01
4.709827408695788087e-02 -3.170861013286238039e-01
3.561401839912381462e-01 -1.507335581778015410e-01
-2.885222403893231702e-01 -1.575645227656120584e-01
-3.144657120950007378e-01 -1.557023413166613857e-01
3.721255723719596453e-02 2.870994185522535158e-02
1.845697287979908285e-02 -2.606966650799484864e-01
2.025318836110845400e-02 1.630475189158817617e-01
4.780824157752350256e-02 -4.103792684210203490e-01
-1.136009265759581055e-01 -1.705845002034158675e-01
4.385210584267684730e-01 -1.633765464909054943e-01
2.005663046502803581e-02 -4.745045610037488260e-01
2.747883963864409251e-01 -1.818007221378519223e-01
2.182312685475819025e-01 -1.374053077171710768e-01
1.433059273583232596e-01 -1.347952697230636598e-01
-1.209054600083628861e-01 -1.534532087089200969e-01
-2.777999137592682688e-01 -1.806052803215757452e-01
2.294839149675932388e-01 -1.411162262005257739e-01
4.717146236293345840e-02 -6.175571142447400241e-02
2.553243818055180858e-01 -1.692432859454660043e-01
3.248839082770671460e-02 2.928854339200321899e-01
3.070568636542423402e-01 -1.377377535640702533e-01
2.255580488610198220e-02 -1.541414459877458176e-01
-4.344771716807731554e-01 -1.355245182121742609e-01
-2.177141482435569486e-01 -1.300750131491654749e-01
-4.915613400669605060e-01 -1.674163813142959256e-01
3.173093336761795280e-01 -1.591670855744773405e-01
2.597433784877271057e-01 -1.513375250670342398e-01
2.566007814754525107e-01 -1.606780308749664599e-01
-1.492647036713237174e-01 -1.554600976311194538e-01
-2.518790888718686061e-01 -1.623909260102167629e-01
2.016856444814396632e-01 -1.374959329370694094e-01
-1.094551019524552249e-01 -1.697192725344014441e-01
-9.959669825840955504e-02 -1.520834498021901293e-01
-1.691309932670148619e-01 -1.815450026250222670e-01
-1.208278237342259587e-01 -1.509598200615779318e-01
1.288098411609054361e-01 -1.508144444897824288e-01
1.864515950885327067e-01 -1.560406359215084082e-01
4.240426015237608315e-02 -4.614171012707826147e-01
2.069025285921510804e-02 -2.485773348661832749e-01
-5.239484968931606979e-02 -1.584815600071860509e-01
2.473005274791800767e-01 -1.852343675758028052e-01
-2.835299650693574591e-01 -1.834672131450187926e-01
2.526231764750264119e-02 3.502339739261562945e-01
3.889662302634422364e-02 -2.449162501772640388e-01
3.035602863423669806e-02 1.342871317588392177e-01
-1.761465048383230592e-01 -1.769610316082058654e-01
-1.907426882384769540e-01 -1.425963631065526593e-01
2.896009543061472957e-01 -1.684481677164529900e-01
3.224854031750382655e-01 -1.594623651493008998e-01
4.503891796839800676e-01 -1.508033407614256527e-01
2.742265567190582676e-02 2.410858951602409261e-01
4.769626978869128120e-01 -1.543075208018149791e-01
4.252699713573131479e-01 -1.601871756162721594e-01
3.517260099381730454e-01 -1.586627418881915164e-01
3.555252946801854552e-01 -1.728642690224999612e-01
1.764263161261609980e-01 -1.451005489213877953e-01
2.545572205824220280e-01 -1.853271688165010200e-01
3.101750069526012510e-01 -1.721885708148046534e-01
-2.074111954923910650e-01 -1.782904939418957779e-01
-3.536842916628791800e-01 -1.442099096937519143e-01
2.042122162939496999e-02 3.945354446997085818e-01
2.023289663492633395e-02 -3.090393785629254042e-01
4.121939366011624362e-01 -1.722144378977263912e-01
4.631171023842105550e-01 -1.323316646837564559e-01
1.941809140297487968e-01 -1.443944895768695114e-01
7.473621163719301741e-02 -1.832310581060040411e-01
3.215347730928656000e-01 -1.711552110413601113e-01
4.459066479139972561e-02 4.982043420947006584e-01
-7.512532365268598245e-02 -1.541118726924902704e-01
3.367752040995053431e-02 2.415521232533194285e-01
3.870006784265622723e-02 2.996096598995023896e-05
3.372431806167608404e-02 -3.869512713633761480e-01
-2.359784920062589775e-01 -1.412338629322594796e-01
4.211164506974751642e-02 1.232465827091061561e-01
4.622959700642959024e-02 -7.203474267118969987e-02
2.467471807439057807e-01 -1.304165692443900459e-01
4.729751776172170796e-01 -1.490278295726735758e-01
4.492417401695203427e-02 8.816748184591693960e-02
1.066813489358263700e-01 -1.458662630370836100e-01
-2.286290340087482331e-01 -1.672506073607235022e-01
-2.589869569381290093e-01 -1.413484048160987827e-01
1.636568538474753032e-01 -1.503702049077382252e-01
4.034871751212965041e-02 3.171837621843727195e-01
2.451996796056979955e-01 -1.420347856905540551e-01
-3.272057597860728029e-01 -1.574268656926771648e-01
3.040258488853009311e-02 8.997855989679548472e-02
7.835990913103352273e-02 -1.458525011986563369e-01
1.030318966901998534e-01 -1.699722510989017943e-01
9.245919818267778201e-02 -1.653046631194964311e-01
4.564490287945931479e-01 -1.572580066999605952e-01
-2.958032562897292550e-01 -1.694523707316260008e-01
-1.524123448690767324e-01 -1.729529213054459280e-01
2.264171977894480214e-02 1.438133132322116925e-01
4.706576796132044826e-02 1.628938914832913643e-01
4.762847007971060531e-02 3.594503818384169325e-01
1.350957077852156241e-01 -1.703727226379925241e-01
-3.968638598271980733e-01 -1.311124110976961132e-01
2.176434840907903734e-02 -2.905030274308951777e-01
-1.021101766697063429e-01 -1.619048497497341810e-01
4.634031526120729882e-02 4.489597198576293913e-01
4.236856823657164650e-02 2.187773958428691490e-01
-3.700267318320782373e-02 -1.578031946468161362e-01
2.979051735391369249e-02 3.821655695343446624e-01
-1.223678344787842986e-01 -1.619653586592600947e-01
3.918534892556549964e-01 -1.729876224736521806e-01
-1.208110530808450545e-01 -1.460424951170644636e-01
3.251889166264465558e-02 2.724679536948165781e-01
2.160413129128235799e-02 2.267044299877096769e-01
-2.254382792763223176e-01 -1.403122771710731964e-01
-4.928384030225774204e-03 -1.833634564137285317e-01
2.126375004892111509e-02 -1.358153265870432058e-02
3.143568318653755522e-02 4.079210352018216579e-01
-8.574497283686577376e-02 -1.463294910349125511e-01
2.435882251082699401e-02 -7.570399815844064406e-03
2.794234134320983109e-02 -6.196765969124684581e-02
-5.344576081231755538e-02 -1.705114488049571664e-01
-5.675075176530475218e-02 -1.712628766491732790e-01
3.501770989643804288e-02 4.055390409301450338e-01
4.177391848520728423e-02 -2.358983018297384771e-01
-3.428897071936399810e-01 -1.568484254190281035e-01
4.089840015946244467e-02 -2.971263514841337994e-02
3.796539283959527999e-01 -1.625899086928098702e-01
4.124779974095060808e-02 -5.113382223608498034e-02
2.864995158443227607e-01 -1.816220623440462090e-01
3.747205850796659909e-01 -1.341758320746424538e-01
3.377061688868510103e-02 3.131698314202957523e-02
4.164283999698226157e-01 -1.821188480682905952e-01
3.102322871683150796e-01 -1.491003471333189889e-01
3.367553933607703165e-02 1.247337465060400774e-01
3.908622799830407946e-02 -5.653002353202951635e-02
4.181575905672229032e-01 -1.807813981191063180e-01
5.582025941859336537e-02 -1.441885647951983707e-01
9.873865120327030009e-02 -1.514837363320878927e-01
4.579984718635444763e-01 -1.569391207517724096e-01
4.063819208586816334e-02 6.697124155892364428e-02
3.805258712675660959e-01 -1.642163493549163578e-01
-4.111646723629359679e-01 -1.503970520880159034e-01
-3.878258746023826031e-01 -1.493572147171429165e-01
1.851914190733494614e-02 -1.533975310855220098e-01
3.765171687735812123e-01 -1.536024433092284536e-01
4.832896043418488663e-02 5.413642959398456966e-02
-1.086848218364131480e-01 -1.294135920628562975e-01
1.917582749070845249e-02 -8.598334485130076921e-02
-1.569930000507632206e-01 -1.386794411587102260e-01
4.173625221815313591e-02 4.525167004973029705e-02
-2.116298289862993398e-01 -1.370914080666396639e-01
-4.897367315602393356e-01 -1.327300945793472575e-01
-1.350225904857030867e-01 -1.583917439660021964e-01
2.359525432272530088e-01 -1.662529413655572386e-01
2.881009414763491261e-02 -2.817042341950252160e-01
4.122637237204858085e-01 -1.342108139016315871e-01
4.936430881244902036e-02 4.538258199922295955e-02
3.838080836710758836e-01 -1.653190007204982104e-01
2.995626522589178720e-02 -4.520737558311828108e-01
-3.954686551807876649e-01 -1.351333159718983712e-01
3.431077250065472928e-02 4.234453365102530675e-03
-3.722241108239406904e-01 -1.522259759923991762e-01
2.262687137810452942e-01 -1.313766711021027156e-01
1.736403021687105142e-02 -1.697133198704769974e-01
-3.578063932317259166e-01 -1.641684205381485073e-01
6.762566952356641181e-02 -1.635936058754644540e-01
3.343174266110093829e-02 4.753473123637901310e-01
2.328929414403970721e-01 -1.329274006358923677e-01
3.758844189072541031e-02 -1.149603775367311620e-01
2.231399673577629805e-01 -1.489989878429254233e-01
3.148389483591848004e-01 -1.587590470358265504e-01
-4.541059267316311931e-01 -1.736845788813311531e-01
2.584634991345424737e-02 -4.427124955191563682e-01
3.053000253486248816e-02 -4.356684196130746756e-01
-1.835938124575485775e-01 -1.407045179110052446e-01
2.797592182503171321e-01 -1.748269895611795910e-01
-3.561512163254274554e-01 -1.685780062435583426e-01
3.866101461262587691e-01 -1.305718285606577433e-01
4.764453277321922808e-01 -1.633102648060561490e-01
1.918833719020407447e-02 3.820649051583191458e-02
4.872164394087119543e-02 -1.774919771766164667e-01
3.275653882479739876e-01 -1.494254016346555636e-01
4.569423450174270318e-02 -5.516365341177864590e-02
2.129177622476886578e-01 -1.355713128088565922e-01
3.999604915423371487e-02 -4.574095504479891439e-01
4.860399070080646533e-01 -1.786101664281172230e-01
7.904112762569159845e-02 -1.421842453922370630e-01
1.287849234474062188e-01 -1.524955577191887679e-01
1.337965511668565144e-01 -1.350217848138730581e-01
2.207299534546236508e-02 1.853918061759813884e-01
4.938499980707811154e-02 -4.458025447032626376e-01
-1.118343056657520318e-01 -1.498416054073146153e-01
-2.428089880975126125e-01 -1.294533582035887198e-01
4.267191229531224206e-01 -1.850066280680185971e-01
-1.525823419214720200e-01 -1.366214124803021290e-01
2.646841197834615134e-02 -2.175933053787585392e-01
-4.612454969317105746e-01 -1.794623165476245674e-01
-4.849086039856006503e-01 -1.568485372027099700e-01
4.344576219481413037e-01 -1.750393301993243833e-01
2.071163032635513490e-01 -1.605796475027519987e-01
4.013316355545918368e-01 -1.784260760085231157e-01
-2.189805020807380487e-01 -1.303397417613495479e-01
3.294235511916876469e-02 -3.212787013114921653e-01
3.252121631317872463e-02 1.626126649928810730e-01
1.886818608982510082e-01 -1.659396563147342851e-01
2.047822999020831869e-02 -4.549539273742607692e-01
4.236243631563847423e-01 -1.560122720505077165e-01
4.517630713751963345e-02 -1.489255450852113860e-01
4.266862116087688506e-02 4.760924708913905068e-02
3.421129300243732629e-01 -1.497131435279250855e-01
3.099654053292477673e-02 3.600280881493678198e-02
-1.764592254618883027e-01 -1.558749891917223795e-01
2.694953506853869918e-02 3.696880752714147844e-01
-3.061346285173929260e-01 -1.423522290307808191e-01
-8.550549492540748808e-03 -1.324101293698841664e-01
2.770353811592607407e-02 -2.711106799560555336e-01
1.456274382431559378e-01 -1.524709064567592032e-01
3.469601870393599352e-01 -1.627811902504034958e-01
4.183191857253198975e-02 4.582450960031013709e-01
-4.406684857585908555e-01 -1.628854691561844037e-01
3.641917033072787913e-01 -1.699165135410877214e-01
4.307175758981052205e-01 -1.843813748631565330e-01
-4.333380435987663759e-01 -1.813035671893006295e-01
-2.793029548229404302e-01 -1.834710803528402101e-01
-2.900380597197519394e-01 -1.838337170321376890e-01
-2.118851232009607566e-01 -1.487940367349407378e-01
3.250652585829516550e-02 -2.054279231199299671e-01
4.907953436549816750e-02 3.071499422549446301e-01
4.818241960035025695e-01 -1.730826641543341537e-01
-4.888576570360628759e-01 -1.370788162674919652e-01
4.236083301891169217e-02 -3.711065535173631025e-01
2.159003215700816547e-02 2.789711246233549380e-01
8.489646564145603147e-02 -1.716366256865800022e-01
4.511447098643650566e-02 -5.525292363305589483e-02
-3.917490985655760483e-01 -1.788031000611098875e-01
-4.321354351602778587e-01 -1.513488809744949481e-01
3.630475529402820145e-01 -1.747816927330043679e-01
-2.476677632215551483e-01 -1.784291000275977090e-01
1.899137165299873420e-01 -1.852450363802896627e-01
1.437213173695004453e-01 -1.740563290312201472e-01
2.130734487200136584e-02 1.563331780881749289e-01
-3.545919995703459282e-01 -1.317243183209350077e-01
-4.573211123233361652e-01 -1.314877137095110671e-01
2.278768286948151811e-02 -1.573619417626401784e-01
2.559071808921431490e-02 -2.977707715883730621e-01
3.839012170152069636e-01 -1.618392881202184164e-01
-2.404794115045039149e-01 -1.635699272641492064e-01
-4.017487407644915187e-01 -1.483794005354545087e-01
4.091153135891634207e-02 1.652124824557317240e-01
-2.953074112989511057e-01 -1.789599938926113021e-01
-3.299847931863940653e-01 -1.302576665351194984e-01
-1.267735545600164881e-01 -1.572611437758137942e-01
2.517562581248896647e-01 -1.358216173265140991e-01
2.038727899471588501e-01 -1.557948221082188223e-01
-3.978195805313543554e-01 -1.646533772757082792e-01
3.201976361685054950e-02 1.525245457981510011e-01
2.826522539075324580e-01 -1.598454552973438414e-01
3.366508077410211852e-01 -1.820284489961676577e-01
2.928634418155908747e-01 -1.314301025825264091e-01
1.543516183155969612e-01 -1.756382353843841670e-01
3.888575583079101339e-02 -3.301961355358462580e-02
