1.699154039757926338e-01 1.832771289882365595e-01
7.746544048377190794e-02 9.118345118096460311e-02
-1.776892345756818647e-01 1.613968469527943261e-01
1.009514242109232907e-01 2.525118980169991367e-01
4.586516986955861963e-01 1.572205611015586868e-01
3.404917847159528721e-01 1.495622909284137769e-01
-2.368960324681963492e-01 1.353315961387832056e-01
1.039699495056897183e-01 -3.603322549417328213e-01
-3.982381647484645182e-01 1.605413499846835013e-01
-1.876184849921568309e-01 1.763336731197215901e-01
4.011584289441040285e-01 1.710032437084570978e-01
7.967643118940748170e-02 -1.887540793129761640e-01
1.056180340450343369e-01 -4.748375841033490863e-01
-4.807334179616977732e-01 1.842126033983400024e-01
9.710010450112616098e-02 -1.804612710975654899e-01
-3.737359106373439044e-01 1.499103863333092201e-01
7.872959577497917749e-02 -3.899586876257623569e-01
9.527627373475422434e-02 3.939200855848635774e-01
3.577360229641035616e-01 1.606666120930282382e-01
6.107589888699171965e-02 1.790241679501106686e-01
-4.185957681314826928e-01 1.479950768786588711e-01
1.730618411509307064e-01 1.554110362906748755e-01
8.755263911706900881e-02 2.951544543646762442e-01
-1.733913660004227086e-01 1.629123561378719165e-01
6.761460887072812120e-02 1.465694694770052209e-01
4.403502836574274548e-01 1.791240035185573953e-01
1.427983539549255720e-01 1.697496098630737471e-01
-4.620149031888221014e-02 1.480696162539379968e-01
-8.903299988882673599e-02 1.581767033873162642e-01
-2.856582394872496655e-01 1.457155671958457743e-01
-2.690763847327825031e-01 1.448312880496551713e-01
8.592859137148534110e-02 -2.268293361102697858e-01
7.979948514666845849e-02 -4.537066804434823908e-01
8.426329119294773129e-02 -3.603716629343612921e-01
-2.486199093675102167e-01 1.523562387879833224e-01
9.734333431702923978e-02 7.497722705782405850e-02
1.092428437626413729e-01 1.585347423220654361e-01
-4.869700240263651336e-01 1.623130817048508145e-01
9.479200365320927801e-02 -4.710409517947700131e-01
2.234276823288650071e-02 1.365315230084865883e-01
1.055345540772333335e-01 -4.505526211697725714e-01
-9.286081401841583816e-02 1.373191816672088006e-01
8.852475478643362372e-02 -4.001784060492806772e-01
-3.385690442254419841e-01 1.417383598874065731e-01
1.029868664209924178e-01 4.075032017715043420e-01
8.235242799915398759e-02 4.655522402334738574e-01
1.048990202696846730e-01 3.197812801571756625e-01
-3.506425360169158623e-01 1.594094358428610470e-01
-4.430548874525214176e-01 1.537837099726043766e-01
1.575764072793139903e-03 1.309620072105157629e-01
6.077746644227743911e-02 1.424251457852563352e-01
2.732720948481116574e-01 1.475436457962933101e-01
-2.493042217456078458e-01 1.843267551554186312e-01
1.046871313438697548e-01 7.249315287073720970e-02
4.579680838373111351e-01 1.446754014554160195e-01
3.434869888162453977e-01 1.544397137933221087e-01
7.834491963066136933e-02 -2.656133558904588687e-01
4.426492659384515527e-01 1.568398229270652200e-01
9.472771063176477213e-02 7.120221187219000214e-04
8.355668059593834851e-02 -4.037757304354210319e-01
3.910365667684008173e-01 1.787394395017071203e-01
7.481990964445517367e-02 4.099809736593601484e-01
2.030534601829935282e-01 1.682581715520906629e-01
-1.331645645076547924e-01 1.728654333433734536e-01
7.176101346429297756e-02 -7.945381660325001594e-02
-4.305413278891421225e-01 1.526259117569787049e-01
-4.824383000590615200e-01 1.519876024679832627e-01
7.998875743639943803e-02 -6.315042084760602581e-02
-3.590947551344221278e-01 1.490448922632400253e-01
1.922499385745419787e-01 1.667617326387915710e-01
3.328160903487179523e-01 1.339818185637996484e-01
-4.943562109834384044e-01 1.480056546916423965e-01
-5.879910450201109029e-02 1.615049955315014385e-01
-9.725849685928578126e-02 1.689299541248083791e-01
-4.094619734493309959e-02 1.573160740893709830e-01
-4.999752667830156261e-01 1.593445456914646119e-01
-4.731984816959944329e-01 1.438227591960912211e-01
1.012975086902747623e-01 3.154360182489543973e-01
-4.165211037062692689e-01 1.709433188707889517e-01
4.268847859155788793e-01 1.542949268111132310e-01
2.539475314692958285e-01 1.641928046033358513e-01
6.155846157940925156e-02 1.778396712355503340e-01
-3.457942251547310164e-01 1.652080701519250683e-01
2.299659162156963976e-02 1.722312106171707269e-01
3.121535568781985681e-02 1.526960457607109412e-01
1.496389409114085023e-02 1.548910314412889067e-01
3.244059067998507073e-01 1.776618519343912128e-01
-3.224072508505415602e-02 1.679221800075880733e-01
3.916193719045182320e-01 1.572182819708118906e-01
8.681400178997611405e-02 9.353037170830247327e-03
8.898679051939717422e-02 -1.458679911607094759e-01
6.334007621028026058e-02 1.449381785906268538e-01
7.507346828370642378e-02 -3.583313114355133333e-01
9.682742640851138560e-02 -4.263463318234164134e-01
-3.889036711480923225e-01 1.292808044870373818e-01
1.087567113403076213e-01 4.862409212709378759e-01
-4.717701610564983827e-02 1.528700000461639119e-01
2.879623203662258213e-01 1.726836983151550653e-01
9.824628088302489459e-02 1.111445216341211406e-02
4.359201364697484760e-01 1.495504562801607262e-01
-3.460584483420895419e-01 1.514089659353038408e-01
9.030976073872065690e-02 -6.057117088637031799e-02
4.492659225256013800e-01 1.835227572605515611e-01
8.447457062455454579e-02 -2.615190675905163520e-01
-2.328864595558444162e-02 1.534961220664085024e-01
1.023372876750816562e-02 1.322749913047100989e-01
1.051080155829582363e-01 -3.470815292263195184e-01
7.050654035486192406e-02 3.895237928641126501e-01
4.871950391780921485e-02 1.487404784026259419e-01
2.508965649501604389e-02 1.592452219426007121e-01
-2.666373253998680637e-01 1.501294467920513132e-01
-4.030252064490912334e-01 1.797339176989979359e-01
-4.179918862307131500e-01 1.293022153487572989e-01
1.092977007434563497e-01 -2.202543677094309649e-01
2.174974914655904978e-01 1.828899972662243467e-01
-2.198751200410383744e-01 1.411988601343387995e-01
-4.323872827933835650e-01 1.348359849070416283e-01
9.400169568398364373e-02 -4.729269501021355904e-01
-2.129502930427510377e-01 1.784660824244865829e-01
-3.705889725324201800e-01 1.401809448016790860e-01
-6.694591136042638002e-02 1.453085687419506389e-01
1.012924622922130036e-01 5.446114150174652391e-02
7.106223281248880141e-02 1.863338498919794306e-01
7.206879280747424676e-02 -8.048891494961307735e-02
3.187378883837996835e-01 1.464677881344346178e-01
-2.315371010601809942e-01 1.425475849351331981e-01
1.957518585401066824e-01 1.760037103630405220e-01
-1.437216801916318953e-02 1.330711600065896949e-01
9.172097306374749071e-02 -3.155711311757961601e-01
8.605946885448023664e-02 2.445621186658107904e-01
-4.712564456610275343e-01 1.658359371206820088e-01
1.042152808651528595e-01 3.430280179289857401e-01
8.053351330443259126e-02 1.635555408816050660e-01
9.818220414563127996e-02 -2.318419906300080990e-01
1.089154119666870812e-01 -2.946742107140909450e-02
-3.466295135678898465e-02 1.794248891467884466e-01
8.524574910493298852e-02 -4.131645356058641916e-01
1.029885313997265239e-01 -2.271147177775112436e-02
9.436913038922911667e-02 3.284311429498019130e-01
1.005846106429978404e-01 -4.697692337583945221e-01
2.130134481014955838e-01 1.313601068387137971e-01
9.431609581661171138e-02 1.029421422279569454e-01
1.220737745870352775e-01 1.593983535611878111e-01
4.508344722009156591e-01 1.304091617992284569e-01
1.497689893888934920e-01 1.328945853280082412e-01
-2.149620224924496670e-01 1.580782762696959498e-01
-3.740421475443551635e-01 1.748823981098989178e-01
7.218681494542522614e-02 2.543131711175362630e-01
-4.659358734065142116e-01 1.668737953865284673e-01
-2.368574905498042060e-01 1.290531802218668478e-01
-2.837962858375409070e-02 1.592106441229343972e-01
7.972871402322545542e-02 -3.328511812580631224e-01
4.994214109311976291e-01 1.360013796359265115e-01
4.539897730574932178e-01 1.607026177848367432e-01
-1.787494736500098158e-01 1.335177988303428709e-01
1.344002790686331661e-01 1.317373181263921111e-01
-4.865438633836703941e-01 1.385525123067612441e-01
8.374592895320320807e-02 -1.744498447880094005e-02
-2.930727055641513257e-01 1.534417196021908847e-01
-2.459428204322522404e-02 1.823169682377531187e-01
8.783773459137667050e-02 -1.007586106492801559e-01
-2.194976287779499824e-01 1.792315134299131696e-01
2.145748916302411269e-01 1.749785146651533507e-01
-2.090364542425826588e-01 1.628545973339794450e-01
-4.254555416416164748e-01 1.842999333955501751e-01
8.181720578276441280e-02 -3.546835093712289444e-01
2.324848735714183379e-01 1.733546557142084943e-01
7.975800260741383596e-02 2.969118828050841818e-01
1.039374461703724828e-01 1.994408677152728071e-01
9.633797764387586060e-02 -3.231985921069350232e-01
1.542680464974044430e-02 1.487991934697570073e-01
-4.344415056157922006e-01 1.357502675653201596e-01
1.087088190894107687e-01 2.685085095937767008e-02
-4.198606741518964292e-01 1.423627761279709913e-01
-1.445338679121469516e-01 1.527844268775337966e-01
3.818568510101472135e-02 1.749467429105683314e-01
9.435840649077442688e-02 1.681707310834315017e-01
7.491829703655739081e-02 4.847737369339746305e-01
7.045691113477259293e-02 -4.703484972602538505e-01
3.544127693907254129e-01 1.797599198796353548e-01
9.433032301628840877e-02 4.689761836613973722e-01
-2.370764846842965401e-02 1.438037731463795987e-01
8.145960854786971073e-02 1.934166986316074865e-01
2.255559258450894333e-01 1.813818415180838972e-01
2.287311151824511501e-01 1.721392916530044559e-01
-1.798684039268632073e-01 1.340328286730911866e-01
-2.038568852375957086e-01 1.673668770057029631e-01
4.007190222836476412e-02 1.487667683696368703e-01
8.842104336761902328e-02 4.507719888385401941e-01
4.059501577360846714e-02 1.732673900819533541e-01
-8.631149421043171621e-02 1.736022181615717308e-01
9.424768588334320185e-02 -3.952466616672858368e-01
7.234438812583610101e-02 3.989771591170311327e-01
1.221674888334944864e-02 1.586591419551983684e-01
2.474697429252925573e-02 1.456332605465019414e-01
9.716761510400950819e-02 -2.897581247238225632e-01
7.138717300877250871e-02 8.762074361090443908e-03
9.793222940920898179e-02 -4.458782190269926504e-01
1.018531623344317572e-01 -2.378276452433476518e-01
8.641749033277068559e-02 3.780685161121363214e-01
2.804697776046123359e-01 1.588601715191104713e-01
-4.567914399315031737e-01 1.730119984021779578e-01
-2.418730804064850304e-02 1.648165926266703663e-01
-2.393577724326266809e-01 1.598940572694702578e-01
8.442345264443062991e-02 -1.428938241714992063e-01
1.073766076031835714e-01 3.270678163157242357e-01
-3.338568850804590760e-01 1.460968558128076245e-01
8.366231988419836618e-02 -9.837505031885585005e-02
1.105559055829643533e-01 1.045068381527745061e-01
1.232310963904973411e-01 1.466294301959094604e-01
3.593662183155598155e-01 1.669352400019316063e-01
-1.595060891250342783e-01 1.547002617713176820e-01
3.958918650173173237e-01 1.786666613217451349e-01
-7.583476931172694613e-02 1.535511500430402076e-01
7.800484230373561090e-02 3.866527462897524359e-01
9.714106655732612783e-02 7.861791817660046533e-02
8.822618241332691458e-02 -1.683848675119951066e-01
1.095286996233175714e-01 2.446792624192436483e-01
1.057697026375352678e-01 -4.060930578339139174e-01
4.829317063378069097e-02 1.546491389597135502e-01
7.931583617698079181e-02 5.004054710035088505e-02
8.258193876108188558e-02 1.240589090437909103e-01
-1.210407592614533012e-01 1.314027591848392351e-01
-2.558219498834835015e-02 1.555772716069205863e-01
9.985074016136552544e-02 9.834309641043359473e-02
1.052934884255871673e-01 -2.082477961843666181e-01
2.946769602071754868e-01 1.647984133746149826e-01
2.940051929772113937e-01 1.648486094291989890e-01
1.100123559185065547e-01 4.581072810952904195e-01
-4.723969510758311285e-01 1.815883895641872137e-01
9.611684680160659244e-02 3.835481801221488629e-01
8.142419685500412729e-02 3.566521062668238651e-01
8.750059519908370831e-02 -2.891261818037164089e-01
7.671336669142136966e-02 2.956042300540482337e-01
-1.443640004732519300e-01 1.402089046237362524e-01
-2.639661652437840234e-01 1.763090015690099710e-01
9.131227615708570333e-02 -3.419141120889804819e-01
-4.066575832434649040e-01 1.636561270732407314e-01
-4.940785726793400778e-01 1.509278018712041369e-01
7.569399102257512446e-02 3.790675209625624653e-01
1.021187849588673924e-01 6.658378272724585489e-02
-3.632029732054509186e-02 1.333775187369410364e-01
9.309406124578090136e-02 1.802689149097800314e-01
7.426192003736298286e-02 4.808173943474746137e-01
-5.992304614389376560e-03 1.572934547603157540e-01
1.009535509504806416e-01 4.636092179722264284e-01
9.290337267665660370e-02 2.628311056904309995e-01
1.193467062232184128e-01 1.626921165817666326e-01
1.028840995528859104e-01 -3.317682401071652132e-01
1.119768050273950433e-02 1.673400648254455003e-01
8.385679600796691613e-02 9.435538264899934191e-02
1.096660858532633176e-01 -3.702397569523382392e-01
-3.320145145175531498e-01 1.428949266817215458e-01
-5.580737330733687163e-02 1.777338592285998553e-01
1.023274406464108610e-01 4.284250656363720600e-01
1.085774169511061205e-01 -3.060063226869443875e-01
8.883105199168495059e-02 -3.050675462902623369e-01
4.358739829392921372e-02 1.615550431216631333e-01
-4.838053201782964718e-01 1.314189276604040835e-01
9.059504130098683383e-02 -2.471484455441411709e-01
7.360601150051326869e-02 -4.795174530049858275e-01
7.376170952692595595e-02 3.815756373421808068e-01
3.120402970671167786e-01 1.637645203900491842e-01
1.452126399881163987e-01 1.580956435743160471e-01
7.875826272782393556e-02 -6.260892518349747693e-02
1.028637292793835867e-01 -4.552178756482426758e-01
-3.233302927751932065e-01 1.342719367398997887e-01
1.065939909111317530e-01 -1.953717364002671708e-02
4.114934891963574204e-01 1.537747348764051392e-01
-2.411242728423805826e-01 1.463779646022362879e-01
9.242339451912817694e-02 2.937499108279801874e-01
7.734164233794915688e-02 3.997641966319588347e-01
1.084030652493604974e-01 7.937618934768997381e-02
-3.299027705183226189e-01 1.694108949507932005e-01
4.914713607640930348e-01 1.844336797847350162e-01
-4.387737680162483445e-01 1.412493400855049375e-01
9.762435002062352929e-02 -5.949625460845453517e-02
7.844987034406203374e-02 1.945300691375165814e-01
-3.873655637574021648e-01 1.805335309046594006e-01
-4.876178499601520056e-01 1.528542557012633196e-01
1.568517485602686223e-01 1.808117399393962543e-01
-4.048366530447145006e-02 1.291662412429800399e-01
8.573797722142251221e-02 9.956520787467637579e-02
3.014256964445688469e-01 1.465430021335639710e-01
-1.800148786109913024e-01 1.458029678129683093e-01
1.099493774955837555e-01 1.130606432617857759e-01
4.598937493379129382e-01 1.308339749717870593e-01
7.368042892600457083e-02 6.034247264859193827e-02
8.107071320166447936e-02 -7.309107307095097372e-02
-1.557023217817846694e-01 1.543692850495130831e-01
4.055096547418702846e-01 1.773279123004916080e-01
1.818085688416458678e-01 1.355596638583964619e-01
-2.986940500970364232e-01 1.769534739159355219e-01
3.653017471531042615e-01 1.637658068320234639e-01
2.103091306952143968e-01 1.805845268196589748e-01
-1.754833119952178278e-01 1.540524850501582277e-01
2.200320586633867093e-01 1.445959057649300883e-01
-4.283481423289178247e-01 1.725951204171172204e-01
9.246461482379386698e-02 -4.341595160673519249e-01
8.953932493044469698e-02 -4.236521711000705848e-01
-4.020020598302791459e-01 1.317777585422913456e-01
1.088692801553248213e-01 2.896378916231167056e-01
2.637755584740392178e-01 1.547884881646861555e-01
7.610200114187304354e-02 -8.171407282168063890e-02
3.881715104683294282e-01 1.524407428469463088e-01
1.025264278283674058e-01 -3.579698898242764660e-01
9.207478670783064700e-02 -4.360121692301055507e-01
3.250001019525903256e-01 1.783344638291080031e-01
4.236933784138274817e-02 1.677542371368604401e-01
9.212058203984829774e-02 -2.360262466204890996e-01
-2.893283271245528088e-02 1.294209465610648424e-01
-4.566096969923183480e-02 1.678534545566272573e-01
8.162425474572077011e-02 -2.768840949491286896e-01
2.870844181653486871e-01 1.532656881086670309e-01
-4.974611195849509837e-02 1.523392335842946865e-01
-2.802846968330368060e-01 1.430313305881423247e-01
-9.059490858463037366e-02 1.590335677278567061e-01
8.652610826535489519e-02 3.509829954063858892e-01
-1.154454280054846294e-01 1.435814265903270215e-01
8.613677935535513086e-02 7.631878653075130359e-02
2.075588348848442788e-01 1.549017943434174427e-01
-2.867064074330037959e-01 1.605371767815561013e-01
-2.100562867551266644e-01 1.720175978504436820e-01
-1.819209681559763592e-01 1.777142233601911592e-01
-1.044818998880904237e-01 1.789524311258376965e-01
9.943669146772393663e-02 -2.375261110099755602e-01
8.982194354954009530e-02 4.429672093283313350e-01
9.167173946468432089e-02 -3.611098836821675651e-01
-2.648263923671330122e-01 1.749651995033213447e-01
4.756477836198619302e-01 1.490300831141858628e-01
1.033220499854269336e-01 1.831857551650890592e-01
1.121232128180102983e-01 1.290533600392730351e-01
1.604879318909464558e-01 1.517685193946666233e-01
4.752149403617487167e-01 1.494139830033500704e-01
9.996890280086945246e-02 4.642794315896308088e-01
2.747213835059971743e-01 1.685606737221584384e-01
7.738741829137363304e-02 -1.370527792202346218e-01
-1.671914107265537464e-02 1.288922838982512475e-01
2.799859454225984701e-01 1.466448048578339325e-01
-1.637018155034352107e-01 1.604852732042207908e-01
9.581826108891011717e-02 -1.845166089836887124e-01
-4.162438709897974265e-01 1.387650823708325154e-01
1.045697318539733356e-01 -2.074220985854339228e-01
2.831431293448187780e-01 1.523248428734682580e-01
9.666485061414853419e-02 -1.695954915586941336e-01
1.042242868685746560e-01 3.280504646349078346e-01
8.875888861274583430e-02 2.482082878253097924e-01
8.993253327386108165e-02 -4.832385659247816490e-01
7.933582420402796043e-02 -1.290353115361188019e-01
-1.220995653732891428e-01 1.567725538744149105e-01
-2.659813165359636855e-01 1.617228439322531131e-01
7.558121063184353172e-02 2.512596720771590464e-01
1.757284281525152148e-01 1.750217541848975156e-01
4.355166702239650078e-01 1.288674414534776158e-01
-3.417329151737535931e-02 1.745005601965058384e-01
1.799107618238415807e-01 1.431226219537743427e-01
1.092226164366322250e-01 -1.992068435980227648e-01
-6.914585298097186694e-03 1.467191328282592133e-01
2.829943181534606556e-01 1.527264512741670632e-01
4.801503510165212596e-01 1.580874932220626139e-01
7.590336743288850219e-02 8.298864480303003166e-02
-3.364439733396553667e-01 1.351588008674169394e-01
9.106934481215667176e-02 -1.518343844675285048e-01
1.105262428672586505e-01 -4.864453145833109726e-01
3.746365847231625246e-02 1.324837629247117565e-01
2.180806440505063115e-01 1.794024797384913272e-01
1.025307679114715320e-01 -4.005495382575857688e-01
1.036879901360553413e-01 6.867351021023948565e-02
4.233118253730164815e-01 1.601141015127806044e-01
4.844240410270661545e-02 1.671673777756641499e-01
4.413178787005967996e-01 1.747532301326505388e-01
9.682167940210639756e-02 -9.556734711416159378e-03
7.298639103798509886e-02 -1.794198316552073624e-01
8.884115284219795683e-02 3.836395610249466737e-01
-3.466723654782961628e-01 1.494478095052542699e-01
4.483547667260338043e-01 1.502364608817146063e-01
4.667461891469579793e-01 1.637055468232719857e-01
9.177971934465911641e-02 -3.636396545582981643e-01
8.447064358060696332e-02 1.168787160290829519e-02
-4.371949964671428823e-02 1.353696322310850020e-01
3.459603538297004732e-01 1.472167240674554511e-01
-2.778476249081411886e-01 1.537589181984563291e-01
9.195445062464768782e-02 -4.473604466814840031e-02
1.058430227652998878e-01 -3.378336072503196341e-01
3.088445941249684523e-01 1.758448053195299510e-01
2.896032728603991080e-01 1.327476071758916243e-01
-3.480041122332391268e-01 1.757304644894323031e-01
7.882600794312566439e-02 -1.363558802400136605e-01
1.080036316596039159e-01 -4.188633128705203656e-01
-2.355242732041290532e-01 1.519716404802224918e-01
4.621345242635905848e-01 1.798780655572512766e-01
9.075010334181154992e-02 4.958983178781743995e-01
5.506644346985145599e-02 1.755855354519626488e-01
-6.923341010504224791e-02 1.312143388143388600e-01
1.009936368390688122e-01 -3.830880999821173472e-01
8.200667772295267000e-02 1.525625381244271050e-01
-4.480492668987654525e-01 1.547610991871681829e-01
-1.998159730433567427e-01 1.816386035170122204e-01
-4.515944406322156546e-01 1.315082507345267659e-01
-1.758747704433204495e-01 1.575745721596538695e-01
5.443272321193182162e-02 1.435217903882718415e-01
-3.580335795191676995e-01 1.688413239324318971e-01
-2.650917467769766667e-01 1.685704319263374718e-01
1.208439609646069224e-01 1.394384928752653297e-01
3.746044532841762420e-01 1.335733541289066961e-01
7.721101188555123951e-02 3.671443235133097227e-01
-8.784263904601852246e-03 1.417727700503477184e-01
-1.184207914206664158e-01 1.591978759520128461e-01
-9.719996410602138592e-02 1.337045715524951550e-01
-7.124442873276981558e-02 1.807830514938502109e-01
7.030166514717461901e-02 1.099398780026105138e-01
-5.412051230557279879e-02 1.619321027227199616e-01
1.057099257210092347e-01 -2.546838094761070259e-01
3.713511988894728777e-01 1.502806451470827254e-01
-3.273750008974352088e-01 1.567455857654517226e-01
-3.474702665955107239e-01 1.393848077619813663e-01
8.247739394924591405e-02 -1.843957271153657818e-01
8.049245334595256374e-02 3.274118316285160590e-01
1.089289090260671111e-01 1.998515711926617255e-01
1.458526782398934518e-01 1.303084667546851039e-01
8.160295021587948838e-02 -2.106725503790837228e-01
7.894692061762553781e-02 -3.931661805385187058e-01
9.377017186774450064e-02 -6.435287469708916852e-02
8.366215836552570728e-02 -2.117047364400533871e-01
3.571450422444308881e-01 1.517717849497135507e-01
2.638997116236139195e-01 1.589713194907674820e-01
8.037680690529536154e-02 1.485239603532038100e-01
-3.230928433764030938e-01 1.556256221117768845e-01
1.650782324256393485e-01 1.405316841042862919e-01
8.966295646826560883e-02 -1.414741254232114720e-01
-2.908134070793874093e-01 1.661713727033533594e-01
3.080495395346271037e-01 1.369241824709755972e-01
-2.841418430174986742e-01 1.533864446129221681e-01
8.496835099839850081e-02 -3.661446504935943480e-01
4.059355799761409367e-01 1.486355036914844829e-01
-2.307237256158655159e-01 1.660679295069908967e-01
1.092606038462898832e-01 6.942385525149452619e-02
1.081647992126545388e-01 5.097861271459691590e-02
-1.842739927437166969e-01 1.417534542505602957e-01
9.379425142826502970e-02 -4.837996899782855964e-01
9.676122857695257373e-02 -8.739638679843098057e-02
-1.432762171547483643e-01 1.782172729522479848e-01
1.001612758102563561e-01 -4.014027869895152589e-01
1.005549146082750367e-01 4.750567452465613849e-01
8.353928584912129196e-02 3.727424258841248728e-01
8.339048569051477067e-02 4.325536038545779727e-01
1.000727161577555924e-01 2.428315688098680036e-01
4.313469166608552285e-02 1.655689554547694620e-01
7.437241885498957483e-02 -2.819707041402161884e-01
9.982468985430781316e-02 5.667229990271338558e-02
