-4.124612135487027986e-01 -1.794614362126586427e-01
-4.469691683324625853e-01 -1.675608642503814139e-01
3.595761211809400670e-02 -1.770079614598319973e-01
-5.967301610189623684e-02 -1.608471387255620000e-01
4.021216203854871551e-02 -1.673185988384822132e-01
-8.228026609938221547e-02 -1.902610313139616594e-01
9.291018343905221855e-02 -1.356333883633915605e-01
2.698561122902276566e-02 -3.205256767988353683e-01
3.590365582531402922e-01 -1.900331051933623616e-01
-4.208459473301785492e-01 -1.786551039888002457e-01
4.239980212551508476e-02 4.715063553308582733e-01
3.211792094460785840e-02 -4.804622976591165218e-01
-3.099020099613294388e-01 -1.591874644258329807e-01
-5.772706459933729661e-02 -1.377137307485531981e-01
-4.122697051902641796e-01 -1.488210930512992025e-01
-2.720838914945933329e-02 -1.730689290123658131e-01
-7.904234557686740104e-03 -1.350078028144710007e-01
2.569679837919780496e-01 -1.905511936364686632e-01
4.317267889517595325e-02 3.331666563781382484e-01
2.847437405974539981e-02 -6.821171530101788338e-02
2.450205049157849757e-02 2.543308284693447385e-01
-4.906656085616706298e-01 -1.869643170533675791e-01
4.332827968908214977e-02 -2.702655239123551434e-01
-4.177345303281664313e-01 -1.473364721134141631e-01
3.979453762294977714e-01 -1.720340072821554545e-01
-1.487482989964244995e-01 -1.704655231344428534e-01
-1.859637424415599982e-01 -1.603467973888683673e-01
-6.986289169164439095e-02 -1.476949516677716900e-01
-3.835433678318854733e-01 -1.891687254063346701e-01
3.962714896970973566e-01 -1.783752510995941787e-01
-3.967759422711665263e-01 -1.840826351820292750e-01
-4.166269839624573423e-01 -1.802783441082588256e-01
-4.804855651984730747e-01 -1.571560940037449727e-01
-7.062020070160457408e-02 -1.759822280556357921e-01
3.087734523893325145e-01 -1.876704631752529329e-01
4.826921565185984253e-01 -1.608768783873318897e-01
-2.929914861238213097e-01 -1.517933076213098254e-01
3.722000437024319819e-02 -3.117185749079238732e-01
2.709312710900525500e-01 -1.858550880225301460e-01
3.713590490723163162e-01 -1.742057931829869011e-01
1.606212861308297102e-01 -1.695742694297873721e-01
4.843627184912413508e-02 3.093920426337061214e-01
-4.745608277885140502e-01 -1.533748723205982101e-01
1.844320923389120015e-02 -1.119692967852649046e-01
-3.483676581462152866e-01 -1.510121749455446416e-01
-5.512220388717625763e-02 -1.601708087468056707e-01
2.271493655057277294e-02 -9.065461199889046640e-02
-4.278956116757101080e-01 -1.530019111339602222e-01
-3.621498356731313040e-01 -1.399210884682078326e-01
2.947712348370895574e-01 -1.575072898735548899e-01
-5.544805366758676080e-02 -1.889491948597250559e-01
4.852356519305439653e-01 -1.920093802186400023e-01
4.321627755267987148e-02 2.824038479555682768e-01
-3.200884339505905007e-01 -1.736500692446710792e-01
-4.000571850018785902e-03 -1.755142310648650783e-01
1.797285419544902840e-02 -9.947251894425990226e-02
2.626995542482546409e-02 -4.037502474091564375e-01
3.668484007270913505e-01 -1.653621302440819729e-01
4.064723295270789016e-02 4.998981623631504334e-02
4.458220414216618188e-01 -1.515667553219549601e-01
2.647128038212901435e-01 -1.862706956871383879e-01
3.236669924194868209e-02 -2.533311899453630778e-01
3.275972190413858343e-01 -1.562482943736899221e-01
-1.762969681901930263e-01 -1.617643065895718602e-01
3.241361404803028146e-01 -1.776885631021922762e-01
-2.719622761820194023e-01 -1.719487205461621704e-01
-3.992369198181784373e-01 -1.774424542017528639e-01
-1.869655183645876351e-01 -1.740475576857578588e-01
4.352318002725497070e-02 2.524599731138568171e-01
3.183825090953146253e-01 -1.669004490818931652e-01
2.928022438686983531e-02 -3.688119484401100046e-01
3.431946864479473724e-02 -4.983792725711853056e-01
-1.703642526592167306e-01 -1.631023352606286725e-01
2.521253375539955766e-02 4.568056255245379615e-01
-2.060644105431669315e-01 -1.677103391027964241e-01
4.565811382183637690e-02 1.095632871307283818e-02
-1.337767251903323462e-01 -1.864863635461430080e-01
3.895242531723352997e-02 3.020715995694216449e-01
1.530336593023801095e-01 -1.844746906631742345e-01
3.243238855302316148e-01 -1.433903491346578685e-01
2.988284422441667143e-02 1.675292628608637813e-02
-4.633809889309165042e-01 -1.633670061701462117e-01
3.827960557018028620e-02 4.760337670935124166e-01
1.336168862704528726e-01 -1.744055035399108000e-01
3.446611143717459580e-02 4.330101269162649480e-01
-4.553971396022171714e-02 -1.639606374122345445e-01
-4.493303159418298165e-01 -1.816060563147671170e-01
2.716339585057235828e-01 -1.847849596877826350e-01
4.839198710470848930e-02 -2.678204777042215712e-01
-3.308235987618999285e-01 -1.479129157049378085e-01
-1.508824489668445512e-01 -1.659524391959230627e-01
3.295462864347050713e-01 -1.534314702915559048e-01
-2.755265492873026911e-02 -1.893615102866651467e-01
-2.098966651403069150e-01 -1.490085500946701780e-01
2.712232931843455708e-01 -1.446343273308758892e-01
2.791927453694464933e-02 3.917275756141875842e-01
2.912879570304371946e-02 -4.000123320292765516e-01
-1.546004838879146970e-01 -1.687808336486515959e-01
4.275437394467196395e-02 -2.914223518572540694e-01
7.084258024754286343e-02 -1.629302998950119541e-01
2.843455412215096789e-01 -1.805672920123839731e-01
4.815492815541788652e-02 3.513264957726481841e-01
2.548899721713672184e-01 -1.501557431252070751e-01
2.532949254539320627e-01 -1.550936255212014281e-01
4.000738474745868523e-02 -3.378910695195551650e-01
-4.818790908471388690e-01 -1.486052853669991292e-01
2.844186540763727900e-01 -1.418794235202163190e-01
-4.435258836718197761e-01 -1.474493124523580390e-01
3.362131832767145667e-02 -2.735411277035122435e-01
2.758772047280396711e-01 -1.504349524199912747e-01
3.901265890260867675e-01 -1.354604707320334889e-01
3.442034379997549465e-02 3.399896032411429125e-01
-2.753388591201803015e-01 -1.815735651945831197e-01
2.830227558743529936e-01 -1.816501787492882380e-01
2.139651131100506198e-02 -3.727378505415672727e-01
2.429097596615897858e-01 -1.574986966215727868e-01
3.264918524122405463e-01 -1.376764333196440759e-01
3.223520915948163701e-02 -2.054916122266217116e-01
8.203413075969712143e-02 -1.438672422847723231e-01
1.640223840102827957e-01 -1.531019733554210838e-01
4.483187544640887534e-02 2.176086625581971079e-01
-1.092541295485524033e-01 -1.654200137855843522e-01
2.914675576399983203e-02 -9.517297172668948146e-02
1.947048613359059210e-02 1.442038774098189924e-01
-9.679412146426036312e-02 -1.846874305273965566e-01
-1.324639287724598269e-01 -1.475649345224534503e-01
-9.371403575383874252e-02 -1.578575672518628403e-01
-4.914491526946221933e-01 -1.413790149762358395e-01
3.868874881817085942e-02 4.649699007656586947e-01
2.775516232187080767e-02 -3.142410125955934497e-01
-1.509689238266337385e-01 -1.677358256642972334e-01
5.089993632331646367e-02 -1.414413042367672624e-01
2.255210619325498378e-02 1.424479618302516570e-01
-3.724147697529154311e-01 -1.869721726590234390e-01
-1.675707202321823353e-01 -1.390564319454238307e-01
-2.578922675530131992e-01 -1.527580054060804216e-01
-1.649417520107299140e-02 -1.675183169239455871e-01
1.838020758699184798e-01 -1.525289484040047716e-01
4.671091217521827765e-02 1.744648890525162255e-01
2.471140236205993101e-02 1.666942505614714687e-01
3.533896945651727739e-01 -1.429909078986374427e-01
-4.443423427032300310e-03 -1.381628137337098661e-01
2.649450244794576692e-01 -1.388827603281429512e-01
3.251773085042177769e-01 -1.576648472720889593e-01
1.108311388867013747e-01 -1.550610790406613537e-01
1.467449380655688751e-01 -1.501463931372598593e-01
-2.898735838004016241e-01 -1.745241332461006101e-01
-4.528711582939848324e-02 -1.642098017573896396e-01
4.748649183524078499e-02 -4.130523380719542947e-01
4.059683289607796119e-02 4.896869404113537438e-01
4.228415882551794791e-02 4.040363375439289806e-01
1.404539750582401991e-01 -1.603069566364085929e-01
-2.468342498138154095e-01 -1.702740487125593560e-01
3.613174992856105217e-02 3.500990783942018458e-01
-8.034747535610087255e-02 -1.365298598305254574e-01
-4.058870253506563497e-02 -1.742151212938339855e-01
2.168288071370693126e-01 -1.367828960876011912e-01
-5.028849522421441343e-03 -1.572707473133129197e-01
-1.344029108034334730e-01 -1.872256472948158335e-01
-2.145857597916064341e-01 -1.560819443688972186e-01
-2.378427583723904393e-01 -1.730572213031045248e-01
1.912634262205011870e-01 -1.589208342158507925e-01
-4.705100865923792508e-01 -1.625263141404478251e-01
4.927361959072391606e-01 -1.539051565089942786e-01
4.080862972293147761e-01 -1.479963587180187501e-01
4.842071307760376087e-02 1.747800963132299934e-01
2.384057354723129185e-01 -1.542925268377490777e-01
2.820714930804579801e-01 -1.809293378797340868e-01
-1.709316395617528350e-01 -1.842791401382769534e-01
3.869626279316551454e-02 4.055527957662431460e-01
-1.583690574219402958e-01 -1.652733966450673497e-01
-2.743952672922909120e-01 -1.593020497029142835e-01
3.712805768270888152e-02 5.914735903411061368e-02
2.972718997611922820e-02 -3.283348198974166410e-01
-9.653013144006750146e-02 -1.518685799949422988e-01
2.330160531903291421e-02 4.320517854688715742e-01
3.746897507436143249e-01 -1.563966061046848655e-01
2.871412056671718283e-02 3.530107116570545545e-01
4.602450787287515332e-02 -2.676924693783888642e-03
-2.900244733568106970e-01 -1.755933727538976363e-01
3.027864007265301804e-02 -2.421387494301799892e-01
2.114850616866092992e-02 -4.768051057613628130e-01
-4.582961491162682588e-01 -1.899438428610729090e-01
3.155640383758573364e-02 -4.199609477509470556e-01
2.305645584829474348e-02 -1.960987446694769654e-01
-1.710158876897738267e-03 -1.861738695141988975e-01
1.579198105731687285e-01 -1.396723629002928346e-01
-3.124414760950209313e-01 -1.891475434188765181e-01
2.615404883143539472e-01 -1.710154979156007782e-01
1.740468144198781264e-02 5.774210011619329563e-02
-4.857040004217547668e-01 -1.853788286595032808e-01
4.119763040638089180e-01 -1.383969756782165161e-01
-2.920850150118158295e-01 -1.713820681294617732e-01
-2.548171758119184283e-01 -1.780960176508736836e-01
-2.885641189130928597e-01 -1.872223345972012787e-01
3.384591791625192192e-01 -1.846866298491656178e-01
-4.178004352248898545e-02 -1.481945092463118341e-01
4.593938185089441184e-02 3.465532854842438004e-01
1.759497124268982748e-02 -2.016757860175834027e-01
3.110030217629244920e-01 -1.873182596310837278e-01
1.725052623215350689e-02 -3.778046205680720693e-01
-2.036492592067842278e-01 -1.448109020435037753e-01
-2.968146479225975964e-01 -1.624086660558782258e-01
1.724385381344872847e-02 2.214163946972214081e-02
-3.596729436431730376e-01 -1.454065559147316167e-01
6.057838891413347415e-02 -1.922108980879313478e-01
-2.506160124681190426e-01 -1.840597279066780168e-01
3.975023088216267375e-02 -3.979106793251567797e-01
-3.174109916564830103e-01 -1.758174009807200733e-01
4.470256175756104344e-02 4.993438365146702917e-01
4.788124003642091342e-02 -4.729080859315204499e-01
1.342047726235162663e-01 -1.894008597526937177e-01
1.065502639445785604e-01 -1.837756157847321159e-01
5.421885907831669460e-02 -1.823716717150946076e-01
2.656576229910238007e-01 -1.604133376350951323e-01
-1.612407851688394400e-01 -1.814900340373795107e-01
2.152475536839493220e-02 3.879665113000766441e-01
-4.692283396245346960e-01 -1.365586245617712580e-01
-1.973695214331052661e-01 -1.817695112997463891e-01
2.622272455600804797e-02 2.293623032652569727e-01
1.810364382048986753e-01 -1.701956523502650143e-01
4.760870525937148656e-01 -1.918780972638693960e-01
3.604145129976679129e-01 -1.476726042336943268e-01
2.014780770591440007e-02 -3.175416847768897100e-01
2.344850574693702061e-02 -1.794166054774625207e-01
2.705484405126279412e-02 -2.627977669413567030e-01
3.475631923030642056e-02 4.968478345579078193e-01
2.328649561553985947e-02 -3.288194237737039893e-01
2.369840311443200953e-01 -1.573277701194101263e-01
2.887480569330380664e-02 4.377404668397784082e-01
-3.098944832511808523e-01 -1.840612432701622669e-01
-3.933797132191589885e-01 -1.605013559466148543e-01
4.441743565466808041e-01 -1.526100367010513326e-01
4.784772346129528842e-02 -5.619305401974417080e-02
-7.723555223930111957e-02 -1.558561760647790839e-01
1.585586390315318894e-02 -1.403298958119875151e-01
1.442426929181248596e-01 -1.436776272550175371e-01
-1.206431012523111468e-01 -1.598832278595010425e-01
-3.863405494304765764e-01 -1.536254518204142050e-01
2.665747743723534402e-02 4.763949393683593048e-01
-1.081794293252584804e-01 -1.438661888293197855e-01
4.604779553823157290e-02 7.037281925556970741e-03
1.783079911293727893e-02 -1.999655055578056784e-01
1.306073086857009180e-01 -1.547919595628409750e-01
-4.139106503450713515e-01 -1.764150447855856729e-01
-3.595512947004003701e-01 -1.880985913113696339e-01
4.733388656485293389e-02 -4.392098600222180682e-01
4.358858949954017570e-01 -1.814789964906431408e-01
3.071071581100126568e-02 -5.280975245306274157e-02
3.287159154218269874e-01 -1.668636876488104326e-01
6.468328072265694395e-02 -1.429866335352161233e-01
-2.187208712138901667e-01 -1.867984750885987033e-01
1.092289040240230769e-01 -1.617228111542519109e-01
2.237621793198016906e-01 -1.439952071475459894e-01
-4.536253284739100167e-01 -1.428855700532823958e-01
-1.553776793679680912e-01 -1.708998489772830531e-01
4.502874151422786575e-02 -2.281378258295287953e-01
3.730330103850620915e-02 4.890439076702373100e-01
-2.316156430235918329e-01 -1.840586846649405750e-01
-1.394170036171773486e-01 -1.834944547738930343e-01
2.896440672160682794e-02 1.035478789751337336e-01
6.199992293728284753e-02 -1.897390540211439935e-01
4.896065901785183749e-01 -1.695145845363286163e-01
9.815723466349257631e-02 -1.409305112573886465e-01
7.780489732186501861e-02 -1.413264450527337290e-01
3.562636679410058349e-02 9.267297126819395992e-03
1.857702680856110344e-02 -2.433672461112905694e-01
2.742140941971231705e-01 -1.809030668484707949e-01
-1.305688491466440171e-01 -1.800383771560442048e-01
-1.133614845930182025e-01 -1.793722490126576918e-01
-4.436084646166542633e-01 -1.780638448744448210e-01
5.809537257064023574e-02 -1.801018187585333719e-01
-4.392927846820804394e-01 -1.414304879727094066e-01
-3.406211207613101255e-01 -1.709463044946205601e-01
-2.083403292286337694e-01 -1.362809626723073819e-01
-9.713080970780163526e-02 -1.573388518658942470e-01
2.748670798401386950e-02 -1.077822714389292669e-01
4.548284180731076987e-02 3.722812890480080572e-01
-1.578373899085299126e-01 -1.724131787496235857e-01
3.740819716698573494e-02 -3.024471912753503577e-01
-4.515884527157881800e-01 -1.875534387052852914e-01
3.248114595748974320e-02 -3.966014251451165373e-01
-1.017284932652587903e-01 -1.733904767335059383e-01
4.222115960014563019e-01 -1.867150647222789450e-01
-1.496105208351652394e-01 -1.458739533498349950e-01
4.673828273126224842e-01 -1.441351571508981966e-01
1.913722571422571406e-02 -3.389384947140738902e-02
-4.283509309944396604e-01 -1.848064127000891288e-01
4.509931923470189563e-02 -2.418038204005534819e-01
3.334973430576670950e-02 3.311637877673442310e-01
-9.474430799154653915e-02 -1.703984729562411093e-01
4.534715493331964442e-02 8.340597020609230583e-02
-1.309533620028640044e-01 -1.764837733709114787e-01
2.849809812299811673e-01 -1.873073212016886924e-01
4.694646275811398262e-01 -1.798396127771667574e-01
1.423510264993805841e-01 -1.646851943816928232e-01
1.908945505748960159e-02 -6.510571671471454547e-02
-2.924940870328662790e-02 -1.636595803103839675e-01
-4.847634992301508294e-01 -1.499546469401797921e-01
4.642086568163561466e-02 -3.997576045390617283e-01
-2.229907089775851059e-02 -1.731957513393430625e-01
4.714820666486052581e-02 -4.111864228633519414e-01
-4.422874254555835272e-01 -1.427831084389962202e-01
4.256095812225246799e-02 4.568191966007607574e-01
4.210289851985867804e-01 -1.395394487539524109e-01
-2.142302699069754679e-01 -1.582999061203491653e-01
-4.736678792307758012e-01 -1.902078900562044206e-01
-3.381302387497943096e-01 -1.428480976805398539e-01
-2.613538550207874511e-01 -1.720290254337146774e-01
-1.695581250103994631e-01 -1.836918930914669401e-01
-4.650377310461832892e-01 -1.763048378534506355e-01
4.803344439927803577e-02 -7.937481798974110880e-02
4.096221346897310767e-02 -6.658829763505769161e-02
4.936164225199187738e-01 -1.747550437020169989e-01
8.165024098297468669e-02 -1.526516338913193049e-01
-2.795504050016515141e-01 -1.629051796891027859e-01
-5.392896797801638442e-03 -1.452168900360478743e-01
3.939717721608493317e-02 -1.531126248198121376e-01
-2.315649443283359643e-01 -1.467967947914373683e-01
4.904842152350493700e-01 -1.879060810886205024e-01
-3.399044606629222365e-01 -1.451199647763522504e-01
1.958235510969783544e-01 -1.480629152014870664e-01
2.982852909023980814e-02 4.296270713356246107e-01
7.387671297926223790e-02 -1.529552665158775415e-01
1.999131575836532448e-02 1.443169945658477893e-01
3.264395132445321313e-01 -1.463771176487607129e-01
4.761704358302505380e-01 -1.892476852421571820e-01
1.731200730877141547e-01 -1.784951716854823456e-01
2.988449508166546309e-02 1.032228840235014378e-01
-2.412294010686132362e-01 -1.636651260776115224e-01
-4.150560227436428384e-02 -1.533193913132359087e-01
4.133000021994592821e-02 -4.661724886794184064e-01
2.770857804205240082e-01 -1.396035563838008420e-01
3.976255824209373735e-02 3.126494740248251247e-01
-3.442854957335872434e-01 -1.543947205864283356e-01
1.580825798820537642e-01 -1.779553860655666009e-01
4.613687389483211998e-02 2.369631931020106386e-01
4.366393198952478460e-02 -4.753464769048099114e-01
-3.448005432275981219e-01 -1.680194121435598653e-01
2.251335895118078412e-02 -4.194145771202012485e-01
-4.339664803110877545e-01 -1.895238224475349620e-01
-3.739747410066153188e-01 -1.828856140760701798e-01
2.792387023056451811e-01 -1.509234224647977296e-01
-5.024726454999806080e-02 -1.563873502719057562e-01
3.969997161726701584e-02 -1.339316115234843174e-01
3.154943001521925972e-02 3.659365897844321092e-01
5.406826522948549041e-03 -1.916258993861069682e-01
4.399945143718280161e-01 -1.845837301535948605e-01
1.512796189719850526e-01 -1.849129649399389175e-01
-7.025286396585095350e-02 -1.419081613394584940e-01
1.977968425375598027e-01 -1.574282335332175542e-01
-2.213494021905342279e-01 -1.422020300292277106e-01
-3.802341545706109383e-01 -1.919284401202991930e-01
-2.353940194350883086e-01 -1.461128980459680538e-01
-4.693404612750788907e-01 -1.558033556168085809e-01
-1.420257267393946199e-01 -1.576324785348226509e-01
4.451197210079982369e-02 -2.036242757694621819e-01
-3.121114051669382494e-01 -1.715479926523914012e-01
-2.881963381921246459e-01 -1.855840501509157248e-01
-2.245873056865870243e-01 -1.489002217989323640e-01
3.626063584851551003e-01 -1.730023643345142137e-01
2.689580054386730978e-02 3.493684802082465124e-01
3.088495793099893527e-01 -1.493946016124477749e-01
-2.531165350475987896e-01 -1.508110988133771757e-01
-1.177919367257880268e-01 -1.355525704108333507e-01
-1.169197158680439497e-01 -1.871505494231318067e-01
-4.859351296182186086e-01 -1.510593471134200616e-01
4.090574778066524697e-02 -3.075889182008337830e-01
-3.926043831351079261e-01 -1.833254182870149851e-01
-1.521524450551152707e-01 -1.760755107759508498e-01
1.207173761766868747e-01 -1.848679346356987274e-01
-4.553271911906193736e-01 -1.437825247442767740e-01
-7.301894491615568139e-02 -1.350752639974780456e-01
6.959414970231425634e-02 -1.704439111786021366e-01
3.987195951627986457e-02 -2.327601892025613628e-01
-2.303981520610158817e-01 -1.632873674236791084e-01
3.863023589774434718e-01 -1.730922396141992836e-01
1.842158492566714489e-02 -4.360591637262442033e-01
2.306564455047100948e-01 -1.872628236065529972e-01
1.903633052132946979e-02 2.626487841596625294e-02
2.978923448256283191e-01 -1.584147097330171894e-01
4.005603330085061309e-02 4.368114579787273355e-01
4.271290082083134543e-02 4.969698541333100739e-02
2.688224140816741770e-02 -2.496360328674869233e-01
2.625531854010698662e-02 -4.967254479218229379e-01
-1.388686589715936170e-01 -1.919389043373678216e-01
1.384225158629207586e-01 -1.660046486553746758e-01
-4.495242691282085312e-01 -1.818730593087506398e-01
1.983884042224892674e-02 -3.914365482818893405e-02
1.911867307840497965e-02 -2.059346631499245905e-01
2.925303589143168903e-02 -5.089127866574849612e-02
1.714572774758138518e-02 -1.000756211315995126e-01
-1.477701065484186005e-01 -1.358768213684466986e-01
2.375432023235446444e-02 4.611243892043441761e-01
1.087973993999380440e-02 -1.624187966598361621e-01
2.659172327697689742e-02 3.936235787872882641e-01
-2.149319543693356538e-01 -1.871331638189760449e-01
-3.601095355213898008e-01 -1.812804408059525141e-01
-3.215807201985310115e-02 -1.771066678384479731e-01
-4.829798558118648666e-01 -1.887984355968986838e-01
3.829111328346956888e-02 -3.249091628955991240e-01
-1.097761680941896634e-01 -1.760765326702905531e-01
-3.656881087620887927e-01 -1.679420797202160198e-01
2.829929006783549195e-02 3.160814669309901515e-01
4.236701462705180221e-01 -1.441512342237154520e-01
4.025217664346703028e-02 6.716694583347737613e-02
3.048556853171437986e-01 -1.500984160910260323e-01
2.797281489687053480e-02 -3.996010759962841385e-01
4.905589347486873919e-01 -1.697997226967709050e-01
4.616387652606190883e-02 1.714131089846928635e-01
3.792072967744586354e-02 -1.411675542892598667e-02
-2.899294701800930740e-01 -1.371257116344952731e-01
-2.974015259562539093e-01 -1.448408434605822359e-01
4.875706463541511493e-01 -1.573907194455466119e-01
1.841274612807475286e-02 2.065830659056259178e-01
-7.073227606531884426e-02 -1.794268484568517508e-01
2.638435166621422301e-02 4.406097263671471254e-02
