2.013793582164865592e-01 -4.978016435668368711e-01
1.739187254334575439e-01 -4.257555371761942986e-01
1.576377842629640424e-01 1.113099429995639822e-01
1.562519788476520732e-01 3.804254612213915365e-01
1.616110991713347600e-01 -4.328252700030110756e-01
1.651194811637013427e-01 -1.410181137770581961e-01
1.745303661282532337e-01 9.405358155494814021e-02
2.039694113100857242e-01 -2.904738170344771664e-01
1.632509146449723225e-01 4.196150185781077901e-01
1.725109309032535343e-01 2.810587378775641909e-02
1.563468295365225691e-01 -3.317934802380239079e-01
1.648903459492555568e-01 6.864914722454185103e-02
1.736165813693005822e-01 4.131595356945269026e-01
1.888092421301643675e-01 -3.275520672892574536e-01
1.958538710861432719e-01 -1.470057584256651007e-01
2.062867071124315776e-01 5.300294438196639923e-02
1.625480024951660996e-01 9.330438637896865117e-02
1.894793887613001049e-01 2.721578763908005794e-02
1.997083592774652194e-01 -7.412166390452601394e-02
2.044581729074631538e-01 -2.998907757723691114e-01
1.636831747229845480e-01 -2.263751806572045222e-02
2.017152992151384217e-01 -1.451640261552955558e-01
1.984613833347708134e-01 1.991182040750772986e-01
1.648110784306880960e-01 3.022980935425462201e-01
1.812007240732630420e-01 -3.170911328806695906e-01
1.664494201966150166e-01 -1.162981065229423683e-01
1.690130161407519260e-01 -1.734110736331481162e-01
2.122910076791403311e-01 4.063198492512143378e-02
1.998456181901687723e-01 -3.459976644164826087e-01
1.888208830752819978e-01 4.702765170003476713e-01
1.860472448340877438e-01 5.745893603593621446e-02
1.691642076867213573e-01 -2.792910202531743158e-01
1.618698318106437384e-01 -3.401318268248032517e-01
1.779943902686264012e-01 2.565169532272347785e-01
1.921000501173841801e-01 -4.322218462812937867e-01
1.819103588309736175e-01 3.518351627197507936e-01
1.960427691676841500e-01 2.012345996400983772e-01
1.868759093517210479e-01 4.946678315612592636e-01
1.836620399739377074e-01 1.032243810198593126e-01
1.774474723642673890e-01 3.185834278871356728e-01
1.718615971843475698e-01 6.963324528423175952e-02
1.986318775738861175e-01 -1.643878948566911413e-01
1.742816915784261012e-01 4.750896087924323385e-01
1.692507839222407995e-01 1.137896566384153374e-01
1.789572818917882779e-01 3.960047090780944856e-01
1.863490278668830102e-01 3.311429787699901039e-01
1.562473419697212318e-01 -3.464732223388566901e-01
1.730737699262346885e-01 -2.386684090654335177e-01
2.024326847801043439e-01 -4.623005747311953462e-01
1.746762316860924757e-01 -8.901764832527192528e-02
2.093734308211618877e-01 -7.813758216549415714e-02
1.906688066537803872e-01 -2.060862938309204750e-03
1.980415608914999348e-01 4.421681643149766305e-02
2.105720553484378144e-01 -1.555679312507022294e-01
1.953577986440550029e-01 -2.444834038950163269e-01
1.543258986485618323e-01 2.075513477580861466e-01
1.883929824029952904e-01 1.980923579537647861e-01
1.626073213433029130e-01 3.434828857454589324e-01
2.134935985130920200e-01 4.284918360952962857e-01
2.098569375131853487e-01 -3.844641850310752673e-01
1.528176031267854951e-01 -1.956385287998968492e-01
1.780447168974836902e-01 -4.009397688706166640e-01
2.126067642341730179e-01 -2.884774792588314929e-01
1.952361257054245902e-01 2.596466897831989362e-01
1.652038533671875697e-01 2.630551850745830311e-01
1.820661840173165569e-01 1.456359535077155209e-01
1.605549063301147106e-01 -3.408735423745952176e-01
1.532838684681919750e-01 3.660181582945909451e-01
1.894622154891116850e-01 -8.495792794932932601e-02
2.068342238651709186e-01 -2.995241246430159210e-01
1.975902347411913063e-01 -3.633333079327817350e-01
1.945684492554603517e-01 5.471478049176803360e-03
1.974156263857181903e-01 2.451530840995795879e-01
2.010021633925274109e-01 -1.487794976782375045e-01
1.948503571644711885e-01 3.427035699201974595e-02
1.956340589818983400e-01 -3.348198758428760913e-01
1.681465291884518543e-01 1.718080880318247905e-01
2.010170679395218984e-01 2.044280588487290551e-02
1.772895613395460979e-01 -4.364055781574904813e-02
1.930469831243160073e-01 -3.093991453211526466e-01
1.887946491230256818e-01 -3.618457473085838760e-01
1.932389147360143999e-01 -2.215602804522117664e-01
1.839229085702981381e-01 4.682807110044734378e-01
2.119338819225953241e-01 -2.553038475699236365e-01
1.781798223263282299e-01 -1.624596282539334524e-01
1.872005478675217161e-01 1.141478581407606718e-02
1.786890728632860581e-01 4.446463428021136810e-01
2.146793608254273789e-01 -4.059454207443811136e-01
1.877483368845201950e-01 -2.064162707891896709e-01
1.816914322274473248e-01 -2.290939516805554632e-01
1.862078929910624403e-01 -1.540971713234549068e-01
1.710893102279346101e-01 4.522883347787017838e-01
1.960420278730653498e-01 3.226664216059144108e-01
1.573923528598659694e-01 1.066638172988478850e-01
1.621085656548039156e-01 1.577246072325548809e-01
1.847414706310877008e-01 1.655929865569615300e-01
1.913614583247049694e-01 -1.882776899273370663e-01
1.654664161456261828e-01 -6.571474762584128548e-02
1.524831327717351970e-01 -4.794837641033800057e-01
1.700314528135905556e-01 3.140723938822461703e-01
1.678579330250646873e-01 -2.638024851590603514e-01
1.912703385236107501e-01 -1.221038222838944920e-01
1.933611742398054778e-01 2.139557423518396728e-01
1.526116406317861163e-01 -4.997790895809361977e-02
2.114143468797731185e-01 -3.209090698244432271e-01
2.129388461608038297e-01 1.679134593472408898e-01
2.072963258435969180e-01 1.649734203560194734e-01
2.136957032692946568e-01 4.785441776754093546e-01
1.803310829333932830e-01 -2.417449006626339880e-01
1.790148857607033461e-01 -4.206511415123567188e-01
2.008598196012995052e-01 1.727349732249472414e-02
1.891218424488013694e-01 2.940329701678677798e-01
1.546596327750160427e-01 1.941083260184465198e-01
1.569569035741937846e-01 3.579913901051418046e-01
1.581455439235067706e-01 -1.582945755187790127e-01
1.601034698714562943e-01 -2.898766008669639849e-01
2.141359669666310639e-01 1.892323275900366086e-01
1.535517744923576844e-01 -1.384695593307078143e-01
1.648677006358789665e-01 -9.933106204386865645e-02
1.749771560656554481e-01 -5.792186795325904303e-02
1.523995915243818722e-01 3.259562531532154139e-01
1.597067098087486814e-01 4.840003949422897467e-01
1.854439585001000923e-01 4.114016408626315346e-01
1.933846028877647116e-01 -2.283080200135351179e-01
1.769391569128769826e-01 -1.781033335869552925e-01
1.705600000994699217e-01 4.042263772269183431e-02
2.054548803328344331e-01 -1.745219980084599110e-01
1.965294006690886386e-01 2.953708704834501209e-01
1.626849086586827919e-01 -2.765431261858094514e-01
2.022592868334844862e-01 -1.218118785298158979e-01
1.975706303840542022e-01 1.638319732958906094e-01
2.007850669481234807e-01 -2.399697464582859485e-01
1.856936008807994476e-01 1.213101550555256702e-01
1.838879662072793186e-01 -1.008075662122346339e-01
1.600782048837798843e-01 -2.808711450311895952e-01
2.058128761104083271e-01 -1.432531812528831106e-01
1.894305735876371521e-01 2.879935730614042733e-01
2.139279830754965417e-01 -3.000881243485842287e-02
1.800759045236274281e-01 3.523721917489993638e-01
1.869506186309467521e-01 4.662440089289330292e-01
1.564767323050759718e-01 1.909604067458814392e-01
1.742557857781545927e-01 -2.597629272197354844e-01
1.729840631529704353e-01 6.526680770774662133e-02
1.927469355326454359e-01 -4.164151281340124910e-01
2.142244167489886220e-01 -1.421290351734497692e-01
1.727538269556699868e-01 7.434751391587790526e-02
1.762813326013410453e-01 3.264563253163845769e-01
2.090580060318401046e-01 2.106202522553061174e-01
2.130777835303616641e-01 -8.961860506166952067e-02
1.818209521252361904e-01 -3.421715728064808060e-01
1.902488188793867163e-01 -1.716155599124071784e-01
1.530084218718564815e-01 4.553576541300958791e-01
1.995704205685466803e-01 2.891301998185743516e-01
1.768435932917848952e-01 4.264438127461204209e-01
2.025918162218102170e-01 4.539209053694502893e-01
1.900683644397557215e-01 4.866871682994422521e-02
1.682013176108226871e-01 1.636110749949218901e-01
1.710206793376893852e-01 -1.905527518446926694e-01
1.758309659168775241e-01 3.682198417288451431e-02
1.922712167995533905e-01 8.268345212344274664e-02
2.149854842082619122e-01 6.252618831174261427e-02
1.552849858457985288e-01 1.425804563091528365e-01
1.943582666506628032e-01 -3.067372290745714603e-01
1.707274102720295339e-01 2.673852328657378985e-01
1.988534522168974306e-01 2.094187817497080717e-01
1.666092598769465249e-01 -8.618295826842159446e-02
1.742668796291357847e-01 -6.481083852655022959e-02
1.533419452548560047e-01 2.933060874794474193e-01
1.825464857737367774e-01 -1.401640721815873292e-01
1.996365201207651596e-01 -1.278677484659503927e-01
1.569736676740601800e-01 -4.162438442779693437e-01
2.034099771893026487e-01 2.669066234936990911e-01
1.644660664525170457e-01 -4.519531937899523566e-02
2.141342963534546007e-01 -2.604427182741997360e-02
2.065703972556112156e-01 3.245385287721420653e-01
1.805217127377823916e-01 -2.124160829362824465e-01
2.055609217225613516e-01 -4.512789460760924243e-01
2.025633876895350793e-01 1.297277200052915358e-01
1.855544950804595139e-01 -1.770962612884163789e-02
1.807573422667111407e-01 8.053101236863313694e-03
2.108266739700601633e-01 -2.969936400613830685e-01
1.723658856753286228e-01 -3.646893453738686564e-02
1.963813811963153189e-01 -2.909808983452900621e-01
1.767272439220262115e-01 -3.374399650209397583e-01
1.663347327896038674e-01 3.391024581493196077e-02
1.583695635150477177e-01 -1.224709758917825742e-01
1.963453133159591690e-01 8.243313012307640353e-02
1.820430518563167510e-01 -6.118905578929700884e-02
1.981713481769231677e-01 -3.741906756682240598e-01
1.629118212988404091e-01 3.830774448964746615e-01
2.047680015476018855e-01 4.854863021642901177e-01
1.882733934080608185e-01 4.104850689153796139e-01
1.887998524183535087e-01 -3.121430468381598544e-01
1.562635240906287137e-01 -1.161261989634938541e-01
2.080155296471631887e-01 5.644095729400655514e-02
1.728905888918990108e-01 4.128521557454979396e-01
1.688624778370902968e-01 4.525991761847638628e-01
1.913184397855761665e-01 -3.259578919260691654e-01
1.785578368432418905e-01 -3.633274473579447550e-01
1.737465352228122484e-01 1.560083422195457370e-02
1.885537764421731932e-01 -2.003833031385292562e-01
1.917558895359102733e-01 -6.234469359850403070e-02
1.689564356200718986e-01 -4.744064691875367057e-01
1.827272689235620584e-01 -1.109690673488897827e-01
1.544209365816362478e-01 3.673640417987008577e-01
1.681254354792639516e-01 -4.263955987030113581e-01
1.682457849374030534e-01 1.048058297716308873e-01
2.044333058068419362e-01 -7.540048075145755480e-02
1.620537420776836379e-01 1.806202018714396784e-01
1.834885407689869075e-01 1.858451107564700333e-01
2.044244678414065541e-01 -3.267647747965938265e-01
2.120677551546091832e-01 -2.761000129984328977e-01
1.787840951689900759e-01 3.544348378461736893e-01
1.878715424804103806e-01 4.602196411240251361e-01
1.670631966364845011e-01 4.672444077282926767e-01
1.854069063266592376e-01 3.437370480545087759e-01
1.528434438354204783e-01 4.326535466593210977e-01
1.699422422174519109e-01 -2.753707186499833037e-01
1.634367219859501619e-01 -2.218643155332482575e-01
1.912199482028555941e-01 -3.573492661973286522e-01
1.954667074119450509e-01 1.273312943712848755e-01
1.922988673965568829e-01 -4.132781227784091405e-01
1.783873915725495696e-01 1.615212096085032467e-01
1.581565587680179297e-01 1.010940151697014011e-01
1.804083079419014357e-01 -1.736234595737310427e-01
1.714798779791149030e-01 2.038525692636696807e-01
1.989365887387487541e-01 3.229045878954028836e-02
1.672082829512319124e-01 -2.718201893920724199e-01
1.999773757951118780e-01 -4.974932780473222405e-01
1.531525259994994670e-01 4.585031236574428348e-01
2.036523042207759593e-01 -1.770398138489079898e-01
1.815168210807750482e-01 -2.987839677649062331e-02
1.676981647470412451e-01 4.993645980549786811e-01
1.537739711373877771e-01 2.055979474089332237e-01
1.979968779390672839e-01 5.462980233416925291e-02
1.836009566458118858e-01 4.689753132583136530e-01
1.970197940148885607e-01 3.338184847001800515e-01
1.705958761258168366e-01 -5.735118764859725715e-02
1.718621871214750518e-01 -6.815265111688861843e-02
1.830182220409521943e-01 -7.557706986470535959e-02
1.594555002517241693e-01 1.638404607713115357e-01
2.077474879861480606e-01 4.899060182028051047e-01
1.629101053112522735e-01 3.323796668765769402e-01
1.887072336342017209e-01 2.419050213531583893e-01
1.575902566390701143e-01 3.740809984129955801e-03
1.541726987319922415e-01 2.503592387373602124e-01
1.921308821133332900e-01 2.619897689823584841e-01
1.683229540554171955e-01 -4.092081717319639989e-02
1.567573351788189573e-01 3.407228601572023230e-01
1.912287152644999155e-01 4.459018091255455563e-01
1.727641066865811537e-01 1.857608444123418634e-01
1.970401091968640994e-01 3.158382067851749353e-01
1.835284741377920525e-01 -4.620744251598446484e-01
1.589776795361133033e-01 3.027978534583446457e-01
2.123658562625734270e-01 3.029864244108075866e-01
1.950473509635994862e-01 -3.331676474767280016e-01
2.067005447263775553e-01 1.086313260406676084e-01
1.730898979048278719e-01 -2.164274413559352794e-01
2.078490430529222888e-01 -4.546929013220634141e-01
1.954148548973563271e-01 -2.749193417886864887e-01
1.757567380511786403e-01 -2.455826709709113542e-01
1.947941593446923525e-01 1.863105454178616283e-01
1.623730168664916373e-01 -1.726633902609804316e-01
1.811913161602143330e-01 3.683186401088065498e-01
1.607505888893885349e-01 -4.319558500363538389e-01
1.709472749323593943e-01 2.104021227170068675e-01
1.938116226250524710e-01 -3.717694084899609841e-01
2.105186489590752386e-01 -1.489741464842433416e-01
1.959915917670259633e-01 1.929753284519784007e-01
2.042284886110640185e-01 -4.220606539417278702e-01
1.803568099786199141e-01 2.127331868212638533e-01
1.923424384510489249e-01 4.634716947317899516e-01
1.857502914131746730e-01 -2.727035353083245850e-01
2.052764020296652392e-01 -4.794674941378380684e-01
1.958348946373704713e-01 -1.656690855396749651e-01
2.098830937292075483e-01 1.327474361070699604e-01
1.887274308674675716e-01 4.276680468829097137e-01
2.124987681861690847e-01 -2.340881265407160905e-01
2.067792579444778234e-01 -3.104466355866475347e-02
1.589638885453850126e-01 -1.162493907852057973e-02
1.545301192513418576e-01 3.224860568354133150e-01
1.798971226261129042e-01 6.562380896401398545e-02
1.833972363531700678e-01 -9.084200637346384610e-02
2.101337870523206641e-01 -4.052705914881172822e-01
1.855879622465604895e-01 -1.768159033936370639e-01
1.885445457268752900e-01 4.470428405654026660e-01
1.647946561257115361e-01 -4.033211599174399975e-01
1.735434960306665442e-01 -1.335594971373524897e-01
1.761816719924323982e-01 -4.419905867271349820e-01
1.726883023942705764e-01 -2.564200202991108180e-01
1.825526268438101285e-01 1.444320252796708060e-01
1.966045972946371956e-01 1.314047070494186453e-01
1.633333193679713524e-01 -1.018864132592054439e-01
1.619355221969277503e-01 -4.719576401717411329e-01
1.842635644478871626e-01 -1.790732878615707291e-01
2.026062150124993133e-01 3.156519333861316223e-01
1.919897455626551341e-01 1.326994717763902987e-01
1.659840399699781255e-01 4.370101183226128283e-01
1.706728963121868503e-01 4.419346067176859183e-01
1.617070164475816751e-01 4.607341744504167558e-03
