2.943315287417272996e-01 -4.426208476652008228e-01
3.334680907218134926e-01 -3.799133137668828653e-01
4.503518500766134913e-02 -3.424965072248172815e-01
-2.551937371462155157e-01 -3.825919045499119875e-01
1.910348407883462052e-01 -4.071943138868793222e-01
9.651604532423530003e-05 -1.197411457430730408e-01
2.369741341340156904e-01 -4.065304172929934401e-01
-8.777850206636350627e-03 1.344858130441817234e-02
-7.441607331527833047e-02 -3.547409432370741689e-01
6.945424689562051945e-03 -2.367112444113246283e-01
-3.720641339461039365e-01 -4.344258276701755683e-01
4.448250063706092883e-01 -3.428094663838928691e-01
6.371659926443751232e-02 -4.353902291060286478e-01
1.139097707852058106e-01 -4.217337396910821878e-01
-3.939974011391149666e-01 -4.098861386483068081e-01
1.994104490426809040e-01 -4.034498497106909776e-01
3.331364071348318356e-01 -4.218509639675480649e-01
2.946269206287785991e-01 -3.806902232210132020e-01
-4.052481986336035069e-01 -3.391313871372114708e-01
4.256691480029660690e-01 -4.438635872566533136e-01
6.172473450354842850e-02 -4.264708238829102438e-01
1.607167654683969715e-01 -3.417368943818730465e-01
-1.642354852788773245e-01 -4.108722418407635413e-01
-1.968935805603844180e-02 4.709763677239200419e-01
-1.622421037476184935e-02 1.325842111653635635e-01
1.470023880204007760e-03 -1.658316665916547139e-01
-1.617633886998587345e-01 -4.268558842693866984e-01
-8.463366829601581820e-03 3.516811293146195894e-01
-2.062759497676103226e-02 -3.410097142533098369e-01
-6.431584578819871112e-03 -2.144901542672964512e-01
-1.286151207776549121e-01 -4.050966901037901247e-01
4.690227404393487731e-01 -3.863982771163032570e-01
2.577461170435135784e-02 -3.615006658125025085e-01
-1.393282100852853977e-01 -4.417174606883642607e-01
-2.022129785266751911e-01 -3.967310691453074245e-01
9.123890755301289346e-03 1.772210995129572808e-01
4.969159105763001349e-01 -4.315806681494762653e-01
2.823289748725654746e-02 -4.078618630780754817e-01
-1.466899002025645604e-02 -3.315506901064745326e-01
-1.273680598786263163e-01 -3.801384299520371712e-01
3.038981675257231840e-01 -3.885364827393630316e-01
4.177840277786545320e-01 -3.991363751629093404e-01
3.768634165457577234e-01 -4.456355500067810116e-01
8.965583155997047804e-03 -2.960364962459791638e-01
1.265943754718235059e-02 -3.487943181818773386e-01
-3.645929117539659092e-02 -3.762724412333022794e-01
-1.219479524063515896e-01 -3.719448341191582408e-01
1.390239945255217213e-01 -3.550557122095665541e-01
-4.330931257060272044e-01 -3.777681315242658044e-01
1.592249867505742822e-01 -3.940239992396663560e-01
-2.386986844860099488e-01 -4.486484290141852238e-01
1.660731675743609692e-01 -4.354693953609850565e-01
-4.301888324026409416e-01 -3.857082763317396523e-01
3.464780439798519351e-01 -4.137216275852435565e-01
1.518082554905292314e-01 -3.838887616802537650e-01
-1.025540382851386489e-01 -3.746874784653125845e-01
6.132988317068266415e-02 -3.977780100680216036e-01
-3.392610349498919042e-01 -3.838867274523752871e-01
-4.567064240380700468e-01 -4.252831221417457952e-01
-1.594618371009515201e-02 1.366989847081723219e-01
-2.143727161210329246e-02 -3.572376724799267711e-01
-1.618366793389836022e-02 3.927526901827163019e-01
-4.277977533099175389e-01 -3.868083185011378378e-01
3.568982994432677858e-01 -3.802641020036002795e-01
2.653888925569406476e-01 -3.611840089752710314e-01
-2.007045152276909494e-02 -3.983695679921321897e-01
-3.380192568602797820e-01 -4.527132521355092809e-01
1.499358724448760505e-01 -3.810080999913670885e-01
-2.244046312808412047e-01 -4.356938571429862517e-01
-2.727953059159687887e-01 -4.335903890124431781e-01
-2.922116869719533216e-01 -4.225236267149424796e-01
-1.255826972935527586e-01 -4.332064321054193146e-01
-1.615440500031202209e-01 -4.328198612189328998e-01
-1.190420384462964609e-02 -4.598246658242917118e-01
-2.457094115518922983e-01 -4.061431377137302290e-01
3.085707965046247114e-01 -3.461836972412941638e-01
4.827208466478549731e-03 3.245746134837703689e-01
-2.921862988200013556e-01 -4.075268636178966952e-01
-2.534041724916659133e-01 -3.699384935751979242e-01
-4.870902208318492743e-01 -3.914256677077122548e-01
8.084555625078926333e-03 -2.878573940841503420e-01
-6.531092200631127831e-02 -3.895911353694775370e-01
-2.655039107313794666e-03 -3.828205776739300736e-01
4.179739977603291745e-01 -3.970592311233348548e-01
-2.555380214160463126e-03 -1.139014948919351289e-01
-2.581633851563407411e-01 -3.946958913121568768e-01
-3.296895912152669750e-01 -3.359700732607933116e-01
2.907477622371010817e-01 -4.242675240806619286e-01
-3.876549299755803757e-01 -4.005859259395170291e-01
-4.452416103381000578e-01 -3.378342914652092688e-01
-4.617233368400879279e-01 -3.899691036336443428e-01
1.518840180923889394e-01 -3.490305807239623137e-01
-2.611798762031020127e-01 -3.776317595580745978e-01
-1.843486986788911430e-02 1.541691046582314151e-01
-1.565074108377406681e-02 -4.822011039113360820e-01
3.400772666457119175e-01 -4.161320101096925850e-01
-4.797281780740859647e-01 -3.732788471046403211e-01
-4.140335430753413481e-01 -3.689407490175435900e-01
3.822597495002675316e-01 -3.785545691146413594e-01
1.445621796408724791e-03 -4.216115146547826376e-01
1.246820743921407404e-01 -4.121924255446883789e-01
-4.875787126324143683e-01 -4.319602183401545226e-01
4.413672972435555009e-01 -3.794802834864816621e-01
-4.265648034094583485e-01 -3.783564259254028617e-01
-1.505570689773327864e-02 -2.771203738941870887e-01
-6.904774575640060252e-02 -3.965774857490712568e-01
-4.591345685773373653e-01 -4.067694950969891199e-01
3.185413404367716250e-01 -3.931445976561008804e-01
6.138832927825588204e-02 -3.783095903380476743e-01
1.184520681856978674e-01 -4.091898618381909492e-01
1.439191552596635892e-01 -3.387277945790682088e-01
3.355147346103204420e-03 -2.790661870414091750e-01
-2.756989321541849502e-01 -4.045597031383031394e-01
-3.450688749177011072e-01 -3.690692623020235263e-01
1.148480903972970424e-02 -3.994792940215559085e-01
4.682572443140969876e-01 -3.978174318875810078e-01
-3.429205181648609102e-01 -4.426641668244341021e-01
-1.348765694737441567e-02 2.160760037456608273e-01
1.269314321446809446e-01 -4.198167373670519398e-01
1.627137250752282993e-01 -3.756008179577154937e-01
1.499195973017912742e-01 -3.627437632190985140e-01
-1.816770737933148805e-02 -2.179053167741793473e-01
1.261668092317426160e-01 -3.425268358017218295e-01
9.131532363337080405e-03 -3.126786460621071573e-01
4.257620961277031046e-01 -3.378858072880973618e-01
-5.443362654758532315e-03 2.422283517320839019e-01
-9.208937033499453584e-03 -1.887477195395478313e-01
9.512715707064833826e-02 -3.956148065088133103e-01
2.886117943949098041e-01 -3.362553836723028988e-01
-1.910333675962827549e-02 3.212756588519316558e-02
-1.289830144758541408e-02 1.870269709591065865e-01
-1.231672596141486498e-02 1.232160912011482923e-01
1.026514347674042371e-01 -4.480786540360673920e-01
-4.225323422534899009e-03 -1.813647522688605074e-01
4.835436113729872920e-01 -3.973325855987626110e-01
8.020438607099777961e-03 -1.646324059733021983e-01
-1.118202236362664248e-02 -5.139845718720648104e-02
6.811392431497975686e-03 1.957633251814976383e-01
-1.090824645458448039e-01 -3.421092440463437967e-01
2.666020664661559181e-01 -4.243334450418567716e-01
5.694899430338751234e-02 -3.397335449359476511e-01
-3.541000386211777817e-01 -3.812369474463933594e-01
4.402410293764956739e-01 -4.371114627356558202e-01
-2.057927849814255028e-01 -3.586868483251673956e-01
-4.435179990311106657e-01 -4.519389038976051598e-01
-2.295020360428332573e-01 -4.222527495018311150e-01
2.179880352482727046e-01 -4.416038709796125117e-01
4.449022005098643984e-01 -4.400958246970022580e-01
3.204877827186645156e-01 -3.622296181697015616e-01
-1.532851931801689771e-01 -3.409150887498301197e-01
-2.692299929123139757e-01 -3.763395128299895642e-01
-1.152788324543895238e-01 -3.356758563655284355e-01
-4.808045517872109320e-01 -3.946003407570199961e-01
-1.547897834736555733e-02 4.204288433827512161e-01
-2.824370309317485450e-01 -3.448618389788961069e-01
3.688411561948057305e-01 -4.439320502977320837e-01
-4.664407910089700682e-01 -3.712905449779070333e-01
-1.021657554465904560e-02 2.964058502218634983e-01
-3.899018553185342739e-01 -4.010517514405353978e-01
3.588750318040743181e-01 -3.991232346915745133e-01
2.603993877856684014e-01 -3.384932533970077539e-01
-1.894328145410884012e-02 1.612353697218977810e-01
-5.116119713302613725e-03 -4.597962949058480575e-01
1.794206410734777712e-02 -4.356173727126496642e-01
-2.898265062835969630e-03 -2.693005173948712638e-01
4.380159366021031397e-01 -3.698583524028290492e-01
1.913080247392684452e-01 -3.570320525074287543e-01
3.924957184945289113e-01 -4.354759953924041138e-01
9.978158042788110027e-02 -3.628068843091909468e-01
4.355103978709868873e-01 -4.361310002210680992e-01
2.153752860085655918e-02 -4.023685917827527492e-01
1.630583816537045649e-01 -4.275731703282408258e-01
-2.157244977238714778e-02 -4.252887420748215908e-01
-4.427643111407192356e-01 -4.355181082717800578e-01
-2.255894491307461891e-01 -4.296976217181845970e-01
4.625380517026760341e-01 -4.176716560497225617e-01
7.286863665601139850e-02 -3.593919766086414169e-01
3.300300299471842225e-01 -4.289272639353498562e-01
-3.941101620313663956e-01 -3.824436918571373356e-01
-1.552511573549697488e-01 -3.698611469318039413e-01
-4.501482432577730286e-01 -3.722512304239748993e-01
2.575725306098618494e-01 -4.408510010659189016e-01
-2.254774152075619265e-01 -4.383571476906278352e-01
-1.681163414070441231e-02 -3.994155383049936558e-01
7.827361150110512256e-03 -1.871521817927124243e-01
3.538055100561932065e-03 5.060201684626397522e-03
2.996929400182831715e-01 -3.474452147983306816e-01
9.016409174108597213e-02 -3.998202414071307942e-01
-7.968614646681193570e-03 2.510624079450880508e-01
4.482548167488431545e-01 -4.306359877938844560e-01
-1.990619692202534319e-01 -3.916259375792792152e-01
-3.642176870051341275e-01 -3.936287484244680446e-01
-4.347893626947683110e-01 -4.566237739952703212e-01
-4.512273397593640212e-01 -3.785436003792558290e-01
3.118877338660119847e-03 1.257495917180194711e-01
4.444096490000604138e-01 -3.989265551582052982e-01
-4.617062805910199241e-01 -4.458663617093721054e-01
3.460094348734090719e-01 -4.184095511917775845e-01
-4.255163628629606842e-01 -4.384989679092130554e-01
-1.720965934148676046e-01 -4.049603769548005827e-01
-1.549777167228176822e-01 -4.288368950561737281e-01
3.515629940505625717e-01 -4.353897316367154602e-01
4.114687944604310532e-01 -4.363049771521048115e-01
4.157256869086395357e-01 -3.971324782307099621e-01
-3.429652860219238875e-01 -4.392858435262854133e-01
-1.242166933816808427e-01 -4.554808508197825123e-01
-2.409247803623312256e-01 -4.155890202958328894e-01
8.547618711330429164e-02 -4.504969165639116646e-01
1.635206689225934262e-01 -4.135618380232225499e-01
4.508692338353381679e-03 -7.682887678213790039e-02
-3.606657359721052725e-01 -3.819484813901675713e-01
-2.486707921304182056e-01 -4.165586620381570571e-01
1.195005784510195790e-01 -3.481522013163320661e-01
-1.233678825256451228e-01 -3.997837693518736524e-01
3.863145303165697042e-01 -4.558059341705698042e-01
-1.628542484447359495e-02 3.855030393265517219e-01
-2.377020948159280778e-03 2.383858521941912834e-01
-3.722250909859330381e-01 -3.732999536390904094e-01
-3.925243395014987868e-02 -4.236684833048159904e-01
3.353315960525938833e-01 -4.122164233344111084e-01
-2.555041076302236869e-01 -3.607928628032118779e-01
2.976122836980785724e-01 -4.541353304302990779e-01
2.769840136499590599e-02 -4.490877115303395506e-01
2.318767541403932153e-02 -3.684825093425529996e-01
-1.099217015282016874e-02 1.964049241978100824e-01
-2.168259166456354414e-03 3.849474007938036291e-01
1.243736013025552589e-01 -4.485505003226729626e-01
-5.586739857523270736e-02 -3.574043270566747976e-01
7.693568368726932949e-02 -3.590787518552066571e-01
-4.569146690713957737e-01 -4.129697500107182284e-01
4.447939669372524829e-02 -3.952433446777585679e-01
-1.429388217910589898e-01 -3.536916026168062110e-01
-8.027868037389984668e-02 -4.215032715528609364e-01
-4.757688572108849101e-01 -3.631106718816531354e-01
2.069503265530621139e-01 -3.960672192014859094e-01
3.150132996598380419e-01 -4.563015871707970517e-01
-2.235814170564391912e-01 -3.489180249414849389e-01
-3.862553107690402943e-01 -3.364057490594097866e-01
-1.777804666844184922e-02 2.837780162818326346e-01
2.687465974386786804e-01 -4.071907728645437485e-01
-1.251496864674205289e-01 -3.527049077597507187e-01
-1.948043704545676658e-02 -2.874271615582291162e-03
-2.452013362214764403e-01 -3.469245191213415902e-01
-6.880250242833796381e-02 -4.439409999319355871e-01
-4.236097468590624970e-01 -4.504884877594049764e-01
-5.664995198217814831e-02 -3.614215728698789709e-01
8.309268160280214310e-03 -3.124436802152125159e-01
2.688238911226151773e-01 -4.008454814041315650e-01
-1.973945342466815189e-01 -3.643609388970217022e-01
4.718546198964465033e-01 -3.926444333073416670e-01
-1.051179216820219420e-02 -4.717082053644291451e-01
3.728852076180221298e-01 -3.436472360218979505e-01
4.142840560057049482e-01 -3.989850405672085154e-01
2.451870693897306719e-02 -4.159761182507352162e-01
1.260791012352402429e-02 -3.583930328090967343e-01
3.756700850173433359e-03 8.334542169949821222e-02
-1.677348789580934696e-01 -3.357585218164825802e-01
-3.745001199524037316e-01 -4.422801333347384789e-01
-1.848678785225656984e-01 -4.512017188647226007e-01
-4.790558578951785718e-01 -3.953526620446060624e-01
2.684455656261773848e-01 -3.353920659221245604e-01
1.984428631171173407e-01 -4.364670738249164517e-01
-1.252373015516161647e-02 4.031110173948400099e-01
5.891123214564020216e-02 -3.401472261761839810e-01
-2.461020898611554486e-03 3.687239497831554802e-01
-2.406985020168147527e-01 -3.480437538663340158e-01
3.616838061238553115e-01 -3.827043812694670422e-01
-4.044031018698946989e-01 -4.008473567784074376e-01
-1.816707861664601520e-02 1.401047388132160565e-01
-4.606946851718030089e-03 2.369261146579082489e-02
-1.361011445130066999e-01 -3.525240863090286503e-01
-4.615782514249295865e-01 -3.476398659315753648e-01
-1.004390666295684742e-02 1.035076058070018012e-01
1.162679888440230069e-01 -3.844281977684547158e-01
3.950152915672394682e-01 -3.924169775655323988e-01
-8.580443434912043976e-03 -2.181335644308335375e-03
-1.889938452077841724e-01 -3.985452867012385658e-01
-9.850552322435746078e-02 -3.514465962714417024e-01
4.838264520418535941e-01 -3.574803565298568797e-01
5.039032800878129326e-02 -3.612301485740536666e-01
-4.772457227163400262e-01 -4.062246129884071744e-01
-3.370386030421461676e-01 -4.463572445831530677e-01
4.508552758851025466e-01 -3.408516131149607054e-01
-7.491513758880996576e-02 -4.310366838390879973e-01
-2.395300324525124758e-01 -4.554351905295600522e-01
4.279261676287792193e-01 -3.734433579044419416e-01
8.127508392659532621e-02 -4.342657294543038615e-01
-3.463246829736288390e-01 -3.699329806736278980e-01
-3.933075884082002371e-01 -3.872661593086558218e-01
-4.857457036561895203e-01 -3.393619276854016320e-01
-1.817098203934819356e-02 -4.712421887728656111e-01
1.429917445581325719e-01 -4.420600794679695467e-01
-8.853854583810050194e-03 3.891299897984713541e-01
9.481672844362520891e-04 2.066907687105362657e-01
-3.864034992903231380e-02 -3.373847104170987210e-01
4.190138427575769153e-01 -4.335709401196702339e-01
2.318990912201105425e-01 -4.058303624894521455e-01
-3.067254943238895137e-03 -1.698177059840878522e-01
2.929857422020247792e-01 -3.927197579523652449e-01
-9.944940217859621345e-02 -3.604220823716484112e-01
-3.053314974650505054e-01 -3.623371008158551287e-01
6.867430528190665573e-02 -4.310608085303793136e-01
-9.378674013331456116e-02 -3.544974804468905560e-01
-1.181093543852573813e-01 -4.048097430683078590e-01
4.575198609583530640e-02 -3.672078913380524279e-01
3.891405397928783261e-01 -4.362224107003481732e-01
1.707736130394432728e-03 -4.284836150631187168e-01
-2.253949848224670038e-01 -4.228344497162704885e-01
1.737364453252936425e-01 -4.437039543607655956e-01
-3.946916931626711644e-01 -3.867163770407533452e-01
9.011833463136686984e-02 -4.235586669916109326e-01
1.235352421194846340e-02 -3.565622896890856541e-01
2.585577546433293072e-01 -4.019138234958672395e-01
-1.222525990357148373e-02 2.885838739255794927e-01
3.909235778599788880e-01 -4.389735786043262866e-01
-4.115047823389983428e-02 -4.301132871402930657e-01
4.293233825723884456e-01 -4.212812187195160707e-01
-3.085901137580888687e-01 -3.824138068856691719e-01
-2.468307200601460583e-01 -4.326967054617647523e-01
-2.266660649779206338e-03 -1.019820610136703554e-01
-4.702716576068399768e-02 -4.432114798220333496e-01
4.603682611715688155e-01 -4.439882296671000539e-01
-1.658870640728327128e-02 2.205039932901148303e-01
-3.607088611622496499e-01 -3.534875508952709522e-01
-1.794567628569302409e-01 -3.473516577045688836e-01
-4.142772143561834763e-02 -3.457115138180458791e-01
4.609070001074196954e-01 -4.094761821690603432e-01
-1.524813845874206653e-02 -1.237868944771161051e-01
-9.439421956859239682e-02 -4.373883699908811540e-01
-5.268969847234417081e-02 -4.335078646205927644e-01
4.641545594762503946e-01 -4.501699042884392821e-01
-3.291066355979402891e-01 -3.719408007264112248e-01
4.596889273635601514e-01 -4.233855984997924038e-01
3.083670690019671978e-01 -4.207833256461046556e-01
3.622169068283038751e-01 -4.509522380421597809e-01
-3.893647479690761637e-01 -4.387890098547402307e-01
4.945669483362293839e-01 -4.008437310258309294e-01
4.510095951822429283e-01 -3.468357193472170197e-01
-4.068972922562918981e-03 1.009776208532957575e-01
-4.786208838684947731e-01 -4.361826180280865550e-01
-3.802591259037471083e-01 -3.934862231670432919e-01
-4.349285150098946007e-01 -3.639165183551141824e-01
-1.585615470798074078e-02 -3.782299285079123718e-01
5.111916868899668565e-03 2.713700099160080148e-01
-2.738432985081218352e-01 -3.463321728949539935e-01
-3.285167569227190887e-01 -3.981517997958234911e-01
2.483473301627554530e-01 -3.772738155833359475e-01
-1.887372083248224364e-01 -4.371519483769438219e-01
4.848227381175790329e-01 -3.655509262220973943e-01
3.133180747119836962e-01 -3.581586576868595051e-01
-7.085578677888504373e-03 -2.803231034127029453e-01
2.362949527462631094e-01 -4.509671619151687239e-01
3.972673065999622333e-01 -4.555977136767868085e-01
3.707752646586552903e-01 -3.736812652842997906e-01
2.968383023271836674e-02 -4.272125083942560630e-01
-2.266873750043139069e-01 -3.555130623898065112e-01
-1.031848610317753767e-02 -4.355196436908903568e-01
-1.166725274727731243e-02 -4.122144534138032501e-01
1.060341494456873424e-01 -4.272698763509813480e-01
-8.451702179594788866e-03 8.209712650606537654e-02
2.199468183903415808e-01 -4.380423093970391424e-01
1.297254825980449500e-01 -3.638568469715690590e-01
7.315476919718433280e-02 -3.494202439241654856e-01
3.717286080600934461e-01 -4.553030148487764439e-01
-1.226040558706287253e-02 2.365793856484705859e-01
-9.475242823317642227e-02 -3.801108730981166417e-01
3.924902865183654832e-03 1.984878604455289075e-01
2.665958873699049159e-01 -3.693216551025331196e-01
-2.167733689300377353e-01 -3.399147104107280715e-01
3.777845570461617619e-01 -3.691303906991696415e-01
-1.117918218335814950e-01 -4.289682506182492805e-01
2.167473349748789690e-01 -4.082246320237964410e-01
1.390979283919715481e-01 -3.561836732334786593e-01
-3.407115867866739034e-01 -4.566356285127503023e-01
4.425533672694825782e-02 -4.213154365377930199e-01
-1.869016840759862852e-02 2.852217370909171379e-02
-3.391659838563096940e-01 -3.831080835993092570e-01
-4.071778688447885708e-01 -3.786247491739551663e-01
4.649968735623795091e-01 -3.550199822834428920e-01
3.866556292910349191e-01 -3.768044568017482332e-01
7.739739453554994597e-04 2.272572619787338599e-02
-1.034625572091885104e-02 1.369370629748906110e-01
-4.083774257682917241e-01 -4.253368497098578560e-01
1.029349821479337290e-01 -4.348122886563597911e-01
-1.560603844736789814e-01 -3.529170330399724609e-01
-1.551634562674744089e-01 -3.891943341142493074e-01
-2.543686159190341467e-01 -4.081466588636676329e-01
-1.794373795480076472e-01 -4.088231219038214181e-01
2.398808736334553382e-01 -3.679688429269484251e-01
-2.281036128421948250e-01 -3.477992998373284905e-01
3.577161086706548421e-02 -4.082559171913221485e-01
1.901352876943596115e-03 3.073835166616164516e-01
4.403172846882374980e-02 -3.527420302911300487e-01
-1.809739161336002544e-01 -4.523394597462093714e-01
3.094510907994142412e-01 -4.115775875412875928e-01
-3.174254301290809765e-01 -3.396570548032010750e-01
1.855388126903654289e-01 -3.795747718126298853e-01
4.466939453276608241e-01 -4.196042622015251355e-01
1.133078170548044161e-01 -3.444953553172522831e-01
3.492062772097492829e-02 -3.673536455725948668e-01
1.476826729979966446e-01 -3.395084036779714154e-01
-1.361717405785957125e-01 -3.694747828087571184e-01
-8.133168909296717430e-03 -2.067363771582535481e-01
3.997361827878267437e-01 -3.842773092817693970e-01
-3.442197649638703005e-01 -4.076543417683475834e-01
-1.144358620511668478e-01 -4.387879555917948426e-01
-1.281270505619814815e-01 -4.472505899626459946e-01
-6.609838194263528699e-03 -4.853159751300576419e-01
-3.763704631418027802e-01 -4.488552049088961882e-01
-5.833580618206779533e-02 -3.368540342706483059e-01
-9.908601154032803393e-03 2.817962684103535453e-01
-3.670409741475266774e-01 -3.601581002092074657e-01
6.205364855628126008e-02 -4.221082303344712017e-01
-2.759484271935147559e-01 -3.659460012212645275e-01
-2.105399717155486128e-01 -4.242969087525413352e-01
1.189312822388685076e-01 -4.383162873635908507e-01
-2.909642527134715939e-01 -3.994278153422110567e-01
-3.121139212629808757e-02 -4.411905311914108285e-01
-4.921969613407959354e-01 -3.451557514039377272e-01
2.444579015664638533e-03 -3.969533559734021999e-01
2.461391577591951485e-01 -3.904825774519383730e-01
2.252131462114530525e-01 -3.467368192192868959e-01
6.351602622621710381e-02 -4.227406613051247763e-01
-2.135928820217354307e-01 -4.563469574144243257e-01
3.382322436055897885e-01 -4.572721501276099110e-01
-1.950552977630259921e-02 -1.117336502425899658e-01
-6.251544878186388043e-02 -4.361673484918049404e-01
7.311500859421171672e-02 -3.554729984306791435e-01
4.473477710810310759e-01 -4.502659632312822069e-01
-1.874430554992192466e-01 -3.366435634025122248e-01
-4.083604505173802357e-01 -3.364639219820897420e-01
6.148744996573662913e-02 -4.285553986245654867e-01
-2.781868671945899596e-01 -4.183156259337096339e-01
1.108163628121732192e-01 -4.474604240953309331e-01
1.744026214779453854e-01 -4.443341451431345179e-01
-1.514909109841502399e-01 -3.389625076115581059e-01
2.531691219642019375e-01 -3.634625008533265422e-01
3.279305872503067709e-01 -4.001484112898461287e-01
1.027981202620265044e-01 -3.360685157478857654e-01
-9.420172969402196284e-02 -4.434667572439776606e-01
-9.345463344178295273e-03 2.944547463914689578e-01
-1.910205060333829419e-01 -3.427041148093852296e-01
-2.746099951978364651e-02 -3.921840093588110365e-01
-1.733495996795909599e-01 -3.753788919763196841e-01
3.706204371282799670e-01 -3.970940123539695721e-01
3.366897216598000453e-01 -4.237626476506248796e-01
4.235231478153855811e-03 4.479509218993732445e-01
-1.170178826636951719e-01 -4.028751931518138596e-01
-1.614257381615206155e-01 -4.076008017961511021e-01
3.390695767880913536e-01 -3.478736341441451829e-01
-2.587053953893576619e-01 -4.295149366887320852e-01
-4.474151285909653275e-01 -4.150706189652425548e-01
1.161370954220994900e-01 -3.651224953120963956e-01
-3.130201657760338652e-01 -4.324780581968412640e-01
4.407025153019581420e-01 -4.449632928382567520e-01
2.649588058400618173e-01 -4.525575274755716526e-01
3.041069460241603295e-01 -3.672199091055782239e-01
-8.232825703011314999e-03 1.782650087955036655e-01
3.172024138132667481e-03 3.944863974891582581e-01
-1.997656638680789243e-02 4.534549472631732581e-01
-3.578133355353696476e-02 -3.488750433822587205e-01
-3.044648768612102652e-01 -4.335959044387327488e-01
-2.476852248390413180e-01 -4.376710827700985851e-01
-9.092160762301015886e-03 2.132632931525069164e-02
-3.190148446804186300e-02 -4.379967908847064439e-01
-4.351242411321303294e-01 -3.376218505603336695e-01
-2.825984003018859880e-01 -4.398810483942003913e-01
4.692774397610099957e-01 -4.240021791114326755e-01
3.496051116299151440e-01 -3.915941730222565198e-01
-3.437080703750235999e-01 -4.431028023080852973e-01
-2.774578540786428738e-01 -3.750112856888739854e-01
8.702551071607667055e-03 8.186107572350431738e-02
-4.050069275697842919e-02 -4.310195523904402082e-01
-5.536636171248821015e-02 -3.839644513463662534e-01
6.738986496398857717e-02 -3.541279688839338302e-01
-6.586242798931785103e-02 -4.175477311464341756e-01
4.713968813599738183e-01 -4.320603373616886955e-01
5.668420080318570253e-02 -3.573668069180873097e-01
-1.713872654744845736e-01 -3.815510207091220574e-01
-6.025925511508711807e-03 -1.846129979537400878e-01
-3.563496330597061279e-01 -3.805421593444975326e-01
3.967672172769831640e-03 -5.913717874623058979e-02
2.954753529033603554e-01 -3.698508275141606516e-01
3.725077336086732860e-01 -4.467463013066894639e-01
-1.306043557020009072e-02 3.162029060007971459e-01
7.614634909533068985e-03 -1.834989537103240975e-01
-3.844376689857098572e-02 -3.854421399831006179e-01
-2.328364663883406571e-01 -4.094617988433703060e-01
7.776255621020633502e-02 -3.416355967046178499e-01
1.276702751568215000e-01 -4.075833074318565563e-01
-2.929300076289864663e-01 -4.365230949670553251e-01
4.757727193595792103e-01 -4.137817823038022480e-01
1.082641403705961736e-01 -4.117840340305014557e-01
5.219792664051448039e-02 -3.464993329510988040e-01
-2.008507776021117852e-02 5.111748261923965142e-02
4.812891758784352270e-01 -3.443624005365949481e-01
-2.602952067528541136e-02 -4.115425008464453915e-01
-3.276908928014509170e-01 -3.554455650585788273e-01
8.490430409790972188e-02 -4.537344530406139942e-01
-4.789917810286259403e-03 -1.599263660027334666e-01
7.508741550347941551e-02 -4.388674297803741853e-01
-3.826307872061374127e-01 -4.196377891658437109e-01
1.393988211839669589e-02 -3.706790520615450557e-01
-1.761790680781919471e-01 -3.912111607554452641e-01
-3.073717205690820187e-01 -4.454774947740656188e-01
-2.616239805652298411e-01 -4.245285597719268278e-01
2.687836312910085734e-01 -3.571867458679920393e-01
2.690131142950354937e-01 -3.358209377661093287e-01
-2.647289115845607999e-02 -4.218437567956576650e-01
-8.139779643282196719e-02 -3.518987540610505338e-01
3.889210921444919977e-01 -3.780304264803143743e-01
-2.013551086995446493e-02 -5.105370451556701106e-02
6.870089922615818523e-02 -3.476935004575996135e-01
-6.003032616899794949e-02 -4.473752007183432466e-01
-4.833906572092749876e-02 -4.336190449808167147e-01
-2.369187503710239451e-01 -4.133594180184014810e-01
-2.172451089256688395e-02 -4.105406305880594520e-01
-7.932251761049724514e-03 1.483617623523773021e-01
-3.825347036588940819e-01 -3.718454252633629498e-01
1.385870493241981860e-01 -4.028689095695395794e-01
-2.084075137911821640e-01 -3.717107230848331056e-01
3.438013955601164628e-01 -3.966873910987344098e-01
1.829002219515033500e-01 -3.435135852475779128e-01
-1.889008503914335613e-02 2.259838021338498315e-01
1.463331609014251189e-01 -3.659988162249567800e-01
3.553808428462877922e-01 -4.435585167156977926e-01
-4.391696393482069638e-01 -3.575515062510092879e-01
-1.924309257584293498e-01 -4.136271993635977084e-01
-4.876727402040380577e-01 -4.255431131692476443e-01
-2.242932616896152753e-01 -4.415805130878230900e-01
1.756284557605977126e-01 -4.110507645589281944e-01
-1.912029760440225878e-01 -4.244341533642526088e-01
1.147015619363682681e-01 -4.353084326878081667e-01
3.013445720575927966e-01 -4.373260769225715272e-01
-4.806715326141081102e-01 -3.383094762654431653e-01
-2.613562709117321914e-01 -3.591173442358271961e-01
-1.669965622028013463e-02 -2.054059411093928089e-01
4.340102375571277538e-01 -4.090670255520203469e-01
1.886563200269314455e-01 -4.510788153980516135e-01
-2.671141626456958740e-01 -3.766334440692368224e-01
3.466257262001686268e-01 -3.778384131648696576e-01
9.620638727170227611e-04 -4.547115450015005722e-01
-1.611540971507996467e-02 -4.796210053118974415e-01
-3.394938736531156742e-01 -3.869356519937232619e-01
2.826598783414373539e-01 -3.661638868718137818e-01
4.060255199448502550e-01 -3.935015629238813872e-01
-4.058057706583072521e-01 -3.812076107703209482e-01
2.369798448804115720e-01 -4.507064060326078092e-01
-4.836426825581431332e-01 -3.937702902838177144e-01
2.359394703001251870e-01 -3.389226618174021599e-01
-4.768360940474436482e-02 -3.531678240102986699e-01
-3.460282122884321687e-01 -4.316054676624148101e-01
-3.250446375182564074e-01 -4.068740829558528116e-01
2.128184631085134892e-01 -4.041468405600336933e-01
-8.960741390150794849e-03 4.492256331562177740e-01
4.841091629721461231e-02 -4.079836277436725833e-01
2.261846977695058936e-01 -3.848362340998839892e-01
4.381702180018220982e-01 -3.538464910068035429e-01
-1.769416914365729010e-02 2.371232449909687068e-01
-1.519429903883140476e-01 -4.521015686076815809e-01
-3.160289843880870198e-01 -3.832763307701815281e-01
-2.052818561469568204e-01 -3.824587809563472218e-01
2.692463565449288998e-01 -3.425069570445180567e-01
3.405086292128959302e-01 -3.641068100825475273e-01
3.881644530432284412e-01 -3.630800473322726152e-01
4.252968790451689962e-01 -4.168881211593236102e-01
4.927075329607899512e-03 -4.184080929486253542e-01
4.961511696190972209e-01 -3.790149935423408056e-01
-2.589623708908292965e-01 -4.280082249508462278e-01
-8.512804016398312079e-03 -2.717489871561732384e-01
-2.466381502472995146e-01 -4.318220863149426769e-01
-9.463920837942452202e-03 -1.285474086272142547e-02
-2.549110238867041689e-01 -4.517691556583839363e-01
-2.567035102452652762e-02 -3.518791364557541934e-01
1.967503311980839387e-01 -4.334230105976613068e-01
1.581080009724626922e-01 -4.508721124794542456e-01
-2.548585906405720358e-03 4.196853452786110106e-01
-1.271308389195890953e-02 -8.445231669778108241e-02
3.232043008533451722e-01 -3.399801501722672370e-01
-2.989250715122692137e-01 -3.956950454188475907e-01
-1.509959237167513013e-02 -1.051408385939702761e-01
-4.550157631900919597e-03 -1.827760372213540485e-01
7.773769320940315808e-03 3.895562719153635722e-01
-1.495209236717887080e-02 -2.021932452058925467e-01
-2.698401516968703673e-01 -3.561531490482681139e-01
-3.853304806534076921e-01 -3.398322847291802562e-01
-3.451842020844636538e-01 -3.505495207864522955e-01
-7.280738236425166043e-03 3.295683532615314437e-01
-1.016553214678383998e-02 3.793835720573542902e-01
-1.763808066987114787e-01 -3.933145473309069828e-01
6.896714569941231332e-02 -4.432446656384072536e-01
-2.001855801864882434e-02 6.584485010750884548e-02
9.695968181623881854e-03 -5.307857755625589036e-03
2.993778467889285366e-03 3.891654796490112700e-01
-1.963369702153185958e-01 -4.193901036354514833e-01
-3.007095056800982436e-01 -4.518209476573495920e-01
4.517514043143086022e-01 -3.493401689414137312e-01
2.486122311030736221e-02 -3.725927918115257143e-01
4.568798959450948161e-03 3.421864200512581000e-01
-2.407407850113174597e-03 3.715034808596499039e-01
2.880779428106228224e-01 -4.492454938660817021e-01
3.281645239973326467e-01 -4.138586271562556540e-01
-2.040932120897304136e-01 -3.939669339093601064e-01
1.466604697738083107e-01 -4.540787636224011825e-01
-2.360253387772611733e-01 -3.735073659818392011e-01
-2.177478089023856533e-01 -3.616822857485216813e-01
2.090107225762327658e-01 -4.518886060399174287e-01
-3.929731631108933643e-01 -4.283132720296324303e-01
-1.061366217611301455e-01 -3.785011692326273325e-01
4.427708381141169935e-01 -3.861527037082598257e-01
-1.488059672165953362e-02 1.707700138132937084e-01
-2.005090218901151022e-02 2.222352448804268965e-01
2.095844576168737206e-03 1.673230401861633965e-01
2.275808530393687024e-01 -4.467075444147460273e-01
4.120959306753414486e-01 -4.347080465011468053e-01
9.615342109365809797e-02 -3.766668323507355032e-01
-1.634340741703166344e-02 -4.945684614325369655e-01
-4.539187459614434372e-01 -4.052885444678339111e-01
-2.449319984782513115e-01 -3.931554323049334387e-01
-1.864741661750447532e-01 -4.299548439516770459e-01
5.419112746251686374e-02 -3.614497365975070098e-01
7.547185829380897992e-02 -3.454748483021387040e-01
8.641760281973098756e-02 -3.469375931954408188e-01
3.751476799694897224e-03 -4.482874832604757387e-01
-8.126855485481976338e-03 -3.425934723585544184e-02
4.823594606377290539e-01 -4.377391056112763801e-01
3.753949269515521880e-01 -3.435016868791452849e-01
3.246642741151904987e-01 -3.658403528945126659e-01
3.126180896003558640e-01 -3.496919550256171183e-01
2.696929604053319718e-01 -3.767174164906573752e-01
2.506394844946280287e-01 -4.456281862398698834e-01
2.442572868228576333e-03 3.810051984766034128e-01
3.463743402970509422e-03 -4.946781814429537238e-01
8.297547793000903393e-02 -4.254853855034523846e-01
3.141148449421784505e-01 -4.143105135752179757e-01
-3.759693749377506222e-01 -4.200594560706569780e-01
-1.541096977343325847e-02 -4.202218421595524944e-01
2.819558447304539861e-01 -3.473454157241169238e-01
3.109385938657543980e-01 -4.174369880047130721e-01
2.101787391797832472e-01 -4.182313234805589142e-01
-1.134925853199832968e-01 -4.486670221914945689e-01
-3.066321503144081584e-01 -4.411212467169011164e-01
-2.401564097287534061e-03 3.503135941788816377e-01
-4.473755113783117743e-03 1.875327314205359475e-01
-1.849621779824373036e-02 4.691419058076259363e-01
1.711053296511777511e-03 4.216768464178785036e-01
-1.406683492423006498e-01 -4.278024028558210512e-01
7.381931412605569065e-03 2.778566023009698682e-02
-4.173901103776703758e-01 -4.323085652090565834e-01
-4.780429218066983843e-03 -3.487852589414878191e-01
4.776744644201816881e-01 -4.168146942131014665e-01
2.104752464969341652e-01 -4.078618963363180860e-01
2.989393258100209172e-01 -3.922609216610415395e-01
1.912818215773189889e-01 -4.538956104983040696e-01
2.809628377709706415e-01 -3.988862447321337434e-01
-9.252051693677709743e-03 1.316583975273578622e-01
3.386277258093116638e-01 -3.589012587452192760e-01
-2.244054485275208677e-01 -4.374016950559951322e-01
4.639670223297162055e-01 -3.366189302689143181e-01
-3.483049314206267955e-01 -4.076689138154574454e-01
-5.635731694384360502e-03 1.141303720416136924e-01
4.790529793579676454e-01 -3.943913022730112239e-01
-4.381151613748950346e-01 -4.318986328007703435e-01
-1.448025461301737371e-01 -4.369110919309414642e-01
1.015288836239905956e-01 -3.607039841734458463e-01
3.652905276622919750e-02 -4.071221369960560388e-01
2.366758286594150551e-01 -4.150015621726729220e-01
4.065012175571647290e-03 2.093329388566170790e-01
3.292616406906541116e-01 -4.213548988269667506e-01
-4.749756878920843306e-01 -3.547165074390298267e-01
2.069939907998500361e-01 -3.672007778965745706e-01
4.002948838078573823e-01 -3.385279768542236445e-01
-3.415822982401811592e-01 -3.541525324982948142e-01
-2.037957179053285772e-01 -3.861410238603590894e-01
-2.156520549692151345e-01 -3.694978709953036233e-01
2.699580567070908321e-01 -4.371012853457235670e-01
-2.876130160018086634e-03 4.756330378244372215e-01
2.134732697134208435e-01 -3.470843388220473669e-01
2.034181039300712035e-01 -4.311618246196090576e-01
2.881339467071586391e-03 4.726615913215449494e-01
5.997984069242123795e-03 2.799543476108420359e-01
-2.814075570014831218e-01 -4.223797498032687558e-01
3.773692411397910895e-03 -4.361272585786314382e-01
-6.010550929117908225e-02 -3.516600556638951325e-01
-2.951416062990112055e-01 -3.561173810890773117e-01
-3.587821812932801002e-01 -3.378994850487996304e-01
4.996774395193649410e-01 -4.112936774822392172e-01
-1.263067580000931667e-02 4.038482794082588478e-01
3.219177317346756384e-01 -4.113575214343474507e-01
-2.922989130236556266e-01 -4.215339655641325844e-01
2.140505465733955059e-02 -3.966082797341228261e-01
-3.331126427079220687e-01 -3.494113175588430265e-01
6.386302750378092252e-02 -4.001026042366658819e-01
-3.287051309684402289e-01 -4.413457200174997208e-01
-1.598416932279320690e-01 -3.722389679677460261e-01
4.829801391077581663e-03 -2.150364195779569387e-01
7.226199775024499949e-02 -4.262823552533990812e-01
4.396440782006276748e-01 -3.938160091385286554e-01
3.133849560733332762e-01 -4.232635383763976300e-01
-3.999652577305404799e-01 -4.163342810193847443e-01
-1.824801724539949488e-01 -3.947006233792509367e-01
-8.854054749574158389e-02 -3.981575553245783050e-01
3.613113732775857789e-01 -3.886153044092334197e-01
4.041406789132773181e-02 -3.719114872265880667e-01
-4.653660683973703804e-01 -4.100625600733591725e-01
-2.414417401320095857e-01 -3.868840064738531259e-01
-3.364484210605653836e-01 -4.246807700893938664e-01
-6.764286524360429986e-02 -3.551357846664121576e-01
3.549972177727900302e-03 4.673495831093662511e-01
-6.383044647853708398e-02 -3.680676992979434736e-01
-4.848999527556022704e-01 -4.291481714387196389e-01
1.227157662910234315e-01 -4.453360161962736097e-01
4.255806318294427237e-01 -3.406231577045105707e-01
-4.178944064782177392e-01 -3.414247233500584677e-01
2.228179457960390852e-01 -3.880978663380095783e-01
2.603689002190967550e-01 -3.654556609062765693e-01
-1.255760288922636025e-02 -1.110803776221268580e-01
-5.488954549584756926e-03 -4.855334674919131732e-02
-3.287974572518123084e-01 -3.683500217668724819e-01
-3.781139561400793658e-01 -4.105809909999476037e-01
-1.856239283340251900e-01 -4.473365177488956013e-01
-1.507568916076751364e-02 4.914657118979550710e-01
-2.540010752363806024e-01 -3.587222324411439844e-01
3.488385532377366038e-01 -3.957880031930085529e-01
3.667328876528652692e-03 -2.901805715830315657e-01
3.684251188661268328e-01 -4.065908489722449559e-01
2.211425252093764948e-01 -3.443544590152233242e-01
-1.344555052063323153e-03 3.623618025252911545e-01
4.998055497517032153e-01 -3.665696475989672631e-01
-3.321012864568611000e-01 -4.189387383871817638e-01
6.313897736280182915e-02 -4.252115527000870365e-01
-1.017008497527149835e-01 -3.883317071896883466e-01
-3.181009551344881059e-01 -3.940989702652986093e-01
1.744418042831664684e-01 -3.728664225371469687e-01
1.726709410831139824e-02 -4.092220462609729159e-01
8.327700425736261902e-02 -4.372372631138136123e-01
-3.347676814057565231e-03 -2.953051415443792571e-01
4.736821296724587071e-01 -4.297155937032336448e-01
1.150372288047575298e-01 -4.577725679844223405e-01
-1.785574268973076917e-01 -3.864877664778938460e-01
-4.127900498188862288e-01 -4.569173515574053157e-01
-3.686231906176109518e-01 -3.606917041781519950e-01
-1.830999007808062906e-01 -3.694349970554489104e-01
4.715951176676297374e-01 -4.160140014559866595e-01
-8.106414941617590131e-02 -4.363375708486444404e-01
2.097381455052950150e-01 -4.316698560350761271e-01
9.131128557154766234e-02 -3.616546128461586296e-01
4.600954087173726448e-01 -3.982276614042817853e-01
4.916375572335658362e-01 -3.785260473653336843e-01
2.199723473837456034e-03 6.007986296338130305e-02
1.565647894371755555e-01 -4.001337602751982025e-01
3.828586392538322336e-01 -3.664229288634834880e-01
-3.982483898234734365e-01 -4.484918240555325619e-01
-2.984637942939907251e-01 -3.395358169553760463e-01
9.624383944445913386e-02 -4.435421669175115822e-01
1.684785380040342284e-01 -3.950027640131137385e-01
-4.118269787498978207e-01 -4.214416527306859006e-01
-3.446453892962788590e-01 -3.407057434078084590e-01
1.852351360825389426e-01 -4.141982791596094948e-01
2.922037509646482345e-01 -3.655267024559503142e-01
1.043916904043151739e-03 -3.224341004034773084e-01
-2.217429432644106857e-01 -4.532869201436194873e-01
2.176657050594529297e-01 -3.643944976080674136e-01
2.315777851188747238e-01 -3.754930009413347536e-01
-1.297387343458078490e-02 4.253019773611992349e-01
-2.078573072396608934e-01 -3.599924171189518018e-01
3.738348099823418647e-01 -3.625597719599714663e-01
2.381974579121698410e-01 -4.568014496124165325e-01
-2.975658903181916948e-01 -4.427355771596437339e-01
2.516978519244155166e-01 -4.450713182366096143e-01
3.732167036265665594e-03 1.934586233636578223e-01
-1.005472544667318502e-04 -7.644828830939232045e-02
3.975049456085125721e-01 -4.512720974961554887e-01
-1.459196601427404927e-01 -4.101874039903916636e-01
-2.628956632526837645e-01 -4.115463037414235359e-01
-1.521010167084779763e-02 -1.073952243951382668e-01
4.166496882334232987e-01 -4.243438420283451862e-01
1.794585036402196465e-01 -3.448735771990765198e-01
2.921952299304417799e-01 -4.032787674803904876e-01
4.419033624908607072e-01 -4.007582948857990601e-01
