5.524886371149417830e-02 -3.092246359334427375e-02
7.283993448340497778e-02 7.201269247465058587e-02
7.249041067277162131e-02 2.631776732270012520e-01
3.045650598649869423e-01 3.803127130310124393e-02
8.085254209336012465e-02 5.635846254887799667e-02
6.855696693305179945e-02 -3.801014572252997548e-01
-1.992438667037157440e-01 2.773215258388961324e-02
7.315817260033097291e-02 4.196103430868385331e-01
5.216675761675226841e-02 -4.796196512890611441e-01
-1.843384873541894509e-01 5.275610961281240741e-02
5.394181780357487632e-02 3.718635484072690955e-01
5.661879157666671603e-02 -4.993466219710540610e-02
2.955762875923950705e-01 3.466050326936787052e-02
5.324225362975987252e-02 -1.708605835596493927e-01
8.437413998867226983e-02 2.238153615660579687e-01
1.288772874536424640e-01 2.849178702466248492e-02
8.488824651357529394e-02 2.013114494948077260e-01
2.859417331229728854e-01 3.776755987249214019e-02
5.083802708485340993e-02 4.342254940391832019e-02
5.858261105454198869e-02 1.946242943661646851e-02
5.600713288695002845e-02 8.415484424767594174e-02
-4.042809639339594030e-01 3.694467134214562964e-02
-3.753882778542479981e-01 2.366363032399909638e-02
4.892586568651131618e-01 2.885390650049324268e-02
-2.589613027748821628e-01 3.489209048815866687e-02
7.732194728291763575e-02 8.745622155875332204e-02
7.411638779969220714e-02 -2.796133212662543777e-01
7.512456499788466857e-02 -3.205627688805741116e-01
-3.807645200141270836e-01 4.633308180807182985e-02
6.451890718299280181e-02 -7.162334738319386940e-02
-4.362194671190784412e-01 5.165022901717331028e-02
4.897673483217601653e-02 2.241373347801478566e-02
2.338001220129284352e-01 2.938052389910894568e-02
4.977106631241681178e-01 3.079578248371073190e-02
4.839002568960326656e-01 4.652121370015471769e-02
6.215056613961178478e-02 -1.753349410171389788e-02
7.223565653696284450e-02 -1.352247449081867003e-02
6.937486742889975577e-02 -4.694647072702798907e-01
-1.062076583600960467e-01 2.689859915768721965e-02
-4.106020037370364806e-01 4.529328110276487074e-02
8.204151050310393156e-02 -2.995957750111485351e-01
8.250040099567124141e-02 -1.847438408669270782e-01
-1.070677626463948373e-01 3.649790081907344774e-02
7.782140803697523701e-02 2.195591529999932900e-01
-4.787566506030582758e-01 2.709303070906499133e-02
-3.908273336590151192e-02 5.300577233133085819e-02
-2.542806158167654207e-01 4.026315709174210777e-02
-2.012037794177675698e-01 3.240261157141399728e-02
4.718885701398223276e-01 2.746382675092440273e-02
9.110035466024291040e-03 2.826265825887763761e-02
5.574259141056259192e-02 -2.567637926687822425e-01
6.900950757764612309e-02 3.581198568019250406e-02
6.506414548421524113e-02 4.894450052670298312e-01
3.805048261187795600e-01 3.746802075205102334e-02
8.437691025956040036e-02 -8.511520764163649222e-02
-2.127768432482738392e-01 4.401456243917301059e-02
3.044568004731673661e-02 5.118533500199673458e-02
6.494466353867955899e-02 2.647185194635578442e-01
-3.728082033621750169e-01 4.557637718911888847e-02
-1.487756616451083591e-01 3.411824234408211698e-02
6.382192068704806154e-02 -9.335033531679237662e-02
-2.981348597779470699e-01 4.183904156542173070e-02
5.353979025262567415e-02 -8.975558811312067675e-03
-2.551672635955866131e-01 2.689627476908817982e-02
7.896625505640164633e-02 5.248241898346606149e-02
7.694487009245565279e-02 1.417830862343438802e-02
-4.209578243383649276e-01 2.977074687503911132e-02
7.274541496683772923e-02 -4.861699596114332778e-01
4.985919307802000322e-02 2.263236548143897631e-01
7.922648881108329544e-02 -2.205678106078812206e-02
-1.245612053165812139e-01 2.622791373134214510e-02
2.547406092152066925e-01 2.446862940689498167e-02
6.287129914484146376e-02 1.378469697433618579e-01
-4.968382852903369118e-01 4.691093107351240743e-02
7.344031308084186804e-02 -3.833331740800591803e-01
3.864241386142339696e-01 2.512104079997479200e-02
8.016260874068203979e-02 -3.795583908575803633e-01
7.012675519666011770e-02 -1.296121264876852752e-01
-3.111841332170233176e-01 5.015987359050344541e-02
7.833375317696145146e-02 -1.663475327482769606e-01
2.250181642293490603e-01 3.110080274134363609e-02
2.688345181519310456e-01 4.337900390174986853e-02
5.869476422863117993e-02 -4.705044063830802203e-01
6.359457906317400600e-02 -2.925177888090871869e-01
-1.772240415617227782e-01 5.053678041477294158e-02
6.141498576512349761e-02 -2.330615454726949753e-01
6.176582779435535464e-02 4.823428086437245854e-01
4.300018927528818091e-01 4.996774801980807812e-02
6.186337815526354866e-02 2.704936110776436919e-01
6.343055227868521495e-02 -1.950311786139157233e-01
8.148332156261828274e-02 -2.974837507570036177e-01
5.771841957620571506e-02 -4.237193828240098936e-01
7.072715048575928254e-02 3.521844711068928824e-01
7.418200532779228862e-02 2.709102745613908292e-01
-4.103774421741670508e-01 3.833444227135074378e-02
6.975525931091564047e-02 2.535528449682185048e-01
-2.657530274476741505e-01 4.606305067130833653e-02
7.854449554132236777e-02 -2.279096315020838759e-01
6.360264247746050259e-02 3.388475320505530686e-01
-4.097867560138124254e-01 5.132145138845789489e-02
-4.216428598816498452e-01 2.926647860864883821e-02
-1.406809502946253509e-01 4.304800506131589710e-02
-1.946486985333435449e-01 3.671507625467862468e-02
5.946763580194891485e-02 2.674327478582149142e-01
5.282244556800719248e-02 2.244442824387323787e-01
5.508874505661920384e-02 7.389411524618805238e-02
4.653813770107559922e-01 4.137690529976767451e-02
6.091757487485260913e-02 -2.960400693441459508e-01
6.369568226536270750e-02 -4.474381066364663262e-01
1.373127296196279268e-01 5.371788622846329631e-02
5.334930473646770643e-02 -6.590683177572909113e-02
-6.333949550414830210e-02 3.820296352596652678e-02
5.188641313312591929e-02 4.197081190757672164e-01
5.422760560623973713e-02 1.038656703458735731e-01
6.162224478218591983e-02 -3.012548385592579425e-01
-3.027773410925710396e-01 2.690295830289679557e-02
2.324510907014265548e-01 3.876665538491230745e-02
1.049078245003662868e-01 5.271298263855495048e-02
8.032886826782059675e-02 -1.953750063243889779e-01
-3.654219849702291523e-01 3.242254496290974952e-02
2.755125368289793597e-01 2.779125349683242430e-02
-8.385938316695840111e-02 5.388274630696399115e-02
-2.540452451833923320e-01 4.094036988963889456e-02
1.886383954591616119e-01 5.080612549704099923e-02
8.519088387849726995e-02 -1.735301458702153132e-01
8.097490814136076853e-02 2.475493069638825538e-01
-8.079361767060966315e-02 4.727786388640864423e-02
-1.729803129828892949e-01 3.306495306337520201e-02
5.745157224189156864e-02 -3.426375676778063983e-01
-2.952598988935740687e-01 3.750808766245450343e-02
5.614274552104514537e-02 2.756232618336956763e-01
7.665977751017039044e-02 -3.262139835495398987e-01
8.518532087024643928e-02 4.498798211147007065e-01
7.880039897335733290e-02 -1.061842653851406970e-01
-4.115214229343122643e-02 4.592127491416320151e-02
6.781665439394823913e-02 4.923473356422125580e-02
5.228211259270543199e-02 3.124145510065519105e-01
2.644899519649147601e-01 4.795440025947994567e-02
7.887155441612681006e-02 -3.962697369019457794e-01
8.010049686426490290e-02 -4.596668129803630487e-01
-2.425260390608204863e-01 3.813425873226072849e-02
7.640290420541751004e-02 -1.177062363667848999e-01
4.998137523235615109e-01 3.373663784042268965e-02
-4.008852294196114663e-01 3.161721069331324685e-02
-3.590278883951905087e-01 4.611278984727107400e-02
6.639582919791930937e-02 7.777447771462064896e-02
8.324242016907978936e-02 -3.349199272172665998e-01
-1.028947145877919800e-01 3.098496884826662523e-02
7.097302177980679971e-02 -2.313938918823714719e-01
-3.519740963678175127e-02 3.776417692583644570e-02
-2.591178486625519417e-01 4.008294525207600767e-02
4.477611811308987999e-01 3.931694882813030478e-02
8.249091173513567465e-02 4.355231446631689929e-01
6.941426195991073911e-02 -4.982994201068734474e-01
6.909070085158619534e-02 2.110321275004443109e-01
-2.690870656855256504e-01 4.067230211285044472e-02
7.635702045483505618e-02 4.840489501118773186e-01
7.509339239389434262e-02 2.867752648530380588e-01
7.556403726008886768e-02 4.127929520510636996e-01
6.949182754140448282e-02 -3.564738837432286367e-01
6.844412102846675339e-02 -8.406003811094986400e-02
6.283855982452091204e-02 -1.328901401439415153e-01
1.343988840949313923e-01 5.040191998914267391e-02
3.808837674763586589e-01 2.453640876471085974e-02
4.649503352305398574e-01 4.422659855761534864e-02
4.939805638314153091e-01 3.001304449637476335e-02
5.787845081035980499e-02 6.324109348788120588e-02
6.216399855804954910e-02 3.091637368930643115e-01
6.543367707989733439e-02 2.464316150059294719e-01
5.045673456981858429e-02 3.433751137901581707e-01
2.933590701123123257e-02 4.682865502803179591e-02
6.977991718943266086e-02 1.308266538484315067e-01
-2.433839329103582028e-01 4.097531609221227722e-02
-1.923113762890482636e-02 4.339526001727689319e-02
8.547902124263551116e-02 3.199895360695204083e-01
-6.556748646457166707e-02 5.180821565181781274e-02
-2.297289852412206512e-01 4.697657156660395295e-02
8.235724370277319739e-02 -3.908309649656837026e-01
7.302116174824413442e-02 4.628982269352494017e-01
3.101562150481952385e-01 5.080246180233549680e-02
-2.422755950743695763e-01 5.259695095378313923e-02
3.523382982784496464e-01 3.723293099780933257e-02
7.137313735459405173e-02 2.731396577965486960e-01
6.954210092489987449e-02 -3.793092943642808468e-01
3.344033727351861662e-01 4.132575425835827154e-02
2.549973540531391691e-01 2.938671046237728568e-02
6.607385932870102341e-02 -1.158664240738223050e-01
2.072543456183137955e-01 3.404167526821377798e-02
5.758118335040940394e-02 -3.087000844353817719e-01
7.590871376740682130e-02 -3.350147489433936698e-01
4.516141358432040898e-01 4.179449972154603010e-02
2.193172058086778620e-01 3.372320347833546172e-02
-2.207644058374058638e-01 4.055599314822788681e-02
4.961540866174338760e-01 3.389787457073445420e-02
-1.682190722020772133e-01 4.887481159814865972e-02
-4.968823425020563178e-01 2.726545015034576025e-02
4.192096199709354210e-01 2.580063764150308803e-02
3.457420696586444020e-02 3.223866827106147692e-02
2.710648937191119101e-01 3.642995546694161035e-02
7.559205448751482592e-02 4.323831503930122278e-01
7.956848704640329117e-02 1.979371936455969205e-01
3.624251793092529983e-01 2.469915463431060498e-02
4.167617076819226662e-01 4.900691343843188719e-02
4.929854178069592585e-01 4.332522576125619196e-02
-3.499303706996490515e-01 3.862859310199762142e-02
5.706995451291874133e-02 4.626481823113379743e-01
2.626742185313876154e-01 3.213952369212436100e-02
-7.556677772001807458e-02 2.553785414075304683e-02
6.219405942974365331e-02 1.948598417399510785e-01
3.575326809135325190e-01 3.384755878172374111e-02
7.069965897944308075e-02 3.728994201012605370e-01
-4.810216316937470094e-01 5.123437833718536005e-02
1.946130209421899071e-01 2.213369991623215238e-02
-4.956980545078764067e-01 4.808193596758192356e-02
7.178591243687959533e-02 -3.338282664785203746e-01
7.305982568039715019e-02 4.023440705722625133e-01
-3.778434170369002754e-01 3.085117363573719462e-02
5.983565845587357490e-02 2.243392820151788314e-01
5.552073296221748944e-02 3.456479341564573371e-01
5.612195601687663959e-02 -3.658617280657856519e-01
8.039719996140060054e-02 6.707249383007807264e-02
8.496486469657871243e-02 2.452008889118121315e-01
2.057727195813939813e-01 4.183529462574475666e-02
6.785126879877356743e-02 4.991485217909855665e-01
-9.963466347436122916e-02 4.564751933083643909e-02
6.048901566139319730e-02 -3.705672464255583831e-01
5.847617185056208644e-02 4.910419528433251912e-02
8.283778425838894677e-02 -1.035300276055314272e-01
4.192189863550622730e-01 2.536864076061440265e-02
-1.768639156124839351e-01 3.901471017981339440e-02
7.431599116377107794e-02 5.818607269523989878e-02
6.791845261596629602e-02 3.465301067857370354e-01
-2.746525117882776534e-01 3.903499101660390380e-02
5.271937002006621409e-02 -7.885921661286077189e-02
6.739157963456299250e-02 -2.071778826633392523e-01
9.541055629550576622e-02 5.058603965924890478e-02
-4.036459072862040864e-01 5.277288683726510943e-02
-3.941720502429520989e-01 3.356532344608265106e-02
-4.264322850197987957e-02 5.130254142219470292e-02
-3.925215844968824586e-01 4.087232548775499019e-02
-1.464662787725233839e-01 2.997839284888670353e-02
1.518307769764634108e-01 2.953465110101594071e-02
-2.664529693873939342e-01 4.331447076060790380e-02
5.886595957739870766e-02 -2.552209185377702916e-01
8.072112376753182161e-02 -2.573863653952541686e-01
8.109980759248458515e-02 -1.878196866622061645e-01
1.809647209373049792e-01 2.231670079532954709e-02
-2.859250247599287587e-01 3.759489219882117261e-02
6.180194238604130863e-02 3.426114229522767562e-01
7.980265474398340331e-02 5.528741162492845085e-02
1.727876303090989385e-01 4.511815116961714889e-02
7.458980424373129470e-02 1.847812331001913444e-01
-7.110035145834692205e-02 4.128103109024960915e-02
5.653236525403182444e-02 1.453719423733457194e-02
5.278212970364026813e-02 -3.823612546861412387e-01
5.562560062383870019e-02 -3.656251959490662840e-01
-4.191345328510934776e-01 3.426242394601020091e-02
-1.825814468819282332e-01 5.308372750693746145e-02
-1.721267653215904359e-01 3.202273477764161491e-02
8.260280984891477107e-02 3.167912896554059277e-01
6.981603943189707007e-02 3.965202236187954643e-01
7.005655679447053696e-02 1.984059064252750026e-01
8.210155484691084027e-02 -1.374338067022105037e-01
5.657185459993396837e-02 -1.125378945234374317e-01
5.379015007621024136e-02 4.755746963818586748e-01
5.783379426454249295e-02 4.465497171995337355e-01
-3.704992705424170474e-02 4.803614720762539037e-02
3.535381618476828303e-01 3.367437627905733866e-02
7.634182557613389264e-02 -8.764444277292993135e-02
8.442857256706881586e-02 1.499897370578560096e-01
8.297358031260015920e-02 9.143247369144869019e-02
7.166183461542896538e-02 3.002564847697113404e-01
1.202905249462350445e-01 2.518711643457183236e-02
6.461905047856475459e-02 4.370039742122586723e-01
-4.812151052192789047e-01 3.067819789982373369e-02
5.848173130141998133e-02 -4.021188228188700142e-01
2.596239299840913395e-01 3.234061217838857250e-02
-2.865513684668042904e-01 2.715192571530478105e-02
4.799868525424784149e-01 3.631292514233508406e-02
5.368836837787438476e-02 1.286238567696115220e-01
1.533848533086294985e-01 3.744969612176274332e-02
7.234691874404286516e-02 -3.058758295158179319e-01
6.969461806430277129e-02 1.648815019966062279e-01
-3.198396485219775487e-01 3.972239658695519982e-02
7.696469194307387074e-02 1.686157758511936944e-01
5.150908112854990506e-02 1.251021104477286761e-01
-8.799711214829142314e-03 3.326851168218059041e-02
5.318284180560950425e-02 -2.801841813713806806e-01
8.080060138119971036e-02 2.406397641020583400e-01
3.259023723927391147e-01 2.662920922139155877e-02
3.040532999677616477e-01 4.644662001807031704e-02
4.711785485757877812e-01 2.248247953095272589e-02
5.723947212789104455e-02 -3.372742183242938285e-02
7.003472536007382399e-02 -4.200609995058632862e-01
8.273452995225538675e-02 3.436508755749863031e-01
-8.078682854314034323e-02 2.686378714319392902e-02
8.111465233673664788e-02 1.295806830192847148e-01
5.465100932785238452e-02 1.119041277445553817e-01
-1.770991740051810481e-01 4.251064583253338913e-02
4.288344228678385717e-01 2.237014972028739113e-02
5.944390685048495104e-02 2.535748489667311034e-02
6.265984957969072955e-02 -3.872394035398061263e-01
5.474943948322330556e-02 1.852948265996235966e-01
-6.056035122202430010e-03 4.449911520198812642e-02
2.247462390759615847e-01 4.477631651496560838e-02
5.747777119041774796e-02 1.284321309173617198e-01
6.213015403233534961e-02 -3.137266153473583508e-01
1.221067194817757606e-01 4.810586815963957541e-02
-1.080110800655019743e-01 4.288469142272810508e-02
7.045995398461923909e-02 5.501942717577534836e-02
2.254130658249551278e-01 4.348825732481476081e-02
6.503860545519168923e-02 -3.984969847698859313e-01
5.495250593485168089e-02 3.298060964967757247e-01
2.714118220966761363e-01 4.178759126977193983e-02
8.503720922567037377e-02 1.468533589826774843e-01
6.241753817015383010e-02 -5.158424506878944715e-02
5.080655981405779453e-02 -1.478105698871834406e-01
-2.066592883642429657e-01 3.682774655941967179e-02
1.561681451629073347e-01 2.867098070418927502e-02
4.571471933681470201e-01 3.556298955996395339e-02
-3.549292704106021823e-02 3.012782197190455591e-02
8.123916396430419518e-02 4.529275090588348318e-01
3.344620855140431059e-01 4.852110415943255983e-02
-3.562447627620098922e-01 4.906615805458180990e-02
-2.670264865583004132e-01 4.613408565244248027e-02
6.954195477640434664e-02 -1.115743429254745234e-01
1.072115417437969898e-01 3.876838960024631131e-02
7.634435566817321384e-02 -3.921071130456492693e-01
7.422257941713805707e-02 4.443738350338912735e-01
3.280359438195548094e-01 4.555678365646731454e-02
7.780929811957248976e-02 -9.554155732748093044e-03
1.934282727660535661e-01 3.209344059078145239e-02
4.368878333769861122e-01 4.390547514055587186e-02
7.975782706311917991e-02 -1.892658559583635380e-01
4.998878451935306888e-02 2.177273382457649564e-01
3.647648733451362979e-01 3.498851882562070692e-02
5.002413794962523585e-02 -4.422293748383092638e-01
4.957662855336664176e-01 4.470818856386882256e-02
5.420052749020065619e-02 3.269238262382833105e-01
5.006707766270324100e-02 4.478506705200323568e-01
-4.635922785963313419e-01 3.490292399583228011e-02
7.817303164131783610e-02 -4.664574713445484022e-01
-2.983793330547479528e-02 3.916599748792604085e-02
-3.809663226216608578e-02 4.219917636037917585e-02
4.968770913978459713e-02 -9.374761989006918927e-02
7.521591986096209936e-02 1.856098137067022646e-01
