5.729126741937584644e-02 -1.895568100105449183e-02
3.432846048386507531e-01 3.697375765134169878e-02
1.333480810042179110e-01 1.904604980282442739e-02
7.439313128332103453e-02 2.698596685456481348e-01
-1.546570987348424575e-01 1.893785017733518039e-02
5.933286223540201743e-02 3.793168599073142300e-01
6.424802618049929581e-02 -2.574226018884218092e-01
6.385581751337965351e-02 -4.717005248711194643e-01
-2.235587870348142436e-01 3.033303737156445301e-02
2.321093402380840498e-01 1.201048472638266418e-02
4.032311261390305601e-01 2.572134225856492762e-02
7.058160077742603455e-02 1.080533820961480096e-01
4.814790981568622952e-01 3.179846926570650822e-02
7.785681245965336839e-02 -1.596911484406590143e-01
7.334439279039717263e-02 -1.557572662407213926e-01
5.328577278502477643e-02 -6.658625956144947899e-02
5.335710550754846349e-02 3.513434118371090431e-01
3.388832979728179096e-01 3.907780469906496634e-02
-3.001945403413699420e-01 2.903554824809484458e-02
3.043725927212761473e-01 3.665073196606638550e-02
6.799133602801488152e-02 1.941402312665209129e-01
4.926931171894388672e-02 -3.353990641621412694e-01
5.816271320791532862e-02 -2.774521383456212131e-01
-4.095457412471773528e-01 8.987217533049651763e-03
7.513081842908952979e-02 -6.471655013072230567e-03
5.340594531562969927e-02 4.905941166830277700e-01
5.906090450513223900e-02 3.676798604538290549e-01
7.969526643877533623e-02 -1.253378577180787046e-01
5.394733956207908854e-02 3.201759025439612216e-01
-1.783630519502802381e-01 1.105015857971114457e-02
7.327617853758794375e-02 1.554138908061180047e-01
-4.576803280542359742e-01 1.468654141640479693e-02
5.326317521064205529e-02 3.381461090022978011e-01
4.377016170329427469e-01 2.214984199745140270e-02
7.452357878952742265e-02 4.147673116203112187e-01
6.219961942769458574e-02 -1.788239636045483305e-01
2.477822461399450393e-01 1.417824912073395449e-02
1.617487391311265288e-01 2.815026679648091612e-02
5.865056866407669656e-02 -1.241042881842894241e-01
5.142702979015867371e-03 1.415610605842787528e-02
5.432217296608921053e-02 4.161010427557592095e-01
7.174003762967429143e-02 3.229225502349037935e-01
-3.941813246331914433e-01 2.613422257000641569e-02
5.588588554738105341e-02 -3.727903419297795562e-01
3.251976839239962835e-01 3.470558744487672875e-02
5.633023936912895380e-02 -2.041893366070690607e-01
7.886071256605675650e-02 -3.557660083363415326e-01
5.158611127923651285e-02 2.240574376637280984e-01
5.899184821025615921e-02 8.038826450511749044e-02
3.302140981817720533e-01 1.503651095741764809e-02
7.535855235943078601e-02 4.788212940144384033e-01
6.174931420281692951e-02 -9.452374920115413914e-02
5.742493905725953862e-02 3.993724022064333301e-01
6.139265053017550766e-02 1.477023478137162726e-02
5.153217354060490862e-02 2.532190534477598565e-01
5.497198798892555249e-02 2.285319875638939235e-01
5.980581808378981901e-02 3.896364442745628986e-01
1.532696417672980704e-01 2.733614930966576928e-02
7.449102249209271775e-02 -4.506760432256043947e-01
8.049197047152356621e-02 3.203940646347039900e-01
3.143797643244102824e-01 3.882089912523234432e-02
7.836068563570686152e-02 4.218074213742362133e-02
2.839935521562119147e-01 1.443185982839034764e-02
5.182574346966717371e-02 -2.024541563292167057e-01
8.106323081529298591e-02 -4.036009654623147203e-01
1.990673853273433602e-01 2.880691415606984052e-02
-4.191815502270260785e-01 3.487364816100890774e-02
-4.863823620762156574e-01 1.471767114147126687e-02
-2.185097800066435614e-01 1.669962249477396909e-02
7.175604736231033787e-02 -2.052940657631640020e-01
7.172075320740067816e-02 3.552573097157636361e-01
5.013400692438041428e-02 -1.747405684892612276e-01
6.867249651730578108e-02 -3.142024878660554243e-03
5.841367598526370220e-02 1.189875657370670359e-01
7.070175721262306201e-02 -4.836059697135961510e-01
7.098364926071687453e-02 -4.941928145528431404e-01
4.785916795384093092e-02 3.905508115906863864e-02
4.879264505994196366e-02 4.524906544054533297e-01
4.989093658976100354e-01 1.952168654946917492e-02
-2.053228005660477917e-01 3.264299613736143524e-02
3.369540427048023368e-01 3.256320106064536368e-02
2.195416705232007271e-01 1.367540410434187059e-02
-3.534805735607198240e-01 1.759471773887899548e-02
-3.435319852779101790e-01 1.987983903809320552e-02
1.274096725520451612e-01 3.337658874583659951e-02
4.678875294149803521e-01 3.539800805457948840e-02
5.253364223910284014e-02 4.129629286068823291e-01
7.579861943614829567e-02 -1.393305821380553811e-01
6.019182283479551643e-02 -2.757433013816714684e-01
5.218907891118962361e-02 -2.353773984647848927e-01
5.091705344175279091e-02 2.803255913354515405e-01
5.507936917816969036e-02 3.307329900758474439e-01
7.808978932513199744e-02 3.587709902733231537e-01
7.123219817964565603e-02 -2.576935379381007918e-01
5.244192117062007608e-02 1.085052102189043577e-02
6.103733377723874476e-02 -4.570218070783417241e-01
6.047936283006916103e-02 5.133892775161252864e-02
4.882319279466695860e-02 -3.390595875861349695e-01
2.996611290042416886e-01 3.268039155821922392e-02
7.359616827038584219e-02 2.107880104498869311e-01
-1.491605839309739778e-02 3.796224064098174811e-02
5.613745797458213893e-02 -1.559089147605247083e-01
6.350150034375201535e-02 -1.211258491448963248e-01
5.134378086747093395e-02 -2.841995910770505063e-01
6.598257449200195524e-02 -4.317354283152486927e-01
-4.317119708769108222e-01 1.389958395311774453e-02
-1.190503518103179781e-01 2.532382544825406701e-02
3.475943103811123258e-01 2.223710194132610951e-02
-1.637686006776432057e-01 3.562318556328192276e-02
4.841429009224118563e-02 1.079989877380059804e-01
5.788502687647401057e-02 -3.706167268405901050e-01
2.481401106082918862e-01 1.749905689255792929e-02
-2.525814982464803515e-01 2.590704799818532855e-02
7.419392426440407640e-02 -2.051133293170982475e-01
-4.953302076416609134e-01 3.264645124285314726e-02
6.501602801536887632e-02 4.109387765970282658e-01
4.942357137018693614e-02 4.976824560737248548e-01
-2.644343367110877363e-01 1.177574323161023617e-02
9.286724542793112214e-02 2.912455987995943296e-02
-4.797349677639315413e-01 1.732648260441393973e-02
7.591992379467871199e-02 4.896151938064462472e-01
6.988363689502996579e-02 -3.614462373025918440e-01
6.783120440656886796e-02 4.411947986655019305e-01
5.932728274476950503e-02 2.170044063364272580e-01
6.352175961633499401e-02 -3.251367517857264300e-01
6.115171465906488191e-02 -5.982642275116267783e-02
1.397991363055257619e-01 1.311509579576197737e-02
7.485432750414544589e-02 2.729963475799553896e-01
3.159333263683924420e-01 1.515963118167307222e-02
6.234470859414487087e-02 -4.344650584061950926e-01
-2.359248252076372454e-01 1.419742336922280579e-02
-3.628849720922611155e-02 2.268172759252817805e-02
-2.868341976845748542e-01 1.387166134931805406e-02
5.744743325781487275e-02 -2.259464377165287807e-02
7.054143725396599951e-02 4.098647636054705279e-01
-2.498810871876796513e-01 3.245877613689795993e-02
-3.529968777167092897e-01 2.074066576227517888e-02
5.566282480463202731e-02 3.460250430245059849e-01
-1.039057375584900855e-01 3.485141154368487371e-02
8.044368346054808772e-02 3.927027668873194211e-01
7.772648397289239064e-02 -4.734907306020482709e-01
-5.217313937350864794e-02 1.611869463106108125e-02
-4.486283177384875476e-02 1.634694978191697512e-02
7.818235175596066622e-02 4.543232514859431026e-01
-2.609531166084740894e-01 3.334674623052868991e-02
-3.228619611603339434e-01 3.472191216593945029e-02
5.132157157899897015e-02 6.147089419027373935e-02
-4.831939366371570399e-01 2.765143185450125163e-02
-1.008798979989475875e-01 1.272079861927621902e-02
7.888900107573060261e-02 2.726826004745658283e-01
-2.950360436560822697e-01 1.753519496243249876e-02
5.095329050735730725e-02 -1.723695018458341055e-01
6.117717132950273307e-02 -1.066496401464800403e-02
2.071239213548771163e-01 1.231671708931381115e-02
7.582179841881142579e-02 -1.439021658147565663e-02
1.978402796093062799e-01 1.884329008348484269e-02
-1.952441948089994606e-01 1.183227872576697592e-02
3.274602732286657769e-02 3.360021494113452079e-02
6.328656236273488833e-02 -3.161088369340102622e-01
2.165439218459918047e-01 2.874844323259950762e-02
6.284862819745162810e-02 -1.696424679954039449e-01
6.404364581537003165e-02 2.774541247915494058e-01
5.608248915606128815e-02 4.659403263535228934e-01
4.753686019453939871e-02 4.787812446905552743e-01
8.240717958820642508e-02 3.242794089612344166e-01
6.445214727145454070e-02 -5.024063917490018127e-02
2.954918489711070295e-01 1.903672969105907331e-02
4.817056873785097171e-02 -1.832827586027977462e-01
7.701140922272542433e-02 -8.680981111849517262e-02
4.787299485562901413e-02 1.264578514522932684e-01
-7.526182967068684171e-02 2.775842985695375909e-02
5.774316627333297980e-02 3.400013001366704035e-01
-9.620630092850968040e-02 1.008821021598571566e-02
8.252340611008757154e-02 -4.105748296017927013e-01
8.161851480208393017e-02 -4.223356627740606495e-01
8.139534866572828431e-02 2.565256099867018191e-01
-1.713937622634289504e-01 3.509269400620240731e-02
7.686169615147875334e-02 8.427101667231740034e-02
-2.259057110494104847e-01 1.495166717017892832e-02
6.472698798899678696e-02 -3.747351956044426835e-01
3.420640201201891051e-01 3.414046626435840448e-02
7.192061615460820789e-02 3.232280019513618097e-01
4.319056738096324066e-01 2.028401715208005829e-02
3.002072917774911698e-02 2.472136198718222211e-02
4.748022271165941444e-02 3.351070393055064489e-01
8.397194761953774567e-02 3.194676475430113793e-02
5.881029059832820760e-02 4.832778399176677064e-01
6.924116638382793454e-02 -2.987385457880078476e-01
5.741587173240547681e-02 -2.812628433621815471e-01
6.415388726472748271e-02 9.278434201034313489e-02
4.660902362662042719e-01 3.602734122086748147e-02
-4.490685775510097066e-01 3.898223321455340784e-02
4.343814046640759319e-01 1.964979672714706194e-02
-4.718958288277952384e-03 2.448259739260560952e-02
-7.047955210791123637e-02 1.826253219758267043e-02
-3.317763925044947548e-01 3.919208919935346369e-02
-1.719823460711407126e-01 1.674949203388520491e-02
-3.563078406641007057e-01 3.797766710774841403e-02
-2.917867693330853385e-01 3.565857630418245439e-02
6.708563687030999478e-02 -2.158769279539245467e-01
-1.464385918824693267e-01 2.786317588809772428e-02
7.504484054257742898e-02 -2.300085480043039254e-01
7.019355134577742739e-02 7.160054428527173886e-02
6.161946250650618406e-02 -2.490892752910010000e-01
1.626205978905537197e-02 1.673431008696713018e-02
-1.728041813913864244e-01 3.200710044255927755e-02
-2.176184270798395826e-01 2.385136828028588951e-02
5.944548561097517947e-02 4.115801194246226924e-01
6.097239561279688136e-02 3.192112424129184278e-01
2.414717977111070502e-01 1.013599208897009163e-02
-2.713103666335531239e-01 1.905446395110621527e-02
-2.689084000239295724e-01 2.119687472725906296e-02
-4.486705557170027614e-01 1.364904105619835217e-02
2.292610517128141900e-01 1.009324587951443419e-02
2.366844357679227517e-01 8.978951675922663966e-03
1.936392889516169724e-02 2.608224726377583735e-02
7.904200047658760386e-02 -6.104760651183216424e-02
5.622308629988437279e-02 -3.694090943543609784e-01
-4.685999295196030534e-01 9.910858012570522568e-03
5.614693566195816388e-02 1.494103729954993076e-01
6.691537661296587114e-02 -1.228880988159775089e-02
-4.848839305933934085e-01 2.255720601852995166e-02
7.976545523766342960e-02 -1.816743195410663869e-02
-1.905646943913320568e-01 9.128130028288050646e-03
6.170750645746569951e-02 -1.276647998712429066e-01
5.259657546122997740e-02 -4.626555656029491814e-01
-1.866327459356800222e-01 3.781288283811590212e-02
7.830465428649180382e-02 -4.590507745355409952e-03
-2.791563399221649311e-01 1.284303778218320868e-02
6.027112316984883922e-02 2.801172317035365289e-01
4.994076505611354522e-01 2.689940797885437274e-02
8.366988523959129065e-02 1.824354990785759245e-02
4.165110520251139592e-01 1.401965348490863406e-02
-2.549657021427448322e-01 2.964183031307243699e-02
6.869182012306762619e-02 -4.256359676553866933e-01
5.536063062357532427e-02 3.032505092812161074e-01
-2.940980679581655099e-01 3.153714123186091012e-02
-2.094601246566730746e-01 1.477080942287700704e-02
7.671461500047649373e-02 -1.940344901082908802e-01
6.445195955790872233e-02 -6.395018282241071716e-02
7.750177914869693652e-02 8.293176430896997964e-03
-2.056033842567361880e-01 3.897201692048402055e-02
-4.379363939613852841e-01 2.553523599047191617e-02
1.433161331123322668e-01 2.135425000730539757e-02
5.584850024559162573e-02 -5.162930623981842881e-02
-2.872816131271105355e-03 2.796081293610086504e-02
6.262518379090609155e-02 1.424975694451402486e-01
-2.279591687011007783e-01 1.443566840422960684e-02
-3.562283681386834155e-01 3.086465035217467179e-02
5.940744978242806784e-02 -1.346516151791360416e-01
2.219617174566281825e-01 2.728920517485022845e-02
6.643664996893972052e-02 1.435447818817218169e-01
1.332432684774801368e-01 2.826504704103127708e-02
5.341845353477003844e-02 2.725863606979572751e-03
7.094269245801276824e-02 -2.053872243556732480e-01
2.813695260281435795e-01 2.748909428656420850e-02
7.603323213696133731e-02 2.616176892117691999e-01
7.866938614320950762e-02 -2.257065850574984101e-01
6.751976732381947954e-02 1.778949527554524179e-01
7.724345728633530417e-02 3.414198152842414791e-01
5.587024540784479854e-02 -4.917758998734350628e-01
-4.781536669682323604e-01 2.874872647381931934e-02
-3.211656547106589432e-02 1.466179036818426873e-02
6.633073243932907648e-02 -4.917818044375366071e-02
-2.222833675912193607e-01 3.108095391626075621e-02
-4.349343246940365892e-01 3.395487051950329960e-02
-4.193878975209360815e-01 1.614904209655432243e-02
5.747458060198973318e-02 -3.414327932041307800e-01
6.247055800846490481e-02 4.537580600260843200e-01
1.062894169475259165e-02 2.818722802763240498e-02
4.989482940275250522e-01 1.400022716033466619e-02
7.041100630240892944e-02 -3.138427981728868499e-01
5.345798346710828319e-02 3.369424221743011483e-01
4.636003895301122890e-01 1.738873109143868056e-02
5.229642847160131947e-02 -3.377748618574728523e-01
3.225798784314318768e-01 2.443712417025578620e-02
6.846343473218541309e-02 -4.523511204090019389e-01
6.651769644863980702e-02 -3.333720129296096069e-01
6.470160184672524295e-02 1.838638430100358878e-02
4.353490059191554851e-01 3.821711087470769375e-02
-1.142399726251244196e-01 3.690658449647499229e-02
7.694313155745002852e-02 -3.451279755024078133e-01
6.801940814042428674e-02 4.365451686348467142e-01
6.431469843098391870e-02 -9.361959640359884816e-02
6.446406724300268731e-02 -2.796492683214055752e-01
3.624225503720809316e-01 3.080009696714314238e-02
2.555003622048531708e-01 3.731578606417684796e-02
5.842454377109596031e-02 3.293736769991441049e-01
-4.941528030003436989e-01 1.693001744548405796e-02
8.110339163456581346e-02 -4.765538385606172822e-01
5.661734167359677716e-02 -4.977193279079733523e-01
-4.213891174971265974e-01 1.609423861942227418e-02
-1.108933107025064091e-01 3.224123571128256760e-02
7.059260340973028125e-02 -4.057020942608620118e-01
6.619024673481865850e-02 -1.004170228507874629e-01
5.424152213097899189e-02 -4.840284175634211872e-01
4.865690160771707351e-02 -1.200836366301087921e-01
2.198969182173391435e-01 2.538590552341790652e-02
6.806951105562597526e-02 -4.367796597775808198e-01
-1.552754561957738755e-01 1.239062078573294201e-02
-4.747072135960818118e-01 3.809178109892130681e-02
5.158345861412216848e-02 1.725608550523650697e-01
5.304863685323135680e-02 -4.248111938686036648e-01
5.553377691321947918e-02 3.687574686956479608e-01
-2.554741654553670527e-01 1.533640823274295961e-02
