1.493817617844875878e-01 -6.440769245174737812e-02
6.176878590477241637e-02 4.692717434734485771e-01
5.591246389493087499e-02 -1.267171012341036240e-01
5.541673600021546076e-02 4.420999597009811488e-02
4.080360722937981244e-02 1.483133793283497592e-02
5.720878172073085022e-02 -3.672662581975468798e-01
5.639842179971377156e-02 -3.002568068617720298e-01
1.352402540355278626e-01 -6.866333173009542268e-02
1.011817704158742837e-01 -9.562436782978833705e-02
5.573595566792555189e-02 1.108493321934386211e-01
4.642608035027873115e-01 -6.844946087350955999e-02
6.131253548144288690e-02 -3.826154962904219081e-01
3.845602704104911229e-02 2.837510506441462965e-01
5.196643579911375266e-02 2.824343362092390786e-01
3.404199197734758542e-02 3.814589941824807484e-01
3.317792311146361417e-02 -2.398493589942460869e-01
-2.541418732546606440e-01 -8.464195578088085092e-02
4.428221822645426187e-01 -7.622539676510287077e-02
4.467264014926031201e-02 -4.851030148654489338e-01
3.887143417197755912e-01 -8.410075930882066064e-02
3.888868818664026339e-02 2.254772828246279781e-01
3.144758238580613874e-02 3.655385103643402633e-01
4.881824800600742531e-02 -4.318384956476251091e-02
4.394438112378873385e-01 -7.129510340765166099e-02
5.604468711010945903e-02 -1.941138282438655827e-01
-2.931009780927983366e-01 -9.104770564004571742e-02
-2.166817929795817887e-01 -7.848327172322999701e-02
4.649519644904132054e-02 -2.093893278054794749e-01
3.941810118292110587e-02 2.241353914429554672e-01
3.345888297281185420e-02 -3.995353653119954052e-01
-2.851895856675412677e-02 -8.777687962238467367e-02
-9.491417424442138984e-02 -1.021236197604344920e-01
3.990626379926176526e-02 3.320868837730250878e-01
5.250783645256251742e-02 -3.730008023807398487e-01
2.773329953940831816e-01 -1.008038076274996309e-01
3.863574648130052580e-02 -3.275928824155120989e-01
5.003199122587598247e-02 -1.770912445966335014e-01
5.400496308923741218e-02 5.819455228007830438e-02
2.401423404678935114e-01 -7.088186403037755046e-02
3.463879856074481012e-02 1.170698282425497450e-01
4.715942587946693187e-01 -7.360461729914902218e-02
-2.390726310564629253e-01 -9.241432909367774950e-02
5.903056810824669487e-02 1.603260605335194988e-01
4.573547315182469042e-02 1.795080797957067098e-01
5.197105911929245092e-02 -4.355897271974362717e-02
-2.328520946810042069e-02 -9.628117898423471654e-02
-3.919533944903351719e-01 -7.759471698703490627e-02
5.809854848770978908e-02 -3.493146218358064159e-01
4.651051518280246988e-02 3.973288713426054164e-01
3.217455731084365445e-01 -7.841375562039820668e-02
5.280584544848421213e-02 4.591155270279777545e-01
-3.954031549533798540e-02 -7.528365570378137139e-02
-4.054036378934566809e-02 -8.957672619438816763e-02
3.074285465425041775e-02 4.396992907337227141e-02
-9.104151889035583256e-02 -8.644596743236987457e-02
4.342936484811547038e-01 -9.664987464313956611e-02
4.715040786167234987e-02 4.737905206450703233e-01
4.956273063485461261e-02 1.693908170945941372e-01
2.365410227719986214e-01 -8.801659718543408673e-02
4.848967417633098798e-01 -9.885816909060918256e-02
3.635322850626498958e-02 -3.132673942686519108e-01
1.253178463152782030e-02 -8.971354997770997208e-02
3.727387618055832963e-02 -2.891649764677157730e-01
-4.607138648121854585e-01 -9.940007900899416882e-02
4.225083602458701293e-02 -3.412913520436664516e-01
6.086470718570091698e-02 -2.083763265211033833e-01
-8.670965293143240160e-02 -9.568180572322892985e-02
-3.793924365717453728e-01 -9.267161301848503285e-02
5.762826914449703519e-02 2.894322167042364669e-01
3.276036916833158230e-02 4.502323075777998618e-01
-3.711330133842422052e-01 -9.317489343548901459e-02
4.227771604627622581e-01 -8.779751454778117470e-02
2.464339700300051117e-01 -6.919196054983745015e-02
-2.263529547852380919e-01 -6.916158292650820272e-02
5.825709697933312281e-02 1.795023149246708360e-01
4.625096528357064418e-02 -4.344708123513785214e-01
-3.978196944004476210e-01 -9.749406899765522549e-02
6.063955317290270486e-02 -2.910029419385193883e-01
-7.891445904713867421e-02 -7.082363227550170226e-02
-3.710688918934098579e-01 -9.404119926851217670e-02
3.725829758971344052e-02 1.704666904296653351e-01
4.012023976625445076e-02 -4.763717757413588050e-01
3.758484436723219524e-02 -4.275819831770028001e-01
3.243954777547073398e-01 -8.812376420626066853e-02
3.066429897382583203e-02 8.424368383746116962e-02
3.803347296658871057e-01 -7.315404658063973109e-02
5.743396085993357492e-02 3.703049175111227109e-01
-1.569768478690614089e-03 -8.658330147863357862e-02
4.276289987533685721e-01 -9.045269466261196545e-02
5.517628790185746812e-02 3.059621535919077040e-02
4.121241399067021582e-02 1.772184313387461518e-01
-1.244868281568206614e-01 -8.776475071930400773e-02
4.749773240224860471e-01 -8.129827712709514209e-02
-4.208215365235723482e-02 -1.006679444198910200e-01
5.461422773149093857e-02 -1.816976567959173172e-01
-2.385052322409497716e-02 -9.316438677489358167e-02
4.359560061682166143e-02 -4.294085935326319436e-01
1.190903704638710536e-01 -8.335742848878902045e-02
1.592375856888388341e-01 -1.008677660036340074e-01
-2.781374862224337274e-01 -9.948082937730573505e-02
-1.934600226446709925e-01 -8.442187114090238254e-02
2.574376156080713240e-01 -9.199613420176766532e-02
5.488310436723853325e-02 -2.370132886286160367e-01
4.767222984314312129e-02 -1.248198363483032924e-02
-4.147266010553363191e-01 -7.813024509677957141e-02
2.980645284996263911e-02 3.720179575185694754e-01
1.783508265632204326e-01 -8.183983795935723116e-02
-7.589577613384079768e-02 -8.086829416462337772e-02
3.796045086155019899e-02 -2.711528078470455405e-01
3.561064957521020702e-02 -2.988110114962261310e-02
5.375602213652042050e-02 4.262536030214844063e-01
9.641072019806273818e-02 -6.746426638979063917e-02
-7.771897738208966011e-03 -6.415672025344720808e-02
-3.833699690476237709e-01 -7.388355897526155402e-02
4.016281418167333417e-02 -3.493503608816339590e-01
-3.877452330215167553e-01 -7.271567220032792989e-02
5.907903132009739711e-02 1.351226937278869888e-01
6.070079278556628211e-02 1.053331482936437080e-01
5.977202308055329372e-02 -4.775380361498005044e-02
4.717156430063877970e-01 -9.465973614618683474e-02
4.566619686954519475e-01 -7.882977494844645161e-02
4.666104932084058632e-02 1.228218777990506272e-01
-2.933612379856787022e-02 -6.768356239221762216e-02
3.543592106585158330e-02 5.098731647061882644e-02
8.147863613102490632e-03 -8.116744934021324909e-02
-3.423542393517742255e-02 -8.804287003059163563e-02
6.001420838213067377e-02 -2.208750221203173991e-01
-4.224359230815621924e-01 -8.915217244526185691e-02
4.969034625201729227e-02 -2.005969737660191488e-01
-1.651092310674519004e-01 -8.178712565072832064e-02
2.983632807754199590e-02 -3.386830079848436315e-01
3.750206899464431087e-01 -8.149114824225933695e-02
5.133693403630745777e-02 -1.319598378456827703e-01
3.223400445785600255e-01 -6.630794138044260322e-02
6.111436840516382141e-02 2.855609203554426712e-01
1.077584092873606902e-01 -9.264357212630058847e-02
6.084376199135788088e-02 2.641252892672745212e-01
3.911007408614419756e-02 -4.060972268226894499e-01
6.232914278663426177e-02 -2.031702908929674534e-01
4.327490665247246682e-02 2.442892259183255810e-01
-2.734255150820275038e-02 -9.573846753785608676e-02
5.355327102673090867e-02 9.136743443269057519e-02
3.560662769054268040e-02 3.109407253945550842e-02
-2.954405832850665048e-01 -8.138359231456826492e-02
5.989984049346475103e-02 8.565836255352254902e-02
3.364299590377961557e-02 -1.687904409211385959e-01
3.810524285401382105e-01 -7.898281541765805880e-02
-3.909014483300397025e-01 -7.051724267963488391e-02
-4.174332137352678718e-01 -8.859713560331206050e-02
6.121964625017750627e-02 3.171629109631988186e-01
-4.909561672369170404e-01 -9.125129565493250716e-02
6.189296081322925858e-02 4.758934729963445465e-01
5.125257044445485910e-02 3.611320692386237319e-01
4.546276334346472936e-01 -1.000204404594198238e-01
5.206261387389332640e-02 3.899266760579818136e-01
3.289919915538219719e-02 3.413391110927345151e-01
2.895994352280129025e-02 -9.092645291599277257e-02
3.297251269120871076e-02 -2.021889414336300872e-01
-2.202370161980449215e-02 -9.722722122474691808e-02
2.025150758393567951e-01 -8.294357633956017661e-02
3.580103735787254493e-02 -1.610277683879834942e-02
-3.576356600010045517e-01 -7.970842826630997191e-02
4.927376332618911281e-01 -9.343516970093312946e-02
-1.714482296805498462e-01 -1.017180376782687024e-01
3.792201654769211672e-02 -4.594511349875831652e-01
4.041411629598812283e-02 2.072235858010673670e-01
3.006433852466350309e-02 -5.357605047233193751e-02
-9.732657152801615918e-02 -7.124514599539943926e-02
5.219558214687991526e-02 1.482338097138584665e-01
-2.949388305538460653e-01 -7.371038795396189780e-02
-1.388622893779707379e-01 -8.738372285163598097e-02
3.578849711021209190e-01 -6.530737520043849997e-02
4.777994246308736592e-02 -9.528485202362513284e-02
-1.163673852219864191e-01 -8.357305150617344580e-02
4.303087935667282427e-02 -3.228697398121764817e-01
2.794180535184942471e-02 -7.415774242336126143e-02
3.354225519034714775e-02 -4.841779705562980762e-01
-1.193638399993960375e-01 -6.701148778095089575e-02
4.017589851858595074e-01 -7.460343813645742284e-02
3.286229334462353879e-02 -4.432556970524655915e-01
-5.620726609765203108e-02 -7.384345917471324405e-02
2.646807327576164992e-01 -7.649133156383614018e-02
2.838925175694159142e-01 -8.620285913378689102e-02
3.988886410617775713e-02 1.498131952825713098e-01
5.597843774248933979e-02 4.555921246802869806e-01
5.763143951775562268e-02 -4.467015323660837867e-01
4.132793133660783713e-02 -3.195242475854932485e-01
3.250992449489940039e-01 -8.552654069390874803e-02
-1.039370747482256663e-01 -9.327489002591538014e-02
-4.952198651478532110e-01 -7.925448694363357305e-02
-3.749987615757556236e-01 -8.397035142037156952e-02
-2.925378032737041556e-01 -6.966702138554292656e-02
4.748318740279078298e-02 1.304020672027448313e-01
4.079754504422785644e-01 -6.378604802372633831e-02
4.361387832818652832e-02 1.877040026537359907e-01
-4.257251768942033054e-01 -8.588641619869707977e-02
2.908192381748136990e-01 -6.427145981935600272e-02
-2.869910678096541101e-01 -9.751857523078544254e-02
-1.162713729552864450e-01 -8.099850929658314325e-02
-2.228217061423436451e-01 -8.340454011258913170e-02
-3.708481546413108232e-01 -6.988030505400499859e-02
1.808839326726775498e-01 -9.268039742913347645e-02
2.730839637183442026e-01 -8.681001777278207765e-02
-4.986029640361920867e-01 -7.667035336323624328e-02
8.696907620877691869e-02 -8.869116465055693066e-02
4.902873525081197226e-02 1.578294132925021076e-01
1.814105524499580735e-01 -7.494343628021438164e-02
5.028853611163119908e-02 -3.858542952990802188e-01
4.378908979805362645e-02 -4.954849327767291145e-01
-4.474803520847000504e-01 -7.211260536433639068e-02
2.999260292076255663e-02 3.746640383722888989e-01
3.561345228858381340e-02 -4.320147632157687045e-01
4.046345498030290422e-03 -8.978825334005491321e-02
5.381653025315247252e-02 4.293436507187968765e-01
-4.587221305028902352e-01 -9.871951237596865436e-02
3.303471763886733914e-02 4.226350697023444347e-01
-1.113464536838515428e-01 -7.117719394512811437e-02
4.848332800131412990e-01 -7.647817329955730603e-02
5.057693865435519687e-02 -8.874522656096739404e-02
-3.394951036018331036e-01 -8.356079391818715951e-02
8.120616976451067170e-02 -6.488308935669817590e-02
-4.607178249385111002e-01 -9.104890621120242944e-02
3.530324829901754224e-02 2.825586339639518663e-02
3.640107316037132223e-01 -6.881590056226982721e-02
5.275371294682917878e-02 -3.717244518112170493e-01
5.038109666945556064e-02 -2.827300099362183294e-01
4.332312598352039412e-02 -1.953869499401910126e-01
5.282764432565434376e-02 -1.353292575880874482e-01
4.527767452084203725e-01 -7.978869786275544218e-02
6.084471294729043578e-02 1.991048723856877478e-01
5.436878211288220797e-02 9.275384724464030839e-02
3.962692146649289260e-01 -8.445054093090997860e-02
-4.778773744392939005e-01 -1.013209042227475321e-01
-3.107143466021364819e-01 -8.982596505291318145e-02
-7.631906626048223785e-02 -6.857636594143801112e-02
3.469833005645959201e-01 -7.133762052830516787e-02
6.224562173385972397e-02 1.515209229749003850e-01
-2.109877657080326818e-01 -9.016386569733969569e-02
3.209561692411810885e-02 1.542079757242834637e-01
4.350951630194288544e-02 -2.457940463472712000e-01
3.004585683908992388e-01 -8.738990492998655046e-02
3.810548946933312031e-02 -3.254207431138232964e-01
6.237949625778049789e-02 3.954392612957154940e-01
-3.235700119662812124e-01 -9.725286237908958853e-02
5.110434001146835215e-02 4.479071230020437167e-02
8.221806999807912408e-02 -9.480478992330365617e-02
-3.078610894059671255e-01 -9.385736246953857442e-02
4.440374958020010254e-02 1.885477666562730414e-01
-1.811401517604874778e-01 -6.823424019973944876e-02
3.733108106975241425e-01 -9.889824352440357291e-02
5.373194390541624621e-02 1.283654736950488040e-01
-4.584610104358491922e-01 -8.057688086255965221e-02
5.374572143398503865e-02 4.959160208675827963e-02
3.738381545925462124e-02 1.298763298187700643e-01
-2.524050049581693100e-01 -9.735404818522941373e-02
-1.230260738484557637e-01 -8.731150032437795527e-02
3.878811976389373584e-02 2.267041677645272868e-01
2.214365780770777281e-01 -9.176574806718185151e-02
2.050458452103309792e-01 -8.067892817855504273e-02
4.883349546146966702e-01 -9.445371260434287652e-02
-3.586200338551869260e-01 -7.292699974148986186e-02
6.158586509323227265e-02 3.715106916023021011e-01
1.822738848795373290e-01 -8.579565798923705078e-02
4.844766719180410020e-01 -8.142145078186624474e-02
5.860486609651993639e-02 2.657196835830494264e-01
-2.510477303037979002e-01 -6.977156830619146710e-02
-3.677981324387172846e-01 -9.492326969157349748e-02
1.013242636520375051e-01 -8.073086025600118010e-02
-4.132001258288829915e-01 -9.663272862861260748e-02
2.798578018668632650e-01 -7.288157862391142494e-02
-1.189499479919516878e-01 -6.409109288475656196e-02
6.169700992353321922e-02 6.802875358862026101e-02
3.879137865407311647e-02 4.186922482834514181e-01
-6.208612835200388869e-02 -9.202050335251477087e-02
4.423582715236384910e-02 -3.494242024573824823e-01
2.973442650295724521e-01 -1.017572132639370519e-01
1.485355890689082914e-01 -6.455431981614856429e-02
3.623924142613987875e-02 -1.313671526904083287e-01
3.335107020314731496e-02 3.917020227404802712e-01
1.351645772324949757e-02 -9.479937425731810308e-02
3.838004781533332910e-02 1.155932876200431725e-01
1.714431145962986847e-01 -8.264373781385170314e-02
-6.570150686183606759e-02 -6.575592957653420001e-02
-4.114424845325607150e-01 -7.552132499023977985e-02
-4.654807188360222669e-01 -1.023719401920792915e-01
3.224618817524668168e-01 -9.824696437062208076e-02
3.321065640776534877e-01 -6.522078914266604688e-02
5.339219320728316731e-02 2.149344582759978861e-01
-4.403573874546107270e-01 -7.736605377946315087e-02
3.196892462622891173e-01 -9.645236051810013311e-02
2.469718868018322411e-01 -9.310515132737973154e-02
-4.374757852327459950e-01 -8.999607798718656237e-02
3.725233840940305186e-01 -7.011849136588144127e-02
4.393834594033737551e-01 -9.323453089526811954e-02
3.113051380291498305e-02 1.303921511460847116e-01
5.461460926280503614e-02 -1.866732543634435082e-01
3.376538674732587619e-02 -3.163420293329366473e-01
-4.436826852685316069e-03 -7.215016031683230135e-02
-3.841109345714798229e-01 -8.787476684456785314e-02
-4.815608557882861129e-01 -7.055151050324437456e-02
2.045006687404478107e-01 -9.645110689749059052e-02
3.766797382639865965e-01 -6.811698594733750500e-02
-8.455776796097991266e-02 -8.330129363654548147e-02
4.281075664394072833e-01 -9.523426019467440273e-02
3.236723536548347102e-02 -3.102360137954163211e-02
5.896187885198878043e-02 -4.664763909632397842e-01
5.459483527939468228e-02 4.093944002175017305e-01
-1.955826255112479428e-01 -7.173507401083989432e-02
4.186050551507558559e-02 -4.837081634779795136e-01
4.340025074757758450e-02 -3.800198195971995485e-01
2.726456030982870038e-01 -9.869159848069330998e-02
4.025257164230178208e-02 -4.538019855607222652e-02
3.678231076381133224e-02 1.511973717593466660e-01
5.469871348950294809e-02 1.796094873031855998e-01
6.058123726995101599e-02 -7.280319099104315406e-03
1.032027313160133186e-01 -7.907905637829282242e-02
1.614995329673561963e-01 -8.020199714275855207e-02
5.253223678567187083e-02 3.845810020761952774e-02
2.109491715132163492e-01 -8.657674413094795796e-02
3.093235288963577245e-01 -8.390957088396999719e-02
-4.996248244441150455e-01 -1.000964876777961088e-01
3.632163507045496065e-01 -1.016835288526226622e-01
3.876044559767544140e-02 3.065231344941697911e-01
4.132330263892491917e-02 9.282376698245309310e-02
-8.121125858766908845e-02 -6.772732539208903280e-02
-2.588694097012353978e-01 -8.677336007423575026e-02
1.572864232670397877e-01 -1.001909298432790418e-01
-3.134061883472413212e-01 -7.003016681966023338e-02
-4.150607467217712898e-01 -7.041429728149428691e-02
2.060782319759967285e-01 -6.900867133832677691e-02
6.179280898410155487e-02 4.575239015957851541e-01
4.712130609339326703e-02 -4.376448792942759791e-01
3.524273928047916282e-02 2.424736176652941833e-02
3.831574449959496143e-02 -3.961046994609631611e-01
-1.032128789696338256e-01 -9.007432290297845423e-02
3.962703544987888904e-02 4.309198585866386155e-01
-5.821743895884989861e-02 -8.655994958415957896e-02
1.842882335484352652e-04 -7.861073535561180492e-02
3.171127532194226717e-01 -7.099905947403151174e-02
-3.825658932555531244e-02 -9.763145931692263080e-02
5.135312385364798615e-02 3.896146873125795329e-01
9.094792382190863833e-02 -6.940967479767645720e-02
3.379658892421966154e-02 -3.268124055162122676e-01
6.830314771592382872e-02 -6.480266157644443137e-02
-2.307181700329822283e-01 -1.017305990930897908e-01
5.731803680002012236e-02 -4.636839531383118995e-02
6.244942943150244563e-02 -3.394818958088907657e-01
-4.118876007584728605e-01 -9.361169336477614955e-02
4.931774717471582026e-02 1.810172466656393420e-01
-4.655798914047792891e-02 -7.306574517351516196e-02
3.545392166203961137e-01 -7.990147137850223125e-02
9.245902332558209036e-02 -6.775847412671176517e-02
4.297677434698110588e-02 2.573138699397876650e-01
3.561586061473823728e-01 -6.574773518415344409e-02
4.771577302939444820e-02 -1.067446354432178834e-01
4.849548178781246666e-01 -7.412304173942840801e-02
3.345874339605950931e-01 -8.959470354363363587e-02
-3.701965215493300265e-01 -8.925779635365604925e-02
-1.873070758574639783e-01 -7.590679992512072705e-02
3.981262035969301838e-02 1.988676973819685223e-01
6.195017843391092960e-02 1.041015638294293666e-01
-4.566554494593242364e-01 -7.302913634261909426e-02
-3.691658078157006306e-01 -7.326909021524574683e-02
3.625704139909258217e-02 2.175311454595374450e-02
4.785369901272273907e-02 -3.800703945371137760e-01
-3.746763402586676950e-01 -7.088498589786751403e-02
