-3.001162829303605228e-02 4.618929825009929768e-01
-4.147795287965272415e-02 3.124393362147891429e-01
-5.035045362570766958e-02 -4.836457394250378572e-01
-5.132962590092027266e-02 2.062547013882232161e-02
-4.322333771561914784e-02 3.916092012399582378e-01
-4.895148672274984847e-02 -4.101139558124288209e-01
-4.086724430901866878e-02 -4.440346450298678915e-01
-3.388089672181904266e-02 -6.256555957420006919e-02
-5.547492890544292177e-02 -1.677415105958346420e-02
-2.706515886563021223e-02 3.164224078713704369e-01
-4.373585219153564019e-02 3.257190916306440531e-02
-4.435879500064821013e-02 2.780571267277655023e-01
-4.137121145703648306e-02 -1.869792131979484129e-01
-5.616691440065846308e-02 -2.045061826868258548e-01
-3.781252747416641302e-02 4.174378696376190856e-02
-5.018703992769502076e-02 4.980011031179794045e-01
-5.711394077503173516e-02 1.231289271594518953e-01
-4.993455753314157697e-02 2.956826516015133022e-01
-2.869708566444728604e-02 -3.115777640353882827e-01
-4.240876036637042379e-02 2.792885718277873242e-01
-5.111354391879185943e-02 -4.153636729128031835e-01
-4.215988074930732132e-02 1.272576336032247291e-01
-3.393053554718306053e-02 4.934515694337764380e-01
-5.491615478187394928e-02 6.115135861770837344e-02
-4.192086523933369335e-02 -1.867599064738504344e-01
-3.965196751573052403e-02 -1.634988828784766923e-03
-4.348062370195615589e-02 -4.796597868172129964e-01
-3.444085842552302434e-02 -3.927203960008937011e-01
-3.534214322071649317e-02 -9.760094506445993190e-03
-3.528764583429699897e-02 3.850486576951657192e-01
-3.512065455219470778e-02 -1.950430226257587885e-01
-5.590981799122152207e-02 3.331910609204417062e-01
-3.390779587966485931e-02 1.209583586577513969e-01
-3.622254971062077722e-02 4.630121152116655203e-01
-5.388345775670955184e-02 3.495293296230506108e-01
-3.326737867008167093e-02 7.777590977580128850e-04
-5.735625404657129778e-02 -6.993425092789606889e-02
-5.094019574529451422e-02 -4.240778616247488086e-01
-4.103739370142001075e-02 -5.351669109249657108e-02
-2.760431298220189511e-02 -5.565926812021582126e-02
-4.703263790800438215e-02 3.894651729053443256e-01
-5.350488304118949934e-02 3.477836351647590751e-01
-3.579127720771890786e-02 2.020587980658102856e-01
-5.239378180977283250e-02 4.144024451241524742e-01
-2.949540879800149895e-02 1.885247938181615623e-01
-3.251698179033535308e-02 -1.070828661063404352e-01
-3.202034095198891261e-02 2.840036533898792070e-01
-4.734426923477630389e-02 -2.313153166375061520e-01
-2.775562728632763321e-02 -2.596039701801081678e-01
-5.197590868824786270e-02 4.088527389387129896e-01
-3.688954547938305684e-02 -3.560771229167873919e-01
-4.970833818535769222e-02 -2.868287724339073641e-01
-5.648011624276860765e-02 3.992966258918859701e-01
-5.392686234740740048e-02 3.128568630774489767e-01
-2.733503495349021151e-02 2.258507237563707193e-01
-4.315041333478708552e-02 -2.168268538757072150e-01
-5.320757248769447667e-02 -1.726370155350855917e-01
-4.648602514281241493e-02 -2.861910808633397751e-01
-4.124998012944769421e-02 7.965353067953118149e-02
-5.080644696037384112e-02 -1.699035600566589643e-02
-2.827510973903735181e-02 7.110960678951472325e-02
-3.907908349962962991e-02 -4.889059442058690808e-01
-5.346997787335683316e-02 -4.364343533075154546e-02
-5.184701857814222326e-02 4.751083512875688974e-01
-5.117396292967879567e-02 2.651663957969480068e-01
-4.147470518540641304e-02 4.912817985201277660e-01
-3.911255679096470317e-02 1.496398171375038499e-01
-3.571477080597051934e-02 2.509327615580125848e-01
-4.341832826196834194e-02 3.028554222503940796e-01
-5.053173702847280069e-02 2.027468996681635049e-01
-5.745464674323996768e-02 3.593141250136373532e-01
-5.663654434696852036e-02 -4.765971527763809279e-01
-4.742311980950741912e-02 -3.775119032457603385e-01
-2.963061649440779100e-02 -7.472501846286583316e-02
-5.832470067089556842e-02 2.524881540122549950e-01
-3.668293951643208928e-02 -2.955858058953575451e-02
-3.451770904923590066e-02 1.068212312581430234e-01
-5.490827799852515678e-02 3.752293863024830367e-01
-3.643482465756719968e-02 1.619612567192268981e-01
-5.825057074888351227e-02 4.909093753715918496e-01
-4.412583215791943125e-02 -4.445506348263580376e-01
-3.078309905767706578e-02 4.988352513087513929e-01
-3.988597936423254886e-02 1.029817760056668252e-01
-5.051837324497165937e-02 -4.243508362390669975e-01
-4.191438625614485325e-02 4.885775980133485463e-01
-3.430127375009883739e-02 -2.538087212461713760e-01
-2.662267480622504401e-02 -1.955679955119160596e-01
-5.047683222140542103e-02 2.279396250056414663e-01
-5.725221266400115638e-02 -2.000008776380722830e-01
-3.914098164108825717e-02 1.125953247509505761e-01
-4.974480907311640276e-02 4.994039014483937500e-01
-3.008468217453486027e-02 -1.229082061674933168e-01
-5.632274778158752326e-02 -3.083708850218772612e-01
-2.717583005744539371e-02 7.523699233685454679e-03
-3.294167062621444764e-02 3.503299113028315315e-01
-3.331635006669653176e-02 1.209286560459015281e-01
-5.544869452202605409e-02 -3.391989195619838915e-01
-5.281674024441440629e-02 2.954929679403722753e-01
-5.355372491219356768e-02 -2.351648967900539233e-01
-4.481156128723851051e-02 3.557250095291802916e-01
-4.341838498395955703e-02 -1.596610287300964659e-01
-3.617433561546612442e-02 3.777881458875609333e-01
-4.030634460270132724e-02 -4.683736172875023751e-01
-4.481173030791418821e-02 -2.576443858850865354e-01
-3.039070056825776689e-02 -2.559409286787012183e-01
-3.632542962411711152e-02 1.892022077155396387e-01
-5.401268476939757868e-02 1.843992028478578238e-01
-3.479840176955539821e-02 -1.834052736531989192e-01
-3.039586444207387217e-02 1.152033370857749039e-01
-5.094712885292584925e-02 4.392013807019486960e-01
-2.787594295122552968e-02 -4.515934814376419970e-01
-5.363937634445536951e-02 1.024432703341038309e-02
-2.676764434503065004e-02 -2.508127730362209595e-01
-5.740049203189112603e-02 1.924944697884387601e-01
-5.787115286971999950e-02 2.267621699655337775e-01
-4.824107219344642150e-02 4.670750741860575372e-01
-4.812764587946716244e-02 -1.070541164739835516e-01
-4.787184570155622598e-02 -1.748467110609047692e-01
-3.268129454933177414e-02 4.267089936318283483e-01
-5.464577659755653904e-02 2.091618600931122174e-01
-5.548082099151530056e-02 -2.267716842559246437e-01
-3.582868558204332921e-02 4.315430403531689274e-01
-2.969029768936282121e-02 3.110650535180532472e-01
-4.145022366998862839e-02 4.048763970406344948e-01
-3.910181410222213216e-02 3.430009788066227250e-01
-5.760314514672415509e-02 -1.548685190694442104e-01
-5.442231360319782496e-02 -3.089762914739290212e-01
-5.682863141856031586e-02 3.940628315557792583e-02
-2.942067307756068839e-02 4.335240681951456621e-01
-5.460663556345102254e-02 -8.928727359957011611e-02
-5.721593631887356146e-02 7.338557143998403198e-02
-3.674495857041271130e-02 3.766611315099844814e-01
-2.637027463525876136e-02 -3.661199701631633330e-01
-2.675457341808684664e-02 5.892774332748618171e-02
-5.468379601164119475e-02 6.395533867263591965e-02
-5.076227253006404538e-02 -3.726000291075683979e-01
-3.139965869077265825e-02 -1.995580986795210121e-01
-3.795540966667820815e-02 2.630809531769732201e-01
-2.792837882042797926e-02 1.733120348604223482e-01
-4.693232160595228741e-02 -2.543774870902657526e-01
-4.058803064402916050e-02 4.396139622007431136e-01
-5.629701937193853922e-02 4.890109534035564920e-01
-4.528825594551499911e-02 8.788677301341474291e-03
-5.121003594134454495e-02 -2.501220283048465332e-01
-5.337705282213023317e-02 9.599614009715984331e-03
-4.906033099261364328e-02 -1.168803094523465091e-01
-5.029676287404194479e-02 -4.581100004969119732e-01
-5.088170516227219498e-02 2.295430067753061465e-01
-3.146785586113720612e-02 -2.155655668150742166e-01
-5.822063573817748416e-02 -3.541382524207801197e-01
-5.362163175080325583e-02 -4.897161600785209234e-01
-3.155917951079112438e-02 -4.908226992103077446e-01
-4.914990967340360228e-02 -1.604301193176563833e-01
-3.763319703480105805e-02 -1.291454094243769113e-01
-5.651407539824349069e-02 3.271018922463723166e-01
-4.084659574622029332e-02 4.038372413554460749e-01
-2.712261952886707572e-02 8.103705494859725356e-03
-3.833077265887008256e-02 1.059270994561736234e-01
-2.818839160257569088e-02 -4.673338498665413621e-02
