1.537999099756789390e-01 -8.638759711551868836e-02
4.950738537735011047e-02 2.350942939556721623e-01
-4.589799887515418897e-01 -9.622748800826952387e-02
2.719709996958064036e-02 -6.967578671701657456e-02
-1.043105335974116032e-01 -9.792968429771553573e-02
3.313773255790697370e-02 1.279862821248081151e-01
-2.593399712130598500e-01 -1.066563901265500380e-01
4.532346610196680281e-02 2.714709156106331900e-01
3.217088345559537821e-02 -1.636496632193742418e-01
4.647159231933384316e-02 1.576019553138190421e-01
3.642834195084665438e-02 -1.450391685359239125e-01
1.436692218527770848e-01 -8.740735557518142240e-02
5.608771127716272176e-02 -2.580399095001593146e-01
9.834704139762107111e-02 -8.481076042952695460e-02
-3.137787299234084948e-02 -1.067193603122336132e-01
3.625196710008660173e-02 -1.836396360123119242e-01
1.588525303730115024e-01 -9.539214732943002151e-02
1.794455887937030925e-01 -1.090911670494866259e-01
-1.571294154998161829e-01 -1.046742411711660825e-01
-1.595380701982517246e-01 -1.007308026944950807e-01
5.672473072012995665e-02 -4.745048055770717532e-01
5.486502474704046950e-02 1.877766093607113884e-01
-3.303030253217245082e-01 -8.464795051838647222e-02
-3.970006147430857890e-01 -8.260259363009625488e-02
5.689019872102285547e-02 1.205696444165988979e-01
-2.947256471760643093e-01 -9.432162112688335931e-02
-4.278638840979926972e-01 -1.195225546014072604e-01
4.923721422561888605e-02 2.852726069265149045e-01
-4.568345198227666826e-01 -9.912241277686517638e-02
3.779710126227112665e-01 -8.491961964628269577e-02
-1.459253537021162339e-01 -1.124091342275573835e-01
4.214596316431507006e-02 3.499206484360670721e-01
4.435889482795118965e-01 -1.217920755044509251e-01
6.848900240789224103e-02 -1.113222950936904043e-01
-1.805433064543676691e-01 -9.397280420196729711e-02
3.918689231151419872e-01 -9.173786795836258445e-02
4.050180885244980544e-02 4.271091963003339487e-01
2.777849239946827975e-02 -4.674730635713586491e-02
-4.839467922245852538e-01 -9.835636195056329800e-02
3.232233752524737991e-01 -9.432952002663985702e-02
-2.156718825147603269e-01 -1.166281196950998966e-01
4.176858113777176529e-01 -1.202767810863907272e-01
4.897689039757202600e-02 -1.224248222416443044e-01
4.038068220021229227e-02 -2.729493923363519592e-01
3.103483471164036889e-02 -1.223247399165693361e-01
1.123107845823057005e-01 -1.043406794389553083e-01
3.581694685878988871e-02 -3.762998836354084498e-01
-1.113871414237191937e-01 -1.103192504068387647e-01
5.439218208205343075e-02 4.419262531169690922e-01
3.256719203902969095e-02 -3.256715950773486634e-01
1.492285998718316797e-01 -8.912756716338332552e-02
4.089219394375154248e-02 4.788587709201781450e-01
4.196423673132654297e-02 -2.686886494194576924e-01
-9.102880078536601527e-02 -1.099029739355914526e-01
3.972864861813257820e-01 -1.023669365943530307e-01
2.815447020595396310e-02 -1.410242796482602534e-01
4.827060501792301839e-02 -2.152694451336720771e-01
4.744870601943951272e-01 -9.845512573676329371e-02
-3.913487755497937481e-01 -8.877357829391108179e-02
-2.699049745993796767e-01 -9.360941100837605333e-02
5.930623398693624093e-02 2.053059701181775276e-01
1.232826698350411032e-01 -8.153685629663676160e-02
3.684097596949953424e-02 -1.772131025269926274e-01
5.040782467097804087e-02 -6.702191007743263373e-02
2.235712707768366947e-01 -1.132282459095357297e-01
1.553468338081920308e-01 -1.132164954686837310e-01
4.209196698305195383e-02 1.087390128437973891e-01
-4.474513125904622246e-02 -8.155185058169756029e-02
2.713941501393057898e-02 5.615228281020856471e-02
4.808681776824130782e-02 -1.368495098309412406e-01
-1.737153355869406335e-01 -8.677751968305658092e-02
3.614451039650834474e-02 1.306755672949792002e-01
-2.326900631959788468e-01 -1.121553343494245958e-01
2.404510126032671780e-01 -1.074543455124473690e-01
3.691006812426822492e-02 -2.921211534528551645e-01
4.918767562711945374e-02 4.481558060968401369e-01
5.753041194002583847e-02 -4.854755205937216767e-01
4.270864745950053720e-02 -9.611044065771845446e-02
1.915934421677463195e-01 -1.159899848523034960e-01
-3.735364202492443830e-01 -1.164462456321743167e-01
3.150846369975879302e-02 -1.442372709875113790e-01
4.900985213589093004e-02 -1.322911527000224519e-01
-2.269288679550990340e-01 -1.148758320620619777e-01
2.696599765735574472e-02 -2.437012212516211918e-01
4.313076208262889288e-02 2.606959834974579282e-01
-1.502355508231975056e-01 -1.120077522216024191e-01
3.041710896832272581e-02 -3.792637011644478529e-01
-1.612405298050867408e-01 -9.991283552250229683e-02
-4.625690696903889121e-01 -1.010488855151661092e-01
5.583175845597276865e-02 3.696280673147946949e-01
2.978794676575735600e-02 -4.761768131881326527e-01
-3.510982105460958014e-01 -9.374853905576008284e-02
2.827889643642511608e-02 4.251862161737850476e-01
5.744110925937029322e-02 -1.131363009666568331e-01
1.117413405910625546e-01 -1.063789381051125638e-01
1.440592911202822624e-01 -8.731999950182189885e-02
5.495784820577653829e-02 3.761253834992704936e-01
5.004972914683814000e-02 1.200256067295546458e-01
-3.896152538524296771e-01 -9.946991684339157036e-02
3.954387071080318616e-01 -9.733530047800553753e-02
-3.860769751223820379e-01 -1.214775181244402980e-01
5.339925881290952248e-02 -3.061825718571749011e-01
3.710340744222787590e-01 -8.930870325128970055e-02
-7.531964257871437418e-02 -9.550264593003987557e-02
-1.720562545326078663e-01 -9.269937126875116284e-02
5.729980353311547869e-02 -2.977141210611111699e-02
-8.332515899580217322e-02 -8.427036067450366374e-02
1.268509400056346825e-01 -8.435319995966750195e-02
4.069861812324341299e-01 -1.147496873424834751e-01
2.673790407179810202e-01 -1.215189123739018884e-01
4.279253972712804277e-02 -1.901242012396804348e-01
4.950834935907189038e-02 -1.274985337699697796e-01
-4.837288716953603851e-01 -8.338037422219368722e-02
3.354802408523571700e-02 3.926763466797080770e-01
4.628911459348739044e-02 -3.004588252194400066e-01
3.121007739149812554e-01 -9.825942255305541995e-02
1.418424809375175011e-01 -8.713471401665773275e-02
-4.486031069798847026e-01 -9.682278608152705690e-02
3.172992164936505599e-02 2.544337274498220669e-02
-3.032579656221613407e-01 -1.084458699339484467e-01
4.581196782615026830e-02 -1.538264646104003930e-02
1.627507131007235319e-01 -9.945674493693457130e-02
2.931154543102787446e-02 3.067015845185483425e-01
-3.062392125807551491e-01 -9.704454537714679585e-02
-2.259595871196753425e-01 -1.034839819280835016e-01
5.043273188182828548e-02 3.358652418726736366e-01
2.564370821905163078e-01 -9.479487231273775460e-02
4.953752703124492118e-02 7.382093381344723149e-02
4.498490849435154981e-02 -1.132917664658388279e-01
-2.587540271404881187e-01 -1.200261612903934516e-01
3.646450911684362417e-02 3.363945873511834384e-01
-4.256912019666870828e-01 -1.129535189836829989e-01
3.932127474742410644e-01 -8.800537354341764207e-02
-3.761363630885127263e-01 -9.293438197096060005e-02
-1.728057855712792357e-01 -9.484629915227538177e-02
1.985779759169665759e-01 -1.095460034394718507e-01
5.394573697043103522e-02 -9.295003572619420229e-02
3.111243050441248048e-02 2.115277460926064945e-01
-4.736387676480574571e-01 -1.070460995212694222e-01
4.509898146198576541e-02 -3.242918846818858558e-01
8.215218703355176011e-02 -9.889696628610233908e-02
5.356201113362402122e-02 3.266936190026878961e-01
3.972739308258621538e-02 3.291689601904346230e-01
3.771177892605825921e-02 -1.599755904910231674e-01
-1.251401017888024159e-01 -1.159474252135180850e-01
4.599603184380152143e-02 -4.671117619036324609e-01
3.765937983184453053e-02 -8.515661129182350297e-02
4.112533934858686457e-02 -3.435525767633260674e-01
-8.204776032249261331e-02 -1.048929754669654102e-01
4.630954338742243603e-02 -2.845266999033256861e-01
5.606747012969881538e-02 -2.507010226852814938e-01
-2.129097189777330312e-01 -1.082694207070589165e-01
-4.308249241192374512e-02 -1.103438875636414407e-01
-4.283003174943084135e-01 -1.048281957235760453e-01
1.049427480920847033e-01 -1.042673432158763847e-01
5.078670759733094897e-02 -1.106405495736774158e-01
3.791613786949377118e-02 2.057568457009631979e-01
3.655706167791311634e-01 -9.506034428872989217e-02
5.701592868933347269e-02 1.655936375355118173e-01
4.394334097996610566e-02 -1.360688564357234176e-01
3.102898657060737531e-02 -7.005590479368184464e-02
4.069224702713081232e-02 1.871649417739705834e-01
4.316545744192279432e-01 -8.430228804088957251e-02
4.005942412306873202e-02 4.367590220948609492e-01
-4.191772256253928353e-01 -9.891410137207612419e-02
3.234009254317238291e-02 -2.983238392089866409e-01
7.586561801558611151e-02 -9.011331619148943428e-02
4.881301399929671714e-02 -4.911402473450633410e-01
2.704769118375757175e-01 -9.798943988973507491e-02
-3.640760621681142784e-01 -9.104001318693932809e-02
1.016324050008088342e-02 -1.101706169758748244e-01
4.128768513842044907e-01 -8.207606389982557982e-02
-4.718721966629236819e-01 -8.259594690038007947e-02
3.394056466233819069e-02 1.809562343078043867e-01
-1.484419486697290402e-01 -1.179299350070697194e-01
3.475945492833530936e-01 -8.319380179039415069e-02
-4.648686964181401038e-01 -8.406044368110499043e-02
-2.779706151164506034e-01 -1.110710812547499593e-01
-1.271566471117311359e-01 -1.041252822780251996e-01
7.020687814244530589e-02 -1.086656426742769188e-01
-3.200037766578092135e-01 -8.200901802321336476e-02
3.401406924286509703e-02 1.755905639939334684e-01
1.749093118822597770e-02 -1.094102044243832061e-01
4.463657284560174077e-02 1.246358806438980782e-01
4.594880685282931587e-02 -2.340885959279018769e-01
9.051916962640615960e-02 -8.641050240626801937e-02
4.608615467699183066e-01 -1.134729972760307737e-01
-1.400938463972434267e-02 -8.181025670285546614e-02
4.724581178494513534e-02 2.738752207439973940e-01
4.917778260626526343e-02 7.385654870338931310e-03
-3.961781311916093840e-01 -8.935475107456958277e-02
1.988577578391257372e-01 -1.035084333290171577e-01
-6.206947954617925145e-02 -1.168153926738809689e-01
2.816413064713740866e-02 2.260819932758841855e-01
-4.930980494086116828e-01 -1.020667245946257351e-01
4.976336612299792073e-02 -8.832833008557228194e-02
2.841485088507839096e-01 -1.016015038685290639e-01
4.197272312056243848e-02 4.786637517580205614e-02
4.320645390225822391e-01 -8.752123576969605967e-02
5.097526629365245476e-03 -1.197467927360114093e-01
3.076635696051810420e-02 -9.673780772969209352e-02
2.413360310337829828e-01 -8.347747368475355589e-02
2.868496971037383103e-01 -1.062769659314074522e-01
-3.883852298439756101e-01 -1.143910701276329434e-01
5.293287505110477742e-02 1.292564515641656531e-01
4.625152711585367449e-02 5.583697999337977613e-02
-3.194829078891194829e-01 -9.317382512119976035e-02
5.003654739165319665e-02 4.351909711640704614e-01
5.912654857101817818e-02 4.458424968309321335e-01
-1.185262368316993831e-01 -1.149952559325785328e-01
3.967452989338315916e-02 6.527989949795975910e-03
3.372224428235148785e-02 4.212376187963953189e-01
3.771948128660040922e-02 -2.070574177114414827e-02
3.027639696563522165e-02 -4.929102762480023214e-01
1.738274962640915522e-01 -1.105684888061515547e-01
2.579352069803745318e-01 -8.721426392708275799e-02
-6.901197320312424388e-02 -1.194080197925527775e-01
3.004152521312467572e-01 -1.088641533773678782e-01
5.982880902441534143e-02 -1.096438540899296044e-01
-3.062441165236905460e-01 -1.105727879395913549e-01
4.397252065544192678e-01 -1.220086254888782529e-01
3.472303389948525609e-01 -1.150909878788669571e-01
-3.433052977787871551e-01 -1.009234458305358073e-01
2.725407998589712832e-02 3.789928589957969329e-03
3.847690355779531668e-02 1.802106518439734462e-01
1.852578893558106676e-01 -8.462100902214542142e-02
-1.553503441758654624e-01 -8.104165693462783704e-02
2.275588230052449923e-02 -8.300416479850325491e-02
-3.608243909635234781e-01 -9.578620705071771990e-02
5.675050258448122165e-02 9.103201148373174512e-02
3.395646602923195756e-01 -1.067613941047610426e-01
5.205320182857420264e-02 3.515582626383133569e-01
-4.448663765224915023e-01 -1.210333857061631768e-01
-2.358255222552396724e-02 -1.065108259864279150e-01
4.032225359971719492e-02 2.736307023255123427e-01
4.878547931689847239e-02 3.214277448269893256e-01
-2.035109930786146437e-01 -9.603321874471182351e-02
4.905799121154889031e-01 -8.157267346834518040e-02
3.539941633899134077e-01 -8.112016132705446303e-02
5.346849942409126477e-02 -3.071962691562246661e-01
5.741651676574266450e-02 -4.780594860657971790e-02
2.908726844294656777e-01 -9.475353825224597237e-02
1.376788058532160131e-01 -1.203035849409758162e-01
4.094431464197889614e-02 -3.483486867899436845e-01
-1.350435754282959255e-01 -1.021473990386012609e-01
3.223540070666208734e-02 -2.122497655417140416e-01
-3.504722653180669667e-02 -1.074245395989009699e-01
4.595653613900751999e-02 7.498172982248885177e-02
3.017664085660083373e-01 -1.124239393696188083e-01
-9.789474593403446612e-02 -1.019118157276311942e-01
5.860225137292185416e-02 -2.772254460943103238e-01
4.942812894230553811e-01 -9.254672755170745280e-02
3.084862977301983111e-02 -2.236765372463996870e-01
-2.798803084084752202e-01 -1.218901389861246631e-01
3.182285458224831665e-02 -4.528832041428032529e-02
5.693833871288944692e-02 -2.599041623571324289e-01
5.441537084051573103e-02 -3.740114072841790316e-01
5.718899931741672216e-02 -3.669709642590982535e-01
-2.656268130668193450e-02 -1.003461639863834076e-01
3.775519513032821184e-02 -6.303253769165551024e-02
5.500338959714112796e-02 -4.164474903215028556e-01
5.431993281608549218e-02 2.632785158439484574e-01
-1.893999005610640385e-01 -9.033607478609206876e-02
4.532215205851586326e-02 -9.696013221927202164e-02
4.427120288058554731e-01 -9.968333764820136444e-02
4.612061363708253037e-02 -1.029332256946093871e-01
4.381749342655812951e-01 -1.189878161119339861e-01
-3.865827358368453259e-01 -8.129333741353550469e-02
-4.382160516849059606e-01 -9.987977292496186266e-02
2.254013109002089843e-01 -8.410310495512896001e-02
5.409203289203357023e-02 -3.990711316941851772e-01
-3.812704557599122523e-02 -1.132358718572848977e-01
4.439991651554320296e-02 1.773450595712868783e-01
3.187757826620951640e-02 4.652097991477943673e-01
3.614261334360280298e-02 1.110129258699599220e-02
5.598828093471275302e-02 1.473337889128435441e-01
-3.558523163008935342e-01 -9.651525561528806474e-02
4.171042956030840410e-01 -1.140032622912174887e-01
5.732095365504941142e-02 -4.792953850952977879e-01
2.928241645558926631e-02 -4.535218239129763518e-01
1.634765335483675530e-01 -8.580867503491784731e-02
3.567436438427218359e-02 -4.398868578863689427e-01
3.792123880029496519e-02 1.039683649477584071e-01
4.555623690853094487e-02 -1.473771742484862868e-01
4.068812842821367681e-02 3.018948601348695471e-01
-1.331716179543940282e-02 -1.101003716519135534e-01
-2.306245807144139404e-01 -9.198459987272766814e-02
5.604051161810630344e-02 4.371579942426218057e-01
4.504360157149123189e-02 9.866742946321682695e-02
-3.949038287903927635e-01 -8.105274401634943171e-02
5.853388560528915985e-02 -1.541584316532893517e-01
4.670075890137815877e-01 -1.055685708981298765e-01
3.785389451598571986e-01 -1.131368592164266884e-01
4.723755355784819976e-02 -1.621785367520801602e-01
4.717577148575058388e-02 -4.937655344021373294e-01
5.682350167860639178e-02 3.968334533474370263e-01
6.596361459653921067e-03 -9.165889170707930411e-02
3.302686131358634203e-02 -1.708748827786044089e-03
4.391049739352740344e-01 -1.193785114841224848e-01
4.999329420209330799e-02 -1.420611479819927636e-01
-4.242044222320544566e-01 -1.204152740781693209e-01
2.794762814806639462e-02 1.715827432301144650e-01
2.745162139565452408e-01 -9.243206251486368874e-02
-4.688209975288846199e-01 -9.871769427423282561e-02
-3.541314907525799915e-01 -8.975353570128408176e-02
-4.734344108487602565e-01 -1.130466554204213603e-01
3.632100310088020034e-01 -1.050743397570391702e-01
-4.896340750835381783e-02 -1.099612874503606008e-01
3.750973365653048619e-01 -8.613754823180852505e-02
-5.216974612356406471e-02 -1.212599651447932025e-01
-3.331651638982334740e-01 -1.201134995411341500e-01
4.996978847077371277e-02 -4.591716788165931540e-01
3.020834327367810657e-01 -1.116804466055690837e-01
5.520122007699979072e-02 -2.688845250035386547e-01
2.824857896189340023e-01 -1.132112747186692081e-01
-3.887563870409058708e-01 -1.161230725084498872e-01
4.088874700999219902e-01 -8.939208978019730356e-02
5.321055949138009389e-02 -3.728396691901372240e-01
-4.691085226959816890e-01 -9.772736206191301456e-02
5.741583406123484945e-02 3.517428858541511438e-01
-4.573670540141461238e-02 -1.136939214447575397e-01
4.807792883247304916e-01 -8.315198218254693519e-02
3.323867361594223802e-02 1.942819586396991038e-01
1.762781649813772722e-01 -8.866977533486319896e-02
4.728482038214992800e-01 -1.136695091534107860e-01
4.375157091703407719e-02 -1.741993126343323040e-01
2.060849202758195942e-01 -1.165014872484447794e-01
-2.937975344490602048e-01 -1.185807387018625869e-01
5.653889609160644980e-02 2.935121255488430947e-01
3.135483893906532149e-02 -1.331554711301871086e-01
-4.171181182313771219e-01 -1.208568988565270619e-01
-4.970803507735888083e-02 -8.523903572970337184e-02
-1.889569557446072467e-01 -8.646688251028178396e-02
-3.281680128195266777e-01 -1.180571836110545503e-01
-5.762540474095201315e-02 -8.567144292785466853e-02
2.926979834539800152e-02 4.990153485376380704e-02
-4.175562180592073958e-02 -1.133267194106497566e-01
3.159819010080944235e-02 4.174928868099593293e-01
4.345320189415768919e-02 2.004357154334247548e-01
-2.262055871280216346e-01 -8.665918468866473656e-02
4.001512577720200969e-02 2.133013111476356194e-02
3.962344995111866108e-02 3.695009524998151829e-01
4.609299837647307108e-02 -1.987645242410962521e-02
1.377038839953906857e-01 -8.702570593862335446e-02
-4.813066636491152295e-01 -1.046035023313549583e-01
-1.310986508060202338e-01 -1.082783185143704197e-01
-3.201552339091673360e-01 -1.052803150684828992e-01
-1.361339580203393407e-01 -8.801221797447666972e-02
1.712503115988005531e-01 -9.768537779370378704e-02
1.439449360321368721e-01 -1.003346681323861178e-01
3.128690594803240632e-02 7.085724799923676098e-02
4.908569110463867347e-02 4.411666174187710565e-01
4.873583031274464350e-01 -8.214171775196787983e-02
3.128660592634479043e-01 -8.086189076600014403e-02
-4.846389402104148703e-01 -1.022179739617962158e-01
6.060457147708231407e-02 -1.050915545779678162e-01
-1.776916971405173573e-02 -1.068717759538601042e-01
3.093604175380604282e-02 -2.260330004984054675e-01
4.601645585412633688e-01 -9.832842753807191638e-02
5.618135607538587983e-02 -3.041727216708688397e-01
4.521247453763388435e-02 -4.431547041036792978e-01
5.855727386807552115e-02 -1.606414999008051181e-01
4.526970789606266088e-02 -3.006915539029416662e-01
5.602795648765857006e-02 3.951223465349567032e-01
3.314887674009669993e-02 -2.586885964338644373e-01
-1.538018608005664589e-01 -1.174189091014843367e-01
4.647069399555792124e-02 -2.989169427242608368e-01
-4.331880035290756048e-01 -8.510065259825339012e-02
5.845990471313078363e-02 -2.845540783765968529e-01
5.717385294112597993e-02 -4.527127132987537328e-01
-1.981914308872304575e-01 -1.215896672242012810e-01
5.400517664599169265e-02 2.530313006655593444e-01
5.326405617526785985e-02 -4.394085493999454473e-01
3.196502144649648880e-02 3.839342118923041447e-01
3.287857448174469344e-02 -5.639336633612090921e-02
4.346187653159943043e-01 -1.135947032680283408e-01
3.414459308722972430e-02 -2.998107251325873301e-01
4.345897170538592924e-02 3.534774046382224144e-01
-6.660729879761895234e-02 -1.034367415244498156e-01
