1.511315095212153459e-01 -7.134839345249077702e-02
6.224933719552661060e-02 -3.773757357670524115e-01
3.042652316061495998e-01 -6.748422245454588353e-02
3.717850893907467258e-01 -3.941660471777463925e-02
5.066424803420199741e-02 2.974822186382597433e-01
-3.373369806039162588e-01 -4.546368698116343143e-02
2.359466041969282557e-02 -4.743431487665228374e-02
5.557017434078759255e-02 3.013604607084606757e-01
5.991880529338444727e-02 -3.249149323533029321e-02
4.875618486383670458e-01 -5.857746500367355669e-02
6.605309015617100155e-02 5.698827932254513229e-05
5.376388228729767071e-02 -2.805045336256252186e-01
-2.993486309667677814e-01 -6.544374374301542563e-02
4.324629194577089830e-02 4.598613961038093834e-01
2.594441429374284569e-01 -3.849887143032382220e-02
-2.199332214643339167e-01 -5.444855071743370800e-02
5.707571657345833493e-02 -2.856295761184900472e-01
6.398336827415651573e-02 3.892497308967608483e-01
5.439194227017818406e-02 -1.739083467337441125e-01
4.756422496673814448e-01 -6.153204807059786674e-02
4.273160302781343622e-01 -4.588044954281866872e-02
5.072979828705792560e-02 -4.600146108584021176e-01
-4.287058089651412107e-01 -5.544633125168629828e-02
4.115862258136482321e-02 2.574381381172518024e-01
1.475381522131954393e-01 -5.498983362880105474e-02
-2.258520458318976631e-01 -5.748897945914177576e-02
6.515585338784990466e-02 2.762566127370703617e-01
-4.811187178536924236e-01 -4.220428878679804985e-02
6.226323281236723073e-02 -2.908507251861084386e-01
-1.785702485529436778e-01 -6.599887418700312036e-02
-3.050616523453448803e-01 -7.082460497811549072e-02
3.290850097777587857e-01 -6.000892500832344378e-02
4.754723120541726189e-02 -4.046702549154046480e-02
3.852160377947155823e-02 2.970344162976569224e-01
-4.218746238432034001e-01 -5.279925400766050103e-02
3.955180256493303625e-01 -5.448215872955308736e-02
4.492908175315709629e-01 -5.337078782663084997e-02
6.299385196450479896e-02 -2.471356613912906175e-01
3.505445876765866942e-02 3.618606419753825909e-01
2.489589756277673649e-01 -6.335748086518400157e-02
4.040592083824045000e-01 -4.452885829222896774e-02
5.739476002805854460e-02 1.711781688602239671e-01
-1.766294743737810702e-01 -6.756569639880505296e-02
4.029448324846762741e-02 2.792930157771388311e-01
3.889808208882128415e-02 3.145649178282738934e-01
-4.983208582083274996e-01 -5.728345199841844426e-02
-1.471228127798928087e-01 -6.882303509352072357e-02
5.927234192431263260e-02 -2.373213035217481837e-01
5.633716081741979576e-02 2.722213565242462829e-01
1.486898935736435945e-01 -5.158793356413438058e-02
-4.066932406715838555e-01 -4.419360480239542532e-02
-3.946208458180959777e-01 -6.179714154310866903e-02
-1.466479856099421886e-01 -6.246164771822493300e-02
3.392566396126071027e-01 -5.816177401584010642e-02
3.812578515882411034e-01 -4.980422301125742024e-02
-6.609697489492993849e-02 -5.888231573892177551e-02
4.726883797172815038e-01 -5.766832660358633955e-02
5.940695665353712407e-02 1.787196811223901172e-01
4.914925975368300559e-02 -1.191529092392539235e-01
4.380342866588948780e-02 3.169844119622100553e-02
6.774388640630923941e-02 -4.796687640047271328e-01
6.603018697132145842e-02 -1.118813960445200761e-01
-1.890222320469715500e-01 -5.325498393832128752e-02
4.047425631574586014e-02 9.517421431259820430e-02
6.648661919905984874e-02 -4.034909207077997939e-01
8.092529595393571640e-02 -4.368847754064653088e-02
3.709606273552357170e-02 -3.555493267474887364e-01
-4.103103167354791303e-01 -7.149626471335590594e-02
6.230497339104223986e-02 -3.084927985879052370e-01
4.468505947397016786e-02 -2.558365253943152284e-01
5.655854149823724697e-02 2.657911482570894934e-01
-4.633822458361210872e-01 -5.088672127836069148e-02
-3.290408227946814979e-01 -4.125120262083026290e-02
-6.404937979252067759e-02 -5.294486048244584353e-02
3.579576043392884710e-02 1.315691963834777489e-01
3.682009672871033867e-02 2.979112060255256766e-01
5.368009258500450187e-02 -4.362385969523013829e-01
-4.179684620250846416e-01 -5.071256734316909043e-02
5.524320570150231813e-02 -4.051405039065324454e-01
4.893622521480244236e-01 -3.935380416450584562e-02
-6.821030170484154720e-02 -6.773595290976619498e-02
-6.774973288030128327e-02 -3.927850626394868705e-02
3.832653572035726874e-02 1.314004351239151935e-01
-2.222213651614449725e-01 -4.237217914763491411e-02
4.314229703742711308e-02 -2.188817312437434381e-01
4.586277704322205828e-02 3.027727624891042302e-01
6.331269003146888785e-02 -4.351312524192330056e-02
-3.205170941177987176e-01 -5.369866851791438300e-02
-3.113208545547609951e-01 -6.136562644914467235e-02
6.343462786294518096e-02 -2.198736456569032605e-01
3.774160685317144992e-01 -6.149652664144344971e-02
3.605220451897683809e-02 -9.605882417856315136e-03
-2.716275172373588953e-01 -6.626516761099887631e-02
-2.750075141655310418e-01 -4.529165934345047440e-02
5.531371257749040371e-02 -4.886558492693544586e-01
-3.583325930422724959e-01 -6.020675519882323634e-02
4.643839641876001956e-02 3.193350281078518593e-01
4.240571722886643524e-02 3.935640332804560826e-01
6.261950922304992950e-02 -7.736215887418640413e-02
6.415343986455601666e-02 -1.044434154973591378e-01
4.094686392931123908e-02 -1.998427111253437971e-01
1.054385748324789818e-01 -7.049109994569069393e-02
-1.225642915756185447e-01 -5.966417652773214897e-02
4.441237534822595201e-02 8.162162096572578296e-02
-4.570087690951550874e-01 -4.663264260949895323e-02
-2.098330898770256470e-01 -6.037809563453122585e-02
1.017146296109660009e-01 -5.362170070018490442e-02
5.136608450776347645e-02 -8.045635767720227260e-02
-5.723938478457346601e-02 -3.783337318982549213e-02
6.776255967812594427e-02 -3.599011801587201909e-01
1.928336375628857402e-01 -4.920309121716359702e-02
6.046337798173284650e-02 -3.220183870227596445e-01
-3.031858740456850887e-01 -6.903075419448012617e-02
-8.712004709836074223e-02 -6.764521440844650790e-02
-4.781583453355496838e-01 -6.301948480316743595e-02
8.434449446602731992e-02 -6.136396430539459157e-02
-3.396074299004229191e-01 -6.862278695998547118e-02
3.480953028068500821e-02 2.822469921270851501e-01
2.123705854966799755e-01 -5.176418260491133516e-02
2.844387970586681469e-01 -6.506054078265199880e-02
6.074830188766633388e-02 3.221507699086267884e-02
4.121930462890432967e-02 -2.131690788791197333e-01
4.670026040295316427e-02 9.787698846238956918e-02
2.796361600111096912e-01 -4.329044151603134161e-02
3.710678910961706656e-02 -2.037784883152715665e-02
5.179576228739279919e-02 2.347657998816042868e-01
-4.889120097787310604e-01 -6.899920890805211204e-02
4.512650422443220677e-02 1.700538963111910551e-01
-3.087641533816189998e-01 -5.524536162761239932e-02
2.831167454429227570e-01 -6.868750119201050275e-02
-4.614771454575343768e-01 -4.182084551532327943e-02
1.273369526576924038e-01 -6.401639394601643662e-02
5.702150005868955596e-02 -4.624851051564433657e-01
-2.164521176883623665e-01 -4.590196207276786566e-02
-1.373719413520929633e-01 -3.800833129053426962e-02
-2.201307805247381122e-01 -5.036969587370276891e-02
-6.226313801556659921e-02 -5.740346178313227021e-02
-4.827544935696949091e-01 -5.342809117014801767e-02
6.093422172298779138e-02 4.788327799573000032e-02
6.018661686955173451e-02 3.930693305634905821e-01
-3.004402308765531382e-01 -5.334687462327991625e-02
3.912826825502594419e-01 -3.872139993942125269e-02
-3.110086685934116968e-01 -5.957394872558408050e-02
-7.902191602663222181e-02 -4.708027387855973078e-02
5.651460703832822396e-02 9.875442129748313036e-02
-1.552638775960585305e-01 -5.675886822874909310e-02
1.186811458626252369e-01 -5.877765742949181416e-02
4.296490106403814124e-01 -5.104986632272656699e-02
1.105625066060822448e-03 -5.211242787978420665e-02
-4.896974941567328043e-01 -6.783940501889407226e-02
3.891483865438460921e-02 4.662571065941019111e-01
-1.931782226034322036e-01 -6.832958645785092155e-02
4.482051524747924232e-01 -5.017871988826749785e-02
4.139841810012157008e-02 -3.079074601298359415e-01
2.207783564986323110e-01 -5.620244061885215636e-02
-4.396240020638952917e-01 -3.950590685771171451e-02
2.390271884184426154e-01 -4.359628333820053658e-02
-1.896332555854354229e-01 -4.596556579767041573e-02
4.770992336553114832e-02 9.182386025147248887e-02
2.631749035811755677e-01 -5.070400295654220457e-02
6.235265393702316139e-02 -1.296143613767428704e-01
3.134869973211068528e-01 -4.223534020339947403e-02
-4.383706800645608137e-01 -5.341330570988156445e-02
4.722235455985634989e-02 -2.806969429516025238e-01
5.622670817145514199e-02 -4.182708662235423702e-01
1.491825478338726363e-02 -5.236173384166042943e-02
3.126757349723342516e-01 -5.561747570195085810e-02
-4.221691140562437994e-01 -6.018185290987276836e-02
4.494881018530183514e-02 -5.142246831158292508e-02
-6.292373022696717833e-02 -4.546785670093456133e-02
5.750320088440807886e-02 1.399381540242948807e-01
3.508989998695120072e-01 -5.620107254077555403e-02
6.697631362556877299e-02 4.242380124067425262e-01
1.400730419140022720e-01 -5.031143236702650956e-02
4.471802171529315473e-02 -2.228405999029329232e-01
-2.189067988359560957e-01 -4.053778471052338350e-02
5.678710234458084205e-02 -4.510433480611806267e-01
4.344500114644578304e-02 1.104805517799402059e-01
3.434692672600543339e-01 -6.672196267833352401e-02
-4.561319906431726690e-01 -5.476053076797260388e-02
5.886861607388504947e-02 3.868679917799127121e-01
5.569621469346319742e-02 -2.822109097232452513e-01
1.921024744227850523e-02 -4.570839094792777946e-02
5.608525765246763495e-02 4.644394904606762298e-01
3.528849546385759428e-02 -4.036940935604707015e-01
2.401498141899042205e-01 -4.014945652015489141e-02
-3.085525843847904959e-01 -4.184551729897956207e-02
2.971080798574902149e-01 -4.501033032153878288e-02
5.585063991123084826e-02 3.364531597392379503e-01
4.216094936151980610e-01 -6.988784316371488003e-02
-4.907789025792269610e-01 -4.465346935927605454e-02
5.412158486394003098e-02 4.068297907896928356e-01
5.192802858232214991e-02 2.117542258489675255e-01
5.247464291290804272e-02 -2.279733270896895370e-01
-3.181596937439071793e-01 -6.901800981782857392e-02
5.861862881309221063e-02 -4.059906692803015860e-01
-3.733974544242273375e-01 -5.173927029887814832e-02
4.433326952356664297e-02 -1.294165136685786477e-01
3.555960631399435190e-02 -4.183936475229960150e-01
3.808107293626294965e-02 1.875822607707133827e-02
-1.432960025722312958e-01 -4.992871854404212772e-02
4.084908445808910216e-02 -9.942351766709101035e-02
4.558753923789655715e-01 -6.885796971483848505e-02
2.781110217679449992e-02 -4.042180527948247004e-02
-4.264547269114286054e-01 -4.930939911486709182e-02
4.399445426907888645e-02 3.773694173242201355e-01
1.307141501744661927e-01 -5.697319804174161284e-02
3.780064847478570300e-02 2.609747605365443368e-01
2.127919398963554753e-01 -4.170906628200310440e-02
1.291433276371114491e-01 -6.811966067398611546e-02
5.690490868223518905e-02 4.244970455722073543e-01
-1.735432875642135553e-01 -5.329914489809195466e-02
4.220417112061480847e-02 1.497979616515632273e-01
4.269624416424422364e-02 -2.135632608690571921e-01
2.490812994063845709e-01 -6.087721526141975925e-02
4.432468541767720094e-02 -4.774629922978508301e-01
6.360973509044098861e-02 -4.597932740898014181e-01
-2.639582600801493317e-01 -4.855338928208496885e-02
4.176373063355731663e-02 4.531126503343524403e-01
4.871581570559646579e-02 4.989100397697543432e-01
-5.351444773778357700e-02 -5.568037973449191380e-02
-1.245194169530180472e-01 -5.614064084135839128e-02
4.096227947242225831e-02 -2.360627799409420469e-02
4.619647014838424992e-01 -6.681094828514766437e-02
3.757669665477936238e-02 -1.877245126168494149e-01
5.728287029439138589e-02 3.225261727573500714e-01
4.037041293039589362e-02 -2.306275631543251992e-01
5.633765009831781523e-02 2.181198906240566782e-01
-3.025741706303952672e-01 -5.697604256559773983e-02
-8.269006981631576991e-05 -6.113044671195133617e-02
4.376877717673199886e-02 3.810698730123215361e-01
4.547731758899187238e-02 -4.705444365843103327e-01
2.464378615277703632e-01 -4.268154894157694113e-02
5.043541274893625914e-02 -3.820402004786226380e-01
4.167166256510856925e-02 4.975805722477982806e-01
4.093430927646632966e-01 -6.145533509393019678e-02
8.471178852648708624e-02 -3.918413182691082852e-02
4.192095369484072354e-02 -1.307272886072307072e-01
5.783999702196251924e-02 -9.603262741688156634e-02
-1.116573709132326897e-01 -6.745454282574592231e-02
-2.573213858749110461e-01 -5.581681139976035766e-02
5.171777759985407563e-02 -3.971333988993519526e-04
-2.281234727341080459e-01 -5.933880656466916648e-02
-3.381103971757702942e-01 -6.382929384227342684e-02
-1.418032438753223934e-01 -7.097912203544454179e-02
3.551490774518462068e-02 -4.041263181301054663e-01
-4.666851851722909617e-01 -6.862320672187394166e-02
-1.577095852152901045e-01 -6.914590383700303100e-02
2.089703541322833757e-01 -4.333998943494643541e-02
4.891575164089034811e-02 -1.585258895170793547e-01
6.274158332015167261e-02 -2.695137201601490728e-01
6.036253840035321616e-02 -3.893753397851615894e-01
2.382071594782732005e-01 -6.664330005747709507e-02
3.580060769044161040e-01 -4.848540513986332456e-02
1.795867424800167145e-01 -5.778297495058326572e-02
5.485282646423494946e-02 -1.127418840119448484e-01
3.962260129265127162e-02 -2.492386993064932277e-01
4.266421774874951112e-02 -4.076934874657298646e-01
4.198682228282724083e-02 2.363290264336238566e-01
4.786537854829406857e-01 -7.116822474385264830e-02
4.209422979059940229e-02 -4.116599342094039438e-01
-1.844242242388554054e-01 -6.533590465091021482e-02
6.480209180314522310e-02 2.315757649963408049e-01
4.042279792500282909e-01 -5.774862354977883250e-02
4.046988243433924382e-02 4.003341816506593709e-01
-2.443798867992674761e-02 -5.083348745307014749e-02
5.245786482327829958e-02 -1.472469472695168147e-01
6.595728062208106035e-02 1.250712217739785581e-01
-2.422741799288758990e-01 -5.831352585301807778e-02
1.679637130259282740e-01 -4.266810108736152074e-02
-1.181969728422085364e-01 -4.406897428984202225e-02
2.329520939579703409e-01 -4.693828799074861724e-02
4.549618695094906906e-01 -4.578361362186300632e-02
6.364518575886424223e-02 4.837434003438130237e-01
4.098553367379587087e-01 -4.910985136412715502e-02
-2.145377798514447321e-02 -4.458652881214419939e-02
3.430421445200260155e-02 1.454803116981946420e-01
4.131857478053402311e-02 -6.710969285805279405e-03
5.327613742952030940e-02 -2.896993365642563933e-01
-8.747385435995058689e-02 -5.384774797073510477e-02
4.521732460710414792e-01 -6.718514969293054584e-02
5.164195641568947170e-02 1.874651596331708969e-01
-1.364183558505610572e-01 -6.538336007050138399e-02
4.843675066359320880e-02 3.819641076134350222e-02
2.625647259147497747e-01 -4.389793778709982774e-02
4.359261046994811206e-02 -1.906914463140817473e-01
6.669520103917569998e-02 -3.619819681883431617e-01
3.682305400199531453e-01 -4.696266196608589460e-02
6.403241042281182516e-02 -3.626579611931776137e-01
1.336289160540496956e-01 -4.465554592290688074e-02
1.280830153691235873e-01 -4.486404663850718233e-02
-3.389243298836959184e-01 -4.243874536411718079e-02
-2.112653602149350274e-01 -5.093800705756734715e-02
5.631879153848518005e-02 -2.225181529961314242e-01
-6.706037293233213514e-02 -6.955266040651164605e-02
4.713651520063855127e-02 4.400555520023508027e-01
3.603249925033913392e-03 -4.512190201853805149e-02
3.584629157246277398e-02 -2.707114353566009157e-01
3.844280371098471871e-01 -6.817189009424429180e-02
3.532881275400046039e-02 -1.483689721322267729e-01
4.253944255953288067e-01 -6.936176963594209433e-02
6.711077135311649400e-02 2.827123187789987169e-01
3.743342263526816538e-02 2.348330194190388909e-01
-9.546965229522053065e-02 -4.140550614653271122e-02
4.530355480202241658e-02 -4.535629894817313490e-01
5.909285661625829356e-02 -1.556274783305665599e-01
-4.123129841876727042e-02 -6.857930487480989878e-02
1.884973382967934930e-01 -3.964303233794674863e-02
8.527253498237175044e-02 -4.705291877153916502e-02
5.463527181418303957e-02 -5.612201555828810751e-02
-2.348896870037430196e-01 -6.114985949428164425e-02
4.252258394138797026e-02 -1.841207053264493076e-02
4.379337035414343493e-02 3.210132065561493997e-01
5.284680871549485293e-02 2.587130917049819123e-01
-1.562766270337516694e-01 -6.970528479630244689e-02
3.017153463207390418e-01 -4.664706311854616150e-02
-1.440659424431398605e-01 -3.937096558044539396e-02
6.303509010864649653e-02 3.276628056603992922e-01
3.890667708660300317e-02 -4.425521877637113022e-01
2.568394941997919068e-01 -5.949300092281184504e-02
6.447004284617952052e-02 2.634596705419867124e-01
1.692394699547408177e-01 -6.157418058153196760e-02
5.622739376225105445e-02 3.315502713865290385e-01
3.145738394297404872e-01 -5.857168106572951949e-02
3.538289317141593004e-01 -3.823382884598425235e-02
4.277304865651332388e-02 2.315065306702512871e-01
-3.348130276408222139e-01 -3.853607463464459038e-02
4.148926818273290795e-02 1.678274766558552900e-01
