-7.155770897144131393e-02 1.192236185311410512e-01
-9.427503372450696251e-02 1.217418213508981717e-01
-8.070451177459325720e-02 -3.317609868923960814e-01
-8.169126774232149391e-02 4.109636345214231490e-01
-7.935728879456038776e-02 1.076950868075686740e-01
-9.558449722829887030e-02 1.372707741017831218e-03
-9.962384510730526443e-02 -6.081425948564411765e-02
-7.177207127387730257e-02 6.038428771670856232e-02
-7.947980965286693955e-02 2.562886321844864979e-01
-7.657671881001482106e-02 1.885546111839302430e-01
-7.859527980587710516e-02 -8.110780343582235652e-02
-8.426641924380495752e-02 4.626891007428649560e-01
-7.358579595209602253e-02 3.494221680823509368e-01
-9.698585779639190552e-02 1.178938670329767735e-01
-7.778638086715761180e-02 -2.911789704763023678e-01
-8.816847913822001281e-02 4.863059044577882073e-01
-1.107540153523581816e-01 2.359785939567526913e-01
-8.355182074616918086e-02 -1.298223735688003311e-01
-8.256089250487386177e-02 2.200299901925047985e-01
-9.277144462356357035e-02 -3.403274925694100839e-01
-7.823260852816515953e-02 -2.462405443247139836e-01
-9.875080628695231955e-02 5.087188251522523075e-02
-1.094506397913131979e-01 2.912551492955018917e-01
-9.118995121017525740e-02 2.108995811749112548e-01
-7.551832125163404630e-02 8.494145407362940770e-02
-8.098638357894016870e-02 -1.673637725790717568e-01
-8.633628726912545570e-02 1.088375547243406460e-01
-1.004934423196401916e-01 -4.311807505063316448e-01
-9.464567808434753982e-02 2.354467034364016165e-01
-1.113766810359152482e-01 -4.632849862599586199e-01
-9.755942154426000545e-02 -4.174499911395328500e-01
-9.617553355627406209e-02 1.283015956853084116e-01
-1.042502341275006739e-01 -3.656918418566333928e-01
-1.083749765568787771e-01 -2.763662180408723579e-01
-1.002880147290255985e-01 9.404108362037399971e-02
-7.278538969076386866e-02 3.211457696399027117e-01
-9.282990665432000466e-02 -4.631536244402322255e-01
-9.586460005186714373e-02 3.466164791530070843e-01
-8.103599837573149944e-02 -2.954437809304846230e-01
-8.910814853722337503e-02 1.844591923203745543e-01
-8.846690753783814642e-02 -1.043016606599207474e-01
-8.109205278059850031e-02 1.478323826268553853e-01
-7.769949446832258300e-02 2.321218139044860518e-01
-9.210158808485724435e-02 -2.397186014706976787e-01
-8.368883078215794136e-02 -4.860595395517428585e-01
-9.878324675118355103e-02 -1.013403885042062358e-01
-1.084164297483394268e-01 2.760678494384449788e-02
-7.420909983520040942e-02 -4.276453995298338251e-01
-7.218382688880919940e-02 4.442545770184880283e-03
-7.974781311705825271e-02 -2.587476020229682039e-01
-7.520656276113824035e-02 -2.163619313421607515e-01
-7.463859785035853456e-02 -3.963001017479288457e-01
-7.234349194551603635e-02 1.204392051451096401e-01
-9.339614479707525341e-02 4.439251005366091629e-01
-9.444254594929568647e-02 8.229139782793415403e-02
-9.879193118748641478e-02 -2.920231493868900019e-01
-1.021287135708573990e-01 -1.658095571233110244e-01
-1.004853310674308497e-01 1.538615948269994593e-01
-9.316397136545395696e-02 -2.450523377450034568e-01
-8.466410898009302244e-02 3.568243704305990027e-01
-9.266687031790787898e-02 -4.082856857180868770e-01
-7.999272416226577143e-02 -1.464082368335803963e-01
-9.946939006024990704e-02 -3.457892484835615177e-01
-7.913135976229890289e-02 -4.092311768100063141e-01
-1.025714316651163971e-01 1.367682343992339122e-01
-1.104553258721451270e-01 1.021404179048102101e-02
-9.504651273700537306e-02 2.810948709963627667e-01
-9.098469328296943104e-02 -1.562979781241224941e-01
-8.852404924072188042e-02 -2.024702267342527451e-01
-9.949503945044735342e-02 -3.266395251750917605e-01
-8.217401634420840040e-02 1.347126337250101891e-01
-8.496473336626664263e-02 4.129966122376850235e-01
-1.000597559219051913e-01 1.870117729417173358e-01
-7.990008461103792481e-02 1.774283717253587467e-01
-9.976314778476236267e-02 5.288347538425075545e-02
-9.597825490548028693e-02 2.988359637420497927e-01
-1.116415831309919282e-01 -1.596388114362575772e-01
-8.716689489120610368e-02 -2.196725491845699096e-01
-8.440844226005994599e-02 -9.721894247922135968e-02
-9.029201499666283937e-02 -4.110037914161339678e-01
-1.002248250679970143e-01 -3.967430323388537738e-01
-8.190377103835377870e-02 -3.310376643553496478e-01
-9.539230960697109296e-02 2.373177584856590583e-01
-9.617036770808595758e-02 -3.275877116654081211e-01
-9.237018689720044584e-02 4.084772119546511426e-01
-1.118462147489561742e-01 -8.545473614887877378e-02
-1.029896003877174282e-01 2.984282235386106485e-01
-1.011411796591226153e-01 -4.420440830634295715e-01
-7.849457772640866526e-02 -1.431119480782767628e-01
-9.209200436350284402e-02 -3.715315893297413963e-01
-7.982694941001677869e-02 2.554178575947008145e-01
-9.358025928125468518e-02 9.834547325480158531e-02
-8.780450855118737685e-02 4.837076723973390280e-01
-9.573639076450823904e-02 -8.442123381390653769e-02
-9.748320767806706311e-02 -4.100259715717677889e-01
-7.335396320258080749e-02 -2.762067135743022650e-01
-1.121618340943409953e-01 2.125892732203775726e-01
-7.703285554882888242e-02 4.487707334396667802e-01
-8.771383893782103147e-02 4.220016833336543982e-01
-1.065828744562934416e-01 1.606856133449054980e-01
-7.666104644217408559e-02 -4.967599486553259114e-01
-8.318658424509839389e-02 -1.504242809290451399e-01
-9.230705698497965184e-02 2.168484581749683393e-01
-1.102538808398016990e-01 3.311166722953046149e-01
-1.031533879844988011e-01 -4.877656697367400707e-01
-8.764783366853301505e-02 -1.172028932330149154e-03
-7.426074031974605472e-02 -3.829367436143328307e-01
-7.494140882750799371e-02 2.145650887302785748e-02
-1.102878146502700440e-01 -1.767127831801886817e-01
-1.113917915694861982e-01 2.315948653711560334e-01
-9.012499998367495824e-02 8.394795349627592884e-02
-9.957410596377314072e-02 2.313266048346843684e-01
-1.022452948361013414e-01 1.574620198122603787e-01
-1.087387873556441287e-01 -4.834602124033713366e-01
-1.029085605037045603e-01 2.416292082724226242e-01
-8.510031725598654617e-02 -9.967258886933327844e-02
-1.007033991852401833e-01 4.282858499517570028e-01
-1.037074571749796448e-01 4.990690389695159324e-01
-1.083552255617310500e-01 1.136701679327296599e-01
-9.928457280141922414e-02 3.735878037622156755e-01
-8.497375808520202245e-02 1.691722834551490084e-02
-9.497942842434103916e-02 1.677380995162778277e-01
-9.620184298772316289e-02 -3.754612038338124291e-01
-9.267099821109403557e-02 1.740167798133641641e-01
-8.158787340031503632e-02 4.526276253421253060e-01
-7.989992483952723656e-02 3.618841808786879000e-01
-9.691490947939396250e-02 2.649437652626472905e-01
-1.055444293293348323e-01 -2.105697528845396072e-01
-1.085614629099316275e-01 -1.450841600987788915e-01
-8.588664042329763326e-02 4.385819068118679276e-01
-8.910568412795649706e-02 -5.966093469841182717e-02
-7.167356025275939402e-02 2.793388492788614341e-01
-9.297626417812110411e-02 2.994653446601576174e-01
-1.046263184737445950e-01 -3.587117830848887134e-01
-8.367565793637965488e-02 -4.631526525434280783e-01
-1.035789713387766930e-01 2.531333417293868404e-01
-1.053439411789046654e-01 4.609165035048834458e-01
-1.102638035523355597e-01 9.833928603513586442e-02
-7.979030070144554898e-02 1.510460504196058373e-01
-7.332837954086501853e-02 3.205164331466793248e-01
-9.887890019516609730e-02 2.908469493520317029e-01
-1.103287717386777222e-01 -3.841109073402251273e-01
-9.249820697389010693e-02 -3.307596751669645840e-01
-8.924225360269744112e-02 -3.406189596068606162e-01
-1.028174387808085122e-01 4.323094069640442960e-02
-1.037231889087952830e-01 -1.152504779792625778e-01
-9.382164653312319302e-02 -2.160612413809473997e-01
-9.178327090771731811e-02 9.535878311863765777e-02
-8.918592602436936634e-02 -4.718761911031796874e-01
-1.016707653986272941e-01 -3.521893188117445339e-01
-8.784696338083297640e-02 -2.731400839408838488e-01
-7.273550126730610188e-02 4.635899092894164575e-01
-9.685747293721413964e-02 -1.965331197299681198e-01
-1.057700953948085276e-01 2.193497465690248394e-01
-9.049381214157259379e-02 1.088207855494123244e-01
-9.888892157276463202e-02 -3.863457026289529583e-02
-1.107483904551750387e-01 1.521597604373855495e-01
-7.822950085051649793e-02 1.659649215663548949e-01
-9.812614656072538022e-02 -1.362291946060147918e-01
-7.524825038522620080e-02 -1.736127334002683931e-01
-1.006039040988581101e-01 3.667541220785887068e-01
-9.289149248070416309e-02 -4.391989742225200777e-01
-8.622070396814063287e-02 2.314771632778021004e-01
-9.403243310891717943e-02 4.790759251224998572e-01
-1.033961136886902832e-01 2.067340333898447513e-01
-8.918396279380380598e-02 2.360269380967083830e-01
-1.111673547627770597e-01 3.196223950551895232e-01
-1.117932058679568241e-01 -2.425465529162295075e-01
-9.099443009177410335e-02 -4.619961766205575859e-01
-1.061555746620990170e-01 1.068513675833332455e-01
-8.601750313297773509e-02 4.923843845556523657e-01
-9.584550613507702987e-02 -1.633612321266355583e-01
-8.769845513429719297e-02 -3.290576053297149528e-01
-1.030132092309929970e-01 -1.453439562361105164e-01
-7.258059564120378226e-02 4.580788636763127863e-01
-8.874735160115332366e-02 3.929605107944554865e-01
-7.271044091505551865e-02 2.974908823129096547e-01
-8.813287100924105388e-02 -4.165912656733559150e-01
-8.324367522608089320e-02 4.133697129768144629e-01
-7.224432970945893207e-02 3.037402091918420810e-01
-1.091747876706226084e-01 -2.384944210203295833e-01
-8.860586985280716199e-02 -1.460275966784727597e-01
-1.115784175893147490e-01 1.826762683264038234e-02
-8.672822468368590609e-02 -4.810515235169808834e-01
-9.402337832950391494e-02 3.506324983585500377e-01
-9.723876905539452498e-02 7.269417682057321972e-02
-8.890742616850444424e-02 -3.052433946964155931e-01
-7.624416354257845807e-02 -2.631912803192950623e-01
-8.359506937470517762e-02 -3.616734203372375944e-01
-1.088120549492507250e-01 -1.228856073066033616e-01
-1.043479866657507360e-01 2.959330652942715467e-01
-8.397894759418778055e-02 9.401627937445866667e-02
-9.553292918562894531e-02 -5.808254610002938634e-02
