4.472989663024623530e-01 -2.177678227990014204e-01
3.347575494655334882e-01 -2.608063887559876060e-01
3.822884667893936550e-01 -2.054376031389655299e-01
1.682035047125762794e-01 -2.152323994011274833e-01
-3.436035031187467670e-01 -2.371252913540269347e-01
7.411366959737986093e-03 -1.981032029254675697e-01
8.508255867530911676e-02 -2.062288727509813402e-01
3.256219988832576018e-02 3.596239771375574490e-01
-1.571164275939608279e-01 -2.365479664484928524e-01
-2.650112820399561642e-01 -2.047438825822092134e-01
1.974122998584666444e-01 -2.649539110207778103e-01
3.945409793369364371e-01 -2.435048438639954016e-01
1.464866011665166834e-02 -1.034074228286770980e-01
5.542622182561407485e-03 -1.128338158570955096e-01
2.154805854991959091e-02 1.225013281707131307e-01
1.856050397104791472e-03 -2.207098485228381479e-01
7.993057410807036245e-02 -2.676934161593315098e-01
2.476269045615263620e-01 -2.207160201454743120e-01
2.626115401119744064e-02 1.643822586910453909e-01
1.248045044902201806e-02 4.906759518936880671e-01
3.555632290248343930e-01 -2.504297560656997268e-01
4.790344322549459077e-01 -2.521129142388927047e-01
2.739878437986986714e-02 -4.236395716440310988e-01
4.439849343183938091e-01 -2.166749803157336229e-01
1.120192063677170058e-01 -2.545425964573220234e-01
4.595669687341451537e-01 -2.201478957332417830e-01
2.537892464656672509e-01 -2.277912846168056449e-01
1.529703299715523546e-02 3.906527518541912380e-01
-3.034362295463260972e-01 -2.607180470125131100e-01
-5.679569028747022408e-02 -2.247039494609437416e-01
-4.655915375626445973e-01 -2.113239889161638851e-01
1.542740040559487102e-02 -3.189798868454625236e-01
1.168197887731192708e-02 -2.913185403490252678e-01
3.080163501402555237e-02 2.326168093558822481e-01
3.103772446112373906e-02 -5.491706903256998729e-02
-1.758025018078359647e-01 -2.642222241952207895e-01
3.171215589867770746e-02 -3.228963252231992209e-01
-3.347111470168542269e-01 -2.739118261027104761e-01
1.965705004038609260e-02 3.409747618126609536e-01
3.377384913705105962e-02 3.379089841151144968e-01
1.525891611792398184e-01 -2.610150952311363071e-01
6.940540186736954276e-03 -4.476925519570189582e-01
-2.151005499950645605e-01 -2.203865662334137943e-01
-3.228563409458580225e-01 -2.764015372753426680e-01
-3.936404197723063492e-01 -2.667276648111885917e-01
2.973921660990466176e-01 -2.198860747054734999e-01
2.396434445979531702e-01 -2.701331876759068829e-01
2.434282290667932891e-01 -2.178457791219261530e-01
-1.991098111674969307e-01 -2.232757066438365579e-01
3.701797613809503229e-01 -2.564667533201226979e-01
2.133637216768113909e-02 2.282268570013734621e-01
2.566192895135122054e-02 4.202315437959782685e-01
-2.673250513987749377e-01 -2.691709583954248197e-01
9.297547871658340402e-02 -2.303949493004049387e-01
-4.892849397012040136e-01 -2.384558487568978480e-01
2.697816080579551468e-02 1.265296350815500181e-01
-2.466812138590438463e-01 -2.411767733601758446e-01
1.842904066744621705e-02 -3.485422195371169485e-01
-4.406180927233365185e-01 -2.244644556800329260e-01
-6.477898076255272919e-02 -2.512058609886890226e-01
-1.634157697896502226e-01 -2.241715023266923623e-01
4.544692697289585137e-01 -2.639641310167173405e-01
1.542361124779378923e-02 1.890208881254044071e-01
2.833972862783252777e-01 -2.696723828954962210e-01
4.029614607876007559e-01 -2.442717501061297813e-01
-3.282269070824381796e-01 -2.716346105636721076e-01
2.486336312882320154e-02 2.954429058284668841e-02
2.260732036499156772e-01 -2.342170669343202061e-01
-3.708005560275908774e-01 -2.816597461824213999e-01
4.442163015811557703e-01 -2.707595643957700915e-01
3.491748178367095612e-01 -2.260415272542340981e-01
4.214776555464903041e-01 -2.298104885885745574e-01
-3.874981823715581974e-01 -2.718339171280227395e-01
-9.528861636080165898e-02 -2.367281310838060815e-01
2.347067619151742557e-01 -2.043379712319243202e-01
5.588549782197582694e-03 -1.260997585323218040e-01
1.087331900669393780e-01 -2.124563641129778579e-01
4.378786267490450967e-01 -2.454789255872982245e-01
2.424692600066868930e-02 3.436868883378785267e-01
4.194099771407411303e-01 -2.152002920585748269e-01
-2.787349573127646529e-01 -2.429974623903005115e-01
-3.617010791498095346e-01 -2.310297770469874612e-01
-2.535113053854191056e-01 -2.562318628555515510e-01
2.369004970741385163e-01 -2.121873475937977593e-01
-3.784215503568638672e-01 -2.186648860828225294e-01
-1.010277700241541954e-01 -2.654592802596086321e-01
5.261026064577556394e-02 -2.659364814859381809e-01
3.261972199047982190e-01 -2.273886087641807663e-01
-4.168244851106044369e-01 -2.758370271527021966e-01
-1.162223640800118529e-01 -2.606346700073610689e-01
-1.647509050467836911e-01 -2.422505135981702917e-01
-4.887363263746895559e-01 -2.286002087271506999e-01
2.538129637852175602e-01 -2.420107910831535980e-01
4.907223657416488471e-01 -2.443518063900589343e-01
3.907661874440465644e-01 -2.798965799638614138e-01
-1.879750483032911479e-01 -2.277804032484460617e-01
1.486374203526868998e-01 -2.141163855532535187e-01
-1.603883864908850487e-01 -2.493762761032861652e-01
2.342972922994190910e-02 -2.646893127912348653e-01
1.917314507179634919e-02 1.278307319315260537e-01
2.719645222995551448e-01 -2.072653594168386570e-01
-1.754981704309724888e-01 -2.072249695520798074e-01
-2.200035675099472066e-01 -2.699291307889798430e-01
4.521812572421790577e-03 4.638164304284879691e-01
-5.304634709856148600e-02 -2.445564405766480487e-01
-2.649323272194459289e-01 -2.313593998891372294e-01
3.663847839779417193e-01 -2.076743828156112359e-01
2.303143458913713415e-01 -2.342327701017382635e-01
-2.857297194537385954e-01 -2.040907952276015402e-01
-8.163630823361978095e-02 -2.367237246033595532e-01
1.287431874958174793e-01 -2.665974610722731120e-01
3.921284311397676969e-02 -2.500516188410597529e-01
4.270196652625554146e-01 -2.232013899652642852e-01
2.258430281090232361e-01 -2.585032775873477018e-01
3.720389541075723727e-01 -2.078755041743088894e-01
4.193134776008113906e-01 -2.377320515052360195e-01
-4.100290680211837735e-02 -2.693317518418688605e-01
-3.364445384627886559e-01 -2.476122005216472299e-01
3.712794223763558055e-01 -2.481462702215517790e-01
1.822700591878597676e-01 -2.528485312107238148e-01
-3.735572845401935460e-02 -2.465359618188480706e-01
3.222276576632143730e-02 3.689453371749831234e-01
6.602208441243884174e-02 -2.249942446657496875e-01
2.567132862666576809e-01 -2.795290249316896292e-01
-1.321516299806616557e-01 -2.066323278499051508e-01
2.119344360902301050e-01 -2.751226129040886814e-01
2.334024800474587824e-02 3.961896297694771363e-01
2.707071303641002125e-01 -2.723952398101249228e-01
2.059402385293276350e-01 -2.075942907401207016e-01
-3.917205724242011078e-01 -2.748325827688592460e-01
3.847115546036816713e-02 -2.197826453733461305e-01
1.583793968274305186e-02 -2.270437892858793161e-01
2.260686108530252092e-01 -2.150435196248164926e-01
2.826275751996021324e-02 -2.527554704853673950e-02
3.500175602688071486e-02 -1.327885105309746239e-01
4.927812966302613784e-01 -2.591929755750679298e-01
-1.551135291935579197e-01 -2.726013213096980525e-01
2.936110551943438285e-02 -2.404383234603215680e-01
1.776998129618978517e-02 -2.612605454419504314e-01
3.975892649175046811e-01 -2.636477795552446546e-01
3.261398482873689719e-02 1.411335864829588171e-01
3.098620469579194125e-02 -4.599598291417588136e-01
3.583383886586857248e-01 -2.227103454837244811e-01
3.323221650818208861e-02 4.163781173748843933e-01
-2.789080585577735638e-01 -2.494700226080505123e-01
-7.566349693020724132e-02 -2.807787715584764143e-01
4.825200226613793886e-01 -2.627089620590061791e-01
1.570074964094629877e-01 -2.037014316483783949e-01
-2.315078061908419915e-01 -2.344589441908186966e-01
4.964413022605307368e-03 -4.511337229560409279e-01
2.824285971007979290e-01 -2.053626916800351809e-01
3.145323657779597326e-02 -2.292970208520039854e-02
-3.483911178502230310e-01 -2.245756267048458765e-01
-3.531580650397535548e-01 -2.530820161996711892e-01
3.842918598061066948e-01 -2.679259078192026688e-01
7.662321759814039179e-02 -2.573745006128226320e-01
3.574149155908202813e-01 -2.779733418355559982e-01
6.215179641207657646e-02 -2.039480249592058314e-01
9.953004278945853933e-03 -3.894927367868837864e-01
3.191787760537344587e-01 -2.432595936348997956e-01
-3.107623168554369819e-01 -2.379334807069708457e-01
6.277577422388103123e-03 4.250038248621512693e-02
-4.194554270430383980e-01 -2.450859636203703840e-01
3.411734087459824538e-01 -2.818412084205303980e-01
3.048924167853607203e-01 -2.559006629271596278e-01
2.427465883286294979e-02 3.911080698530005062e-01
7.576583491432864470e-03 8.826407640973576996e-02
-3.469430752360613823e-03 -2.114295497947222824e-01
-4.469926768829098895e-01 -2.403220964439004570e-01
4.682213422821352999e-01 -2.343101551340264210e-01
-7.178492537387781702e-03 -2.327646262223341811e-01
-4.088809157006639827e-01 -2.685768577377548594e-01
3.987358182691862485e-01 -2.468306957461041673e-01
7.409008423462593029e-03 8.150551362268376732e-02
-1.792394426534549279e-02 -2.596444212006010499e-01
2.407422682803195269e-02 2.380190466663301141e-01
2.579295666059235881e-01 -2.454396124860669381e-01
2.092177839429831820e-02 1.327491229208233037e-01
2.535844950540167009e-02 -4.786891134682693671e-01
-4.590803676598669281e-01 -2.616249915718565910e-01
-2.564674576585579402e-01 -2.071410109035801694e-01
-2.377939717022420352e-01 -2.656398727955467942e-01
-4.531880693521769254e-01 -2.788143981977994068e-01
2.622374744075688380e-01 -2.486554115103829510e-01
1.388698656941778076e-02 -1.083908403414155508e-01
4.695742825304494161e-03 3.809764773786818992e-01
2.542737925756419770e-01 -2.528629102899619951e-01
4.099540238774543877e-01 -2.116405869033819442e-01
1.970226061267232875e-01 -2.335265060968136908e-01
3.945942426330026898e-01 -2.631337359214178662e-01
-2.554296812904365277e-01 -2.181918295919123008e-01
-4.393185207120861024e-01 -2.657631369530837340e-01
4.014996333247103921e-01 -2.146831402602161765e-01
4.255343386624813595e-01 -2.345522321973120272e-01
2.062136560886695946e-02 6.916669099155348110e-02
8.583462822058784969e-02 -2.715374834935930792e-01
-2.141864155601517217e-01 -2.633313843668029230e-01
2.427395591481138482e-01 -2.346171031870937229e-01
2.675636281789764981e-01 -2.046806873217074108e-01
3.224176097540609742e-02 4.908950453740790199e-01
3.671328221804115444e-02 -2.537217784895979822e-01
2.898565073337208142e-01 -2.506116877043675917e-01
1.481012864081698854e-02 -4.925037297338290543e-01
-1.628174846307052226e-01 -2.241346827425747534e-01
-4.525689456494026430e-01 -2.615833438725575499e-01
1.083155856687001428e-02 -1.436356407585909212e-01
3.093495318653183279e-02 3.566157464428413304e-01
-2.466992000221301939e-01 -2.603613576407827201e-01
-4.486950415384975965e-01 -2.106448635970818994e-01
-9.064006151105696851e-03 -2.617976015360664599e-01
1.266230538196346789e-01 -2.435275652944081104e-01
-3.518712916560582382e-01 -2.233370420231588493e-01
3.384502576743675384e-02 -2.740744547387774510e-01
7.174828461760207610e-03 -3.426291733570063780e-02
2.706225985347299190e-02 4.198015600106458356e-01
-4.968728454206273737e-01 -2.798991249500946132e-01
-2.736855652119772886e-01 -2.287669305035492373e-01
-3.295517584887838192e-01 -2.396711120725459887e-01
1.433641067569008110e-01 -2.508100068329424115e-01
-2.004151575268702246e-01 -2.733161442221113679e-01
-2.818061960933259114e-01 -2.274073712645371392e-01
-3.274689004781883295e-01 -2.255596635975405384e-01
-4.653184683761413254e-01 -2.527828889744091478e-01
1.049213757050337925e-02 -1.161465723962634700e-01
-3.385408576420948501e-01 -2.415489356612133820e-01
3.242252110370634766e-01 -2.665201194663944229e-01
-6.323246242628688396e-02 -2.817339509845856460e-01
4.810207371009034283e-01 -2.335723072503923525e-01
1.241599483448925234e-01 -2.066870885373994771e-01
1.821128208682358807e-01 -2.579044333035594994e-01
-3.225076921155651810e-01 -2.064211137400471241e-01
2.880378895477120338e-01 -2.442818328868012756e-01
4.744984797556659473e-01 -2.577907201717078989e-01
1.733975578417834562e-02 8.157387567731821942e-02
4.645744997599732251e-03 -7.692611383481440246e-02
-4.791816038307814551e-01 -2.209942100236820250e-01
5.761875798614590760e-02 -2.665241868056448249e-01
2.866056198873823124e-02 -4.071412438584882665e-01
-2.249025416836262226e-01 -2.088522840668678437e-01
1.024539625126222875e-01 -2.682017757159629312e-01
-2.605225831283514148e-01 -2.351751627205550532e-01
1.707311802813732404e-01 -2.481302775219845769e-01
4.206601240754170856e-02 -2.201497652715317388e-01
3.099824119886218643e-02 -2.845368645375382366e-01
-3.873470201529169987e-01 -2.552347457538304276e-01
2.745892496023305540e-02 -1.551938553567300261e-02
1.203774537231577790e-01 -2.362853009327050557e-01
1.442385313623728571e-02 4.832228936822441367e-01
4.061057360436244323e-01 -2.675463657089145464e-01
1.572551979223836272e-01 -2.391128528341531778e-01
-1.326755380153413766e-01 -2.719415605555859372e-01
-1.514306385814458977e-01 -2.330925872384708164e-01
-1.290865112001863269e-01 -2.091834444475367816e-01
-4.612627757686786900e-01 -2.047525901320943476e-01
-4.443812165053890872e-01 -2.527212605788069499e-01
-4.129431704557893212e-01 -2.079277654683853171e-01
-2.337193938199384480e-01 -2.488502735542855726e-01
-2.975968994525713951e-01 -2.419202612547263209e-01
2.103096334818318480e-01 -2.360770059684647038e-01
7.135818448493902455e-02 -2.106209822059416092e-01
-3.772629026842666544e-01 -2.100353292232846059e-01
2.858140562188293821e-02 1.692083091755972601e-01
2.524312512459125912e-02 -1.531202762344729962e-02
3.909240272125750204e-01 -2.657003418861607624e-01
-2.466278952836601368e-01 -2.468990083151713089e-01
1.178611435904671767e-01 -2.334944217768329944e-01
2.843678845884445305e-02 -4.960705322204314038e-01
-1.585260915430227735e-01 -2.694877925256169426e-01
1.845345494125083530e-02 1.159305163672893491e-01
1.212375987403047084e-01 -2.085096734698358434e-01
-4.980041961732115663e-01 -2.083440166916337155e-01
-4.580088582262018537e-01 -2.204311551303587136e-01
4.123997361502539372e-01 -2.446267238452336512e-01
3.060489658608922525e-02 -2.990198768171065113e-01
2.557607288891461383e-02 2.694477374656849555e-01
7.377958504717230248e-03 3.685415152053098664e-01
4.636021514465960003e-03 -1.816163480574013445e-01
2.682966939706749043e-01 -2.539230891421533354e-01
6.165651341158995269e-02 -2.660552049953593956e-01
3.866056691054352568e-01 -2.375195562667757887e-01
3.179957225060325854e-02 -3.813266760741711447e-01
2.009744920884348751e-02 -3.487098590958507272e-01
-3.728070750368107644e-01 -2.513445961502476234e-01
-3.276208816082273323e-01 -2.686964483169846929e-01
-8.344247726415054967e-02 -2.118756461074422504e-01
1.157365475430185420e-01 -2.825095213904053049e-01
9.770211175613940924e-03 4.334240275710216084e-01
2.584541698096137763e-01 -2.109691431047295840e-01
8.605207198141351377e-02 -2.279965315790876135e-01
1.121621259142842053e-01 -2.128758330065696480e-01
1.809446781179925301e-01 -2.809718754972362342e-01
4.743938642242218062e-02 -2.456579709257225019e-01
1.310777389139117233e-02 4.643264746753897887e-01
2.324137324518860126e-02 3.655236484785882034e-01
3.022364103399105550e-01 -2.075108971575936323e-01
2.160141597936533486e-01 -2.259847404967028073e-01
-4.956134317864167027e-01 -2.820869817295178494e-01
-1.777277524848850376e-01 -2.732218945369345731e-01
3.251987499661244119e-01 -2.306130008660350894e-01
2.265102172181348017e-01 -2.630550210405885325e-01
-3.995362060157909845e-01 -2.495019388218474576e-01
-9.127431543619601850e-02 -2.201463998015620316e-01
7.147404469531626336e-02 -2.421104249249865781e-01
-4.006182133185509642e-02 -2.316764284526610096e-01
2.198175646382521942e-01 -2.072283588025866097e-01
3.261681409461891779e-02 3.829284436596387398e-01
-3.325707843140673914e-01 -2.491570753941081406e-01
2.433617567669902337e-01 -2.476095474535524588e-01
2.880146545586136364e-01 -2.475567068612578581e-01
-4.598588125070870447e-01 -2.088720321758673615e-01
1.993710346811272682e-02 -4.517341599665125607e-02
-2.585661543771966553e-01 -2.666445310541484259e-01
2.097785590789962296e-01 -2.153362244791177105e-01
3.300623434677979473e-01 -2.168206491575053185e-01
-3.716148232449495437e-01 -2.594444872343403263e-01
3.007684732938346039e-01 -2.510739257395817603e-01
1.307734859257152493e-01 -2.297021632744944419e-01
2.867866811809072214e-02 2.983290122274204759e-01
2.891395849806394081e-01 -2.546060904079714415e-01
2.598194045305092237e-01 -2.097859011738066881e-01
7.968274297641575465e-03 -3.313238434267598009e-01
4.435295780499383111e-01 -2.575877874561621761e-01
1.500411154247049961e-01 -2.356398257403196084e-01
3.101411095037120980e-02 4.702994376969760193e-02
2.411422546378710896e-01 -2.343291846528724465e-01
2.081542003779701666e-02 8.299374741942489031e-02
-6.389854896022251207e-02 -2.658031348569966923e-01
1.091795389297729457e-01 -2.236600825770694856e-01
3.150308330780606791e-01 -2.157024113877276106e-01
-4.005535262357153847e-01 -2.190827074051223677e-01
1.694154534531688849e-02 -8.317202472175266870e-03
4.062585271820490229e-01 -2.185456420214593187e-01
-1.264358533529704731e-01 -2.077159878226948475e-01
2.977122080350866895e-01 -2.500825752500597243e-01
-1.288534802746769126e-01 -2.238439389530876289e-01
2.258099433512249510e-01 -2.082404340206416293e-01
6.648062381196218062e-02 -2.083695486847026990e-01
-6.785504211431225841e-02 -2.439578249718336034e-01
-1.501627722268602527e-01 -2.437680044974773752e-01
-4.596339535332369941e-01 -2.679042902347300581e-01
-1.801528879496842039e-01 -2.063495977521653257e-01
-3.255081019708665480e-01 -2.368514263651947394e-01
2.944135867067481094e-01 -2.638147337791924008e-01
-3.401918186057463211e-01 -2.284310098872799344e-01
4.890917301087001068e-01 -2.171364714305410448e-01
-2.196314799634896398e-01 -2.587186066637345849e-01
-4.186052956946306747e-01 -2.305921450080947732e-01
-4.036197421561519283e-01 -2.558669969760684060e-01
-4.910923992082758538e-01 -2.429026664338855834e-01
2.664732371956590740e-02 4.612240763270333277e-01
2.391264659068592646e-02 1.732164184484821234e-01
-9.924399327569277673e-02 -2.700728641094700677e-01
1.036452726925203294e-01 -2.119571176875448826e-01
-2.223766109601078567e-01 -2.672200479444744037e-01
1.080488699300572453e-01 -2.542917155858942513e-01
2.380477087837762351e-02 -4.990914791400271611e-01
1.600183716183212201e-02 -2.877612459013134671e-02
3.178438527772364797e-02 -6.063374555159650736e-02
-1.499281987655678439e-01 -2.710110559327537638e-01
7.492968546942924135e-03 -1.064673107989122514e-01
-3.872468338168399971e-02 -2.395043215840784168e-01
-4.797436270475389231e-01 -2.168006648180175189e-01
-4.817582991326285757e-03 -2.344568775858666410e-01
4.105380313418652838e-01 -2.551467772255144872e-01
2.515550460880711103e-02 -6.928884595850448580e-02
-4.320072586378419510e-01 -2.655801559565784675e-01
9.919406268578456753e-03 -4.491111248366201902e-01
2.680242861307347013e-02 3.780803504483630784e-01
4.101015360284738787e-01 -2.680153920747667673e-01
1.276195461645692752e-01 -2.522917462060917382e-01
4.759073874027055506e-01 -2.400005664536601913e-01
-3.999799468719673623e-01 -2.390727818864349929e-01
-3.148921464165099771e-02 -2.117987977462899574e-01
-6.125620142470034057e-02 -2.356032198004721634e-01
3.362891521404013373e-01 -2.417074003868585619e-01
1.395696900323040168e-03 -2.617873969777341214e-01
-4.675611521137510440e-01 -2.069892821747372214e-01
1.940532288380536485e-02 2.879317398963837649e-01
-3.698316358021688233e-01 -2.785539537737298232e-01
-8.661566269531517648e-02 -2.320397005720025163e-01
-4.778939099326160456e-01 -2.042574369107922339e-01
1.949444411800416166e-02 3.350952200769344858e-01
3.266919253296063363e-02 -1.347052058849624867e-01
2.278299446851528298e-02 4.701313887909286393e-03
4.924768600109257211e-01 -2.569684749250493727e-01
7.054152989710349431e-03 4.269768343946296341e-01
1.361968557849368988e-02 -1.929245857709556144e-01
-4.296142431295523201e-01 -2.700394334484770287e-01
1.516409096825940273e-01 -2.263295201652891775e-01
4.692678172252066071e-01 -2.388448404433484162e-01
1.801189918463096395e-01 -2.804899887951155524e-01
-7.860937678804180706e-02 -2.775001961098152448e-01
8.172081628317506841e-03 -1.501290752465697098e-01
-3.716901824460555614e-01 -2.726972815798663907e-01
-3.856708303344708044e-01 -2.701851714519362124e-01
1.371002602799653580e-02 -1.861752905232620936e-01
4.211033893871929390e-01 -2.407309313589077737e-01
1.082146801644146006e-02 -3.407734453524762230e-01
1.163806258815947015e-02 -5.611395841504651649e-02
3.317491755022039523e-02 -3.238441818768877933e-02
-1.658064806639828470e-01 -2.322564354969761657e-01
1.401996973034025373e-02 -3.010760001796441987e-02
6.637520829535770162e-02 -2.068823873377966249e-01
2.520350925180755430e-01 -2.744152713772711749e-01
3.090534342263584477e-02 3.791877614608171188e-01
4.994438004856472935e-01 -2.154218650710421068e-01
-2.372835542290380184e-01 -2.218330515712950701e-01
2.919710637866325120e-01 -2.591398173309532593e-01
5.917084782046611036e-02 -2.805113413865942817e-01
2.567291325170204530e-01 -2.245554341768546402e-01
-4.409283275793461909e-01 -2.115327382736810202e-01
3.444275784286044972e-01 -2.268114172849314825e-01
-4.568434959084899383e-02 -2.764381662362791481e-01
1.425394353518004698e-01 -2.240329247766090770e-01
3.384382599889442789e-01 -2.196005148307987875e-01
-2.938578148709930504e-01 -2.531760002015748245e-01
1.375414978794642362e-02 -4.273772341567005917e-01
4.701956015070359873e-01 -2.133462919780543254e-01
-4.630704003171235428e-01 -2.156332329741056375e-01
-3.251341980279920385e-01 -2.770720449815690101e-01
1.331153277351360131e-02 -4.784286155710015809e-02
-4.152872114587110586e-01 -2.823361201422825983e-01
8.200641107274253550e-03 3.508819351505109152e-01
7.098496063392978339e-02 -2.120866460995011193e-01
-3.760824753829375977e-01 -2.532903527534738908e-01
1.476571381425639817e-02 -1.496457645217964538e-01
-7.252061096559481168e-02 -2.079363184899259975e-01
-2.917145568739843986e-01 -2.442313513149063642e-01
-3.661701480781256457e-01 -2.794942112695816272e-01
1.791896306615387013e-01 -2.316768125163816139e-01
7.898116540720856449e-02 -2.747014982646570624e-01
-4.076763585513811794e-01 -2.422463539333955529e-01
-6.860348191972709397e-02 -2.412011626264642938e-01
2.729032774015471841e-02 -6.918134167047063077e-02
1.233231113150712321e-02 3.797751892053613521e-02
2.550008256060640743e-01 -2.302064122180748074e-01
-3.272248973356499668e-01 -2.139745355446981412e-01
1.602550232860758816e-01 -2.352101682619470724e-01
-3.143913057914508036e-01 -2.755201728486574853e-01
1.590781444153311908e-01 -2.510570327570871285e-01
1.046935814205932624e-01 -2.345106310449021070e-01
1.751381314418254398e-02 -4.845345732212169576e-02
2.217693565269962530e-02 9.801659940428075757e-02
1.116070661461566749e-01 -2.088205526741903073e-01
4.189699459980140706e-01 -2.319708857883319153e-01
8.715079402068826031e-02 -2.253599720866936718e-01
2.935922671369417536e-02 -4.050099882856283973e-02
1.055265961126761187e-02 -4.519117730635772157e-01
-2.224345996572800743e-01 -2.785333823982710788e-01
4.328617857510219658e-02 -2.107282369818179735e-01
2.644263929852685990e-02 3.197522150163679688e-01
1.050521822293648544e-02 1.019126026640575500e-01
-1.646315826898168133e-01 -2.486301587692618664e-01
3.641522272083793643e-01 -2.287351043306924403e-01
4.269885074671155856e-01 -2.758822929384950884e-01
-3.278395258004354051e-01 -2.371449585031504270e-01
4.692481649900493990e-01 -2.457673904758843619e-01
-3.758467451871021492e-01 -2.156996762458949224e-01
3.038527754556838989e-01 -2.519418491593944376e-01
2.891317851644479298e-01 -2.759763225741990178e-01
-1.143487010524155689e-01 -2.815136848066635000e-01
1.943708946350275468e-02 -1.884449049217983285e-01
-5.590282164157223121e-02 -2.669325164848719290e-01
-2.573869310692156187e-02 -2.733883669907022362e-01
3.588932653238574577e-02 -2.648284733437904492e-01
-1.847392820624406129e-01 -2.365127181421803337e-01
-3.108780678202427428e-01 -2.408289866981022653e-01
3.602762034518014467e-02 -2.212697066596929218e-01
-2.695249843171931836e-03 -2.338747284726714337e-01
2.683765110354119354e-01 -2.089413964134392288e-01
1.634661294289404543e-01 -2.176086550533778974e-01
6.254880131268514276e-03 1.730536473001786923e-01
1.105473648280548282e-01 -2.445503110120810231e-01
1.019546394417722990e-01 -2.613011385269499165e-01
2.104103736826939963e-01 -2.409699408520172836e-01
4.270123645456106454e-01 -2.361736709272780343e-01
-6.891323856029230033e-02 -2.110709721915555726e-01
3.699587373804593682e-01 -2.497986755177582507e-01
-3.404072437260696748e-02 -2.604008012148968376e-01
-1.597959688024996883e-01 -2.786766007365609754e-01
4.783248282517256200e-01 -2.791913423663386906e-01
1.143764747074902388e-01 -2.468600211414406775e-01
2.318053104780104512e-02 -2.271695098308287308e-01
1.447465753192576088e-01 -2.539931480028441158e-01
-2.263253712249513327e-01 -2.146954745714622081e-01
2.359576309380040371e-02 -2.628717246910923233e-01
3.032258814444779293e-01 -2.547255835907192845e-01
-9.938365061314657911e-02 -2.808760365522890989e-01
1.224838734100976989e-01 -2.405291893623983102e-01
4.336287231921269747e-01 -2.180008055668655187e-01
-1.910270141010839140e-01 -2.076189723207397808e-01
2.149253763261697037e-01 -2.352771481639324147e-01
8.752461780761500165e-03 1.711603365610691041e-01
1.565012760993855778e-02 1.266894992236433648e-01
-4.121954363913435948e-01 -2.303913211493793245e-01
2.627929591356181760e-02 -2.958621710628318580e-01
1.766611575056042938e-02 -2.121392224141538385e-03
1.372175526873797846e-02 6.729629028206918218e-02
4.951915721605304466e-02 -2.199197018677891968e-01
-2.015937117494964737e-01 -2.045090793393921080e-01
4.042511253689908823e-01 -2.793274151135679562e-01
3.699129443560428276e-01 -2.361044531601531604e-01
1.412618763332496030e-02 7.231683377747932795e-02
-3.166698765376019242e-02 -2.591049378108435386e-01
4.375041453746471021e-01 -2.650790500589326193e-01
-1.495598222407459321e-01 -2.817737626347749380e-01
3.193791378434696071e-02 3.581001482064029018e-01
3.955755493688490887e-01 -2.051308131172602245e-01
-3.267583434393765973e-01 -2.418751307414199747e-01
-3.625481797854593902e-01 -2.127511215876475292e-01
4.866621632082971383e-01 -2.386382763933397877e-01
2.674292403451816735e-02 -3.159735685102493807e-01
3.704598091490444167e-01 -2.425750502387825636e-01
2.879672653446964103e-01 -2.496527007050937108e-01
-4.232804753490441163e-01 -2.525276154191095079e-01
1.648861151331431074e-01 -2.543320197713444530e-01
