5.020347449204454193e-02 -4.222809971005806462e-01
-1.181521099023956634e-01 1.958378509536573553e-02
6.850393991133241212e-02 3.299120251883980171e-02
5.692160582265648472e-02 3.977552254735363668e-01
5.952183830994084435e-02 4.753987839762887635e-01
-2.771164847200209280e-01 1.647041250579506233e-02
4.926460824568690278e-02 -1.070550972930905953e-02
2.127630501780112260e-01 2.510817966536582624e-02
6.072495034595981611e-02 -1.009734834005000526e-01
3.801972301270861720e-02 2.464271634606918226e-02
6.545608144042480703e-02 2.099092892686277301e-01
-8.731392335243337577e-03 2.679741383418143830e-02
5.028438008817837090e-02 3.265875656726066056e-01
3.856697118667941071e-01 2.545698740238566682e-02
8.302541916424355239e-02 -4.008534537532403297e-01
-4.894555568104238530e-01 3.407413671448322745e-02
7.356116918200183985e-02 -2.889467979821028765e-01
7.650430892254167503e-02 -4.820128941346080165e-02
-2.463476216244069317e-01 1.743827016283983067e-02
7.377288660260561404e-02 4.027868923197196471e-01
6.856692854140578053e-02 1.256469559570094763e-01
7.192096108501799812e-02 -4.912210557025413760e-01
-3.058585485732929765e-01 2.532713155864763088e-02
-1.981974313736156734e-02 3.833161550089614344e-02
6.733120765617428560e-02 4.233387737571910892e-01
7.813186017963424934e-02 4.047464006047585272e-02
5.760643565347600692e-02 -2.462508231335222009e-01
-5.874376684172666341e-02 3.379148324510572454e-02
3.955337928885187537e-01 1.627790697418862731e-02
4.466772549187785213e-01 2.067096519675881705e-02
2.466877219186657255e-01 1.741280162223513006e-02
-2.973280900622335965e-01 2.373618550934897264e-02
3.308676254111769799e-01 2.485597474305922816e-02
6.129744425232896976e-02 -4.762939126927213662e-01
2.505368183893916800e-01 3.560107056243255741e-02
-1.749355314731539934e-01 3.115854450693900102e-02
6.552423461517042913e-02 -1.471922007153514400e-01
2.315742642889689895e-01 3.949095885168862896e-02
5.204179626125771119e-02 3.929367995975452388e-02
-4.163602322625087337e-01 3.760374204077487903e-02
-1.426753562653684249e-01 1.970876250570341437e-02
3.606437116202558801e-01 1.886896660762615863e-02
8.137073891325863340e-02 1.128069898071311083e-01
8.162799140281329358e-02 4.170210842070576351e-01
-2.660989004117747525e-01 3.498793419818613248e-02
7.414316685366884041e-02 6.799080630610343512e-02
5.606713970165055905e-02 -8.250195070386945329e-02
4.688156697384596727e-01 2.615390201392275848e-02
3.682951416582358473e-01 1.675121362041487316e-02
-2.094119992921307238e-01 4.086365866560326410e-02
2.769647515750012223e-01 3.274594378469086742e-02
1.332097222000183656e-02 3.032402677167345129e-02
-1.265780445641180307e-01 2.956919654115963692e-02
6.008329453709926327e-02 1.407250898756580160e-01
8.240684226795336187e-02 1.925634320401754529e-01
1.229646692436990874e-01 2.103243287594858124e-02
1.907352306279271881e-01 2.909764604082254458e-02
-2.566319448631659839e-01 2.641009760277268636e-02
-4.995229798197313720e-01 4.447163265476161698e-02
-1.723453864549517878e-01 2.508930979777101999e-02
4.609376189105530708e-01 3.693721409584960202e-02
6.769807731673704865e-02 -3.011854671901381675e-01
6.500784997294017931e-02 -2.930008034349740331e-02
3.156890125554454585e-01 1.766976226084404633e-02
6.129853378098437666e-02 2.761650426741693032e-01
7.926067979859985346e-02 3.363561227792416508e-01
4.996856690495254938e-02 3.039496946704162150e-01
6.749770599698823315e-02 5.345186961615400190e-02
5.669366018271393415e-02 9.265647625400552645e-02
7.484078437408647755e-02 3.992540728946551987e-01
-3.590975191716927473e-02 1.839628296464501656e-02
4.057148652107401832e-01 4.513322352569648643e-02
-2.136418330479229466e-01 3.545293862254295103e-02
3.923979822828603803e-01 3.380828401170632436e-02
7.628178172774047194e-02 3.230863211187056105e-01
1.458728622377916118e-01 2.018782474509250857e-02
8.005647763914636172e-02 -2.102979346915418990e-01
6.354330117674189538e-02 -4.647011093486487221e-01
7.460458684499426951e-02 -1.708401029782532499e-01
4.959467971910602735e-02 -3.852943820925391893e-02
3.920599938144754271e-01 2.283432170699095654e-02
4.889552442474520699e-02 -2.190864029232491017e-01
7.975319844793049562e-02 1.528831682878839526e-01
-4.173793498752952358e-01 2.348035968698469755e-02
-3.667529589943903101e-01 2.999198562163496451e-02
6.672546390998279620e-02 3.444128766941932929e-01
4.853176812522225214e-01 4.339568775819468982e-02
6.869498095386594727e-02 1.394276673821022161e-01
3.808444771527009776e-01 2.293105708075160454e-02
4.985305338283573251e-01 2.121268142080667829e-02
5.936666627728237611e-02 -3.547255445632775395e-01
6.886721032567511003e-02 2.045100037717580976e-01
4.269566793348017475e-01 3.457888908584283438e-02
2.618291697020006525e-01 4.139686982550716543e-02
-2.820402258464823619e-01 3.468500734876578395e-02
1.732207786418448192e-01 1.763947582668257130e-02
-2.819641689210200530e-01 3.512282251773357622e-02
2.995277518595197419e-01 2.435501573581488888e-02
6.022640486219610345e-02 -1.979986037273187005e-01
-4.876932306507858472e-01 4.396320943949116877e-02
5.047240311372447330e-02 1.041210151946455609e-01
5.450229977271991988e-02 -1.245754256970794671e-01
7.779825840388432390e-02 -4.832448964503287536e-01
4.199158652983242535e-01 2.256826131494926724e-02
7.588876197570526561e-02 -3.113873516294560773e-01
-2.544901640204145776e-01 4.263504969197562389e-02
5.661105773469443658e-02 2.487738586321271983e-01
5.188846617052755850e-02 -1.013681274518228870e-01
-4.978686187532566088e-01 4.406244547117454946e-02
2.754786789462847496e-01 2.654968333254126289e-02
-1.912339637498705613e-03 4.107227515823519415e-02
5.431486800592388864e-02 -1.880848566900230612e-01
1.665176742266440968e-01 2.456257543633866280e-02
4.138479395935362737e-01 3.681215006644067422e-02
-2.852221024608396771e-01 1.769310208026020348e-02
-2.078350311977178455e-01 4.567955799247436222e-02
7.448650437626003207e-02 2.649372555558071607e-01
3.561682845520396379e-01 3.602039504580811791e-02
1.017006760606175009e-01 4.135995781249579561e-02
-3.968158611537003777e-01 1.907121814513712543e-02
-3.054134221286450845e-01 2.303982185740705013e-02
4.201449171073530220e-01 2.227042104391163679e-02
8.124527039895390601e-02 1.379174994328259407e-01
6.238688077698884005e-02 -1.623250775804725432e-01
-3.216408985964981371e-01 2.757335307489106047e-02
3.624509051532176507e-01 4.609692736076098640e-02
5.106182687205351733e-02 -1.608221127444203757e-01
1.302837380932954092e-01 4.142474741071366928e-02
8.205690121094055822e-02 4.234443797759097627e-01
5.456871899621074107e-02 9.608915179607613322e-02
2.617606132213839976e-01 3.694606686331292078e-02
7.858574685390140591e-02 3.206394423381664360e-02
-1.320655304447255762e-01 3.300702445974135202e-02
5.188049517106640973e-02 4.096417885742867915e-01
5.699743466243401002e-02 -3.899043367088879108e-01
-3.676194221959067088e-01 2.954353040611679138e-02
5.710988771763225724e-02 -2.635951599455446104e-01
4.021551761319074325e-01 1.678113525624436164e-02
-3.188902297334246239e-01 2.158462497295443594e-02
-8.668797024058338963e-02 2.901455871809344167e-02
7.263616807485873128e-02 -1.852249558567531373e-01
6.145867491555800921e-02 1.676107948482922216e-01
7.465871407227830936e-02 -3.845045366945427645e-01
6.134643266417938445e-02 9.435306854032821100e-03
-2.256172744481741432e-01 2.917323479047939649e-02
3.599907480413511163e-01 3.864906301398784993e-02
5.350359205385157857e-02 2.981428178473585211e-01
-4.475006568986027444e-01 4.651717274605382535e-02
4.903334816008121377e-01 4.674410853432209301e-02
-4.588005166443366312e-01 4.045383486813647345e-02
7.870374500700472176e-02 -4.547179470436217841e-01
1.919394564155416649e-01 3.000765303699093334e-02
4.353598894478297732e-01 2.250534558496997128e-02
8.009928705433455587e-02 -2.525389863795870493e-01
6.504548462640913353e-02 9.678042390227969971e-02
7.854492418182446034e-02 -4.076625213426181560e-01
6.805571004919663824e-02 -1.113781783877711984e-01
6.176275229773586783e-02 1.842835104404233482e-01
5.581631907543560533e-02 -2.758324866202030989e-01
6.123157086403641092e-02 -1.829401390355340773e-01
5.138949402587766890e-02 -2.785924550838148051e-01
5.953048801778504373e-02 -2.668396614622664531e-01
7.216735186112610556e-02 -4.966529379809849765e-01
4.585402577364035004e-01 3.783793247163047546e-02
-5.858002696145803156e-02 3.264698762193241066e-02
7.476072886093609871e-02 -1.697363187953715435e-02
4.125688245412766353e-01 2.672907509826938366e-02
5.894416525909418336e-02 -2.263988522154356531e-01
5.120792075279301248e-02 1.978166544871962085e-01
7.405715190989359265e-02 -1.835587883016853716e-01
4.683934634386732743e-01 3.017524221291190134e-02
6.475564843720871266e-02 4.780174259454003094e-01
5.032293565536605229e-02 -6.214786649522929807e-02
6.185319861174820577e-02 -8.329288875219720278e-02
5.506167699090147583e-02 4.743215209584683567e-01
5.594636787905904463e-02 4.673978989209808255e-01
-9.047903631901554888e-03 3.645042122238373317e-02
-4.831155943247966711e-01 3.245746475642163897e-02
7.323078911226843513e-02 -2.837653892012534929e-01
1.568305757370830333e-01 1.916829578704049020e-02
6.100255242710983516e-02 2.046813408393900469e-01
-1.714802386711238302e-01 4.576467020774266370e-02
7.992108143994414160e-02 1.721179457036663418e-01
-3.756404985214809589e-01 4.735358996795657749e-02
6.031034191446738024e-02 2.070990570916173557e-01
4.453167330167809856e-01 3.086829732885287836e-02
5.481957444468821272e-02 5.888880162970955290e-03
-4.247390326019817586e-01 4.681226378084757389e-02
-2.982886304662289989e-01 3.211559804711350274e-02
5.871108000197888810e-02 2.206326487849030737e-02
6.788582119476371801e-02 -4.043596550115448052e-01
-2.074105450881229551e-01 4.176363693761553364e-02
-4.655064838348398348e-01 2.625869561885807446e-02
5.893093736970622665e-02 8.740289171465454032e-02
6.276284332014003819e-02 -1.851093964829519933e-01
7.694918121164318059e-02 -1.040516704959693062e-02
8.059318616200972230e-02 -2.110007557320218163e-01
2.926170180750782279e-01 2.592103962352731994e-02
5.116114202002841616e-02 -2.411439586705826921e-01
6.123806920219088124e-02 2.112758687706153271e-01
7.337026618400255273e-02 3.663350875205259038e-01
7.275207208741529818e-02 -4.137608477054797174e-01
-3.670183687543860929e-01 2.406706007400893910e-02
4.303103899335430915e-01 2.633102863762226686e-02
4.693715307496311162e-01 4.601196746970170892e-02
-3.967399396189105198e-01 3.653472668767876463e-02
4.960525632476864288e-02 -4.099643088771647292e-01
5.095763038188094729e-02 2.867669567261244001e-01
7.561046600236442927e-02 2.551030421967525053e-01
6.449626315947221133e-02 -5.477045587801754323e-02
8.271105647493148805e-02 -3.917805104165716923e-01
5.305315140286392950e-02 2.352376670674233283e-01
7.311672856962458944e-02 -9.169577900406766791e-02
-2.346500859615725521e-01 3.580748122121113486e-02
5.696113765212196256e-02 -5.106257922343715450e-02
2.568403349015714321e-01 3.921528169141985654e-02
4.924755344456410722e-02 2.444994679879046728e-01
8.369792885597115983e-02 1.579116310273949164e-01
6.909112510202597424e-02 -4.003843822415957820e-01
1.451522221406947866e-01 1.727901494869299448e-02
4.926375348128333442e-01 3.446142110614525134e-02
5.525379990285883558e-02 -1.834853995456691145e-01
7.850468973191793154e-02 -4.463587845276384414e-01
4.569574188197824682e-01 3.365000113830385331e-02
4.021681355761965726e-01 3.237800691066727854e-02
-1.495067270638538171e-01 3.744312829287066435e-02
5.390730826760015137e-02 -2.392888681778311266e-01
5.546070112432355259e-02 -6.950221000689271733e-02
-3.360764847424835278e-02 2.930825667424163949e-02
-2.389772096263167445e-01 2.962049042982306535e-02
8.104279952228854444e-02 -1.403382500962613300e-03
7.015414114850015981e-02 -3.616657034844211749e-01
-3.300146895072954001e-01 2.155174172620655249e-02
6.987516579752084400e-02 6.703952566304161031e-02
6.043298061987145697e-02 3.859376424913525394e-01
-7.925944190921074828e-02 2.147483839640651482e-02
6.692634052607215889e-02 2.899996202137800072e-01
2.747169208774984384e-01 3.886234478129435566e-02
3.606855728972222508e-01 3.781950065176253872e-02
-4.793479782080505291e-01 4.147729126644850162e-02
5.988547247922504368e-02 4.434945983007898551e-02
5.924865221709707530e-02 -1.273695067316243934e-01
2.092297251579803286e-01 2.897309909674783412e-02
7.264710933429929796e-02 1.803538774191358884e-01
6.199090286478470269e-02 -2.429931880509239583e-02
7.536631938659554830e-02 3.818207451975139666e-01
3.692943222656461799e-01 1.822738149822877851e-02
6.646685398226326313e-02 3.850197139982749484e-01
5.630302457207425615e-02 -4.765485110881738651e-01
5.090283577781606894e-02 5.228059667331685922e-02
6.656216054533437010e-02 -2.165367075512899531e-01
3.275598318369732365e-01 4.123268701718973972e-02
6.240232083725150147e-02 4.734779710167902333e-01
7.472687236252117948e-02 -3.367166179491192235e-01
5.946809280910392292e-02 6.830271864482295729e-02
6.021863083918665982e-02 3.454096974558310551e-01
7.947847410605768381e-02 3.756181275865618785e-01
4.396428477207542374e-01 4.544785480402036004e-02
6.188535855395904672e-02 -2.190816412849250217e-02
4.097551225613671466e-02 2.619634048666352744e-02
7.207206227010209965e-02 2.439857693905205238e-01
6.520025637605753044e-02 -4.285882733321526583e-01
6.768626121794485417e-02 -1.489438326577330329e-01
-1.461293187327534771e-01 4.063494779373411081e-02
6.428059507985062204e-02 -2.305282315143142302e-01
3.463301967916356805e-01 2.102979047318997985e-02
7.846230842124923832e-02 1.592352843684773367e-01
3.496503437046423191e-01 3.690899318632723247e-02
6.234873257511908129e-02 3.455208530079934004e-01
5.092730921578147996e-02 -2.892560757705050500e-01
-3.154654081498203810e-01 3.216853015607124000e-02
7.053056948371660972e-02 8.536996034980148806e-05
4.969871511176349177e-02 -2.511456475939763955e-01
6.954313804079370609e-02 -1.194436025787039002e-01
-4.319399955560468962e-01 4.362761178548957286e-02
-4.140858994322186293e-01 2.564380030346247175e-02
-2.053546664063324867e-01 3.956990092195533659e-02
-2.472931850938487885e-01 4.186703820663284503e-02
4.468105973534293174e-01 4.515819971535395272e-02
6.529621639940441646e-02 -4.231227543123663448e-01
-2.895239515662183516e-01 4.474625107281460235e-02
-9.328663239503187654e-02 4.546699741637150183e-02
6.882285570629254057e-02 -4.377887631490676723e-01
5.604550734334790008e-02 -4.942996317555783392e-01
1.605460616013232311e-01 2.403037201151647650e-02
-5.551979553533814560e-03 2.285493123293225182e-02
7.785762846011623495e-02 -2.176584704202372267e-01
7.515769637045388585e-02 -1.696228281970203478e-01
7.412817744700961331e-02 -2.735908805004112487e-01
5.842752518968441500e-02 1.760773243535167509e-01
6.007541212996103663e-02 -8.155762306078173651e-02
-1.339772427444135827e-01 2.140106051002632626e-02
-2.629988848787444544e-01 2.541858048586331797e-02
5.426179968840616485e-02 1.263050176676621117e-01
7.702842723456715390e-02 1.378502800210064105e-01
5.910332768809400950e-02 -1.027810971070881596e-01
1.187335895079832948e-02 2.282503404825320104e-02
7.061235644902419395e-02 -1.544307016242683073e-01
6.977358661838484188e-02 1.348605157664785059e-01
5.535096851344101232e-02 -1.363316871222635118e-01
6.802581455446943259e-02 1.360927207551154705e-01
-1.915082241515398964e-01 3.364183698149159074e-02
-1.474847122022585610e-01 4.251171391496688656e-02
3.770937738068580458e-03 2.864682824400266448e-02
-8.875532587289780562e-02 3.592827855932223535e-02
3.643203871196476484e-01 2.370782309372732044e-02
7.020905705568813993e-02 8.366875694219044757e-02
2.679519081648696899e-01 2.960483559456672520e-02
3.481727507321745740e-01 4.071111506532565372e-02
2.016910791414704418e-01 2.725859458818391534e-02
7.934278171707698224e-02 9.857634057481889922e-02
-2.528273533785569960e-01 3.650627044348631056e-02
5.966286967739864444e-02 7.424344564925622336e-02
7.815907354720874611e-02 1.851268595667110439e-02
8.046093772933471389e-02 -2.090859382778212927e-01
7.153045714758976548e-02 3.158100876731826379e-01
-2.055347475239924782e-01 2.576828065697078785e-02
4.305180697247533717e-01 1.953443684211109144e-02
-3.316994797057224442e-01 2.160134974100424987e-02
8.012964282283308037e-02 -2.824802101579754199e-01
8.328262143430864572e-02 3.957486494604656180e-02
5.438443040984464183e-02 -3.835269419039347705e-01
-3.502031783262646858e-01 2.140034317694294863e-02
-1.784183825460472494e-01 1.848888928431990930e-02
1.035676986958314894e-01 3.955719184460448901e-02
-6.706523716331846963e-03 3.498464283404789654e-02
5.625771990528727340e-02 -2.950392906718667385e-01
7.395078062909843375e-02 4.523394627646140087e-01
3.422530440024831311e-01 2.135717203003117959e-02
7.975070746122325804e-02 -1.002702942365696348e-02
-1.429410251177771762e-01 3.639063323011504369e-02
4.576526287519112612e-01 3.154653865609380325e-02
6.453969697857309118e-02 -2.582257390180615619e-01
1.805268078136693655e-01 4.166504044187446798e-02
3.357596777589963999e-01 2.031307673438964567e-02
-4.303286403526658255e-01 3.244552030549985311e-02
-4.609201934448269311e-01 3.340684727851039870e-02
-3.184692484692409620e-01 4.518394101135214669e-02
1.307842002471010234e-01 4.026511834481116825e-02
5.094933234397214239e-02 2.661432107920336243e-02
5.011742301543720135e-02 -2.610752185734199760e-01
4.397045635342473613e-01 3.657282933787386892e-02
6.104164477301010638e-02 -3.945565280514913287e-01
7.334655422176417083e-02 -2.712599485370608132e-01
-9.755538397936946993e-02 2.933346054829011340e-02
6.726529115111734569e-02 -1.936659790388696178e-01
6.130667359890340506e-02 -3.863116729299377328e-01
-5.013232443701243213e-02 4.608129696752449878e-02
-4.420282011156893009e-01 3.908605288763189467e-02
6.569649437942093329e-02 -5.500403741684478653e-02
-4.738716255487345208e-01 4.571163019862201082e-02
