-2.214130433058301151e-01 1.295799042334754292e-01
6.974602035826504842e-02 3.192722761559925182e-01
1.596350565180089109e-01 1.252133716772656502e-01
3.244026335301938291e-01 1.289392003428670996e-01
6.974827314076781359e-02 -1.513442589183693343e-01
4.410964949789556444e-01 1.076588065136728778e-01
3.764401524803495658e-02 1.285008566595189361e-01
5.302432425618530676e-02 1.059341636339016235e-01
9.222343717491265913e-02 3.743186105532657626e-01
1.731766618440899741e-01 1.081864958440293956e-01
-8.436840283227131643e-02 1.015210938507666860e-01
7.726984782019219455e-02 -4.142919889046882131e-01
8.940848321787164821e-02 -2.783003909777772567e-01
-3.467172388459074384e-01 1.394417527696095727e-01
-4.718320238560931301e-01 1.292127111437700870e-01
7.835280525349497260e-02 3.377674701192637796e-01
4.792802431344610481e-01 1.340308890900026029e-01
2.871502349562552459e-01 1.242560638501749581e-01
7.216640444886834871e-02 -3.013743482601660695e-01
-4.509721874199547065e-01 1.038303837577659872e-01
9.859105018101899098e-02 -7.358836396384849099e-02
-4.061980517341902130e-01 1.060400001244400370e-01
8.545120182787502294e-02 -4.964138863827713966e-01
8.628602149859732062e-02 4.267416044814488219e-01
-2.407033991809713891e-01 1.090794039030698048e-01
-2.722188497998236922e-01 1.368354510515676914e-01
6.903472292582624181e-02 1.637169159073184055e-01
1.613648812973556002e-02 9.494771496542686595e-02
7.679162688622298560e-02 1.477351842659530012e-01
2.812289630180907496e-01 9.992960271618711587e-02
8.962755703149671849e-02 -4.680373821317698191e-01
2.677270218416027969e-01 1.336070904380161073e-01
-4.343358094873244202e-01 1.033189170556525482e-01
7.476870295466064853e-02 2.785864452602802022e-01
2.396976039394702607e-01 1.193467706771821346e-01
-4.826551016867550725e-01 1.361054210817044252e-01
3.853977193338583573e-01 1.052596949619279965e-01
7.369079272756151600e-02 4.271776429894804661e-01
3.555567238122082641e-01 1.394087000112019803e-01
6.500846521992909022e-02 -2.339474103819084716e-01
1.899162411129301509e-01 1.181912399392610613e-01
3.395028451248729429e-01 1.192010829754653889e-01
9.087113005773717056e-02 7.201879400373289997e-02
8.918666353198434482e-02 -2.948461277849222517e-01
9.118660914853238264e-02 -4.892135027286359517e-01
6.865306575954488455e-02 4.852914042422684648e-02
9.445277594339851479e-02 5.025891838461027383e-02
2.675013155212051519e-01 1.301909744895315413e-01
3.787695188437987248e-01 1.390556253158765632e-01
9.727440568653966668e-02 -1.792547718495549613e-01
8.260433018474566680e-02 -3.407444969624592312e-01
6.596062833512461587e-02 -4.746924929051856701e-01
-4.746635556077722917e-01 1.132177574623088878e-01
8.602314561309321039e-02 -4.856025132372638886e-01
-1.632884340266990142e-01 1.329055668191563289e-01
6.488575162874787861e-02 4.418619329296475939e-01
-3.599935812994629059e-01 1.173437551615085228e-01
1.852561356035672402e-01 9.596687462426389814e-02
-2.260028482015066231e-01 1.178583435368905086e-01
-1.928356863082495432e-01 1.219984394503194070e-01
9.253808492116599727e-02 -2.775762665593894951e-01
2.402752277195155939e-01 9.609977899756116937e-02
8.947703767552450671e-02 1.896208633052873793e-01
-1.790359124021858594e-01 1.315920243511814469e-01
9.737755642945844503e-02 -2.718421973521640833e-01
1.009588424563278020e-01 -4.413402217685189477e-01
1.844340413700324977e-01 1.076998724991204970e-01
7.911356024891635919e-02 1.770140416387160354e-01
-1.062771963260871200e-01 1.403884556513649295e-01
1.141475892853474061e-01 1.328223387617964990e-01
3.599487783746874170e-01 1.188362644986268313e-01
8.761405478347072950e-02 -7.418349364990706185e-02
-6.273147012400437372e-02 1.218369745696983308e-01
1.066324178181632387e-01 1.073448581954760117e-01
1.018873815080981737e-01 1.445891166573693987e-01
-1.033935347086673007e-01 1.165812969458961401e-01
3.580341522331564885e-02 1.086817201750347461e-01
-1.303160504784958151e-01 9.929395247194217067e-02
7.694685487617936026e-02 -5.435875603907247555e-02
-2.865699096415630365e-01 1.258815522392977559e-01
7.222164806914732615e-02 2.961057901240210510e-01
2.500428621595373047e-01 1.242366423123852925e-01
-4.334855588445012398e-01 1.240484263471584025e-01
8.907800429912626772e-02 -3.099846490516688924e-01
9.378218207913424642e-02 -1.585957790013727831e-01
1.021976685882551861e-01 8.114343881413077497e-03
-4.453500231046211288e-01 1.246274246945243691e-01
9.173704074627642147e-02 4.508177439839340384e-01
-4.850053363427900832e-01 1.371796531283134835e-01
-3.086321872898479812e-01 1.257194005015812577e-01
-2.881510512038576444e-02 1.378246476053694991e-01
7.284381760718217080e-02 2.267160471297265945e-01
-2.399214405039840070e-01 9.905471910954699588e-02
-4.082945068332299865e-01 1.396806960777883244e-01
9.434815628977410995e-02 -2.259581128265084615e-01
6.823450585997037354e-02 2.715718901159688281e-01
2.353440253948836380e-01 1.318355128183753555e-01
1.808724036420521486e-01 1.342048409925079566e-01
-6.862975235899393400e-02 1.301039204887921574e-01
9.472216271794020592e-02 2.030734485464608108e-01
9.286277015137911484e-02 -4.812811666371918928e-01
-6.060041861001863595e-02 1.286895497469704441e-01
6.670568105977192630e-02 -1.537735082703044487e-01
3.239234628893565837e-01 1.001133055667520200e-01
8.855771588903060820e-02 -2.208567339055672596e-01
2.764469040596564398e-01 1.136462073798174544e-01
7.761928554311881001e-02 -3.845423413468693763e-01
6.466721540391306977e-02 7.725373138808333540e-02
6.889524659827406250e-02 -3.220756512985346598e-01
7.419100832070280038e-02 4.984923803284968535e-01
2.687417818944477510e-01 1.161768101575633150e-01
4.764673824008411884e-01 1.364541714131616290e-01
6.712440883527559521e-02 -3.513086179266400322e-02
2.573127435810458330e-01 1.072532313541239013e-01
1.208408557406318584e-01 1.346503070859403906e-01
6.978483881374997200e-02 3.359235723168060295e-01
4.967235067330018072e-01 1.278018234480517989e-01
8.711583731651495466e-02 3.263701521683408657e-01
9.655276061057727066e-02 -2.512873460606303011e-01
-2.846942822284298513e-01 1.050686592635728944e-01
4.410572137875545806e-02 9.956302948471629222e-02
1.656587130836109090e-01 1.381444609461153217e-01
7.936056686116987891e-02 -5.231091801585707746e-02
4.558513482999051458e-01 1.397672327253997038e-01
7.521061694875852410e-02 2.367634912852794038e-01
1.251493843405745432e-01 1.198210593304723792e-01
2.649544005132826729e-01 1.375630571375322520e-01
-2.074985568782494738e-03 1.151743742139962334e-01
6.981483372657337760e-02 -2.758555689623455320e-01
9.376109821671896327e-02 3.025765382901264289e-01
-1.995466229904307998e-02 1.171612957353558304e-01
9.649951841005843800e-02 4.190562023303913142e-01
8.445591870673951895e-02 1.827363466270056636e-01
-2.149384390819923940e-01 1.299487751473120678e-01
8.640903213903927682e-02 -1.275955837984824592e-01
-4.046828535187697584e-01 1.391833572541567587e-01
8.101655410768671128e-02 1.898223150519029456e-02
8.554731038693796918e-02 -9.153605037454715099e-02
-3.769620174508996335e-01 1.191478434307139400e-01
-3.021399679552499995e-01 1.083610244694434011e-01
-2.395405668923392684e-01 1.242585815273717920e-01
9.605659173072844670e-02 2.163288722031246891e-01
-4.373194053535388592e-01 1.155001808813780340e-01
2.837302176330492864e-01 1.325104245628218047e-01
1.828387127892051600e-01 1.116606502018925307e-01
7.650840966519079078e-02 -3.163546099109023624e-01
7.442005249890160101e-02 2.786093004442796728e-01
2.847914180603062784e-01 1.129672494942810523e-01
9.766434078304930821e-02 -1.637706733443549112e-01
9.842276471399258320e-02 -4.645889740006952096e-01
1.613066116939001482e-01 1.268093140212862568e-01
7.359353936828028075e-02 -4.339094173999705761e-01
8.499385003965842511e-02 -2.111196491378962703e-01
-1.515365667299441998e-01 1.329795351614380117e-01
1.146170591534012573e-01 1.204610392602585289e-01
2.185690181181609848e-01 9.563202274008919535e-02
6.772609393378226095e-02 1.112049548649238773e-01
7.265540356659361265e-02 1.494163061428299688e-02
7.583979350144165466e-02 -8.711493391986646628e-02
-4.567969325230869515e-01 9.638540282914143109e-02
8.856411341241321455e-02 -2.546044837143620621e-01
6.820821594104697905e-02 1.688586658050650335e-01
6.336620479909349513e-02 -4.362080382480202356e-01
3.588495033608357643e-01 1.194877545872008451e-01
-7.395855792131578177e-02 1.196611627196532135e-01
-3.083286890881080655e-01 1.163918498539923130e-01
7.286667911789068697e-02 4.974704815840839123e-01
2.567360139883018144e-01 1.352701115912238183e-01
6.529585954153660499e-02 3.719854248043310552e-01
6.492235940786528214e-02 -4.761644333402075269e-01
4.089703556754981095e-01 1.354111237653308208e-01
1.641268564601929825e-01 1.307736640456386157e-01
2.956187852620453249e-01 1.029208466108604281e-01
-3.649328676056498022e-01 1.018260399827853879e-01
3.789727068184131076e-01 1.325709085416167943e-01
9.604003498183133480e-03 1.005202095644248672e-01
6.530244675411012167e-02 3.152307999428158869e-01
2.146875105555271501e-01 1.253012974736869012e-01
9.264932927026159337e-02 4.799870014020378717e-01
-1.888877105771820109e-01 1.154085077610222942e-01
7.674763953952912221e-02 -1.086715682729824106e-01
3.398366162600106044e-01 1.244299369690683443e-01
-1.938232082519830701e-02 1.095765022116330645e-01
5.707178058267303733e-02 9.799547996309065923e-02
-2.331701916980212230e-01 1.265682758001106523e-01
9.370348517997773019e-02 -3.332807932141361729e-01
1.116047050516344452e-02 1.309069209739166517e-01
1.772729887915491798e-02 1.118529417586847652e-01
8.420421436001679361e-02 -4.610675039264006125e-01
1.794742970976989094e-01 1.406992136714684261e-01
3.449288101025578257e-01 1.176073519394577049e-01
2.347500256320212975e-01 1.256766886241467152e-01
2.070218851116660819e-01 1.120410896907604315e-01
-3.804663174717087815e-01 1.351894304967633520e-01
3.722455901578709536e-01 1.168421169655945446e-01
8.986323614608582311e-02 2.479617775611676622e-01
6.686506730072472315e-02 3.142282961967024502e-01
6.493006546988233652e-02 1.696639903879840761e-01
-1.901264589250479808e-01 1.295505564499853657e-01
4.506147283324032360e-01 1.038485883354125505e-01
8.488366053517504284e-02 -2.132808910566142968e-01
9.707763802202862280e-02 -1.690945323793343613e-01
1.004278481512089760e-01 2.263027234366075113e-01
-3.936702363258469672e-01 1.365848876169005743e-01
9.992633421930596782e-02 -2.594751993029764670e-02
-4.896439437637822856e-01 1.402789863829891903e-01
9.504510396438492492e-02 -3.302489227948930406e-01
8.389930775741594182e-02 1.778459060008414916e-01
7.998653546671752324e-02 3.038936036490837989e-01
-4.348698546616401872e-01 1.280843899124618490e-01
3.352592257462192471e-01 1.135119191554306850e-01
-3.448313455081579715e-01 1.318390922416489142e-01
-1.035151717056246312e-01 1.381804274433265922e-01
-4.008778133292874024e-01 1.124965318390093172e-01
7.306286866888078713e-02 -3.698031955023236561e-01
7.201898674322360083e-02 2.848126522987439735e-01
-2.762484215237066554e-01 1.071190307073410786e-01
9.727822682146591848e-02 4.221436062392887045e-01
4.337241962974931475e-01 1.364011981063846246e-01
1.416983107563729583e-01 1.110696783667978194e-01
-7.323199582150918818e-02 1.190924468547972515e-01
-1.388322280800465824e-01 1.050936994721108908e-01
1.000381794280086334e-01 -3.256325355121949539e-01
9.990670972469872790e-02 -4.549652599331155400e-02
6.681846146684933263e-02 -1.598074335611074925e-01
1.045458636639189365e-01 1.302705742536361955e-01
7.718540852750754855e-02 4.181461399232746512e-01
4.529434158646833408e-01 1.138804883641284516e-01
8.856137472543812450e-02 -2.160613347501405546e-02
1.017115621584506746e-01 -7.377251881275859180e-02
-1.013944362941359145e-01 1.400791310399289724e-01
-2.547422670983402471e-01 1.026622836228385793e-01
7.226558528055948560e-02 3.644402628394586285e-01
1.005429256348510103e-01 -1.681290676327094058e-01
-3.958027556028542726e-01 1.208833886481701647e-01
7.230660307296254974e-02 -3.173695518970718332e-01
7.943564173443418142e-02 4.373345286737866378e-01
8.203182328425906444e-02 -2.709264590615758639e-01
-1.693417376303140154e-01 9.606138109584838602e-02
-3.422711969878132754e-01 1.374401803538422007e-01
8.139207898113809403e-02 4.245886022204100607e-01
7.488822344426881994e-02 2.131838822741095596e-01
8.543118758439927074e-02 9.198116452242999230e-03
-1.954542151540799022e-01 1.110682788505401586e-01
-2.002634502586897458e-01 1.302485697440544099e-01
4.670028898480077517e-01 1.054033019630631340e-01
3.089469767199470862e-01 1.358014956548635466e-01
-8.197210129263043932e-02 9.581243957352747476e-02
1.112841562302288034e-01 1.243403288851797628e-01
9.430969042886283571e-02 2.459892918513160165e-01
9.272757525074037943e-02 4.562244570081430695e-02
-4.880664873962355932e-01 1.144065363695681015e-01
-3.184789700724828254e-01 1.009535548978802710e-01
5.909116198615294024e-02 1.233602565762462744e-01
8.809124770447795960e-02 -1.656226723941242041e-01
8.106945762168427105e-02 2.900023274768682713e-01
9.236294795898669641e-02 -4.483500043885222386e-01
1.013539535629905952e-01 -4.636677292335591449e-01
-2.981186435117293421e-01 1.086803549471492270e-01
-4.512235417378644975e-01 1.287389631056290451e-01
1.004112668430044986e-01 3.105214938678844128e-01
1.009467035746529628e-01 1.993441219256015806e-01
-4.454927979712602903e-01 1.366252399125279515e-01
4.388666641290804860e-01 1.368840276982707937e-01
7.144434818277178856e-02 1.271439943777885606e-01
3.582894088532078136e-01 1.289629026714230742e-01
8.741142655419509300e-02 1.162884663220153936e-02
-3.683683632164302946e-02 1.202947992292041635e-01
-2.462896468420905371e-01 1.330411142362949439e-01
3.545559680157079896e-01 1.235821607495932728e-01
9.756969683341898403e-02 -1.361756944249912227e-01
4.857753809381459842e-01 1.015656441614242178e-01
1.677613550613796800e-01 1.238276943078410186e-01
1.004428089499109777e-01 4.876690833417078874e-01
7.604913561003201483e-02 2.392591585547693134e-01
1.016548738987761435e-01 -5.661370566942347526e-02
8.098119379091339720e-02 -1.266789962072105702e-01
-1.520281503678291291e-01 1.343599654188813997e-01
-3.809782240586505608e-01 1.007107623542841113e-01
7.497315496644252342e-02 4.874748222031074496e-01
8.405551876878192274e-02 -4.042139778839664022e-01
9.763331021069998616e-02 -1.242513438390629998e-01
-3.619395583422615470e-01 1.071128335217045313e-01
1.974763837351206641e-01 1.302830380856921932e-01
9.466477548854501656e-02 2.829666313774620301e-01
7.092749521154140258e-02 1.907728866075452112e-01
6.373174483060439766e-02 -3.873667647251404222e-01
1.503393320878466666e-01 1.318082679460097495e-01
9.830840410433239196e-02 -3.650872376008571507e-01
7.829712269444977224e-02 -3.934393215560582080e-01
2.170072339036089870e-01 1.387141646299899778e-01
-4.381211508422333534e-02 1.379754798693844098e-01
4.672305225463337930e-01 1.072675356611426656e-01
3.773498302968240070e-01 1.085502771375652653e-01
9.889598683294587023e-02 3.149413665649761773e-01
-7.457092693073996692e-02 1.147328617240225279e-01
9.164849167064204050e-02 -1.178976124714681273e-02
1.016299596496462732e-01 -3.564715167507667148e-01
2.390736282484895447e-02 1.351125425336557884e-01
7.530587349484685333e-02 -4.863785629959632706e-01
9.783937152560850947e-02 1.413774291304102926e-01
6.765588141850409354e-02 3.278380865319934223e-01
1.018822859704097139e-01 -4.603031831331636514e-01
-2.770752755982756055e-01 1.188866057898645412e-01
8.809118172157348603e-02 2.264520478896836497e-02
8.283323951427656873e-02 4.931311647458614944e-01
1.012045001346615347e-01 -4.602433829824681411e-01
-4.031143994683062948e-01 1.066163923238000466e-01
8.918958998662473991e-02 -1.940664641978014915e-01
9.555050108989338042e-02 -3.763513985128875694e-01
4.020817801882070608e-02 9.896665848363761508e-02
2.510911997889564429e-02 1.322421462610028353e-01
2.432865245030571000e-01 1.269920654247983505e-01
8.683629092343114753e-02 2.558897492282423691e-01
6.952526453348828461e-02 -3.662239092450570999e-01
2.276829718620876353e-02 1.245357811434955053e-01
6.435814234504511067e-02 4.892349503473898409e-01
9.385151261490543018e-02 1.706144187974903970e-01
9.623156042038416569e-02 3.647790875153882340e-01
-4.752031307497749379e-01 1.120135017401640010e-01
8.293285267197547661e-02 -3.178057053993549319e-01
9.670095256293398389e-02 -3.108741175926159617e-01
4.239650937068948355e-01 9.694823825005427498e-02
7.887542359206622944e-02 3.242043326167960426e-01
9.777860740107702231e-02 1.958957469990929567e-02
4.574704543065123419e-01 1.373492299483891621e-01
-9.161852225581235132e-02 1.398310401430121752e-01
1.013547668706140659e-01 -2.820612585870115874e-01
9.088081197172659387e-02 -4.648914982813684427e-01
-3.913291131786437171e-01 1.204456902392401219e-01
8.642444487477562998e-02 -4.523939237846122952e-01
2.180533211751406464e-01 1.396903013906528601e-01
3.254847054482205015e-01 1.053534739051225078e-01
8.642342603069486096e-02 -3.454857956978500955e-01
-4.280267676724023307e-01 1.290187372547964006e-01
8.284327069091934614e-02 -3.838862913204147409e-01
-3.458133794916470327e-01 1.085037408092753841e-01
1.006374584942281158e-01 1.431821206542189806e-01
6.839750887346829344e-02 -4.695638931117663839e-01
9.900898575044825289e-02 -2.204841152826579886e-01
9.787734299919692571e-02 -4.917106137003741662e-01
9.899233873282142770e-02 4.767480743023296830e-01
5.709836778994981099e-02 1.150212710452448439e-01
8.820614079922106665e-02 5.057567447814548256e-02
4.752157797736333844e-02 1.378676514085196425e-01
8.716861591913016571e-02 2.926200514035287581e-01
7.019614525275552630e-02 2.497928388801093913e-01
4.558260639264256620e-01 1.081807429852427171e-01
6.883581680635175726e-02 -4.466261929931575336e-01
6.996089359457857704e-02 2.363732667339746296e-02
9.551234229712801671e-02 4.290225712368519462e-01
1.806615467185525015e-01 1.174196957248554440e-01
-2.561922977831874171e-01 1.085532377187338193e-01
1.718737391840732265e-01 1.275459780302223844e-01
7.056008100586808052e-02 1.204284961829519274e-01
2.741845158469286003e-01 1.018973718542163232e-01
-2.316620842261576385e-01 1.194551534847028140e-01
-4.743087187656085391e-01 1.243096354338488752e-01
3.387597175005045980e-01 9.955382739454932128e-02
3.699859930814257680e-01 1.230147844303010052e-01
1.828884633327455544e-01 1.078184160813681070e-01
3.297440483250069221e-01 1.364292355826548508e-01
7.431332937408252626e-02 -1.755484559935988065e-01
4.948225184561831913e-01 1.155339450082244479e-01
7.270403555866156164e-02 1.119046874223372789e-02
-3.315439725535992421e-01 1.007784917124862067e-01
-2.795260818167281114e-01 1.390616061579932339e-01
2.934118055252710189e-02 9.865473405089064673e-02
4.401440459121593873e-01 1.283922579238598871e-01
-1.584727996910161307e-01 1.234347946150304853e-01
9.664317270396638460e-02 -1.032604387820924563e-01
7.023335806610464527e-02 6.731880992294259070e-02
4.091060805276802714e-02 1.183399488928827958e-01
9.544501989043374657e-02 3.584857729635211321e-01
7.775263918277985908e-02 4.144039436061087711e-01
9.488892566843210030e-02 -9.531264725717614184e-02
2.505421088266809315e-01 1.213319735522426779e-01
1.060647415933397841e-01 9.699281237137247214e-02
9.549861595848740947e-02 4.908328581823904191e-01
7.412289109722769442e-02 -3.749403229541392601e-01
2.647718716137693606e-01 1.146904170219299468e-01
-3.004068197233833448e-01 9.620014259239528798e-02
2.902307236309804583e-01 1.147844397505163316e-01
7.191281071538502268e-02 2.023352518917557186e-01
8.065979691392632933e-02 2.678269926611607232e-01
2.797299160122218575e-01 1.277469408559307462e-01
9.507450428046759772e-02 3.552542568368647347e-01
8.203504876805867152e-02 4.405424819829590888e-01
1.007297588600257754e-01 4.345638098822051099e-01
-1.794897482120607624e-01 1.403287367991613577e-01
7.605539779004988343e-02 1.177595064667456004e-01
7.077950056049886474e-02 -2.543566933872856151e-01
-1.293398969221282169e-02 1.063970848255811896e-01
4.258622682665830217e-01 9.631332720840091177e-02
-5.891862522482194109e-03 9.827549114170508471e-02
7.813355813554601070e-02 -3.065138823479306440e-01
-3.971001878642034244e-01 1.115102510283700887e-01
7.216907334028388465e-02 -5.576724306146774168e-02
5.187511907751019002e-03 1.226312221490786225e-01
8.586923041594562989e-02 5.747377622291072186e-02
7.413406858148396950e-02 -1.637459606399506162e-01
3.362624743387825355e-01 1.200980360942204284e-01
1.019474601818229909e-01 -2.616441221259170336e-01
9.742735946703540151e-02 9.277267557615920257e-02
