-1.512067990581823507e-01 6.788270434216192584e-02
4.349922247870038339e-01 7.799117942707223250e-02
2.430094323436493564e-02 7.570779949477934867e-02
9.468395713738253505e-02 -9.832043670147438963e-02
-2.552601537842135171e-01 7.868329029542220354e-02
4.508087332950528880e-01 8.735897982838314313e-02
8.220014814834741834e-02 -2.754808598783249352e-01
8.200725287822496767e-02 -1.183701187190859816e-01
1.518523753489117167e-01 8.145209802329500537e-02
8.218908267830227210e-02 4.746939289350615709e-02
-3.193529610534001639e-01 8.314467443735051866e-02
2.521846703006713764e-01 6.645142503560963476e-02
4.368394913600891494e-01 8.689947730088143363e-02
6.823221241927601710e-02 1.500807974711518833e-01
9.252381391769626262e-02 -2.820397512532195616e-01
6.566799073834361788e-02 -2.482363590771901052e-01
-9.807440380274268232e-02 7.407549525837087145e-02
6.773399297471038860e-02 4.428043901045541908e-02
-7.683381544550549336e-02 8.213217459564992051e-02
8.813050570664127115e-02 -3.231967975417724404e-01
3.653240197793322652e-01 7.299337565931363070e-02
8.854267396892701036e-02 -3.931011635392374082e-01
6.950853555120950489e-02 9.135248893653391544e-02
3.965561630667300275e-01 9.530536797826960616e-02
9.325234255867154154e-02 -4.488866382372670438e-01
7.697170740050462978e-02 -1.042048847800629563e-01
-4.732738769675211010e-01 6.559626824036057791e-02
9.244636587701116071e-02 -7.268737542805436824e-03
5.932946694814900113e-02 3.226446691290457691e-01
7.584814829913533174e-02 4.827520837824583744e-02
-2.084473304389243831e-01 1.001902133271564965e-01
4.640210689755086548e-02 8.026452478079082464e-02
3.124294091534830509e-01 8.430374714078658904e-02
9.004221866301609367e-02 2.551745038557010625e-01
6.540394639359570217e-02 4.180833606943690217e-02
6.410158454718328791e-02 3.226122154503866524e-01
-4.704818193475986954e-01 9.194921222608132272e-02
6.134082540628960079e-02 -1.670377115369202636e-01
6.265426946566199362e-02 2.244271958882906315e-01
8.574123690015178489e-02 -4.465707648407468700e-01
-1.028617149671738895e-01 7.459295382122366203e-02
-8.815768774012311404e-02 6.888274389913795481e-02
2.142558498133438905e-01 1.021515014472496041e-01
-2.819138938934435679e-01 9.232340906776859146e-02
8.030719830885879595e-02 4.868641874668447889e-01
-3.527859419208211333e-01 9.057072480554306804e-02
8.648822577013726143e-02 -8.533422577336935433e-02
-3.479654377585338354e-01 6.714732369269282852e-02
2.885410673898564093e-01 6.926384917196104496e-02
6.054690663984851895e-02 2.837674820244497909e-01
7.589946266075520143e-02 5.011732777839283948e-03
4.312813177668414211e-01 8.884473230056488813e-02
8.395018154133804256e-02 -8.819004951942965853e-02
8.691148825533034916e-02 1.162197492832122148e-01
2.501459429792307620e-01 6.713611229147986581e-02
8.351635766538934025e-02 -2.009525809775351002e-01
4.842333929248137103e-01 9.714866210190575835e-02
-3.868598994087257825e-02 8.835096929802954691e-02
2.915595573309293087e-01 9.722227854201570540e-02
6.503014588902322757e-02 -4.594126520259106394e-01
1.144973714161889866e-02 9.849741458655247861e-02
-4.541939612260105230e-01 6.782512992747213865e-02
8.672869230720969824e-02 2.578371086476143326e-01
-3.647352962822840716e-01 7.990027337569050037e-02
1.741212133867408030e-01 7.713024300252513399e-02
6.615845029093958551e-02 -1.978402799767344789e-01
-5.034410077189077626e-02 8.568669532804085165e-02
6.606762825624101776e-02 7.492426925732331711e-02
3.909357523557487335e-01 8.902327517029384740e-02
6.288553937822083384e-02 -4.104595258478933584e-01
7.353186164159075666e-02 3.242261215177919542e-01
-4.685259395570041674e-01 9.259803523977216955e-02
-2.302192239393356932e-01 9.279634189952290502e-02
2.080448234009313335e-02 8.627209719792428011e-02
9.450277335819323721e-02 2.432213699110389316e-01
8.553339980583951618e-02 3.233010274687299068e-01
6.335799999131908056e-02 2.827235977826940694e-01
-2.732942682921606359e-01 8.288828651859836416e-02
2.478823294428011970e-01 9.837059224071120767e-02
8.883971598094742017e-02 4.905590701173067059e-01
3.272949580694619609e-01 9.069894147949120189e-02
6.879731694820079291e-02 2.254007003274112186e-01
-2.108053920225072542e-01 8.398692114703176781e-02
7.781842016975226706e-02 -8.001452894422778073e-04
-2.194548287566530087e-01 8.898239839181376620e-02
3.804240270572467608e-03 9.436058858002982497e-02
-3.462296250245036067e-01 1.000956226279648975e-01
6.794059972134436354e-02 2.752158935349665603e-01
2.963373571343798085e-01 8.820684166251480107e-02
-4.787042262787081226e-01 7.041087025507231090e-02
-3.825074999123957431e-01 7.994973450678943827e-02
5.903027797109428043e-02 -6.063584824048695587e-02
6.578570611827050385e-02 4.826652868905062510e-01
5.803828244776609857e-02 2.365965191861219008e-01
8.224710359048681418e-02 4.473036207532382624e-01
8.887264781055881357e-02 -3.436639429910856025e-01
6.389933157418492549e-02 1.834629796789756240e-01
2.411141876418566588e-01 7.944296841459563829e-02
-2.939457212388352225e-01 7.080582600305695973e-02
6.890041865913065777e-02 -4.733623658873350459e-01
8.165245212999006075e-02 -4.775478386483822391e-01
-5.502933645962460041e-02 6.556015737015963296e-02
8.974215430484155931e-02 -2.892842029053047659e-01
-2.830312382971021945e-01 7.353750643966405764e-02
7.843143184023693149e-02 -2.755696653887045322e-01
6.890150442234999062e-02 1.672830526836599496e-02
8.704004145292343342e-02 3.711474232537165241e-01
-3.326390038706583674e-01 7.503008592259718945e-02
8.634611659554836116e-02 4.463055614862306841e-01
-4.546633333597878135e-01 9.729941925412166626e-02
2.551768787099802926e-01 7.190259727199155293e-02
1.138550228057806368e-01 7.786631790153708543e-02
6.337015769121423503e-02 -1.488254932080768089e-02
3.537387033323178276e-01 9.485562082053944355e-02
2.805420805668278339e-01 8.730130642926614559e-02
7.975833547492383602e-02 2.974868253826512543e-02
1.393346614207636724e-01 8.585961539588882196e-02
7.560459833267174634e-02 -2.614550422520901529e-01
5.950532371115269115e-02 -8.340097372092547534e-02
7.666243432493302645e-02 -9.750847271177010001e-02
-1.901809386316789530e-01 9.149164476786086908e-02
3.294453279135747259e-01 7.482997558369541835e-02
7.970425119183288665e-02 6.794416424757865336e-02
2.029419492636987954e-01 6.368864175282107354e-02
-2.064190529720159040e-01 8.943351822282508135e-02
-2.267927599475497713e-01 9.667487205899871761e-02
-4.569970481276225405e-01 8.200516260119339318e-02
-7.937893632995141058e-02 7.295290459961001339e-02
-9.880293707082166144e-02 1.015590097758477528e-01
7.088941488729816331e-02 -1.912241294993519691e-01
7.527711891832489233e-02 -2.924039655686837547e-01
-1.433838277927859117e-01 8.237227289097082128e-02
7.044642820821267470e-02 -7.340506712568939385e-02
3.514110025343277766e-01 7.807974771830983318e-02
-4.284843207518050923e-01 8.642350502740736573e-02
7.287413156008915038e-02 5.280495875377844150e-02
-3.059933235845514465e-01 6.508459764572704920e-02
3.141807706754318197e-01 6.443146173674829669e-02
-4.622249688068094109e-01 7.697874766419254833e-02
-2.934404110682187206e-01 7.720719427632549703e-02
5.889899305389134643e-02 2.449691211072176911e-01
2.315766373457587290e-01 9.209974411235299918e-02
2.712587762419745863e-01 8.710443150251456768e-02
3.469281595341233704e-01 7.491101800805721744e-02
6.984159249644872336e-02 5.701250154251114033e-02
2.074584287938207039e-01 7.372733478177961874e-02
6.308694491869404342e-02 -3.058881143676144276e-01
6.213858982251319052e-02 4.390246402544654147e-01
8.084673910462258917e-02 -1.766771254494385879e-01
6.701309395653620715e-02 -1.616425218451603696e-01
7.959592139493365526e-02 -1.022259318986663557e-01
8.766749085979019807e-02 1.132207214877078982e-02
3.780103080919100522e-01 8.755281965026473490e-02
8.211670118513647587e-02 1.611980027869519549e-01
8.344299918383213388e-02 2.558950410811992038e-01
4.594270023089839228e-01 9.270884708475390923e-02
4.547155178200270598e-01 9.095746494979750629e-02
4.152500360839559423e-01 6.540509998846766315e-02
4.049260056132347740e-01 9.575879846775792181e-02
-4.019201917327327456e-01 7.903419078104334528e-02
4.285042452610641206e-01 8.710156814593006391e-02
-4.407737675576509639e-01 6.353532424478891549e-02
1.815908224109896718e-01 8.821574880697091725e-02
1.554488124929177539e-01 7.811127763395775414e-02
2.875887761969553313e-01 9.619521098796690595e-02
-1.744115568738222599e-01 7.883553581391600229e-02
9.441776711524696442e-02 2.115237673603537205e-01
-1.815722725281379013e-01 8.899109156885942618e-02
6.139724679495484061e-02 -8.138025521134661933e-02
-1.364412973175535004e-01 7.977199013517199955e-02
8.582559131106670680e-02 -3.141822886052708652e-01
4.904814676840612009e-01 7.141923077332279490e-02
4.188707220357882344e-01 7.225920443153777128e-02
5.975076722448091626e-02 -2.266883821854774883e-01
-4.871452349834544115e-01 6.826924968380454484e-02
5.731024308007637291e-02 1.427954406747384830e-01
1.976913197093593810e-01 7.066660647508959947e-02
-4.031147907569710975e-01 9.305606784929976172e-02
3.678982676243480743e-01 8.576279446281198648e-02
-8.361299633831387190e-02 7.018506589473028079e-02
8.527159564906872102e-02 3.971895130920760630e-01
-1.976273033836427606e-01 9.881165475441111568e-02
-3.161417372315042940e-01 8.188889054049408589e-02
8.508497907088408141e-02 -1.860644248995828587e-01
8.162358652385948155e-02 -2.725058638823079082e-01
-4.818891994738705442e-02 7.352200715996859426e-02
-1.497216796753069179e-01 6.438085621043121431e-02
-6.332289366528909280e-02 7.805530804590377070e-02
9.363576597563649795e-02 -4.733393717452676341e-01
-4.603425557961370318e-01 9.388809752899118788e-02
7.521464878062311676e-02 3.032645644514665451e-01
9.372450830021650248e-02 9.343484692299708350e-02
4.901334103747667648e-01 8.605637943216826180e-02
2.219529407162373902e-01 6.503230718964037038e-02
8.650382689078084386e-02 -4.344348546714453807e-01
-4.270189597976500329e-01 8.926618507861272533e-02
8.955913265249881849e-02 1.023564526253518681e-01
8.052928303941897514e-02 -4.001152517808787001e-01
-2.079593706957779675e-01 1.000650280514694401e-01
4.878435086646439878e-01 9.569655983851388381e-02
-2.626493458967187333e-01 7.021933249403311539e-02
7.517415902483337575e-02 -1.091427983850996597e-01
4.612550876755285856e-01 6.370149149911197295e-02
6.142836064727796863e-02 4.201365123402135415e-01
9.447771499229751235e-02 1.219752703928113080e-01
8.046069490719520712e-02 6.667659838530548555e-02
6.620776420310836574e-02 -3.146898103861096585e-01
-3.703748757651054158e-01 9.156304492988043275e-02
9.373853867825443498e-02 -2.269786945525283928e-01
3.559969451442198674e-01 9.613275187390069032e-02
4.146428871131040417e-01 8.295800221973548272e-02
-4.764429342664769917e-01 8.156808939025972371e-02
5.960421360745893349e-02 1.194424464639831651e-02
-2.886992427354977409e-01 8.518288701558041076e-02
6.240882395227531632e-02 -1.594660386805197838e-01
-4.871184188190059716e-01 9.926229332783920167e-02
6.972876038883468741e-02 -9.424144926005628697e-02
4.845154881624131882e-01 9.849461507706835928e-02
3.742903000416322179e-01 8.786070424097880416e-02
7.322128445445597045e-02 -2.069455044132006982e-02
8.567714829265582477e-02 3.064330753762700699e-02
1.797678735760536162e-01 9.197422704724278475e-02
6.923536296578902682e-02 -1.564752115310719116e-02
9.253926059463268849e-02 2.867468344722478024e-01
6.809055219146720184e-02 1.486975881743478611e-01
1.437534757647273009e-01 8.963542474599672794e-02
7.962372344549484282e-02 4.086778383769998912e-01
-3.442164792234165827e-01 9.847544644627070909e-02
8.608337069182825374e-02 -3.619043111764237430e-01
7.484513547254223464e-02 -3.686630012619624974e-01
-3.415023359239186540e-01 7.401937714859374573e-02
-1.146841895053835048e-01 8.911250367074263767e-02
-3.382943874415181851e-01 6.569459430740143269e-02
8.749519399000693642e-02 -2.460967010487337125e-01
7.585084144734921541e-02 -2.050888244840559649e-01
7.307692559078271533e-02 -4.620087594882471560e-01
3.209442779012747771e-01 7.068072741114317381e-02
1.268004696438566059e-01 9.599654052357631251e-02
-1.580388786955055913e-02 9.495823178550710786e-02
4.713204740113542401e-01 8.448673326047662080e-02
9.684783356946513599e-02 6.414023265949531094e-02
8.539133070718285534e-02 2.876198577282995661e-01
1.377324588629524893e-01 7.201814919218574307e-02
6.950368581037025262e-02 -1.788813499048916844e-01
-1.794914668554004056e-02 7.116746269388407597e-02
-2.338016458664694541e-01 8.602208020601542771e-02
7.973561641549842260e-02 -4.782901409456143949e-01
-3.936777413603289588e-01 8.996666639139627719e-02
-1.879903031262027957e-01 8.210307130086280658e-02
7.358462691369160869e-02 -3.469768093012404186e-01
9.240140801806129289e-02 -3.428215067115656378e-01
-1.616453876773060738e-01 7.207377943274528853e-02
3.744866616523327973e-01 9.126632444833293611e-02
-9.833699743357338097e-02 8.006668630030944200e-02
-2.475706554843748464e-02 8.448656692500899901e-02
6.739208622896541989e-02 8.394149721747201642e-02
-3.236979347014834474e-03 7.048378637033603233e-02
6.043506340442594826e-02 -2.344924730785487021e-01
7.046437672190464241e-02 -4.431040377509609662e-02
5.969997315014330397e-02 -2.117406681639844024e-02
2.789934095029346084e-01 9.735363851914213829e-02
9.199220039982969332e-02 -2.899818663077791125e-01
6.964331968024017883e-02 -2.379589240763291258e-02
5.845237802397551530e-02 -1.955712432118112964e-01
8.588560676653345105e-02 1.603227553606437761e-01
1.138299973707203039e-01 9.572461401776699574e-02
4.677279273502633616e-01 9.310444688564756266e-02
6.096189130301787884e-02 -1.790203802965980584e-01
-3.138253202195931957e-01 6.377473961284152448e-02
3.427457166772019947e-01 9.279617993136646259e-02
4.450016447767116690e-01 1.003112541333242014e-01
-4.246714926241303978e-01 8.986021120853915356e-02
2.005275028882117505e-01 7.531672102401509861e-02
-3.985560174235872610e-01 6.519626262172606435e-02
2.004189851440512093e-01 9.592502107583689153e-02
6.385884144592224310e-02 2.264121719112008879e-01
-4.691522857902293842e-01 6.820682518118115212e-02
-1.064958853423202401e-01 8.739654852028311272e-02
5.757513816482506819e-02 -3.934749386997321574e-01
3.579669851842348649e-01 1.007135028947447886e-01
7.517447754749362332e-02 1.882737447798271679e-01
8.653064288226985923e-02 -1.539579023671266977e-02
4.704308130964388601e-01 9.762290804285089774e-02
8.117702517084535163e-02 6.476115331448439871e-02
6.822341820062671758e-02 1.422518662678695645e-01
-2.055052909701295949e-01 6.512250556600795992e-02
9.033870947530109330e-02 1.832133964594202524e-01
6.348088720918243499e-02 3.001829098612378566e-01
8.099029655064138300e-02 4.392719864324865497e-01
8.612136771412493008e-02 -4.277300893457987030e-01
7.278201428538255691e-02 5.614463745400588568e-02
6.863174643622582671e-02 3.751651074035183830e-01
8.436172690067467173e-02 2.727452524989544269e-01
8.907456679120528964e-02 -1.959061900093265196e-01
7.363508628541726164e-02 1.464017926321011798e-01
6.043564479064178485e-02 -2.339823736676526211e-01
9.307057615138580875e-02 -2.751638245770918756e-01
7.423088616395279171e-02 1.577452797588480005e-01
6.155950529565656915e-02 3.593400196859681817e-01
8.917042293762988958e-02 3.431970516863520615e-01
1.234682766565246004e-01 9.202900081040976676e-02
4.442751470122674462e-01 6.716089294263560827e-02
6.837614200359454220e-02 8.063177832662959954e-02
5.967014740215370594e-02 -1.137108211987557516e-01
7.842380876984289539e-02 -6.546011458571909802e-02
7.322379627824637804e-02 -1.768592896709990647e-01
6.359403453805045903e-02 3.863118060452841451e-02
2.721460721919533032e-02 9.252982741475890283e-02
9.480592669791698679e-02 -4.409402352571910599e-01
-4.382730241746890520e-02 8.531409361358166521e-02
8.614821861708288342e-02 1.538566580918154791e-02
-1.817564274503403743e-01 8.078250807510156672e-02
1.536342957537845111e-01 9.657206532567341739e-02
-4.200218543701389473e-01 8.435608179245157601e-02
7.158766694044838008e-02 3.417240116814543871e-01
8.710700720029074251e-02 6.794170149434519690e-02
-1.227125795008044973e-01 9.568901512173921819e-02
5.833847094038702163e-02 -4.374431343360024593e-01
-4.633376549286891688e-01 6.907449026538625692e-02
6.876147862253445542e-02 1.917692526009562304e-01
9.376211635918363374e-02 3.146089707192780693e-01
3.781377627676075770e-01 8.843719663699955991e-02
4.338558912116619037e-01 8.748195797243751848e-02
8.231984390140534291e-02 -2.282817424473735368e-01
8.070697500523360546e-02 1.760148804166199454e-01
-2.473476765563531465e-01 7.737312782043159753e-02
7.892133412443713691e-02 -4.463798749865887094e-01
-7.530381476991587775e-02 8.801478247382243936e-02
6.525309562551617759e-02 4.524930858621029062e-01
8.031606674136293478e-02 -1.954061074496322714e-01
7.054659749151470649e-02 -1.461113696033267129e-01
-2.435298351856877153e-01 9.429334050279825075e-02
7.397653068306642155e-02 -2.250630339670945945e-01
6.648897469260350857e-02 -2.226574767807045774e-01
8.453159307311985948e-02 -3.726538799551524228e-01
-2.634063720574991718e-01 7.061267777263702250e-02
5.087015454793308855e-02 8.870749041169601057e-02
-4.692715579834860762e-03 9.517021686900495325e-02
4.848051719016384098e-01 7.764140879673120388e-02
7.469064172901740406e-02 -2.084499183763137697e-01
3.467645510635866124e-01 7.283269622105315033e-02
9.337296275095430254e-02 9.022106872277058098e-02
-1.906574857990348537e-01 9.040060799304439065e-02
1.251604618142757586e-01 6.845314832397209059e-02
-2.014875039930461575e-01 6.866528954533757112e-02
8.163548769660577964e-02 7.305486641581981910e-02
4.309112111647679377e-01 7.031755003126993753e-02
6.739817495817213011e-02 2.825343687344288313e-01
9.405236925852744623e-02 -2.498385087770865765e-01
6.253603285912490151e-02 -1.709874210270422301e-01
3.919958762483753967e-01 7.179801016773090794e-02
7.863223538409025437e-02 -2.572918124829134401e-01
8.572892516898344972e-02 9.658435633352047134e-02
1.071471510439044872e-01 8.110721486677707759e-02
-3.999935526853659606e-01 9.139602759107867680e-02
-2.790081493074817454e-01 8.914046567629563267e-02
9.163845630317546398e-02 -3.240330805919728885e-01
-4.035969977997825309e-01 6.711110054564450866e-02
-3.705060356417133605e-02 9.857386321674954655e-02
2.623876883368951862e-01 7.410483426689129516e-02
2.117447096338869184e-01 8.695350660143130739e-02
-3.389965507670112954e-01 7.515505908284803027e-02
6.251639907541250984e-02 4.075885029887297284e-01
-2.759478211812096404e-01 7.244518397523458386e-02
8.017965319664865920e-02 7.214801180458640939e-02
8.028339468229872544e-02 -3.722503159795753636e-01
7.029539144300012143e-02 1.423745465901290475e-01
5.941623345406377155e-02 -1.536227866340997839e-01
4.410617447744025199e-01 6.708206994910348442e-02
7.221028377397964437e-02 -2.783553923680979203e-01
2.869986438709859478e-01 8.360324264892937673e-02
6.017892927430712469e-02 4.665569697284325246e-01
-3.759820943395051351e-01 7.830797108514242488e-02
4.959838632843154294e-01 8.192231718440778909e-02
-2.329881174126475774e-01 9.629778820428180897e-02
7.765967891082303787e-02 -3.995680180630636347e-01
