2.426790019194285941e-01 -3.193265556983686526e-01
2.579315204283622043e-01 -2.966110962922406946e-01
1.729676114240907836e-03 3.595495568267664810e-01
-3.484525277607044558e-01 -2.535150646148723874e-01
-3.566521258434556252e-01 -3.253230156375452875e-01
3.166893943246880117e-01 -3.326267963725187959e-01
-5.013338271941925051e-02 -3.039091970070042503e-01
1.286565487677493458e-02 -2.049670219354285949e-01
-2.581698063878654636e-01 -3.389126133294464438e-01
-8.476584704312228880e-04 6.584332835748984980e-02
2.210614381676800910e-03 2.647027895152054278e-01
-3.337198690480538410e-01 -2.673624017028923827e-01
1.698126906372021683e-02 2.144237562308904943e-01
-1.043453254450863454e-01 -3.379697622367041632e-01
-1.679500802072433352e-01 -3.144896602091131754e-01
-3.089860858508278740e-01 -3.380513070631152583e-01
-1.115924869631111926e-01 -2.608026460685954895e-01
1.434317425726083783e-03 -4.152503535285168024e-02
-9.865411547831381966e-04 4.497536442058369666e-01
1.887537917180925895e-02 1.167386198126133534e-01
3.664375338068197596e-01 -3.418219467254490773e-01
1.444123992424058978e-01 -2.773130786070805431e-01
1.821476084594371159e-01 -3.408468630022586376e-01
-1.246912762920696638e-01 -2.948975803533180340e-01
-1.595230273797276777e-02 -2.993497136666861680e-01
3.436536225642603526e-01 -2.647965568363780386e-01
-3.859265976459677061e-01 -3.387416773231258782e-01
1.011640747311970401e-03 -1.242329409738994750e-01
4.891630456932339888e-01 -2.804952907266272666e-01
-2.332239258523781666e-01 -3.006973206389698117e-01
-1.530198201732441143e-01 -2.624749328520235014e-01
-8.692691982658518057e-02 -2.859285836940209657e-01
-1.907999088375282870e-01 -3.422163624840655061e-01
4.957623552436587477e-01 -2.839025635504665024e-01
-2.783243348872366241e-03 -4.739858978493276531e-01
-2.518436236143279938e-01 -3.318249823669181531e-01
3.364822710172025166e-01 -2.715826005426078549e-01
-3.133714305781667431e-01 -3.332078648286272982e-01
2.167236272100592220e-01 -3.182797882564204484e-01
4.985219775237267337e-01 -3.357060976752643811e-01
2.375855595359038785e-01 -3.111995488449200709e-01
-4.425122030418285890e-01 -2.911093921610893309e-01
2.755521119184148882e-01 -2.525785938453875001e-01
3.301603293200975342e-01 -3.194142596551255986e-01
-1.328387100018575406e-01 -3.114675714600518841e-01
-4.948790544566371574e-01 -3.418952480510256686e-01
1.159288598935862558e-01 -3.201041985451638094e-01
-1.422034353957558617e-01 -3.075462096333747564e-01
-1.871842578059491613e-01 -3.153763306491318419e-01
-3.254377545409349315e-01 -2.520236647989443357e-01
-4.309421842595584362e-02 -3.249826870439618265e-01
4.554612173611427561e-01 -3.195522573530871213e-01
-1.623291968599643864e-01 -3.269401152407359623e-01
-2.877958163892344601e-01 -3.161697326744495884e-01
2.233666690132440902e-02 8.914429685932356850e-02
4.011322777699866116e-02 -2.720363150878631897e-01
3.494640771801933443e-01 -2.877868898572658596e-01
-2.563329619330545484e-01 -3.184471799055202945e-01
-2.434359282540206060e-01 -3.007920359746716343e-01
4.168173058647307583e-01 -3.227945984745148600e-01
4.962357493923623686e-01 -2.589647184930022883e-01
2.633710282918805268e-01 -2.630768543815880101e-01
-1.771550930721121908e-03 -1.274201760528792526e-01
-4.147329323266811807e-01 -3.123776827174917781e-01
2.795450055478562179e-01 -2.640930227426003807e-01
2.294617161839018760e-01 -3.150281722128770445e-01
-7.556133206088500032e-03 -2.547166793815114350e-01
1.676416018267368191e-02 -3.631452499024721003e-01
-4.589081010447456643e-01 -3.188794415101852131e-01
-3.099070938515688933e-01 -3.278934259484561631e-01
1.515600909094261262e-02 3.045135802002417735e-01
2.898372918759508643e-01 -3.027021804719671749e-01
1.069607688463347639e-02 3.087282458908480187e-01
1.715391001319233055e-03 -3.667994407797680045e-01
6.651043662464828365e-03 3.423112669074345193e-01
2.770520536004148493e-01 -2.662047051952055599e-01
-2.874208464570683352e-01 -3.306413265832887083e-01
4.932622010726709361e-01 -3.347082290753254918e-01
4.634910657474213824e-01 -2.812127811540728883e-01
2.044540727811968717e-01 -2.994094043111875658e-01
2.235266383230527509e-01 -3.363567555976992862e-01
4.528593033367603882e-01 -2.809509356490431653e-01
2.495422135464200331e-01 -3.113842798077340879e-01
2.352413711263756646e-01 -2.518646543611566813e-01
4.059072546451955033e-01 -2.991540962563664641e-01
2.504933063357959178e-01 -3.192074163776102980e-01
3.636610128199315728e-01 -2.518312363752283067e-01
9.117282836718754169e-03 3.932489660723355041e-01
-5.571831667753657236e-03 -2.804398863875806613e-01
-1.940223958522344638e-01 -2.769457645699785475e-01
7.981660843928706228e-04 -3.677680864193826338e-01
-4.693866086062414844e-01 -2.652684195479011464e-01
3.103581968808354352e-01 -2.517184435014763189e-01
-4.436157235485753692e-01 -3.423879093567873122e-01
2.630578944022301524e-01 -3.096485637678139113e-01
-1.853826692244592289e-01 -3.067765667665041107e-01
-3.672172123815496958e-01 -2.537366645601241144e-01
1.626068814201955259e-01 -3.343036838048123460e-01
3.505743187047621889e-01 -2.932727860521232577e-01
-1.761488433625091332e-02 -3.419821419857663747e-01
-3.352098587216483239e-01 -2.853625570398593547e-01
-3.090688073765017752e-01 -2.699465293479589301e-01
4.732684055590371530e-01 -2.506674759549540887e-01
9.321625693072821406e-04 -1.332189046123027909e-01
7.038715390689898044e-03 3.114331143975251903e-01
-2.245577543833122691e-01 -3.036756971160096130e-01
-1.046036747451235538e-01 -2.813025342971399168e-01
-3.190422307609307451e-01 -2.922030627247654833e-01
-2.988747804488759430e-01 -3.142709536029710815e-01
-3.948736132599388604e-01 -3.288724668821281227e-01
-7.977246220819911304e-02 -2.899491717408071434e-01
2.592005285508403034e-02 -2.898365282087795869e-01
-4.389215409888620467e-01 -2.642404784423897368e-01
2.288497582418064225e-01 -2.714508273727906928e-01
-9.850968553765848679e-02 -3.424922375729115842e-01
4.050396387263623943e-01 -3.436226996390551180e-01
2.010756932608943615e-01 -2.873079008289775027e-01
4.995648983587669401e-01 -2.618065019911176572e-01
3.903515480360418843e-01 -2.530252155880626797e-01
2.120702559974094736e-01 -2.763616736418864628e-01
-2.619426426853642687e-01 -2.721871957391650554e-01
-2.383212862576394864e-01 -2.654220029283572702e-01
3.640926367249845974e-01 -3.366900952927002200e-01
-2.974720962671706381e-03 1.257210634945880035e-01
1.537041441900544037e-02 4.747868310968638150e-01
7.872061085585357887e-03 -4.506400632647338256e-01
-4.225686126707604018e-01 -3.157798195816591269e-01
1.723274493670112761e-02 6.944284201087880248e-02
3.181751719301537662e-01 -2.880456456528792675e-01
2.356665133178152960e-01 -3.401804275213938800e-01
-4.442343225725359224e-01 -2.514605699400411787e-01
8.059787136051077550e-02 -2.747264604990353742e-01
1.395652289765675347e-01 -2.743517593117471565e-01
2.233999329893876507e-02 -3.530037325198012166e-01
-4.540543788974451545e-01 -2.602378823102187155e-01
1.916615816670830252e-02 -2.298144918958344718e-01
-3.600432905324426613e-01 -2.670181952639568701e-01
1.137481259212391738e-02 2.281789450132024610e-01
-3.282428735458706726e-01 -2.513972752163977642e-01
2.930032906310235941e-01 -2.762427707811203614e-01
2.432180316470001769e-01 -3.079766207467279360e-01
-2.879198807711651487e-01 -3.115759552700196888e-01
2.226609062711504272e-02 4.706299538554603590e-01
4.793362224616549705e-01 -3.388515026656808704e-01
1.253468063490015272e-02 -2.130814224508044141e-01
-2.216061185398976452e-01 -2.785666819385714810e-01
5.962020493122732745e-02 -3.026786978964813857e-01
-5.242262486940940658e-02 -3.388959382509424412e-01
3.339828689489473534e-01 -2.928222293873684601e-01
1.518173467043660851e-01 -3.360928275639983864e-01
4.277110789364777510e-01 -3.282035336984446827e-01
2.060655078667339435e-02 6.085668631938978557e-02
2.312315192959846222e-02 -4.726828358103234429e-01
1.795617018741185733e-01 -2.818153485643715150e-01
3.745357400702024053e-01 -2.695867947343791871e-01
4.978534177744893263e-01 -2.902911572247929284e-01
3.687933069750084503e-01 -3.169763975762827091e-01
-9.463311585977118856e-02 -2.960763605346107274e-01
-1.261405060854148275e-03 2.457572320145533507e-01
2.369288022644200353e-02 3.420140199290083727e-01
9.381545317121764427e-03 2.751202384577705606e-01
-2.262451779988752243e-01 -3.230301796825988392e-01
-3.227156857263990819e-01 -2.676576000293778845e-01
2.006301059929838093e-02 -4.876936272051314303e-01
-6.000481880183872185e-03 -3.235047747125542328e-01
-2.364023493265385856e-01 -3.103236613797843990e-01
-3.298462998724298600e-01 -2.708850593763075798e-01
1.870298189216179630e-02 3.955654805349291259e-01
-5.517365970712284629e-02 -2.705574538395849604e-01
-1.087547017332829435e-01 -2.940777171291072412e-01
3.396094491203190957e-01 -3.401547593092851818e-01
-2.611520059830119145e-03 -4.209630349976000163e-01
4.708806586423288643e-01 -3.283833884007123505e-01
4.960905307249658946e-01 -3.384654191064996320e-01
4.939360391232061609e-01 -2.756981769988312569e-01
2.555185817288807559e-02 3.990389674864203151e-02
-3.449975262380811092e-01 -3.045624597106784126e-01
2.288855790900071741e-01 -2.779266918480470805e-01
-4.069144300682658866e-01 -2.983351467006581936e-01
2.458903553400315634e-02 6.894023273568694599e-02
3.909915892156370365e-01 -2.930631356849995317e-01
2.430985043922710975e-01 -3.239781110597941272e-01
-4.307580102152779311e-01 -3.340738551367959941e-01
-2.687892621288104911e-01 -2.675012507472716017e-01
2.072629711033672217e-01 -2.890414155095757387e-01
3.263437375824598252e-01 -3.134799879686246404e-01
4.275805203955620470e-01 -2.519935396361828728e-01
-2.037611105042925752e-01 -3.014016259988713253e-01
-2.933520163259705216e-01 -3.188627601532426636e-01
-1.008939279883567242e-01 -2.573488307691814692e-01
-4.230241966130519060e-01 -3.369551709921094762e-01
-3.737974187055825848e-02 -2.746322564662687649e-01
2.361336938231506366e-01 -2.765849562030912034e-01
-3.193431296341918690e-01 -2.522640731166585493e-01
-4.200171741538804016e-01 -2.695866830205337905e-01
1.711093546922333175e-01 -3.082206834575846877e-01
4.554113321295348848e-01 -2.896608881476563369e-01
-2.226229493220688305e-02 -2.828617369424721861e-01
-3.432973640223043743e-01 -2.807533752577563435e-01
-4.473400703982269855e-01 -2.801549160126344251e-01
3.510526604597009603e-01 -2.800952527755310451e-01
-3.758717534704080210e-01 -2.729624045524965403e-01
2.441320803780112625e-01 -2.640015097658405807e-01
4.438996134279671324e-03 1.976006268608777594e-01
2.638399942887909022e-01 -3.140802504151273267e-01
1.163818671231255930e-01 -2.621085307630609540e-01
-8.252052003587806439e-05 -2.533982287572111858e-02
1.460406649264023304e-02 -2.774455432535656296e-01
-9.979857728392682592e-02 -2.888757208099200779e-01
-4.251964825568275153e-01 -2.906763428259515614e-01
7.136859773256065687e-03 4.778867271290951901e-01
1.328063473470304512e-01 -2.817874696236842835e-01
-1.935468316340410722e-01 -3.187040608011216802e-01
4.308227506689917830e-01 -2.914552136266171933e-01
-2.646135801125523157e-01 -2.561824758053630191e-01
-3.015557230947524259e-01 -3.000309815206633202e-01
2.047502245391511488e-01 -2.802885145493969610e-01
2.062188028838840559e-01 -3.321086769946952622e-01
4.581145023129096217e-02 -2.603914866524309479e-01
5.715161117070421959e-02 -2.723687163746580930e-01
1.088398772128018610e-02 1.169072088074559757e-01
-4.719652597559174101e-01 -2.745624744238044368e-01
4.520382973739230925e-01 -3.227376334448468498e-01
2.367534099512413892e-02 -4.518079481864685221e-01
-2.448350363908302629e-02 -2.546838038449439345e-01
4.488837791291662160e-01 -2.871842899102855506e-01
2.243032045721753409e-01 -3.276652510293398546e-01
-4.987751698361719832e-01 -3.147703692007451926e-01
2.274796354006830557e-01 -2.990055025092425156e-01
6.829995092578866611e-03 9.403169805878630605e-02
-4.593334746811292835e-01 -2.941751954390174895e-01
4.448625756754307492e-01 -2.802411012101551080e-01
2.385013858938545006e-02 -2.580324627032642981e-01
-9.281787247371076077e-02 -3.001021326750077378e-01
2.990899832434175121e-01 -2.648006929359094652e-01
-4.501094471205061565e-01 -2.998184309428536531e-01
4.498028385625287839e-01 -3.223180212785277110e-01
3.023772658608406827e-01 -3.415627419469523529e-01
1.070179732542363427e-01 -3.445490378182927138e-01
-4.068109479558910113e-01 -3.309212807793692201e-01
1.494226683849075865e-02 -3.530339589559657876e-01
7.856824211828872251e-03 4.120481626051026858e-01
-4.038014061105190677e-01 -2.771878421756550637e-01
-4.878407687258728975e-01 -2.929154577613564125e-01
2.496004354768011080e-02 -1.346096883996793503e-01
-9.472667375656407263e-02 -3.299985920666177464e-01
7.016404555246991137e-02 -2.959519362506630724e-01
-1.420595548431649036e-01 -2.807398355577860327e-01
-2.476067633074188201e-01 -3.284194754658256166e-01
4.883063891308838667e-01 -2.842019677235104735e-01
-9.439574354608126772e-02 -2.712304505066435167e-01
1.676068653216433724e-02 -2.511208249028568096e-01
-4.425902685159532890e-01 -3.304630591464716716e-01
-2.253888560532387730e-01 -2.806358843616708620e-01
-2.831932040113231963e-01 -3.149750633873137362e-01
-6.819893245446628782e-04 -3.951175677632743355e-01
-4.737184372054149550e-01 -2.759557806277569414e-01
1.834621286810969032e-01 -3.278676550809754842e-01
1.293089934222413362e-02 1.096889309873716467e-01
-2.257245878173379516e-01 -2.866742415361184237e-01
-2.135069886280374085e-01 -3.433378541028641040e-01
-1.667800749354648726e-01 -3.065329414734242475e-01
-5.866316272120120079e-02 -2.739428808137804872e-01
-3.700959184293799442e-01 -2.625196555893499761e-01
4.927659181699315383e-01 -3.126206248812408717e-01
-3.264847725848685212e-01 -2.552658418768791737e-01
4.789156392941795737e-02 -2.898910401987452312e-01
-2.517075941252725491e-01 -2.720490515630608064e-01
2.858314058093052168e-01 -2.744365166728174321e-01
2.579985291880371179e-02 -3.269193593960486588e-01
3.235254135343298421e-01 -2.624588524345224938e-01
8.120521412627867974e-04 2.213170647816428138e-01
-4.254454071623222644e-01 -3.271808998855989525e-01
2.944231841607858335e-03 -4.208665976779465412e-01
5.096557636416954029e-02 -3.020894375895269990e-01
-2.095213267030872073e-01 -2.741019236973771811e-01
-2.571519662232735204e-01 -3.154480431201986956e-01
-4.955687548408460597e-02 -3.309789979384685221e-01
4.092734279840722911e-01 -3.135150056191203793e-01
3.523428078935819663e-02 -2.573801180909087716e-01
2.942336224433935721e-01 -3.062618708883317886e-01
-3.784721325913409373e-01 -3.366107416842555322e-01
1.439667243143379904e-01 -3.197925755831658723e-01
-4.320516500647014757e-01 -2.532905829120117858e-01
-2.307617955791039233e-01 -2.858101313934630072e-01
2.388198939013186362e-02 -1.510087079842187263e-01
2.811070526717277529e-01 -3.380498782983131223e-01
4.414441166855165299e-02 -3.387313635966505698e-01
3.957936328440345708e-01 -3.399094128589348340e-01
6.586821625724437190e-02 -3.192808223707838122e-01
-3.320618094281635457e-03 4.730847702233991203e-01
6.599761775467771763e-02 -2.923303826465710742e-01
-2.068843616060133117e-01 -3.265764997064080077e-01
4.463833184631296191e-01 -2.525706349445315801e-01
4.464475067366170391e-01 -2.952059412641291347e-01
-4.251517915620639521e-01 -2.507182151837861195e-01
1.036190270357617571e-02 -5.099212999415181358e-03
1.675500058639456391e-02 4.562902003729077949e-01
4.403085111495792514e-01 -3.077796665364932460e-01
3.496312892121711258e-03 -1.696132464432689169e-01
-1.522971916744886300e-03 3.506872340885395234e-01
3.404190950154706297e-02 -2.944362820629642385e-01
3.105824224029436476e-01 -2.527831165696139415e-01
4.080125318989643590e-01 -2.727458470003946145e-01
-1.838196493552379795e-01 -2.566806990319082660e-01
2.599176377090500756e-01 -3.364888861373168671e-01
2.297077239394121895e-01 -3.365037001331796507e-01
2.413943098478411597e-01 -3.427507087914332118e-01
2.098147121232302181e-01 -3.090667707526389973e-01
-1.428736865315244353e-01 -2.966926541256217353e-01
3.204568450897378185e-01 -2.752283186996989928e-01
-2.357762191016334885e-01 -2.819968232726935975e-01
2.668607653940482383e-01 -2.608440594758270059e-01
-1.776812633859758961e-03 4.026887299159609412e-01
3.256000739493836171e-03 3.258435550001982373e-01
-2.302439865325769386e-01 -2.523537796343210404e-01
9.828710211372548855e-04 4.625380939610687081e-01
2.773459809622942362e-01 -3.410065516480002001e-01
2.764550183605505307e-01 -3.240728220581799990e-01
9.771475496197545851e-02 -2.587886275017864390e-01
6.717609598120699577e-02 -2.833302702187648903e-01
4.807729229377368796e-01 -2.575784073563435195e-01
6.051967982019013093e-03 -3.523063012069900246e-01
-1.600557340276864693e-03 -3.401134182287026686e-01
-7.661409679562991570e-02 -3.265682126886667591e-01
2.052829624836771671e-02 -3.758488374883239835e-03
-2.906111245431094448e-01 -2.990681481505093053e-01
2.504238681838489855e-01 -3.143348106990787594e-01
2.486916112998371897e-02 1.822243734735146115e-01
4.294334894896256749e-01 -3.253408202765646351e-01
-2.945885136901813528e-01 -3.192656273342898698e-01
2.424929478368897939e-02 9.548563359194506273e-02
-1.204866145813804357e-01 -3.151698973503138657e-01
1.921130235433397004e-01 -2.513355141470683396e-01
-1.978392970351560143e-01 -2.587032527691101036e-01
4.966448461918374635e-01 -3.286891524988485580e-01
-3.265745768210259747e-03 -2.733206561520614697e-01
-7.174402859615236494e-02 -2.584713677942364063e-01
2.294287581082425920e-01 -3.034647253748889995e-01
-2.300907244914185412e-01 -3.051961740895641206e-01
-3.158501248807468187e-01 -2.806763310319979610e-01
1.755546152379631186e-01 -3.044110469618062087e-01
-4.471440274404617776e-01 -3.112024457339294115e-01
6.513228466527820615e-02 -2.520217094834045213e-01
-1.015734991875245630e-01 -3.386729128811031275e-01
-1.953448539230038250e-01 -3.432393940845475111e-01
1.374001095556232066e-02 2.196828382198499074e-01
-4.397807197400375179e-01 -3.113221933510421646e-01
-4.225420538932567194e-01 -3.090057974154141185e-01
1.154929019776573806e-02 -1.715805060887268807e-01
8.139948782108996639e-02 -2.826337266363072587e-01
5.726784864423128951e-03 -5.146097688880146848e-02
9.895634040598833003e-02 -2.601301099835175989e-01
-2.457687979783225174e-01 -2.527585781721758407e-01
-4.854819799492627874e-01 -2.900752389956179345e-01
3.105732630269054662e-01 -2.635203202433996639e-01
4.589405670815138727e-02 -3.430756461437453053e-01
1.179730901324615999e-02 -9.203778379673654975e-02
2.380377881686828179e-01 -2.904951840610677793e-01
-4.574816470475298047e-01 -2.947623394252724127e-01
3.242638671072550771e-03 6.151965742889187183e-02
4.552990964352975345e-01 -3.357580802035698975e-01
-2.107969002011402804e-01 -2.833897000942000588e-01
3.256246725406704012e-01 -3.072763228070158892e-01
2.540104499762729784e-02 1.127649934380958729e-02
-6.441551278725321517e-02 -3.156504717274796201e-01
4.278770233188747829e-01 -2.818309738692540423e-01
-1.197195564618103170e-01 -2.693062806483916827e-01
1.761429483983423250e-02 -4.019189003048313502e-01
1.257415451572482246e-01 -2.578129642386165488e-01
1.835128333489763897e-01 -2.635748722149586776e-01
1.092002395832014638e-01 -3.241612316151309958e-01
1.924187163742282491e-01 -2.707353911511446443e-01
6.395400089837433022e-02 -2.890909352788357811e-01
3.746139253198188523e-02 -3.062173425753909051e-01
-8.000282243898915180e-02 -3.237557731517033410e-01
2.444784771044705707e-02 2.767978915920376037e-01
2.035512217302104521e-01 -2.990717109359940507e-01
2.108942256164814122e-02 -3.606848481573542431e-01
-2.134995101703229814e-03 -2.049857714446610135e-01
4.310397583884570949e-01 -3.193314219575397184e-01
-2.838135647418872365e-01 -2.724906777816130665e-01
-1.572204067471991706e-01 -3.394860772289768347e-01
-2.306662755689926625e-01 -2.969597508884053161e-01
7.864528995378594622e-03 -1.113059095222840300e-01
1.724466035391265528e-01 -2.770709007946805524e-01
-2.613976162706649342e-01 -3.069399549904343605e-01
3.585835174988246665e-01 -3.208059121968731553e-01
-3.185444901245388927e-01 -3.183931359072986744e-01
-1.583919576889636360e-03 -4.082469092082660067e-01
-5.496218552560883097e-04 -4.637982587500637521e-01
-3.467519711071374022e-01 -3.431228264939483186e-01
9.828523582314896423e-03 -2.634204108032378588e-02
2.071949393641103754e-02 1.704074695245546556e-01
-3.241176675916918049e-01 -2.812188615520065937e-01
-4.280887144082391460e-01 -2.613125588899728458e-01
1.858810108500341673e-02 -2.125457432872029928e-01
1.382075940506943823e-02 -3.557513063119064345e-01
1.369843063086919610e-01 -3.297345357831272805e-01
1.419496530215759167e-01 -2.664758065960970423e-01
4.602152877393705932e-02 -3.343292601899882088e-01
-3.326990331117718469e-03 4.261509567312340430e-01
-3.928034598231766594e-03 2.151903520664862901e-01
2.575270173059005518e-01 -3.317676236106836818e-01
-9.972816510339110874e-02 -3.070296930341597230e-01
-1.976665377051238792e-01 -2.802998580153350794e-01
3.035790953213335364e-02 -2.871451512326569366e-01
-2.627690820103221192e-01 -2.636074138924248134e-01
9.969780781289294680e-04 6.376709702882110697e-02
8.370835690877376223e-03 -3.267677893069159678e-01
-4.869643861262921147e-01 -2.812683351921828612e-01
2.326624793823087733e-01 -2.539578045962310737e-01
-5.104817230126945660e-02 -2.715625557201677420e-01
-1.736602534672624376e-01 -3.308035703939695704e-01
1.270422691302457441e-01 -3.029031630062816172e-01
-2.681241092532502535e-01 -2.691498861047254554e-01
3.082361339146746371e-01 -2.940987803817809443e-01
1.665966409377896973e-01 -3.048685696196299366e-01
4.914515722939616360e-01 -2.968187314139658639e-01
-1.938619297706898337e-01 -2.538889064602495305e-01
-3.180679893635983690e-01 -2.600604690587658974e-01
-7.902746320739262309e-02 -2.985706986002988339e-01
-4.473242694040643341e-01 -3.059878984762486320e-01
-1.751162863388963098e-01 -3.337016549293200240e-01
-2.558970128855170278e-01 -2.826471740597280569e-01
7.332700781091383568e-03 5.023990348432183506e-02
3.158811042955667059e-02 -2.704937394122624017e-01
1.064796141362056581e-02 4.988971259449647144e-01
-3.870335020253847791e-01 -2.652046219533205074e-01
2.808853412225205126e-01 -2.604396602082234002e-01
2.403143531951923428e-03 -9.289650149589157024e-03
4.422247262071141716e-01 -3.100175407792179483e-01
1.786385606682946436e-01 -3.113746114922684161e-01
2.745962607541713174e-01 -2.838451168966411586e-01
8.998562627898998301e-03 1.233400542266333000e-01
-3.317903473232048928e-01 -2.914091944341371532e-01
2.621179855345571186e-01 -2.871009650765788956e-01
-4.326681402132087628e-01 -3.353115820800320890e-01
3.577947258223357352e-03 2.983308606488421777e-02
-4.581498048195096207e-01 -3.344791328860885482e-01
2.820794751566415570e-01 -2.955945246856822584e-01
-4.107523327870593599e-01 -2.533391482006811524e-01
2.306678598083122811e-02 -3.002238899663839389e-01
3.979623117975505942e-01 -3.402606500421128111e-01
3.854881167186888780e-01 -2.546456884773652396e-01
1.821402616159357724e-01 -3.184334803689051752e-01
-1.520958304088716462e-01 -2.920323564377982350e-01
2.343358772243456789e-01 -2.756902322694625429e-01
2.812053526034019590e-02 -2.641945884369936159e-01
1.685659362422764485e-02 3.924598340073839342e-01
-3.829179240552594843e-01 -3.205393647028778048e-01
3.139641223074317589e-01 -3.371379783718189138e-01
3.115063384382075196e-01 -3.421835866202308507e-01
1.966564816169513730e-02 4.010568632308977310e-01
-1.204059473656924339e-01 -2.765345141090346237e-01
1.814287655094193319e-02 4.936519200786231298e-01
9.602288035939399169e-02 -3.031887875536199983e-01
6.817703916650597051e-04 -4.728890714246928306e-01
-1.251912912157604474e-02 -2.577235198761796964e-01
-1.336440205658272484e-01 -2.932000691468075182e-01
-3.334674457827632166e-01 -3.312332985173089828e-01
2.118885135800133712e-01 -3.108344542522475384e-01
1.146120298301761542e-01 -3.313301207549963490e-01
-4.733292680667241514e-01 -2.577454619758389187e-01
3.939003281186126415e-03 -2.926280830132579336e-01
-4.784082846011206147e-02 -2.545076383892436178e-01
-4.391553449825267297e-01 -3.039919072492055507e-01
4.458749736232575644e-01 -2.628608245185852788e-01
-3.879965299008109048e-01 -3.040288042073238106e-01
1.977750647427136688e-01 -2.916000035760668574e-01
1.132396724020134915e-02 -4.167330398321327234e-01
2.372887424298633086e-01 -2.659580501349467774e-01
4.222488213047854710e-01 -3.059087065812388095e-01
-3.018339128475358013e-01 -3.055872206906492528e-01
-1.636948557211028721e-01 -2.563780439234121244e-01
-2.624977608231253701e-01 -2.512130002122988648e-01
-3.676894345372526685e-01 -3.229397186441442802e-01
2.172828952083700749e-01 -2.831143036750624065e-01
-2.624496164363665507e-03 1.089006739828585202e-01
2.697847203106655822e-01 -3.285898307334593760e-01
-3.517346322394396818e-01 -2.595488708156540314e-01
-4.725436874290901423e-01 -3.378715130770316710e-01
3.301578922074154265e-01 -2.876762760532246554e-01
3.851717867844649534e-01 -3.402881885884950774e-01
8.427671833803929147e-02 -2.864753707170774044e-01
1.387613098220130681e-02 2.699012872758175252e-01
-4.721185685117782471e-01 -3.249379135841734545e-01
9.722942593472838624e-03 4.435649459787083249e-01
1.662241388101182160e-02 -3.471957604141590048e-01
4.976061866028835823e-03 -1.971747761870243920e-01
-6.769971292166598875e-02 -2.868514188786350783e-01
4.250920764364773952e-01 -3.000258895068262932e-01
-4.397201082903470226e-01 -3.229137885578650113e-01
1.309129308486567389e-02 -4.802546799102547226e-01
6.712285414921614901e-02 -3.158320099243646650e-01
1.428893121313984382e-01 -3.385938183427152914e-01
-8.747107076991333940e-03 -3.363716000217031876e-01
1.344818581172901872e-02 3.459106219563828910e-01
2.649321910914747003e-01 -3.425590308851759191e-01
6.694879955935095772e-03 -1.700465863121838339e-01
-4.987126525753343698e-01 -3.039549442801078305e-01
1.815421210061731738e-01 -2.632290413090996317e-01
-3.695712500321950422e-01 -3.340715798338433906e-01
-2.370922851078548499e-01 -3.144401474488871528e-01
2.890729290200341195e-01 -3.076278693434314482e-01
3.594598426404689295e-01 -3.118093884691582884e-01
4.786897152995227556e-01 -3.255611825167875617e-01
-4.124156123325783962e-02 -3.099038502956785734e-01
-8.840095310696949316e-02 -2.600265920621100957e-01
1.352081488639533813e-02 -4.689870295400297984e-01
1.001810788451110712e-01 -2.897908368721001660e-01
-1.347721102370552648e-01 -2.797094517845404305e-01
-4.634304036936942595e-01 -2.897198965491291078e-01
3.708445680630035879e-01 -2.614115510243201213e-01
-2.049071750420345950e-01 -2.938701555312093205e-01
-3.125345431792401207e-01 -3.003426736002303699e-01
4.329109995951176959e-01 -3.174323219376126159e-01
6.716012641769797398e-03 2.844027755686378001e-01
2.373544819005056761e-01 -2.801388515796076062e-01
-1.272157915677307738e-02 -3.276379766858765752e-01
8.712021883227005770e-02 -3.180197784163042440e-01
-1.370348348787432391e-01 -2.525554548081845319e-01
-1.049393295036153972e-01 -3.038577047303405720e-01
1.487122932425923860e-01 -3.012999539354606071e-01
-4.246341314339422413e-01 -3.045531640961103292e-01
2.376018960752979137e-02 -4.745801553808960405e-01
7.594362731917536635e-02 -3.432005990882612823e-01
3.999279587830522065e-01 -2.958162782154847292e-01
-6.217912880111819973e-02 -3.435713160875727423e-01
1.898611222818854527e-01 -3.046445691858394866e-01
1.494807477965987008e-02 -4.532143059676105867e-01
-2.795457847522608841e-02 -3.186442408410528060e-01
1.778984531124516710e-02 3.558064919165173645e-01
1.538094712683004683e-01 -2.829040449132448343e-01
-2.833935444711256357e-01 -2.565303479214909865e-01
2.073628591596865522e-02 2.358858202314579877e-01
3.350109541730664775e-01 -2.869088259011507436e-01
-1.810686281248363727e-04 3.248348706405657094e-02
3.812682883332467743e-01 -3.086513325771728100e-01
2.047001576974093462e-01 -2.556800133461073488e-01
1.380698525559876932e-01 -3.221123855605254604e-01
1.879603051879086273e-02 2.698373597727339313e-01
-4.159932895236752026e-01 -3.229755382078269843e-01
1.610020955368240969e-02 3.564991143010948216e-01
1.544058859629371394e-02 -4.109986142610191351e-01
-3.760683301557710134e-01 -3.391552954061324288e-01
8.376297439554269975e-02 -3.331620054496990946e-01
1.921912904730476157e-01 -2.525865134232174736e-01
1.768489710362863843e-02 2.060659745523610864e-01
8.490180807611158453e-02 -3.112640428093528255e-01
-1.803714344966914629e-01 -3.351889371736945789e-01
2.051907840339595168e-03 -4.684192764257865127e-01
3.876567260188035213e-01 -2.605038323785944243e-01
1.980654276318194462e-02 3.004840943913490436e-01
9.848926926073753307e-02 -2.827363735151972035e-01
1.211890404168396440e-01 -2.583345739734292934e-01
4.251460239784902173e-01 -3.295456891441479463e-01
6.821418565979919801e-02 -2.794640898079984170e-01
2.086235973524830367e-02 -3.223383598925475546e-01
1.653912504363940217e-01 -3.408335809826982254e-01
3.808761852597638553e-01 -2.619922252893390757e-01
2.410773247755315651e-02 -8.911866631893228252e-02
5.914888765606463039e-02 -3.322103287207223143e-01
-2.039043746192713558e-01 -3.434187466089769769e-01
-4.866293920716586729e-01 -2.731141373209629020e-01
-2.701937529441085228e-01 -3.296179010048040370e-01
-3.442886331605721217e-03 4.407571337613924722e-02
1.530841126399055119e-01 -3.194325186546377315e-01
-1.076702407313140375e-01 -2.640375901462311825e-01
2.067946318923730153e-02 -2.305756406495905741e-01
1.630815803853447044e-02 3.294539982841123704e-01
2.445391859573792237e-01 -2.541510143449742243e-01
2.139754092241596961e-02 -3.462790835155162839e-01
5.179204816651028498e-02 -3.429544931526448126e-01
3.957969230170675923e-01 -2.518631887857258889e-01
-2.530995319967563884e-01 -3.026642890245658801e-01
-2.408072810261127072e-01 -2.728497792157457136e-01
2.557745115704446182e-02 4.206175392282351932e-02
-7.061887470366035036e-02 -2.816446056715866675e-01
3.799555698953207550e-01 -2.542297452769516353e-01
1.932527407767359318e-02 3.681030337062789481e-01
-4.338201358360705973e-01 -3.203348339568221625e-01
-2.242844006111590627e-01 -2.705524187088816923e-01
-2.481315792893199479e-01 -2.816110117165665505e-01
-3.682778647450383191e-01 -2.774227912768724158e-01
3.586959841653938330e-01 -3.266983250897206315e-01
2.326807372462480483e-01 -3.113732574127674457e-01
-8.885341801455082233e-02 -3.297546459610155578e-01
4.535632888313508859e-01 -3.273416221928513448e-01
9.828560459832380580e-03 -1.164672638344068645e-01
-2.184487107007360152e-03 4.855501253201315315e-01
1.066395437279847869e-01 -2.758375559784038700e-01
9.729592295056455065e-02 -3.160255841225659834e-01
-2.295117259626902051e-01 -3.164167890808812222e-01
2.478573664939516252e-01 -3.101092581697671990e-01
-3.481456844839797560e-01 -2.669921983510281649e-01
-2.718759414130876850e-01 -3.436933854581869507e-01
-2.025485943878442274e-01 -3.050629472424296607e-01
1.691268069853810729e-01 -3.329372867373608935e-01
-4.239900788368801132e-01 -2.993314656695745812e-01
2.379927733316644645e-01 -2.832659502504587534e-01
-5.806853731516847805e-02 -3.411175086321267536e-01
2.085272242531768239e-01 -2.766688796744205536e-01
-3.629420515481179832e-01 -2.628437835939727574e-01
-1.973755260366514275e-01 -2.838756234919861399e-01
