-1.178695241565720364e-01 -6.186144558479578226e-02
-7.812472264391567833e-02 -5.981580881515369263e-02
3.312481083871265941e-01 -5.526587889750400606e-02
6.746178837706762188e-02 -4.821471986022609624e-01
5.271579435130324676e-02 3.061993012723732699e-01
-4.138941098080199943e-01 -4.805633917092655416e-02
-4.924610543549936548e-01 -6.823189721164168997e-02
5.421986398712352884e-02 5.739468799313562908e-02
5.737265725372298064e-02 3.599089530237724599e-01
8.058142704297921455e-02 -5.303632330231244918e-02
-1.694137977629076586e-01 -3.920588257657442455e-02
4.562928152635870038e-02 -3.678703042137138057e-01
-3.433811813954197323e-01 -6.414848255039629077e-02
6.281290042833809206e-02 2.409126445574583109e-01
-4.864876148562014002e-03 -5.482327201127268346e-02
4.160516257228152881e-02 4.791261328423728205e-01
6.025130293710623253e-02 2.294355576115083561e-01
4.384476134100701028e-02 3.833622463489972931e-01
-2.397151756843246551e-01 -4.651993025275957816e-02
6.013851932139302470e-02 4.899275154065091398e-01
4.997223602484865967e-01 -6.842206173416609527e-02
5.863303868757352433e-02 -1.824129454253935467e-01
3.328209671799107205e-01 -6.218554539982534823e-02
-6.060717392109393753e-02 -6.342007655652037723e-02
-3.739381169168306540e-01 -5.414331291678498026e-02
-3.102648455679885009e-01 -4.859124258406188890e-02
-1.580555234315260682e-01 -6.652722181816750346e-02
5.874805196052690359e-02 1.496289269782791198e-01
4.482179633794169948e-02 9.074877110711798700e-02
4.111711156654496158e-02 -2.802583560045246447e-02
4.941294329153389508e-02 -4.530503175340186983e-01
-3.960958160043601683e-01 -5.506450838963183880e-02
1.260831723544024729e-01 -6.372205100011218981e-02
-4.111846369025470294e-01 -4.129893087311686806e-02
1.934920280572973716e-01 -5.558965308934271654e-02
4.678438072545443305e-02 3.193097066831156461e-01
3.390960836977200410e-01 -5.490451984381750083e-02
-4.626395950021259251e-01 -4.955726046035169308e-02
1.096446300182086775e-01 -5.343863933247672282e-02
5.240396421490955969e-02 7.878891152139677612e-02
3.318373422954664642e-01 -7.010001531300691369e-02
-1.248987032591947210e-01 -6.609318661148844143e-02
-5.232371180824613166e-02 -3.905363635897873831e-02
3.584830512582918294e-01 -4.361407338718381599e-02
4.299368824573167602e-01 -5.323932362978756050e-02
6.363924938681997379e-02 3.077253396223356141e-01
5.272314850584114421e-02 -2.176415774297218997e-01
5.871484642828339595e-02 4.990658371321736730e-01
3.533046530932903995e-02 2.798923316636936498e-02
3.371830962000524901e-01 -5.979669057934533516e-02
4.113879519579510813e-02 1.397250346353398065e-01
6.690147778665500589e-02 2.919991971426125765e-01
-2.405674415826696277e-01 -4.227909645242167169e-02
4.756368752221973306e-02 9.502577920019916746e-02
4.711216257389727602e-02 2.298883877824581257e-01
-3.393885585957738815e-01 -4.434350602694880905e-02
-2.904730341734204080e-01 -4.795674114829062695e-02
4.942628084967415347e-02 3.329739736478006806e-01
3.416093387884244770e-02 -6.825870925906873943e-02
3.146240104339292909e-01 -6.431512324451527096e-02
6.723923623835703633e-02 1.801757166529309728e-01
2.881831753114635353e-01 -6.822365965300281054e-02
4.737515843447070996e-02 -4.628213706754853440e-01
4.456927770018026536e-02 -4.721629400638794882e-01
5.284043189752696268e-02 -1.797009824050468385e-01
4.902429749719550145e-02 2.356056012447850234e-01
4.440506683445299974e-02 -6.930026688731705242e-02
6.276735301338476347e-02 -3.368009714573090285e-01
6.169265429136727708e-02 1.752137533664225311e-01
-4.654217133499181092e-01 -6.561284607522299694e-02
-3.219811901985976110e-01 -3.886626934753933948e-02
-2.748659416630988561e-01 -4.561377574937242052e-02
5.642958906713635425e-02 5.367868696439326293e-02
-2.418056212010666339e-01 -5.681217782532010929e-02
5.204000464456814967e-02 1.855240580284923668e-01
1.041458699398268850e-01 -5.976649345538387337e-02
-3.354634668700663402e-01 -6.104874318585074011e-02
-3.526311131838240076e-01 -6.023278225934880492e-02
-2.672350058854515709e-01 -3.968555580760113610e-02
6.630367623319544101e-02 3.278275612550659579e-01
4.563143532516700240e-02 4.320929558441731766e-01
4.984006018772180191e-02 -3.845384544980229302e-01
-1.806736850749635082e-02 -4.306313352254276250e-02
3.380475165674661220e-01 -6.062074587961796546e-02
-2.722656639403332468e-01 -6.961834645556252976e-02
-1.039246226672881912e-01 -5.056478056054636294e-02
5.923252208803275742e-02 2.060813502747287362e-01
3.704016753228678294e-02 -1.062576668859595008e-01
-1.703144521307663473e-01 -7.066643042621789661e-02
4.665807022826651274e-02 1.899278194311948553e-02
4.739243422802419392e-02 -3.219409987856988176e-01
3.709078862744772387e-01 -4.889320456717083374e-02
-4.939199385952598442e-01 -6.102087831582059252e-02
-2.894709885487263268e-01 -6.860010736560973044e-02
3.928457599337598083e-02 -4.741774338766058250e-02
5.230984058272392101e-02 7.434710232111196859e-02
-2.066368216715713801e-01 -4.946502592246737606e-02
3.021323463941751886e-01 -5.701329002025323778e-02
2.495829430814056060e-01 -3.790423425889599685e-02
4.162901585055978071e-02 -4.759912113072563011e-01
6.046373105235303136e-02 -8.083055994381427301e-02
5.493159066696651216e-02 -3.630636077655250427e-01
6.687785423424985609e-02 -1.461145059481018249e-01
-2.274475807365903268e-01 -4.895887335708870580e-02
-1.435559529791593514e-01 -6.102094915179878676e-02
3.438643481861448636e-01 -5.720541613756224830e-02
2.523902618044945312e-01 -7.011846190344928065e-02
-5.732889593660395189e-02 -3.896986522160639232e-02
1.030061972475495580e-01 -6.701316271358792598e-02
3.968875588348641514e-02 4.474697951369753790e-01
5.842385525687499026e-02 9.774268474227365555e-02
6.615903931557320927e-02 2.632694772005711448e-01
6.794424077244443083e-02 -4.580318753854030200e-01
3.469742593557800792e-02 -2.273337160920994027e-01
-2.264238153874608139e-01 -4.735755424160759119e-02
5.913253431269904770e-02 -3.835114429302799444e-01
3.429374294207665486e-01 -5.823259773211275636e-02
3.466460230915124896e-02 -2.335378702669431705e-01
1.794266972522966519e-01 -4.953284990477813121e-02
6.367607004933817372e-02 -1.297982575203865396e-01
5.607484135610618647e-02 -1.251459585764852500e-01
3.973122114259904913e-01 -4.942381738472012565e-02
1.637421294001425442e-01 -5.433232976151913807e-02
2.530221053811073650e-01 -6.883432941690426077e-02
4.300338616993593099e-02 3.930117100426543386e-01
1.082041109403810708e-01 -4.163254974247665441e-02
-3.974899934328071094e-01 -4.404640925477509850e-02
5.031348770466015363e-02 4.970508840361288483e-01
4.367109844125216522e-02 3.799430785994170057e-01
6.472997222287413255e-02 -2.163087321949519470e-01
-3.616205340419613723e-01 -4.486569868676548722e-02
5.932377737978722365e-02 3.236644259341037166e-02
4.692395957929144101e-01 -5.155234968424537989e-02
2.226978756876552001e-01 -4.140163249672323964e-02
5.791098302175567980e-02 9.876178553858139253e-07
6.711947805289608660e-02 -4.190129687162956751e-01
4.249971262783425185e-02 2.005528396493030385e-01
3.741486482063238750e-02 4.071722983252998862e-01
2.760437180924716349e-01 -6.680808938196836078e-02
4.982902303353653473e-02 3.628456837707700888e-01
5.373733997513008287e-02 1.376148697598725823e-01
4.497964180263869238e-02 -4.654290234300341167e-01
-7.206308983801235080e-02 -3.772407054471038634e-02
4.027582808235141698e-02 9.855567102714446470e-02
4.041831554670771709e-02 2.189302328744449078e-01
4.985621978786625164e-02 -3.053535304486003632e-01
-3.810725436519202258e-01 -4.548694084318849473e-02
3.933026636254333130e-02 4.816682971880060782e-01
-3.712543177652163351e-01 -6.395427827291300105e-02
2.355753640655658954e-01 -4.005759449272017214e-02
1.855316052988177367e-01 -5.930752712098286139e-02
6.134292625601867055e-02 3.948051235022022043e-01
4.757737355451943095e-01 -6.055650698924297526e-02
3.580193174679968671e-02 3.250531061839478930e-03
-1.131937508979155016e-01 -3.767663766310069828e-02
2.792764217908764168e-01 -4.727941047675410235e-02
8.272945706702716784e-02 -4.401602371716806239e-02
6.135853724963258315e-02 3.719666237420354848e-01
2.815462726612517619e-01 -7.027849029240162970e-02
-3.873799637047242728e-01 -5.106704163005038044e-02
6.510070772008436091e-02 1.107534411578995348e-01
3.860644338652541308e-02 2.518866564093406035e-01
6.587902297730707790e-02 1.039849929201178691e-01
4.878017071153362139e-02 3.918458822531940555e-01
6.329352177798819312e-02 -4.557806481735012794e-01
6.629380257467976101e-02 3.983492574286916499e-01
8.289117110821919709e-02 -6.142681502322511200e-02
5.627895223005685565e-02 4.756831307724748159e-01
6.100119327053787899e-02 4.393678241600517120e-01
1.417772729133927045e-01 -6.525487115872818933e-02
-2.659343503292327382e-01 -6.754504918113635181e-02
5.095298059154840242e-02 4.926395263762211041e-01
-1.969105216497289979e-01 -5.080164566162248541e-02
-3.574305348123891779e-01 -6.487768097591439798e-02
3.926936148009374516e-02 3.816209783736547179e-01
-2.846966345529268194e-01 -6.408436726959865215e-02
5.168227144670778372e-02 -3.477047119730163338e-01
4.700853671351179486e-02 -4.487378715906741311e-01
4.547125700454968111e-02 2.717180876984417459e-01
4.598979460497698568e-02 1.272994897367081268e-01
-1.066265760093895176e-01 -4.348321545817113165e-02
1.980887497917231954e-01 -7.065872234597503354e-02
3.735925349307047671e-01 -6.188730556672883409e-02
3.608086110984942696e-02 -4.810967664375875863e-02
4.677968355498107744e-02 1.887941867543836416e-01
-5.462459690022181125e-02 -4.065060458758618100e-02
3.705654179431735473e-01 -6.204933046571048383e-02
1.581233332919578238e-01 -3.718152519413042700e-02
-5.296612986045357019e-02 -4.427660862037674505e-02
4.666868311941285707e-02 -7.079695493361293224e-03
2.029202578830027193e-01 -4.706004912368799697e-02
5.051371501526624730e-02 -7.456804529922744784e-02
4.989894480517775843e-02 1.538797418335897671e-01
-4.611634090612107828e-01 -5.897279173807812302e-02
6.247558937354980024e-02 -1.929662745075894081e-01
3.636081270932292053e-01 -6.923557081219489096e-02
4.044114563647072114e-02 1.309257210130542193e-01
-1.429188947437394219e-01 -4.652826286079225770e-02
-2.049375509835228426e-01 -5.145241653773613422e-02
-9.713490502720401043e-02 -5.093338619071208218e-02
6.264945503995955622e-02 8.886466821056493437e-02
6.683579043080500881e-02 2.507352063923085073e-02
5.565451994914494271e-02 3.981361606074013126e-01
-9.936916533735451473e-02 -4.473018447963372779e-02
5.548499183630695164e-02 -1.878850766878049638e-01
2.390296992535773102e-01 -6.490584093211082539e-02
4.812589956086876786e-02 4.791500746604300254e-01
4.665353770204228034e-02 -1.019375419684460660e-01
4.991880405815973809e-02 3.311200273866126143e-01
3.689844541212061735e-02 -4.892473458841454237e-01
5.790097099176227946e-02 -4.693433754565076166e-01
3.995709886651355180e-02 -4.588898924819745373e-01
5.307339048699555306e-02 5.825818902089807683e-02
-3.836681380082006543e-01 -3.796403874659615152e-02
-3.264746257242320260e-01 -4.796013356158024266e-02
5.010184482083923641e-02 -2.693105824912882529e-01
2.215449027799776260e-02 -5.946885433968684964e-02
-2.177844979577966411e-01 -5.753291520449499430e-02
5.104449753873918638e-02 -1.641812137211600131e-01
6.461521165829253732e-02 -1.438167011455406818e-01
3.742048488752514057e-02 1.567096804243361952e-02
5.417093533365069380e-02 3.183100198957944382e-01
4.355467053606453254e-01 -5.345818533187018939e-02
-4.034849861708880159e-01 -4.361402474767939186e-02
5.999063642798563301e-02 9.451377485399703460e-03
3.893585219549644538e-02 4.820958608763499242e-01
4.827699417155151274e-02 1.667633525430987085e-01
3.832666390037020587e-02 -4.929934276306702223e-01
-2.328691868844768864e-01 -6.611301152067583509e-02
4.578524664684768819e-02 -4.184639806687486807e-01
-9.135371392191848905e-02 -5.056065107822049765e-02
6.666241005420858734e-02 3.846623415133473278e-01
6.472840246883904136e-02 1.285193988683273059e-01
4.111779625526701398e-02 -1.496432223126924477e-01
2.939092607893535325e-01 -4.977329755308745884e-02
2.904656710384789786e-02 -5.787137657943453029e-02
-5.153711837206587099e-02 -4.613033565896373922e-02
2.256736542094484044e-02 -6.008578505431472205e-02
6.159780568926498390e-02 -3.374060430966711044e-01
5.804482400134358677e-02 5.614181595168576955e-03
4.565818161907341244e-01 -5.290580741762773709e-02
4.062649747656155164e-02 4.231115678491681464e-01
-4.745191678762991083e-01 -6.062387519096956723e-02
-4.016215165138848908e-01 -6.248936514560377020e-02
6.692924191292692893e-02 -3.988473452165359756e-01
4.841801562581331542e-01 -4.432156815358556656e-02
4.010117091555194246e-01 -4.698011327982676288e-02
5.162330110290536123e-02 4.030632043568097567e-01
4.407327166913688199e-02 -2.256065158683919769e-01
5.870212414595121775e-02 2.943349570764995926e-01
-1.542971087330002877e-02 -4.102975997356905768e-02
-4.915921321640428499e-01 -4.701846473913595670e-02
3.457285379658696645e-01 -4.020959397888612674e-02
-1.164063213847661427e-01 -3.719797932114110584e-02
5.550760648571184674e-02 2.671389367580755403e-01
3.799595229896035598e-02 -2.950787734828128617e-01
-3.733483313596906994e-01 -4.938157965711198472e-02
4.881176619885629897e-02 -8.640164782730419546e-02
5.908012467528434009e-02 1.786855939944929084e-01
2.691360027025646584e-01 -7.047143340360162433e-02
-1.491422284557233358e-01 -4.271303396240766492e-02
1.047203173306355817e-01 -4.159493141845260755e-02
2.320378046805776640e-01 -4.581579900027676899e-02
-1.869296894074692350e-01 -6.177118699594597029e-02
1.967388012688187082e-02 -6.512366351551657218e-02
4.082185775195679156e-02 2.754261253908776297e-01
5.719119497337254998e-02 4.807080781147158310e-01
4.785607794433194284e-01 -5.545333066114077614e-02
4.019627214777399260e-02 5.315655428955434747e-02
5.905563937301328004e-02 -1.642406682964090425e-01
5.129889913013163660e-02 -4.526301933081702256e-01
3.649203274202690306e-01 -4.402899456447317839e-02
4.192532172485741171e-02 2.926205726708142052e-02
5.521116895331756869e-02 -1.447004746779444462e-01
4.427253978591505490e-02 -5.095372996887326256e-02
4.037653851435929475e-02 4.683792516112285087e-01
-1.223094869471268442e-01 -6.812142490008199491e-02
4.313109164438000409e-02 2.809907597367629073e-01
-1.256952167060351178e-01 -5.737145127462783822e-02
5.076251490737104799e-02 -2.559645698689927418e-02
4.672686436514060793e-01 -6.880921888118840535e-02
6.139191361170892591e-02 2.262383659326364649e-01
5.326123952182504340e-02 8.451513551069322894e-02
4.169085842860720259e-02 -4.400328546204996805e-01
4.401882116117583621e-01 -6.266881625700726488e-02
1.052875952955480976e-01 -6.141664835020677060e-02
5.964089051490162330e-02 -1.685737408186027686e-02
4.529717058210769309e-01 -6.769985366370578905e-02
2.862457841520377189e-01 -5.895231896291597273e-02
5.823004352225025215e-02 -3.410735991106963461e-01
-1.755043727791080199e-01 -5.080402161609298695e-02
4.723917654783837961e-02 -1.703406767034741920e-01
-8.859531841097778582e-03 -4.998722390887833100e-02
3.795420366424647751e-01 -5.690513231863736365e-02
4.129127644510155459e-02 4.471259767512901773e-01
6.153198936434034483e-02 -5.412936595940553985e-03
3.934398805951684341e-01 -5.104465306978145378e-02
4.546235838968804011e-02 -1.277021948548462404e-02
5.908996936412691525e-02 -1.584026090818257959e-02
4.645690200666052760e-02 1.364370026610834952e-01
2.057545546213490617e-01 -5.118588651760591635e-02
3.978646068865387964e-02 -3.245375950234348217e-01
5.021645515825934325e-02 -1.296694403154530217e-01
-8.840116224572680537e-02 -6.107613180000615039e-02
3.445666955089432548e-02 -4.532111679948436223e-02
3.785472711017585645e-01 -5.769484576271344256e-02
1.300751800494057697e-01 -4.476969256662877150e-02
3.598923533122954099e-01 -5.844280081199759724e-02
3.594777351803902787e-01 -5.484493909695642433e-02
1.614998827722885499e-01 -4.358964767091821901e-02
4.962632283604351269e-02 -3.651522175032104744e-01
6.216461476286627708e-02 -1.626239273942522434e-01
4.020972078347762046e-02 -4.006660186161570270e-02
3.952970016599610670e-01 -5.508466572998282906e-02
4.518316078568240801e-02 4.563368482434289053e-01
6.063900244789666161e-02 2.520015015137153647e-01
4.517758673110650047e-02 4.283120605266499403e-01
-3.336774129001985889e-01 -5.998238212788598034e-02
5.859570327632257492e-02 4.848722458694199045e-02
4.756074880814514794e-01 -6.306348457346033776e-02
2.289945926600194248e-01 -5.593558782339114188e-02
7.457804411104707043e-02 -6.730240526389230649e-02
-4.008848375439159062e-01 -6.189268601543884696e-02
4.219182116142361494e-02 2.954655361460248875e-01
4.179063177690733877e-02 7.423929997705802641e-03
4.196184479832636427e-01 -4.532708019354536599e-02
3.549491659503116736e-01 -6.407747380715400620e-02
5.968266893759976988e-02 -2.295171330097820483e-01
4.580955171827900685e-01 -3.772495547105692015e-02
6.454982897551919674e-02 -4.342318898599134558e-01
2.269577808317687628e-01 -4.985288530044207356e-02
-1.723651859121353436e-01 -6.426286653488011424e-02
6.269618684811328890e-02 1.972846009662647671e-01
-4.812710902555633607e-01 -6.058934609464916576e-02
-4.702878133127700311e-01 -4.949843730802117037e-02
4.484079022716713769e-02 -4.504173777373043919e-01
