4.177379215537557755e-02 -3.935832384228976633e-02
-8.288092163268279133e-02 -8.191071926419168925e-02
-1.085694818659832528e-01 -8.257687066196295333e-02
5.253125636831190715e-02 -5.950843599430066799e-02
2.189221513147830978e-01 -7.381779065980742516e-02
4.071133352428069063e-02 -2.789794941729848432e-01
6.009574851884136315e-02 -3.215499705297283350e-01
6.061672613303570323e-02 1.214175521411579028e-01
1.106628146410938429e-01 -5.444119801047142548e-02
-2.675125609590659481e-01 -7.100766474689823582e-02
4.981948103390099192e-02 2.709934693976645548e-02
-4.604827696719452357e-01 -6.326288784410627475e-02
4.734064284326777727e-02 -3.344373204270714162e-01
6.053131497423824836e-02 2.252466090853295633e-01
5.863402655140770303e-02 -4.248361215687682657e-01
-2.746851632777548291e-01 -7.865795940596487235e-02
3.659324127444552044e-02 1.600815133122857059e-02
3.954171176978360513e-02 -1.459341080195850626e-01
-2.117147491961802741e-01 -6.165970478052185122e-02
3.853040466132240383e-02 -1.861269937293468235e-01
4.449162215853352809e-02 2.443940844452513472e-01
4.437543284265517141e-01 -8.785565135094064448e-02
5.304509071238072693e-02 -3.982339362322420140e-01
5.733583697022370806e-02 1.133357519653750423e-01
3.825354468860113766e-01 -8.492053713124780856e-02
-3.754945679610036668e-01 -5.313590083298069811e-02
4.054401143188068879e-02 2.537206640364283450e-01
3.484968158513368497e-02 1.009132631939372304e-01
3.280429073236590387e-02 -4.651300764277319644e-01
4.487282002302142025e-01 -8.245012131612849959e-02
6.010529716536106015e-02 3.686430209189580642e-01
6.483115976411779613e-02 1.404984378302067682e-01
4.136582650276110495e-02 -4.939929808767731245e-01
5.390390720356708076e-02 3.218515412141046417e-01
3.436285879813671951e-02 -3.971360125226675031e-01
-3.460328363115516837e-02 -8.477698233133090788e-02
5.892799460674735812e-02 -4.641980906803384599e-01
-1.725852244010261938e-02 -6.958768736130638288e-02
4.986711323031001175e-02 1.052422115318761842e-01
-4.719664290150931141e-01 -8.937865005441547606e-02
1.063832712099056499e-01 -7.257036302455599497e-02
3.862007633513735438e-01 -5.490211656940813256e-02
3.881393761893003891e-02 -3.010298714383892182e-01
3.839003750198948239e-01 -8.029772188567507740e-02
6.431604670471857688e-02 4.230326248607911843e-01
1.151406881204164456e-01 -6.365338294873124081e-02
6.176739867250091720e-02 3.620025410895342244e-01
1.197712978618253876e-01 -6.149090808656487717e-02
-1.959924845962719431e-01 -5.707603614854517282e-02
4.031875922602701223e-02 1.790697057691283955e-01
2.264729169516166429e-01 -8.917927526508961922e-02
5.306253104016123157e-02 -1.764387023869482540e-01
4.699351522915273804e-02 4.732804876623432078e-01
4.416101816124928803e-02 1.795301910933043699e-01
4.975230471841796120e-02 -1.867772859379357442e-01
-2.402855423068864793e-01 -8.606327900444554757e-02
3.050398369135772780e-01 -7.892803170792750400e-02
4.948501840890379144e-01 -6.211061399823880613e-02
-4.824386719537462342e-01 -6.672861632633109163e-02
6.199162390226153896e-02 -1.011882812863429404e-02
-1.655775462298588740e-01 -6.119917838446242708e-02
6.357661511594703274e-02 -4.725851525122881647e-02
8.056450970695405722e-03 -7.378666435036029814e-02
-2.242744270275378593e-01 -7.454968445722165438e-02
-2.608591554699086767e-01 -5.689748560482388307e-02
2.872451231097220559e-01 -6.956312982009105195e-02
5.553141281861517786e-02 -1.930696740029325120e-02
5.318797036539735235e-02 4.073314809468018272e-01
2.004659058483012624e-01 -8.411917788653044958e-02
4.364551912943959167e-02 2.954923510358864469e-03
6.194833459133364251e-02 3.596394897781907130e-02
4.163776007568675830e-02 -4.562892055198691788e-01
4.537495068009851362e-01 -6.566072873285411227e-02
3.818408120001248740e-02 3.426441282737834326e-01
2.538550558779119060e-01 -7.274478971940701033e-02
-4.903159079949896970e-01 -8.304291580350686708e-02
3.938316483044947969e-01 -6.725431089900113513e-02
4.583881038734893831e-02 2.145817245032276555e-01
6.220485939874942360e-02 1.969453152004626562e-01
5.015443580947132052e-02 -1.686608425197378969e-01
3.773897374821266748e-01 -5.762812464566768877e-02
3.727228395168209474e-01 -8.442303266689932251e-02
-1.305134277223771733e-01 -6.653828825670204949e-02
3.270122585143064864e-02 -3.775042370040093687e-02
3.522179925558333036e-02 -2.913048932807916769e-01
3.997161711822174723e-01 -7.177674138370360168e-02
2.552497302000585888e-01 -7.692295813550309447e-02
3.226354914316897915e-02 -1.955218816772019697e-01
5.805913005937479721e-02 9.943255386146687691e-02
4.834874891630958071e-02 3.964140852803138548e-01
-4.596774004084577259e-01 -6.651940526153821143e-02
3.348031367830162086e-02 3.463369047260886902e-01
6.126288460760453969e-02 -4.755843273522025738e-01
5.300228369429016428e-02 -4.306290815893163426e-01
5.455436797171742125e-02 3.781131653243605673e-01
-4.805235426807391574e-01 -7.378133752353499553e-02
5.793909394261731460e-02 -3.874376706204618603e-02
-1.382847449770620019e-01 -6.655317691498541244e-02
6.323969339794677236e-02 2.459621286546220809e-01
4.364976677531160476e-01 -5.974217040606566442e-02
3.241991549247255078e-01 -7.299296151200906912e-02
6.394184741161790253e-02 2.371864225571339579e-01
4.045207092696312401e-02 -3.560302754550472848e-01
5.786513988353547688e-02 3.438284659795637355e-01
-3.944602324218974276e-01 -6.877982212278999086e-02
3.085726127861535550e-01 -5.412623721923492948e-02
-3.657041762107485772e-01 -6.974584684036577720e-02
4.423355438777745174e-01 -7.639780233754112082e-02
6.043523423542729311e-02 4.470387907744330924e-01
4.063595991590962520e-02 1.551595162626764335e-01
6.149206248162297772e-02 -1.621950935478284617e-01
6.055060997771544162e-02 9.508227290495152584e-02
5.598122273849148733e-02 1.905644526823403462e-01
5.892854403769798299e-02 -2.116458679763260076e-01
1.406918033229318521e-01 -7.068807774673879774e-02
-1.994450800462412854e-01 -8.250877729914385394e-02
3.537603613753015352e-02 2.846421904742048037e-01
-3.638094888925514914e-01 -8.509635019716166315e-02
-2.402703395186921442e-01 -6.196233754595237286e-02
3.346734621795366404e-02 4.264323819413168293e-01
1.854510636315637173e-01 -7.920471147207763796e-02
3.224928854432862479e-02 -3.213265349363492174e-01
3.962748855674891324e-02 -1.905844089915292860e-01
5.975554328174281782e-02 1.550557934602123655e-01
-2.923786051972726563e-01 -8.698033611876188065e-02
6.457988443438633652e-02 2.371682800795558155e-01
3.925041361455866573e-01 -8.280578839976882044e-02
4.957768598364376000e-02 2.613057530983505794e-01
9.500689061530431800e-02 -8.784146531209335862e-02
-3.991349652727019803e-01 -8.745330545309049075e-02
6.805238399534552229e-02 -8.161907947168622890e-02
-2.421040282808363253e-01 -5.538897443263746112e-02
3.719985398433767187e-02 -4.866522622679877452e-01
6.048533461130800593e-02 -2.702587005328476177e-01
5.419740558834285071e-02 2.998468366843376476e-01
3.118581804255652346e-01 -6.881648237208681795e-02
3.981632772567189615e-02 1.559806656404960634e-02
6.732278413898695746e-02 -5.603664093336047092e-02
4.065336890507142975e-02 1.373555649405278078e-02
3.175147917581822021e-02 -3.005480885830349447e-01
6.138721549504688735e-02 1.515494430499901846e-01
5.967960138783923174e-02 2.422655374247563165e-01
-1.924300477142304455e-02 -6.741105695830140743e-02
3.735558419022873000e-01 -8.454327472529621357e-02
4.823528846173047446e-01 -7.148308935593250535e-02
-3.077544965424908741e-01 -7.111600224152292427e-02
-4.260759558017668258e-02 -6.087693735315047316e-02
-1.681534476360364572e-01 -5.869683055967422902e-02
3.507507122929720556e-02 -2.950170503216862361e-01
9.644060502319351524e-02 -8.011566064266950615e-02
4.664136941467611486e-02 -1.601916013521634818e-01
-1.785792605035088076e-01 -8.176019625809993752e-02
5.458424676855422319e-03 -6.426391164976996695e-02
3.193692531654535038e-02 -2.151474669162783959e-01
-3.940147620081662083e-01 -7.495684295974069933e-02
3.636321809262943461e-02 2.081297245760357351e-01
-4.661579421741683937e-01 -8.580310928796597292e-02
-4.119141921596899403e-01 -5.697216472611710270e-02
5.308964027979856670e-02 -4.373541078710967422e-01
3.187576736857952175e-01 -5.519404554952234143e-02
5.243231682705384866e-02 -4.008887675285133234e-01
4.169092529083240350e-02 -3.282959300239511879e-01
4.854957118092206869e-02 3.403980067923895181e-02
-2.871305067587728299e-01 -6.717039810200120531e-02
1.090196370640548196e-01 -6.614817810008011278e-02
3.374179197060545032e-02 2.629082269888201040e-01
4.481246245700631903e-02 -1.452835459961333564e-01
4.403875655539934986e-02 7.711316098315090795e-02
3.338985266099470106e-02 -2.204467077215430670e-01
3.172265190740237717e-01 -6.123345417192160856e-02
4.727598151678646943e-02 7.231747776403041339e-02
5.596581551598600601e-02 -1.826787543068283393e-01
3.657873185688020889e-02 3.125310196192431222e-01
-3.253307602590651548e-01 -6.707532006885108533e-02
-4.485153771149453794e-01 -7.779676052565298594e-02
-3.734173480850893068e-01 -8.381618024453907356e-02
-4.502713583775019845e-02 -7.190959414836206598e-02
-4.698578437542622055e-02 -8.921882054188357003e-02
4.781463947244646295e-01 -8.689934592010284398e-02
3.585732923577291675e-01 -8.914349146927402767e-02
5.526596625357194092e-02 4.128378789060064280e-01
3.114178757819516807e-01 -6.492188568131918025e-02
-1.396653744691374044e-01 -5.557837007663979367e-02
2.414873084815409854e-01 -6.982533326142659202e-02
4.741188646666671946e-02 2.714572653745728203e-02
-1.693739280050947649e-01 -8.583831626309301743e-02
4.783578990535398701e-01 -8.367630706738504731e-02
4.058971549530573375e-01 -7.030428981641700936e-02
-1.678801519513848373e-01 -5.987057087207414696e-02
-1.674315124850763725e-01 -5.557299128584525238e-02
4.958383357375306666e-02 -2.199887558861490788e-02
-1.242749167213909045e-01 -6.677020332562488836e-02
6.182132851378596694e-02 2.907771729348799239e-01
6.170719668437962824e-02 -8.955157532350510596e-02
4.995085885963268524e-02 3.089313518872134345e-01
6.260423293462336058e-02 3.468354952652206169e-01
3.394757624861632905e-01 -8.436569540211336093e-02
-1.083058266752965348e-01 -8.508847380533746119e-02
-3.379913177924429579e-01 -6.401032091022584858e-02
5.365019290098593796e-02 -3.066216983972466226e-01
3.388216270530641783e-02 -1.232172227257388730e-01
-2.677410803115864990e-01 -8.160797433887656549e-02
5.479736944949131772e-02 -3.980123491410170189e-01
-2.389947155927768518e-01 -5.301794319289032664e-02
-1.740458662871148254e-01 -8.129585880425049815e-02
1.250910517649747034e-01 -5.734504982455790323e-02
6.056757273081569970e-02 1.647084480487127633e-01
5.659862753050670658e-02 -4.979173882469600798e-01
3.216276246763105640e-02 5.581602015965025920e-03
4.588007084021916704e-02 -3.689309366709291327e-01
3.899172290457475487e-02 -4.322002550891166361e-01
3.291146048164850235e-02 2.598455368011867161e-01
4.928340392794983149e-02 -1.879510519901563814e-01
-2.234549120431162939e-01 -6.473332281271126920e-02
2.594156917965412257e-01 -8.396868336537910427e-02
5.019761220618623732e-02 -1.786692855307433492e-01
3.069435031279987847e-02 -6.920158697082245958e-02
4.753860999962360445e-01 -5.833092504433434744e-02
4.627238934508026702e-02 3.642842523396837562e-01
4.760577516510366980e-02 -3.053248737764835408e-01
1.508610804076025991e-01 -5.631712388273935055e-02
-3.587920949979737095e-01 -5.952296781252752744e-02
4.408699680799372800e-01 -5.980149869991180367e-02
-2.793066181052606956e-01 -8.278863934690083859e-02
-2.308807853682748323e-01 -5.944035289215610085e-02
3.694330237026133279e-02 -2.460291292632902360e-01
5.787234873794522283e-02 -2.537352705158072430e-01
3.113751810649381113e-01 -7.841166041693325983e-02
5.941351632547864359e-02 -2.539064870345386637e-01
3.278791293319960332e-02 -3.982403238038357829e-01
3.396535520193588731e-02 -3.381165163444957988e-01
-2.901474880989876048e-01 -6.130214812865641960e-02
-1.146309735412538444e-01 -5.939902491747084401e-02
4.507657602958758947e-02 -3.718898304435331870e-01
4.663590989612120818e-02 3.618613117370492738e-01
6.367469904375921974e-02 -2.067805005484578684e-01
-3.046361439577899288e-01 -5.555797160064157580e-02
4.215895612959374983e-02 -1.106718374629451773e-01
6.366831188250055007e-02 4.611614622537439923e-01
-2.341385912853000129e-01 -8.200037855575803558e-02
4.778745664533312620e-02 -2.224117678567294476e-01
6.385907148366265496e-02 -2.404378917503485757e-01
-6.276623834221684017e-02 -7.117454372559750553e-02
-2.135525446419409556e-01 -6.434331851604535579e-02
4.107468236986444587e-02 2.682438879264381626e-02
6.234176613854525151e-02 1.786850530832330142e-01
-4.204465712726954685e-01 -6.256078667427633633e-02
3.861456730744382559e-01 -8.252857766607812895e-02
-9.352715594006144606e-02 -6.057911034086937985e-02
5.314920601731210059e-02 -4.951071726226228265e-01
-2.225813092227004741e-01 -7.393308444919965972e-02
5.082565407618266917e-02 -3.481381104833074502e-01
3.749935618797828329e-02 -3.953876077240000564e-01
5.254409689961492269e-02 -3.428407532119929213e-01
4.062636572977175176e-01 -7.220879048389694521e-02
-1.927680938387776877e-02 -6.360043431535755687e-02
2.534610635686190827e-01 -5.721951266587510521e-02
3.661171255494533039e-02 -6.901640707865697166e-02
1.211072168943994054e-01 -5.740848527626274400e-02
-1.271309904871406049e-01 -5.713197460501284741e-02
-1.256340233051501665e-01 -8.055501010169108245e-02
7.377637956951255127e-02 -5.847447521662973990e-02
3.090533028755870770e-01 -6.343301996496575335e-02
5.923446503754536963e-02 -2.832241648244793186e-01
4.357083875579350618e-01 -6.310011369946244564e-02
-3.169792990612907424e-01 -8.099719696089835441e-02
5.807230944014063478e-02 -2.035624372087712075e-01
5.632703292800678163e-02 6.080925960962724197e-02
5.879031782025434527e-02 -3.942599210035813151e-03
3.222980883654136264e-03 -8.247539433783479534e-02
3.970329039766240520e-02 1.764473315562817834e-01
2.843380816640589392e-01 -7.103443177100066119e-02
-4.454415187880318427e-01 -8.710894343647723748e-02
4.187569111033973002e-02 7.118362949755541180e-03
-3.869208265493729870e-01 -8.498410779966658612e-02
3.872187599689802529e-02 2.014186844278987865e-01
3.683507547186248843e-02 -1.412154034463704022e-01
5.057398451051708932e-02 2.333865997083504062e-01
3.593197553847872205e-01 -6.868519672639605833e-02
4.172744205453404742e-02 2.906337338986719754e-02
1.345080071095769991e-01 -5.777969230516999399e-02
4.128986645902466002e-02 -2.895553997338938812e-01
6.665804834031319182e-02 -8.861963129395844518e-02
4.784287237241697799e-01 -8.747723160279430310e-02
-3.281994962030387875e-02 -7.416201620525120219e-02
5.158166378076733949e-02 3.818923088522478970e-01
5.733629811409879373e-02 2.512802388962123157e-01
3.442768745129076713e-02 4.138722747840248850e-01
5.434794389462138664e-02 4.347640914983419425e-01
4.960059366967239924e-02 2.926195809256352254e-01
8.282758215246344147e-02 -5.565677663917178997e-02
-4.003078261684501760e-01 -8.450595743636957202e-02
4.515444307195948248e-02 2.779729235083300276e-01
-4.132331717931558845e-02 -8.211366525904917335e-02
-4.527481896302414377e-01 -7.740128178489624755e-02
-1.854612053210435985e-02 -6.397880045996717779e-02
-2.382049714688710962e-01 -6.972387620839770594e-02
-4.005404482651059306e-01 -7.844265896886370992e-02
4.125122890554862032e-01 -8.223702867903226466e-02
4.949267549191782578e-02 5.348749411172126766e-02
-3.325859292734606454e-01 -6.927392506225316104e-02
5.425103178211820865e-02 -4.400793301216113784e-01
5.147678145458312038e-02 -1.401399041187102457e-01
-2.696508640893585662e-01 -8.357516802532605205e-02
6.133619286863167819e-02 2.794288016965107424e-02
5.357826733494486238e-02 -2.635380317984525878e-01
2.351609909939335052e-01 -8.452798541180717162e-02
-4.393109159990250534e-01 -7.170633257880421052e-02
7.474120772161874093e-02 -7.769877164242022793e-02
3.722145891106964921e-02 -4.856044794070913939e-01
4.188576783568420669e-02 -1.648216215575564192e-01
2.756726036012920877e-01 -6.926397289457419948e-02
6.165932435572851755e-02 1.803035337725658049e-01
6.829062239484418040e-02 -8.906928410777581462e-02
4.662457686591559014e-02 6.489045311035901431e-02
2.476282774166109757e-01 -6.656050021555404150e-02
5.785620090799781234e-02 3.705592387528261478e-01
4.068082579010490196e-02 4.432684115735350261e-01
-2.337530257974854697e-01 -5.417674526144511393e-02
3.303159136284450348e-02 6.023667571335367121e-02
-8.322185813079197025e-02 -7.316859591319901934e-02
5.911156741112721935e-02 2.534185313088013203e-01
-3.344483830872685415e-01 -7.052970684677239976e-02
3.951200418967659722e-02 3.467900494906817066e-02
1.745747462744003942e-01 -7.877009807321422308e-02
3.199269118480768670e-01 -8.617478415334267616e-02
-4.904531012543641433e-01 -8.701213749177394430e-02
1.788287256650884505e-01 -7.731033158088529422e-02
4.485201226904185212e-01 -7.159117250381574760e-02
4.459821147514553275e-02 3.545339599863226443e-01
-2.264367588534861309e-01 -6.950132182953228099e-02
3.435954120554851610e-02 9.620089412266241702e-02
-3.779734717008570444e-01 -6.581097271137881233e-02
-3.141714898147962565e-03 -6.202890751690082194e-02
4.282968070934267679e-02 -6.185905151344661679e-02
3.245885874123199955e-02 4.087688681330274854e-01
-8.498716320299748439e-03 -5.698917950358095563e-02
-3.456435515220176447e-01 -7.360975501936650733e-02
1.423538613671460062e-01 -5.847443424889986474e-02
3.844946493875155413e-01 -7.114720740358460027e-02
4.154246730836250734e-01 -6.019588676895326618e-02
