-1.439194050821369641e-01 3.347888674173948864e-01
8.086997519884298047e-02 2.769321211397932636e-01
1.417988598981275716e-01 -3.789543645630019109e-01
-4.178844580520839624e-01 2.833057016463038646e-01
1.131200351530167181e-01 -3.691543996551136519e-01
-1.957252835981647676e-01 2.762435073008134845e-01
-1.922590503944354712e-01 3.482497209814502392e-01
-4.411574579814540042e-01 3.007757739946335107e-01
1.731058974366683767e-01 2.641687812366934063e-01
-2.920103906261410920e-01 2.772187078112807734e-01
1.120181958654206111e-01 -7.379076546317342444e-02
-1.737151845042115283e-01 2.711456687475449767e-01
1.300171444208877425e-01 -4.443779258448189440e-01
-2.759235286685457478e-01 3.499324966172252527e-01
4.550127796770816468e-01 3.395627482014331733e-01
1.045305372033553670e-01 -4.838900673743354863e-01
-4.287154945223007330e-01 3.527439994838904580e-01
3.897781685484330572e-01 3.578259919897811558e-01
4.993512176871276464e-01 3.363074927629000621e-01
1.381717869896628148e-01 -2.761789468210668064e-01
1.424747184141751388e-01 -9.516919096636322628e-03
-4.257078115229384618e-01 2.953332060944487969e-01
-1.615581879197804938e-01 2.767740096213463508e-01
-2.793748551260003543e-01 2.805457544655882707e-01
-2.849653319507708948e-01 2.942363582593602311e-01
1.397214276554668011e-01 -1.801112001883670155e-01
-2.043497497566809651e-01 2.672023139162514882e-01
-4.334984054222797978e-01 3.202558520681625387e-01
1.292430684043582856e-01 -3.932150357377779404e-01
2.425190804438246417e-01 3.467911830440101317e-01
-3.544347227007996759e-01 2.965949891044490361e-01
1.300159552747870428e-01 3.523824194503396567e-01
1.177148581938587402e-01 -2.762469634459862045e-01
1.738515203394361830e-01 2.822360528600923457e-01
-4.190321142085617900e-03 2.624978668563484607e-01
3.711709295000643616e-01 3.542344551290915744e-01
1.086007430075391911e-01 -1.032175755398384576e-01
1.086274866305289022e-01 2.488269453628640937e-01
2.268632153969911691e-01 3.044699620910804594e-01
1.372071716735885349e-01 -4.761603337500688315e-01
-1.208952384843625660e-01 3.521884506327505049e-01
-7.838082093761433722e-02 3.445629329912467398e-01
2.858950296217305231e-01 3.394515027995589351e-01
2.640924537649103065e-01 2.657201710506686965e-01
-1.049985655772827098e-01 2.813916824399232963e-01
9.879838570313337343e-02 -4.486900017497330584e-02
1.389146891556536367e-02 3.277497016999640911e-01
4.883136772579248497e-01 2.745217255751638552e-01
-2.580808356797831271e-01 3.399098320427410558e-01
1.619954155069487367e-01 3.438377199066057210e-01
-4.990623490397989581e-01 2.901026634144711069e-01
4.559866501541478545e-01 2.673515489994489069e-01
-4.706117094234119058e-01 2.937304386461985217e-01
1.298705608306773840e-01 3.461228584485598336e-02
1.082009158012431360e-01 4.056057631331028146e-01
4.743594211826372975e-01 3.213014971270102826e-01
1.382274616396595990e-01 -2.520345649530607579e-01
1.186453292706797225e-01 -4.368572100990930629e-01
-3.501197985454762573e-01 3.006546542058956550e-01
3.135500873817935741e-01 3.368716639620442654e-01
-4.689946132088080866e-01 3.098761149627301537e-01
2.384914011186896055e-01 3.187896198442099482e-01
4.824093194678535923e-01 3.553520950487765173e-01
3.898520258834544672e-01 2.704583223800147707e-01
1.148195867352357347e-01 -4.105194419296653852e-01
1.399178055832481782e-01 -2.549305070829366304e-02
4.346017122844230141e-01 3.538178349500121778e-01
1.116613575397097380e-01 4.205374321784270952e-01
4.254175707989912292e-01 2.924908254104344740e-01
3.544330657299605836e-01 3.508213396882715607e-01
1.156569339512565353e-01 -2.184422973402603274e-01
1.089447148073342531e-01 -3.352948265314559251e-02
-2.334626841542289943e-01 2.842980382050706023e-01
4.935596336768802717e-01 3.574303217889572837e-01
1.402790383059235868e-01 4.923944571610319176e-01
3.583974517079375754e-01 3.399366711925800866e-01
4.701387887903156759e-01 2.987914255252218654e-01
-3.387432113127741840e-02 3.220594864612145170e-01
1.339169055963757016e-01 3.812486872072742283e-01
-4.664104307150537254e-01 3.560590241906766984e-01
-3.647085782624811534e-01 2.742662226774427170e-01
-4.713738631217072594e-01 3.274871774663556945e-01
1.328275879838981544e-01 1.967676873580737062e-01
1.024649277834377425e-01 1.794679055596067885e-01
1.039408542861212092e-01 4.304281808839417467e-01
-2.813755720692441287e-01 2.665322735488618866e-01
-3.360168273777487391e-01 2.689971473538202984e-01
1.387401340713290132e-01 -3.394711121984785862e-01
1.259642656706788655e-01 4.883729226451043459e-01
-4.061097403385643956e-01 3.194647071100898961e-01
1.315649634658268008e-01 -1.398280688531317040e-01
1.151098054466639375e-01 -1.490877077533798722e-01
2.233621348233327808e-02 2.977778952859713169e-01
-5.237449402280558441e-02 2.808042859111135048e-01
-4.818205682680519741e-01 2.847958468522900910e-01
-2.196364942049717772e-01 2.745230307281887328e-01
4.104346019761337949e-01 3.215569962517581537e-01
2.268772388297566334e-01 3.593936092021158268e-01
1.159867704391442933e-01 -2.144691933855094046e-01
-3.610481429806345899e-01 2.847313834278935030e-01
9.853497729629367985e-02 3.160560384266836165e-01
-2.345249631351586928e-02 3.537770638314706728e-01
-4.542169089898711043e-01 3.086227200204110233e-01
1.112505967218889724e-01 -1.660398495448855982e-04
8.450584237688085754e-02 3.519096413396403111e-01
1.024668375699125944e-01 3.635525395876387789e-01
1.099709698162538718e-01 4.115699472293209427e-01
6.834657607329119866e-02 3.021796050206556616e-01
1.138191476893232190e-01 1.398043929516550321e-01
1.377760142321807768e-01 2.149181869084237917e-02
-2.942473729468092492e-01 2.968852140037655518e-01
3.074855666966583856e-01 3.190600879693594738e-01
1.017042501428385703e-01 -3.420085721463955730e-01
-3.926500579416520864e-01 3.074882500090341253e-01
-4.742089303037564374e-01 2.695948860356210952e-01
6.104950745034332105e-02 2.943058842766926864e-01
1.195023824869205775e-01 1.006341350158658221e-01
-3.024602600945209829e-01 2.945260581334100403e-01
8.303756129502737338e-03 2.948225143868552500e-01
9.796735191403649345e-02 5.009117672035301450e-02
1.378135398022033442e-01 -4.347481935411301457e-01
4.306101197188456631e-01 3.167313548593367889e-01
1.501270416248379203e-01 3.054843503269307758e-01
3.865133118267272128e-02 3.399577918222443929e-01
2.248825530612081902e-01 3.079959048988539783e-01
6.873418744379000689e-02 3.447348010797440798e-01
1.398578570639054108e-01 -5.527552890676645792e-02
-3.181508137545557835e-01 3.043412879166854657e-01
-1.241842244579923760e-01 3.260801676633811041e-01
-2.660405723406833456e-02 3.176953989166728665e-01
1.177835129693093341e-01 -8.486942561343280289e-02
1.061308042573250177e-01 -4.117484749199536997e-01
-2.239905755617448424e-01 2.985313803951678002e-01
1.188227703829324300e-01 -1.082427399526031397e-01
1.622873216005310537e-01 3.147060783646448145e-01
-3.656066447291689281e-01 2.925470507045794255e-01
2.237165195701097398e-01 3.433440738852092666e-01
2.064361426261618337e-02 2.998289186227539593e-01
9.455128770351151068e-02 2.811165546171076057e-01
2.979691897471870021e-02 3.378309549993290251e-01
1.003242125501775384e-01 -3.648743515558101613e-01
6.698523221475571887e-04 3.533574621774564495e-01
4.439155594161404705e-01 2.633252133894381508e-01
1.078876057636761754e-01 -4.006660087983059393e-01
-1.233912276346936787e-01 2.988845676123756956e-01
1.224151485665798678e-01 2.964227550434901381e-01
9.480713733410683908e-02 3.249161756957162916e-01
-2.657203063436459622e-01 2.820295984011864654e-01
4.593254154219552632e-01 3.597238648298610730e-01
1.538408885355324607e-02 2.926383931606080235e-01
-2.716858953808815036e-01 2.783193672742684255e-01
4.268065538552527904e-01 3.451763687829683125e-01
-3.222415833028374754e-01 3.424367361897540096e-01
-3.869198901131752910e-01 3.274532193700467886e-01
1.913479713564828488e-01 3.250512056880863199e-01
1.038345921528228688e-01 -5.178165413728319511e-02
1.333546800592082526e-01 -3.695259451844885579e-01
-8.251435983327437551e-02 2.935209431837122462e-01
1.014428123961625960e-01 -4.947282424044597837e-01
-1.653396039774742698e-01 3.516186956276834419e-01
4.467971936885460904e-01 2.916110748895113236e-01
4.818406508714516701e-01 3.268631409457011250e-01
2.094934554006144811e-01 2.695314252769076546e-01
-1.228099933223201212e-01 2.673018476077707595e-01
1.402472903361067225e-01 3.007703847692396737e-01
-3.745700122908502960e-01 2.680912544122451280e-01
-1.800319928195300845e-01 3.023650406935940449e-01
-6.618534387302155153e-02 3.211378524066731410e-01
4.306675194622773262e-01 2.943034082662827622e-01
-2.446368382536879826e-01 2.791915881416718870e-01
9.908607690811799262e-02 -4.052582878508081965e-02
1.764521404512623404e-01 3.085668861572186117e-01
-2.780884598637967109e-02 2.890665084383876593e-01
-2.281961023986041059e-01 2.844707230672435250e-01
-1.978010660784003116e-01 3.248427888071712122e-01
-1.449773397421699750e-01 3.122010907218398801e-01
-9.570269257910091198e-02 3.023011136564922596e-01
-3.749953039749137629e-01 3.318748210823038169e-01
-4.576500238684557686e-01 3.185386666595134697e-01
1.813958187723599957e-01 3.524378756985778738e-01
1.289959183451169222e-01 -3.348876958464592768e-01
-3.401913371679351483e-01 2.726115286641234148e-01
1.109147079590931950e-01 1.399950306327346627e-02
1.304422474692399359e-01 8.190545793828041266e-02
3.496243918845506338e-01 2.900667545296521377e-01
1.262743855970643869e-01 -2.523929200338957957e-01
-1.386516167219536966e-01 3.568035919236616227e-01
1.398138881536281630e-03 2.629167559237011176e-01
4.371613603840383000e-01 2.898630675176018245e-01
-5.235857907066032713e-02 3.408000524099029649e-01
-2.663754764384957952e-01 2.796838290723637765e-01
4.498870697753383219e-01 2.754438682102903213e-01
4.221039501703383046e-03 3.205291311649407504e-01
1.598377086953710613e-01 3.484599883861124736e-01
-1.510551814071912080e-01 2.838931017224154418e-01
2.502411580961836357e-01 3.254334163015886183e-01
1.439246773278931579e-01 3.682377541339256766e-01
1.299545929016379109e-01 4.307707018066152527e-01
1.042471274468578235e-01 1.824060290114107863e-01
3.912360227598689066e-01 3.007519271555482154e-01
-4.731460756568783843e-02 2.666743606116416254e-01
9.826151635556812369e-02 -1.188319645490359955e-01
4.225348791629399692e-01 2.753044229309649094e-01
1.157292120505734045e-01 2.036472292549560414e-01
1.308659296841843123e-01 1.780843828073234159e-01
4.065940628980216909e-01 3.433438325501326771e-01
-8.159568836246378076e-02 2.748697491016649508e-01
7.722772114028164658e-02 3.504457096408014616e-01
-2.583743194883594274e-01 2.881707645938981210e-01
1.351399184729014102e-01 4.816452168340142892e-01
1.571439123071093347e-01 3.143412726290084613e-01
1.435767052255398912e-01 -4.398624656806826572e-02
-3.710240878403838760e-01 2.940302169518385078e-01
3.710878654113206609e-01 2.641727940285215626e-01
5.038149478583142660e-02 2.879860201637264305e-01
-1.237727389523657351e-03 2.727934067463742007e-01
6.309195168296777290e-02 2.835846244742121769e-01
1.007742092926057209e-01 -3.568473629827072502e-01
1.327226437690350869e-01 -4.207743983697775914e-02
1.014458884433467878e-01 8.531139250282493425e-02
2.763670960355846251e-02 2.651021784299690820e-01
4.992440338459430693e-01 2.954407946646314675e-01
-1.361660689322473639e-01 3.464408741045816864e-01
-4.893541917362709270e-01 3.049837998043359866e-01
1.256160848429991317e-01 -3.707759830846238946e-01
9.923039094365604385e-02 3.182612483126099345e-01
1.317783010120276987e-01 -9.002065969061279205e-02
-2.623126082381799229e-02 3.185969978897768007e-01
-2.929742503650178964e-01 3.324997786142062095e-01
2.797979967842958438e-01 2.648685327295028369e-01
-4.278471550780376109e-01 3.356988374400816655e-01
4.802211595853572712e-01 3.061903510086950719e-01
5.859918004981268247e-02 3.286303203809540774e-01
1.797237488880505385e-01 2.942724591932105449e-01
1.336818277489516538e-01 -3.853603899210655825e-02
-7.539050722475693078e-02 3.096036422768071450e-01
1.011475136728766655e-01 3.074141026501099327e-01
3.885978996924426276e-01 2.977240637858108441e-01
3.456759058746816660e-02 3.249317942092336819e-01
-4.919931501821418474e-01 2.879479158326150312e-01
1.264256622423675092e-01 -1.649277579086503298e-01
2.926821978808976654e-01 2.798460370510681416e-01
3.141201977122156652e-01 3.435374264965601609e-01
1.212538766281158198e-01 -7.388665669996530294e-02
3.317270922594978133e-01 3.414546522823070918e-01
1.461497496283775677e-01 3.361030486730547384e-01
1.295627461411136272e-01 -2.842520359306891509e-01
1.004744408865211325e-01 -1.681660475078735617e-01
3.681988832945443102e-01 3.174014858032545572e-01
-2.123780140634360381e-01 3.018293908896605426e-01
4.060540799979183157e-01 2.766836829355159288e-01
1.332732714862440160e-01 4.393744376605737134e-01
4.001663562879029801e-01 3.072244569810508308e-01
-2.882914370455800235e-01 3.562671218810824492e-01
2.899642200555369032e-01 3.232380731004798058e-01
1.213631578971803293e-01 -4.009591795290607941e-01
1.398443455289096748e-01 -2.519759430152272994e-01
4.230269128202989171e-01 3.324684008902303312e-01
1.186338126176416097e-01 -2.558586515254042126e-01
2.796938634281534997e-01 3.346160908194641959e-01
6.480791252722495344e-02 3.285084127245151420e-01
-2.198781170470024415e-01 3.468303577138561744e-01
-2.451550964839428470e-01 3.252807056606323854e-01
1.319142940386885954e-01 -1.684264576640568389e-01
1.085034419784591808e-02 3.282253537518875497e-01
-1.245281459240913380e-01 3.231913176342697813e-01
1.109268370042475471e-01 -1.875012620783067518e-02
5.768707220005686587e-02 3.529219765745928994e-01
1.411352515996989743e-01 2.899986376835351765e-01
-2.682693476242731245e-01 3.222210156392241176e-01
-8.995174954728535344e-02 3.158613580335027926e-01
3.488957186062855431e-01 3.183269540896180860e-01
1.837580271938760168e-01 3.334654080229911832e-01
3.343957581063973228e-01 3.438249262833777964e-01
-2.716854585634043140e-02 2.962811292257087059e-01
1.586358333037715118e-01 3.044620656002554604e-01
-4.939193865659637916e-01 3.443058312327236248e-01
-6.490738671059093079e-03 3.414766140794036620e-01
-2.406926139827996192e-01 3.006935693103223173e-01
-4.596944009204421144e-01 3.095417221368126359e-01
1.051460925710336891e-01 -4.465207281174339293e-01
2.001210904060191087e-02 3.060752184039005064e-01
-2.201942753629637650e-02 2.697885792396941262e-01
1.340939727067501641e-01 9.513825465120917535e-02
1.439852968704689040e-01 4.476130837225337222e-01
3.633343165908798911e-01 3.360922887766282230e-01
1.212976042320959014e-01 4.643647047954255758e-01
-2.748657196194984609e-01 2.636019671974224599e-01
1.283933474582084067e-01 -4.917216031218537564e-01
4.727630223313906699e-01 3.275466474943615758e-01
4.600746067956908991e-01 3.023609673235793105e-01
-3.952248966895344218e-01 3.194113161532725620e-01
-4.917793880297971487e-02 2.873073120770773814e-01
-1.293948063075484045e-01 3.023149360444736811e-01
-1.595843066289056589e-01 3.406135638497841400e-01
3.159086312568579746e-01 3.594848094449843989e-01
-4.605218614653375786e-01 3.115012161255563683e-01
1.216217650792955629e-01 1.836835494620611131e-01
3.281772008840047050e-01 2.910414260760381122e-01
-2.487758299513401772e-01 3.512388154442713795e-01
-4.886905933880841824e-01 2.866248653744787322e-01
3.858221424377121789e-01 3.490133009127556196e-01
6.211940283370120941e-02 3.221327181226036895e-01
-1.767736254138759788e-01 3.229586580221948111e-01
1.202222176057915481e-01 2.250988257433498285e-01
2.825212647352913775e-01 3.047147875840193754e-01
2.844835659721488552e-01 3.518495775924348479e-01
2.929346245950537053e-03 3.010403479015111294e-01
-3.448557205352916766e-01 3.208773008192576937e-01
1.133209297921254910e-01 -4.155952487417181596e-01
4.379039179016831485e-01 3.496531891257130820e-01
3.247953396958269678e-01 3.538339643449813776e-01
3.054194140217809661e-01 3.445332534339853314e-01
1.391214762266989036e-01 -3.738439136124311890e-01
2.662282842776620972e-01 2.856549892446458294e-01
1.333558065749173016e-01 -4.394494237855020025e-01
8.303801452563475127e-02 2.685376057704619290e-01
1.179074507963336904e-01 2.628170951859198912e-02
1.213363811259713376e-01 -3.352303109893424171e-01
1.030040683377677624e-01 -4.043004842863062720e-01
1.407553465095616740e-01 -3.161393969501216095e-01
1.436729715291388265e-01 1.593436133474688265e-01
4.642538680790282424e-01 2.898837091421424539e-01
-1.762036203678027935e-01 2.900748229386272969e-01
4.125081880835888004e-01 3.388398281354062513e-01
-3.684421260724876079e-01 2.724047809848378909e-01
-2.846353730453518027e-01 2.887640393193412480e-01
-1.071858462662151901e-01 3.566751431957130292e-01
-1.757556135403065545e-01 3.366560819337752752e-01
3.581007602163387427e-01 3.151272789396031282e-01
1.038642918626616618e-01 3.677125864686505707e-01
-2.467836776622758244e-01 3.367993786885726815e-01
1.322354323539359777e-01 -2.058800291555803463e-01
1.000700283584312622e-01 3.315922336885757105e-02
1.079732853723673891e-01 4.895510834248155696e-01
-4.959459508405136274e-01 3.501056874000203489e-01
1.132497090813876506e-01 -4.146492756720672190e-01
1.068409529023667259e-01 -3.655970956791820825e-02
3.919177958910748938e-01 3.187010022552098087e-01
-3.730186626235239000e-01 2.644748074322010867e-01
1.337958063639521633e-01 3.409945808392627065e-01
-3.550730615104430443e-01 2.859330738466890898e-01
1.038076696872191063e-01 2.016540588107803567e-01
3.336332417593581567e-01 3.384628965491206509e-01
-9.735013943143699944e-02 2.736751695647704485e-01
1.111065636140823321e-01 3.232441866024526878e-01
-3.107757128215522524e-01 3.595777830116482221e-01
3.927774264175117880e-01 2.999898535593772397e-01
-1.225478816370482171e-01 2.717248001034591187e-01
3.695330404153618353e-01 2.771715900460670623e-01
3.193735262210529724e-01 3.461705203680839338e-01
-4.202936005513872031e-01 3.409136952392175512e-01
-2.887493287420206389e-02 3.338935595713395932e-01
4.455250345148480395e-01 2.652773851221017498e-01
1.147558882723381801e-01 -3.865353115829486264e-01
-2.416390370835166390e-01 2.627743423413692048e-01
3.673763259473126208e-01 3.077885495752777922e-01
1.044350446530201149e-01 -3.158137254880718503e-01
1.033708933034048760e-01 1.329637196241769681e-01
-3.490935227106272132e-01 3.378547464216962171e-01
1.424525379627655797e-01 3.524637902335137074e-01
-4.977138567780711176e-01 2.710016607573924041e-01
1.315708925950803687e-01 4.140038638311187569e-01
1.294674917040544715e-01 -3.257252327449118301e-01
-2.262084255906011698e-01 2.809089870087397856e-01
-4.188222537698749193e-01 2.783042985733054087e-01
1.144861357802207102e-01 4.021581098814610566e-01
1.111791402307708010e-01 1.741636776031988409e-01
1.178251266393064434e-01 4.432428957506271416e-01
-4.182241499428627218e-01 3.230474054981493648e-01
1.122655604302461585e-01 3.028448574502049517e-01
-2.964205693466049896e-01 3.165241943525309853e-01
-2.410000962990640483e-01 2.790575047827993371e-01
9.728934927193655380e-02 -1.731089710344596577e-01
1.059615172346598522e-01 -4.732819963173486855e-01
1.964966235418282858e-01 3.050727904131809165e-01
2.106079521184873737e-01 2.959731982919567850e-01
2.373268898274534244e-01 3.490001486638510952e-01
-3.342486445051783273e-01 2.775193475246353625e-01
1.699753070326528448e-01 3.155804265083197446e-01
4.259144102762064676e-01 3.158441492971891806e-01
-2.029124441410408153e-01 3.038785310750642399e-01
-4.799668297622182722e-01 2.731973256851641940e-01
8.068650804626276152e-02 2.944460966786388578e-01
1.243292312810836409e-01 2.780894529177411201e-01
1.023251734856355233e-01 -1.552047011325596859e-01
1.091577634061398072e-01 -3.251766724466664815e-01
-1.751209262935987665e-01 3.276514367608766021e-01
1.189800195632607638e-01 2.315370633606439466e-01
1.740253174723276341e-01 3.293893591514535091e-01
1.254569702023942135e-01 2.981924824406494423e-01
1.242235286835375874e-01 3.098961038746964602e-01
4.362360553535487018e-01 2.951376359267432470e-01
3.650364220604443988e-01 2.778131211090716368e-01
-1.993701163339967053e-01 3.153723327992956627e-01
4.164387297366989316e-02 3.417369395430236434e-01
-1.777928410997260400e-01 2.824986873820051203e-01
-1.419525798164159580e-01 3.131725383549180952e-01
2.536289898641297391e-01 2.944918203314751404e-01
3.722744158359710953e-01 3.055682104005549293e-01
-1.672117193500424204e-01 3.277380743348792258e-01
2.356073583971087793e-01 3.101821036578545909e-01
-4.948741872822037813e-01 2.692702458913581731e-01
-1.160375219844131944e-01 3.349134999283797098e-01
-2.084094924777379898e-02 2.640761041608550297e-01
4.575775405397100037e-01 2.808940874202597859e-01
-8.608081549782053976e-02 2.843009014663631095e-01
3.000981724036948517e-01 3.409007644232581180e-01
9.593514078307585624e-02 2.986326141258880407e-01
-7.823628803825555256e-02 3.394356751041148756e-01
-4.593244921654231483e-01 3.489141314218435763e-01
2.016193144170839169e-01 3.001787456533749898e-01
-2.839266254193584249e-01 3.215702223240262114e-01
2.024290080792343627e-01 3.376828416541736155e-01
1.226259596806889007e-01 -2.392602141883023448e-01
-9.545080665076199899e-02 3.192995165661028922e-01
1.309772977492104085e-01 2.082542157366753521e-01
-4.121974164802156837e-01 3.596489744183075654e-01
-2.538209507498879747e-01 2.917614789322089397e-01
4.332580939341192927e-01 3.226288629465680069e-01
1.220098642439519931e-01 -3.946689517120666180e-01
-2.865659828735396264e-01 2.671075854268663008e-01
4.117576368721465041e-02 2.842744560291962097e-01
-2.618430653712839895e-01 3.159063496148016847e-01
9.899106862655382422e-02 1.993485999959646593e-01
3.921537719357572893e-01 3.217562998262664120e-01
1.371390413414224074e-01 -3.369039488898240009e-01
4.010122669271235507e-01 2.860785613000590422e-01
1.254541272695730569e-01 -3.845651948397699194e-01
-2.759197804249000630e-01 3.451668272163960216e-01
-2.658263240873995903e-01 3.312521383066692193e-01
8.018349428579973903e-02 3.054534962417465582e-01
-5.146302320817619513e-02 3.264139823755070058e-01
-2.449532312574964621e-01 2.671443355914702167e-01
-7.592021847636820642e-02 3.106357969535262775e-01
-2.242095301409477992e-01 2.773362644975723157e-01
2.855776693266022237e-01 2.966548992009836461e-01
2.269955749688412627e-02 3.000506150625444901e-01
1.063139499840578539e-01 6.319794855201221750e-02
-2.378998241139060887e-01 3.116474708170886565e-01
1.434509240386148132e-01 -2.548141027967083527e-01
-1.643461884309140864e-01 3.327811943805398798e-01
-9.966062260355901259e-03 3.552302416042781852e-01
2.112159430061032461e-01 2.966448285654657013e-01
1.368385485505879684e-01 1.281651228328091197e-01
1.409556897561223821e-01 -1.363931652236375358e-01
-3.730410378091915113e-01 3.393699271692309782e-01
9.965753038368196925e-02 -3.842145642296109775e-01
-3.039353720512929513e-01 3.369274809918948455e-01
-4.512280344655749120e-01 3.316797958732637941e-01
-2.264937163431524070e-01 3.441945608269509904e-01
-1.709868413440116530e-01 3.474765993618196269e-01
-2.535557569065938210e-02 3.212295871976034167e-01
1.121346620356648005e-01 -1.397235758863435429e-02
-2.366050770312772000e-01 2.647714138785116633e-01
9.948753126359100030e-02 3.232402616204261836e-01
-4.643015356637643087e-01 3.571569055705074991e-01
1.315630269332996871e-01 -1.386584929782340714e-01
1.637736101601666716e-01 3.488329069004995064e-01
3.476462999843822343e-01 2.868759786441628101e-01
1.204282413321220435e-01 -2.886529387126738344e-01
2.961323979655516858e-02 3.046584121862511152e-01
1.955983137093303403e-01 2.709033982979422994e-01
-4.380848835643658123e-02 2.945982153581451213e-01
3.759269229237618415e-01 3.102998999685482318e-01
3.064348378008616702e-01 3.491749414401514873e-01
-3.452438271208081444e-01 3.355080114175964523e-01
1.120340641447044039e-01 -2.322016722107621556e-01
1.728037912599128534e-01 2.732379018639460311e-01
-3.270125422369275503e-01 2.751848932424115768e-01
-4.299192925044610369e-01 2.967110497299730865e-01
-1.905188690379147065e-01 2.872491221698582065e-01
2.136061282212348145e-01 2.834131848122963815e-01
9.949609245529900114e-02 3.665098127657573368e-02
3.725935658443729759e-01 2.811776453536218856e-01
-4.876722168705580618e-01 3.477000065968103293e-01
1.140226720195978150e-01 9.922808280089467914e-02
1.788313623149451193e-01 3.135572543361823117e-01
1.071604112077573223e-01 -1.187477414623440142e-01
1.097179543949778902e-01 1.074882653247433151e-01
1.427421919450424515e-01 5.505691938652312878e-02
-8.645344163847956676e-02 3.528050768567475570e-01
1.017403191719491451e-01 -7.409076682952564497e-02
1.035018296991566666e-01 4.682437929052201131e-01
1.086264780037869970e-01 -3.916010199563224603e-02
1.176657230772462093e-01 -3.367726511808221135e-01
2.015095709846692618e-02 2.980051198780678812e-01
-4.918505336311925769e-01 3.225813223542451924e-01
1.131962395176965286e-01 3.121784259588697985e-01
1.849022942536601155e-01 3.006320774943875840e-01
-3.082066152968111483e-01 3.183022708311938898e-01
1.717931042103849615e-01 2.930503317577348721e-01
9.798104553516917559e-02 1.156528486455565830e-02
1.486474944346750648e-01 3.517053060958977850e-01
1.420285667465266410e-01 9.509275153534268998e-02
9.926548695374493025e-02 -3.809924134636409887e-01
6.515535500543179204e-02 3.141186444083636786e-01
1.675368950370247356e-01 2.651152468393440653e-01
1.118805615236563300e-01 1.694104139517108587e-01
-3.491017582001272324e-01 3.278353326537960521e-01
1.543646926822636045e-01 2.827519119347289278e-01
1.061539063396921279e-01 3.690434381929252883e-01
-3.547320670282971822e-02 2.641378147971593648e-01
-2.002615297026987262e-01 3.246877179931368929e-01
-5.162594455411007033e-03 3.375369813656375895e-01
4.190093810151236386e-01 3.411618858810752108e-01
3.256942419425081781e-01 3.598795543665032071e-01
1.208130299042532441e-01 -2.607917325847292078e-01
-2.191650113894715313e-01 3.274838855945985117e-01
3.803530856145210803e-01 2.920956534244794067e-01
2.235730762430582219e-01 3.189821267832986251e-01
-4.652585301912078863e-01 3.215214237432886257e-01
2.478134818542069295e-01 3.504692741814218193e-01
-3.699820307295673683e-01 2.821967705595668230e-01
1.439868432080710914e-01 -3.132666564947391707e-01
2.079653154813853044e-01 3.238669771095132877e-01
2.983102920379113732e-01 3.474306176910864075e-01
1.976927842496215559e-01 3.241037899169787462e-01
-3.893138267679882025e-01 3.044900443374045640e-01
1.087514948675198934e-01 -1.702771879217099826e-01
9.858621201613426699e-02 1.631883171316420578e-01
-3.578461360487920073e-01 2.765499018395033426e-01
1.042253975601097338e-01 8.929979417674605013e-02
1.015869554779003092e-01 4.314179645249209827e-01
1.065158798004884888e-01 -4.212595093107240896e-02
1.046108093455843102e-01 -3.332281978602840145e-01
1.386687745113062142e-01 -2.186121233551482357e-01
2.518161641422310693e-01 3.217107969589904082e-01
-6.970345939260624846e-02 3.370149076680084566e-01
-4.654854873537184190e-01 2.840572650710996294e-01
1.059908888396422499e-01 4.258221586970519779e-01
2.599703753568564091e-01 2.994485294796905839e-01
5.878905732906702930e-02 3.289478180542775299e-01
1.345171693578793848e-01 1.137215820676934497e-01
1.950004162565077692e-02 3.521012714182488734e-01
1.028349174430355228e-01 -3.853236174492367105e-01
-3.019172930148456002e-01 3.477378327857550966e-01
1.182139494889092868e-01 8.873538931875069036e-02
1.303809349416660268e-01 -2.220705962925914045e-01
-8.515265013301021035e-03 3.336137775541274664e-01
-4.312628195007537357e-01 3.287903953542532509e-01
1.003587883471720454e-01 4.503127278919560883e-01
-4.167047024333271343e-01 3.279352386466705127e-01
2.245242679474477310e-01 3.351014851570180975e-01
1.083000263098393701e-01 -2.770032164793323481e-02
8.224720730271561919e-02 3.586439330546021820e-01
-8.570182405416049143e-02 3.415867919460580104e-01
6.765391173490087340e-02 2.714905657072811396e-01
2.255932869188465029e-01 3.531472776895375754e-01
-1.343144726129726907e-01 2.716647554244954188e-01
-6.594691290877241485e-02 3.120875132676875774e-01
2.332753226117821876e-01 2.986533566494459224e-01
-2.415358136174498016e-01 3.085930347670708951e-01
1.057799769584990557e-01 -1.329919989027179561e-01
9.806704630572449233e-02 -3.047401245051594154e-01
-3.377099572704090891e-01 2.978727370887099823e-01
4.785459164796308507e-01 3.053111986784505794e-01
-2.458959942384050246e-01 3.038623473121054852e-01
-4.479740566653607203e-01 2.998087854326750845e-01
3.209057467887711512e-01 2.672766278214605551e-01
1.437765207230085052e-01 -2.651553417861578499e-01
1.319929056791301347e-01 -3.974128020247036375e-02
-9.670190367239861473e-02 3.164732250969694016e-01
7.034945194412778324e-02 3.244780345060813698e-01
3.144628351397042998e-01 3.554782736277058985e-01
1.923037475506775840e-01 2.805419807902201912e-01
4.959258150574372692e-01 3.068768171141121881e-01
-1.033330269182310968e-01 3.055169664047520106e-01
2.822005616997694810e-01 3.079695806770144095e-01
4.422219570777412567e-01 3.153114421840101933e-01
2.064373634083735976e-01 2.828621309194965239e-01
-3.878401116519951675e-01 2.773774078038665492e-01
1.225260398962004782e-01 -1.212890158643672445e-01
1.268890865717526850e-01 -4.285755485013672539e-01
2.784582588797445135e-01 3.260869118715453707e-01
8.310001937239119840e-02 2.877202730351360316e-01
1.041241074490022456e-01 8.353306809831018143e-02
1.347951681819801184e-01 -5.878264061547522346e-02
-3.197304291466699366e-01 3.561377809706169906e-01
1.120985127656427549e-01 -4.230199865432658912e-01
-1.685237128227415893e-01 3.156240004478833017e-01
1.314894311946939176e-01 3.356097500909916986e-01
1.250470350104682105e-01 1.771981455111701909e-01
1.066861435602580732e-01 -6.066253744429228600e-02
1.052053496702953783e-02 3.115588092385540575e-01
1.267393080781717973e-01 -2.744259140666560626e-01
-4.006344782518133085e-01 3.245486055699028372e-01
3.083376772989708803e-01 3.429945816673484194e-01
1.223559587936102755e-01 8.678984996478678049e-02
-2.685106586659338213e-01 3.400606703748799697e-01
1.779589946467019512e-02 3.044225884592397513e-01
-5.157500276382098736e-02 3.019640613813511232e-01
1.388041862277036298e-01 -4.665629646082558590e-01
2.516576509595436217e-02 3.163109039863053473e-01
-4.763584859247316228e-01 2.676575651691939228e-01
1.326616434973471037e-01 3.868648163996745160e-01
1.245241802653592744e-01 -4.906362405415093386e-01
1.117387261266237219e-01 2.100697120883671110e-01
7.263844292135634984e-02 2.832479231567145428e-01
-4.336034165702185028e-01 3.482051960697907234e-01
4.786536650205885923e-01 3.583489237354525736e-01
1.309465782892089702e-01 -5.690539194311949878e-03
-1.788696820455755176e-01 3.342936076953255675e-01
1.008795441009686655e-01 1.625083595980778561e-01
-1.910806081312971250e-01 3.215983951946314034e-01
-1.519883984153193035e-01 2.831759171184661250e-01
1.114428068996518029e-01 3.508849206915993779e-01
2.393295971963539381e-01 2.771877758132015312e-01
1.433988753001355088e-01 -2.972592881079827443e-01
3.525130582436145632e-01 3.176447115679209565e-01
4.092828525152938379e-01 3.284758422664605382e-01
5.085869564362044404e-02 3.571520269891433896e-01
4.990015124584986639e-01 3.051137782197991255e-01
-4.727816011319772027e-01 2.791527063028756972e-01
1.104259100525514237e-01 4.346137575669591913e-01
-7.884969451234036253e-02 3.181895785767644425e-01
-3.512477628572204802e-01 2.779944764218447162e-01
1.411709390929287711e-01 3.669936654059592351e-01
1.136210014485069530e-01 -1.377776060659601232e-01
-4.165614241982509292e-01 3.421235155514427140e-01
1.133962327642284995e-01 -2.118434998332969776e-01
3.836196075456779209e-01 2.886999429777346027e-01
2.657084422834478099e-01 3.567415526724759811e-01
3.062771553759210397e-01 3.336630608062576275e-01
1.342973496200697836e-01 3.076282698794025050e-01
3.165059412849463572e-01 3.316404939184643963e-01
1.373054475595215651e-01 2.181798664548928457e-02
-4.358260897313442905e-01 3.460896737919542110e-01
-2.755312942499532625e-02 2.768223192561757307e-01
1.569216721785624546e-01 3.088850077008895578e-01
1.087411940921895193e-01 4.950959709275362108e-01
-1.059197951578241259e-01 3.327618580132195580e-01
4.548975728493019899e-01 3.295515573126971409e-01
6.877429635326870461e-02 3.337237083437567531e-01
1.081165150928203866e-01 1.819906132032333979e-02
6.060679826947923399e-02 3.377918346852589737e-01
-6.681959611303889268e-02 2.686910954475876245e-01
1.140031041071605244e-01 -1.216999166872311244e-01
1.092284914640496707e-01 1.859516336401503267e-01
1.152814646916970887e-01 4.560758548832806181e-01
2.421547084065551747e-01 2.996638530942113965e-01
1.031962462462066021e-01 4.847499645844511873e-01
1.246897829577128247e-01 3.863027731938012410e-01
8.922518499595577524e-04 3.380027303729963295e-01
1.093343211854712616e-01 2.423319473742651109e-01
1.342043281923674947e-01 -1.636219180003153362e-01
2.311378236153923682e-01 3.027800442661142677e-01
-4.409933176433167290e-01 3.429971393753544762e-01
-4.447541773219765293e-02 2.993597197543664823e-01
6.053333643139968689e-02 3.568760584935674052e-01
-2.680869930241002175e-01 3.155330620719533075e-01
-3.069199810592188049e-01 3.540339108358135922e-01
1.134138593938546213e-01 -1.394142038008873152e-01
1.558342540921419106e-01 3.507542099472142905e-01
1.021660699855508891e-02 2.972286194431270623e-01
7.925896537332588476e-02 3.560030413686238182e-01
7.063221079977666239e-02 3.533981073412020280e-01
1.070379558218206295e-01 3.458282537663180944e-01
-1.347090337016800810e-01 3.068886227305012149e-01
2.811954586710538884e-01 2.851989592500153714e-01
-9.237647697847339856e-02 3.277206208794963826e-01
1.003342494773328264e-01 -4.875460930150002925e-01
1.320035093536416904e-01 -3.146875530576211943e-01
1.184872779161362244e-01 4.755441742899834123e-01
1.038594745066928615e-01 1.029605130466622054e-01
1.254068615869136094e-01 5.849805738738433902e-02
2.657445490643525199e-01 3.076085148642067058e-01
1.231936744942122575e-01 -2.255627877977905982e-02
5.902674338552904576e-02 3.036981446975829391e-01
1.286828665393089377e-01 4.932873885789764712e-01
3.434657844691592077e-01 2.809700697574550876e-01
-3.203553490825258310e-01 3.184894644994827884e-01
1.193274439421251332e-01 -4.119954625752421107e-01
-4.088159776434683312e-01 3.008421141330316351e-01
2.342536956383856062e-01 2.715547199866802375e-01
1.037975550564069760e-01 -2.745248520253074087e-01
-5.579353746094772859e-02 3.096266306049900718e-01
1.003978104393572490e-01 -9.983664888291110540e-02
-3.385422048838023779e-01 3.221972696933891323e-01
-2.638907161691494974e-01 3.251317182598720823e-01
1.086234609172583854e-01 1.693952858299666575e-01
1.402561770788652851e-01 -4.697796430416614211e-01
3.013127922378725509e-01 2.769234766424891747e-01
1.210734492043619159e-02 3.305967632448333360e-01
1.498216025009040386e-01 3.042505736082554701e-01
4.690009622794752975e-01 3.421981522840041867e-01
1.672614318152665369e-01 3.015281933974253148e-01
4.866127726858432423e-01 2.876654141595186287e-01
3.724762992651092786e-01 3.014166389345620534e-01
2.666962499567853140e-01 3.459342276172197028e-01
-1.055111704762023983e-02 2.892427836074893399e-01
-2.277372208415706645e-02 2.788725907161563322e-01
4.998991414140456779e-01 3.311237139918937755e-01
1.127842234897673546e-01 -4.457022686201693729e-01
-4.252994728220612641e-01 2.696811545963958556e-01
1.144489533932530057e-01 -4.499292793578432148e-01
3.912913010007313952e-01 3.410381940731339601e-01
2.466905621421412453e-01 3.285123531127961405e-01
-5.377935257481203379e-03 2.689584981225719984e-01
1.297378668754479714e-01 7.333354395715452334e-02
1.397190858221825094e-01 3.553563301577177258e-01
1.169405929079904150e-01 4.187593576556732922e-01
-3.436219185507921603e-01 3.534405193652783161e-01
1.185755592826520655e-01 -5.507890591971054128e-02
3.231408475346613240e-01 3.132920994123041813e-01
1.018927560953655220e-01 -3.322728082210589795e-01
-1.014535554580041632e-01 3.024191177370570971e-01
1.732059319749995607e-01 3.507744691129673908e-01
1.118761155007064190e-01 -1.303081128200155314e-01
1.431519495842086265e-01 -8.494066223612961597e-02
-2.914345461759446643e-01 3.396903036552111343e-01
-3.475137740362754801e-01 3.368984162406036820e-01
4.148370216114554143e-01 3.514691735133165240e-01
4.406433212048462833e-01 3.109318866531182168e-01
-2.302511947684104943e-02 2.788077004176883200e-01
-2.519673799369042122e-01 2.935052393688748484e-01
