4.490104408238558831e-01 -1.518591862177319785e-01
-1.313170243374267576e-01 -1.482246563667477535e-01
-7.414774684439284780e-02 -1.856299541020374200e-01
-2.146336903949800368e-01 -1.379783207746082541e-01
-5.210039935409827017e-02 -1.830815790392746889e-01
-1.895957915188684062e-01 -1.840043378094656790e-01
-4.098865709673282787e-01 -1.852782840204360015e-01
4.856466857697804285e-01 -1.438066055496325379e-01
-4.239167236507658254e-01 -1.469724393771412174e-01
1.675863451961888684e-01 -1.690699960861098416e-01
8.349524624773196901e-02 -1.757509291976505628e-01
3.620696231142137567e-01 -1.865321905784025347e-01
4.422445818920861527e-02 -2.216636104850124855e-01
1.005448850425174623e-01 -1.784323867167288968e-01
3.777405960955881881e-02 1.446479793566906036e-01
-1.138935749980721779e-01 -1.536855736561110186e-01
3.560711374965896958e-01 -1.497273957073050887e-01
2.314556913651100167e-02 -4.632676781127109678e-03
3.874952868245521431e-01 -1.484227332432886959e-01
3.334502852446685761e-02 3.083341635442530260e-01
-2.297182217264949200e-01 -1.401068920389367811e-01
-3.477873063613740046e-01 -1.639046215552790731e-01
-1.209769055309003472e-01 -1.485403052139119273e-01
-2.970500988945252718e-01 -1.456190737473198604e-01
4.119905342855091357e-01 -1.404658023755084306e-01
2.740764515278293345e-02 4.122026705154147042e-01
4.773142174666438198e-01 -1.852004674769952564e-01
4.335368670998596130e-02 -2.288732481902994165e-01
1.798912217722375972e-01 -1.693295873035625121e-01
1.746081142969920785e-01 -1.754066894006629518e-01
2.325333307183946596e-01 -1.747793748506019096e-01
2.286666505303907027e-01 -1.696128899100045606e-01
-1.489884263071672432e-02 -1.393146356609465952e-01
3.227175046486974175e-02 -2.952380055660501768e-01
4.737302395651210585e-02 9.695399959095585274e-02
-2.412775524505328395e-01 -1.552774676719458347e-01
2.619006183594918546e-02 -2.879535895182202543e-01
3.030881677593411094e-02 -4.767662251190579736e-01
1.238292619950643880e-01 -1.324649714780934406e-01
4.207685620625737366e-01 -1.497158860601098818e-01
5.627702869803674623e-02 -1.686805292674480317e-01
4.336701058110803420e-02 3.561036867046186716e-01
2.993203757445290769e-01 -1.817841577957459709e-01
3.283194705998448981e-02 -2.662927844611560069e-01
-4.941493954306118708e-01 -1.374095835491115913e-01
-9.878814285713355403e-03 -1.528818986613894593e-01
3.409672811294384154e-02 -2.655632439152559865e-01
-2.094171617852864653e-01 -1.534499477462597516e-01
2.149978291425991284e-02 -1.873080839350774740e-01
-2.611628132453236439e-02 -1.879459670750927014e-01
6.004646535197355472e-02 -1.852624323717392274e-01
1.276880290577206978e-01 -1.602278465601835178e-01
-4.861286247638191282e-01 -1.426467293776149114e-01
2.440780112692397807e-02 -1.437365912437184035e-01
-2.492311737431821550e-01 -1.427398198794113116e-01
1.613043280437784777e-01 -1.604505680287470204e-01
4.739285773589230200e-02 -2.854362944537791602e-02
3.756267622632147862e-02 -3.909368166002734624e-01
3.162746674601535357e-02 -2.125506946067711178e-01
4.919195628016027610e-01 -1.358094620299229449e-01
2.423094990437435481e-02 -1.041719875536342155e-01
-4.589456754787779591e-02 -1.732400632363765292e-01
-3.604036683088976956e-01 -1.681451337327842799e-01
3.852537159131523836e-01 -1.799815113362782659e-01
5.640180851955300945e-02 -1.813258363706068410e-01
-2.226671484922245758e-01 -1.493006850365214966e-01
2.077173527373934458e-01 -1.562577090300322213e-01
2.812775518416876785e-02 3.252002040973976937e-01
-3.055590695424654779e-01 -1.452204173648181662e-01
-4.577814913905996486e-01 -1.498912601360241625e-01
2.059683953112168009e-02 -9.657486198024101132e-02
2.833203514708737547e-02 2.855541469998947868e-01
2.368725452356803540e-01 -1.355768707697673214e-01
2.815502710916728546e-02 -3.648008676580661858e-01
-3.538678275622688663e-01 -1.543571756963832975e-01
2.934439637029229164e-02 2.289377472869533747e-01
4.759663400515841136e-01 -1.615515006037376855e-01
-2.179041654232828362e-01 -1.856873843167248239e-01
1.935649409840223267e-02 -3.678095425720436795e-01
2.164739922547478379e-01 -1.655131534633076384e-01
2.965719836455886771e-01 -1.479769322193111858e-01
3.208353973876287846e-02 -4.854008880651332625e-01
3.603406030215539069e-02 -4.062153837464183015e-01
2.452333028243969260e-02 -3.250314785015447905e-01
3.317646735483459342e-02 -4.571182940461716582e-01
2.960334403131544834e-01 -1.377502824775048706e-01
3.420144710938832766e-02 -2.355286118458812528e-01
-1.778031537113152760e-01 -1.337016253308640490e-01
-4.280160438042435178e-02 -1.802946100156083142e-01
-3.143718791149174852e-01 -1.341831631459827756e-01
4.426519101614434515e-02 2.935946411209786611e-01
3.528982444784887207e-01 -1.411214554492475903e-01
2.087668710988129783e-01 -1.572071487322481698e-01
-4.540818116508614777e-01 -1.396305193956205448e-01
3.397815207162501183e-01 -1.530269217058857212e-01
7.318598168348822153e-02 -1.349450477026549189e-01
2.105850831662958722e-02 -2.734970698301045777e-01
-1.416634499182627405e-01 -1.364815235584518893e-01
-4.505907262669122115e-01 -1.813787989429179737e-01
4.668738714982412219e-02 3.390955006759732715e-01
1.906993079343055619e-02 2.181174418237569190e-01
4.791943850921243087e-02 -1.044846236398522255e-02
6.025587386561637171e-02 -1.486628608387986494e-01
1.604946989694011616e-02 -1.876450955360909889e-01
2.104851150799635917e-02 4.086311789863650290e-02
2.175385968911869305e-02 -3.943721735984285770e-01
-2.078634070668962108e-01 -1.379326658257868932e-01
2.796892809739827124e-01 -1.674447730910334498e-01
6.147589520971863397e-02 -1.821102185811106500e-01
-3.441713401917502191e-01 -1.485292852424365817e-01
2.691973363116635376e-01 -1.567388484405066729e-01
4.790636754165752409e-01 -1.435642590314264444e-01
2.854171572766661669e-02 4.466970970511683348e-01
3.970674298087240039e-02 2.314678566936635429e-01
9.317633897267529886e-02 -1.559804645716984517e-01
3.155809682221624168e-01 -1.511092745225643963e-01
4.604001164058102447e-01 -1.688501120916869880e-01
3.717954937822720574e-02 -2.991357665200442550e-01
2.359228782338196329e-02 3.745010337009181400e-01
-3.825212876473802481e-01 -1.550548393984586548e-01
3.930319946960891819e-02 -9.403625110147484367e-02
-2.334086495430043318e-02 -1.522548181718209603e-01
-1.458086361141057719e-01 -1.639809081116244682e-01
3.437812073011403680e-01 -1.646942036000405007e-01
-3.285497579179506022e-01 -1.746261870799866722e-01
1.095976316075575330e-02 -1.646325222537191602e-01
1.866745910179756773e-02 6.789910952775068953e-02
4.844787364812638275e-01 -1.499837422761317596e-01
-1.389547761198643983e-01 -1.482194689905484974e-01
3.862407542747259281e-02 -2.957794900622203738e-01
4.863235572206492385e-02 5.805157995621701428e-02
4.185168781481318767e-02 2.055172496022295014e-01
3.127591577275928847e-01 -1.718663803605019469e-01
-1.097204888400218348e-01 -1.632978374217816109e-01
2.579625435635679587e-02 -4.141775162251041253e-01
-2.872747319770750929e-01 -1.726845728902940413e-01
-8.485494608221499924e-02 -1.840665973708673908e-01
1.133150276359098374e-01 -1.357519475036642609e-01
1.262207491853699626e-01 -1.882102858431272674e-01
1.704964738274685754e-01 -1.612030844826048970e-01
2.682123722076077410e-01 -1.525004304128709798e-01
3.193478717099791364e-01 -1.649815911837290150e-01
2.786559680359135260e-02 -2.556476332668831120e-01
3.415116319759392560e-02 4.502073305853848684e-01
2.130001505481700086e-01 -1.749237313524772963e-01
1.980367681900163657e-02 -4.044689436708391872e-01
3.374615491397020550e-01 -1.783437151311878521e-01
1.596448212894880925e-01 -1.532345407910523649e-01
2.898776526859181413e-02 4.790471292908338174e-02
3.330147485083979619e-01 -1.824633016492843707e-01
-6.671296418951422336e-02 -1.619792913921526134e-01
4.083370617441883788e-02 1.939832340851236347e-01
3.838625531608297337e-02 -4.188047333908971881e-01
-2.988409048228612974e-02 -1.357589030874370994e-01
3.539906320747565616e-02 -1.831223285868072148e-01
-3.084400829973097391e-01 -1.686818450275661130e-01
2.855398341738801804e-02 -3.429441440870500957e-01
6.314590078916892946e-02 -1.769557390597301660e-01
1.371892548325919226e-01 -1.536862134392000812e-01
-3.492928190567756719e-02 -1.843181946654417480e-01
1.361685781025989694e-02 -1.681236322588062215e-01
3.139914779710117898e-01 -1.867423625892320471e-01
-6.263023478596763116e-02 -1.350094261973584508e-01
-3.583897782330679460e-01 -1.740456152338289986e-01
-2.380422041828633706e-01 -1.368891557236967538e-01
-2.769092673690759510e-01 -1.698651122812521175e-01
-2.291095942838172750e-01 -1.457837095502567681e-01
3.951023784068177225e-01 -1.427983168624081811e-01
-1.527726421442332505e-01 -1.754610466738688590e-01
-3.782642488895121557e-01 -1.497316275906429572e-01
3.293374257790204762e-02 -4.567649279693325459e-01
4.103398574692792566e-01 -1.840622986490018098e-01
1.348379517052133991e-03 -1.619908252674826521e-01
3.907442086299239836e-02 -1.606479778400430325e-01
3.301982157719921540e-01 -1.371343572354102314e-01
-4.300210011706940838e-01 -1.347955953189485800e-01
-4.772259283747342096e-01 -1.411369927809148495e-01
-1.082839478467468863e-01 -1.769207030563387795e-01
2.600427186050280337e-02 -1.545756333306608221e-01
3.361995968236974885e-02 -1.534436059862017698e-01
2.492826961063410174e-02 2.644353127367798928e-01
4.136748508628940169e-02 -5.566210786889413953e-02
-1.986624380551490487e-01 -1.640987902969541778e-01
-2.878140920409480996e-01 -1.688358209282101452e-01
3.290747047594255736e-02 2.182539024429857033e-01
3.277891378320975102e-01 -1.374815556488471202e-01
4.443408455447905858e-02 2.040647789329520512e-01
-2.289054000869474859e-01 -1.534429255029583494e-01
-9.183820140009957278e-02 -1.887942316818577160e-01
2.023320735398825843e-02 1.305197154286835692e-01
-1.808710430908501143e-01 -1.594379382938352352e-01
2.492959609109735020e-02 -5.085698607836430796e-02
-4.943701366667445640e-01 -1.869482557969607273e-01
-2.160033877553512172e-01 -1.559345718182382212e-01
4.274424681876397569e-01 -1.518528946952251157e-01
-3.400159444839202516e-01 -1.468085229929237956e-01
3.222887565520091702e-01 -1.844420042832002338e-01
1.728265242466148210e-01 -1.716715714408247884e-01
4.818658791652219442e-02 4.103930682502570093e-01
2.909584802678666371e-02 7.527578898678233266e-02
2.427455736329209302e-01 -1.588996926780259500e-01
-5.975199653531770849e-03 -1.487153190163365002e-01
2.766678144120351401e-01 -1.881031694021240153e-01
1.908078931692780422e-02 -1.389139745669470960e-01
2.307557262334680726e-02 3.859140418337284606e-01
-3.740650299623093922e-01 -1.405984740591194049e-01
3.760547785369527940e-02 -3.459972578479891814e-01
-3.419937383819193766e-01 -1.751879358793817509e-01
3.396725820198953638e-02 -1.238424401553969156e-01
1.930677803453806352e-02 2.213463390338891168e-01
4.899997993437843480e-02 -1.278633005424859581e-01
2.551362387975164570e-02 3.140497009623095526e-01
9.918409168449882074e-03 -1.755998179576203633e-01
2.964703345558171721e-01 -1.638297295713504464e-01
3.505084354934207003e-02 1.123450255101254847e-01
-1.588629340019171998e-01 -1.480986657850875687e-01
1.785815247525880389e-01 -1.568501158626306458e-01
2.606445667212691220e-01 -1.490794894437074136e-01
-6.448922241444077219e-02 -1.669782775349698545e-01
1.169942513847662680e-01 -1.717704767839838276e-01
-6.424924539547571811e-04 -1.413910287805862920e-01
-1.255162048376980977e-01 -1.862864157002901422e-01
1.036513473135683983e-01 -1.764185384998188111e-01
8.552793616018905531e-03 -1.706181197678943162e-01
1.120016281289800686e-01 -1.858107200843068796e-01
4.475531400283760952e-02 1.385302541334010318e-01
3.346908748838325343e-01 -1.532131562395354640e-01
-1.937174255896928488e-01 -1.837944547067924539e-01
-3.836520522900631613e-01 -1.458915149745931839e-01
2.142387791468447489e-02 1.580212792266479926e-01
2.413386596805966455e-02 1.417258016690662314e-01
4.117322005088197567e-02 4.392214827195440874e-01
-1.463161124516723088e-01 -1.409063823329745890e-01
3.226252959849119639e-01 -1.887129851878992515e-01
3.020171941594819165e-01 -1.458146455637648886e-01
-3.173844283183306914e-01 -1.604573744355549669e-01
-1.880112971393451682e-01 -1.719218131156176055e-01
2.496155116356069126e-02 2.174249761257581737e-01
-2.683839714893976325e-02 -1.350312864254074041e-01
-4.360897391640432552e-01 -1.327590309079198505e-01
7.491783379549155075e-02 -1.659077118824576758e-01
9.686852217028052436e-02 -1.579737215539163131e-01
-1.209173491659277788e-01 -1.613914898775731244e-01
4.241918722540471975e-02 3.913056025844076080e-01
-1.834877514217497785e-01 -1.851285160848890055e-01
2.527534261395334436e-01 -1.474640678829804985e-01
3.097863924586641282e-01 -1.781034774362962869e-01
8.607004845096022372e-03 -1.699133413081356236e-01
-5.038302864144439397e-02 -1.781372474698551533e-01
3.947284578489842488e-01 -1.805934218658238333e-01
3.971661344581334241e-02 1.508689558694131794e-01
-1.598005296643056905e-02 -1.421116857426477642e-01
-1.484282446631390862e-01 -1.768301693946588982e-01
3.764510787030748151e-01 -1.890626946443025869e-01
3.872892832600596247e-01 -1.430542073270085757e-01
-4.194780598357412682e-01 -1.828969984823110018e-01
3.698748760147794190e-01 -1.590705228551038131e-01
2.975931065418024879e-02 3.729680601352887148e-01
1.022684392353366833e-01 -1.873999834254420627e-01
4.016027829976076546e-02 4.870518920201890589e-01
-3.433079287097426935e-01 -1.758618428500614561e-01
-1.453118747099011454e-01 -1.651232129264431636e-01
-3.491689929178508622e-01 -1.518481282107922992e-01
4.665739005543629858e-01 -1.809187099825870781e-01
4.412809650726179367e-02 -3.121002617903332332e-01
2.737138130511999057e-01 -1.659851604961039007e-01
1.659328659851921905e-01 -1.404828712844026217e-01
-3.268903909859410817e-02 -1.631038467179546370e-01
4.410067053544797222e-02 -4.471218730534763930e-01
3.560126865852564215e-02 4.793027729566445849e-02
9.207507537365033912e-02 -1.335390858385113733e-01
-2.405316985407501829e-02 -1.499453152418684931e-01
1.752562824019321397e-02 3.065046890644682609e-01
2.191442165222134975e-02 3.933973251179756492e-02
2.644406607999094660e-02 1.815948701732915671e-01
5.962217073419506796e-02 -1.627708202761767309e-01
4.978652485834554886e-01 -1.462468206817548744e-01
2.765049205370417873e-02 2.337823597664595576e-01
-1.465406429785824916e-01 -1.602091042151895239e-01
-9.579744593229744254e-03 -1.865045242019023330e-01
4.647690238648771732e-02 -1.620425397973963566e-01
-3.785401532093934929e-01 -1.884323334517076232e-01
-4.895900382608945334e-01 -1.881034763891726858e-01
2.970648538464748523e-02 4.715148171276385414e-01
-2.048834563536118258e-01 -1.516953052211894581e-01
2.128117705385368374e-02 -1.055884707113441401e-02
-8.689387037689733084e-02 -1.457044004576224516e-01
1.933128458990474030e-02 3.657035308327358791e-01
-3.901486296237424156e-01 -1.879515400072101494e-01
-3.858637086290661600e-01 -1.759986535443823774e-01
4.760381435643397108e-01 -1.700163512939679711e-01
3.763069382499895088e-02 1.027370695524703059e-01
4.543034022455928467e-01 -1.793225517389005486e-01
4.331830907994727031e-02 5.347896645578065211e-02
-3.370949119678953165e-01 -1.736995204229000445e-01
2.685504149686579467e-02 2.573127436161670722e-01
-1.116031530731566024e-01 -1.846863498970831019e-01
-7.371090736418839384e-03 -1.332715123769043775e-01
2.402409460644938655e-02 -2.862220087242647315e-01
-2.628772305405802090e-02 -1.880364675370549410e-01
7.053390249807944823e-02 -1.873009919955015423e-01
3.659457270138637419e-01 -1.513342830824402352e-01
2.412873581818897328e-02 7.101445997151500933e-02
3.613463901873581463e-02 4.158956640833396667e-01
-2.118805706876254469e-01 -1.334909520114089254e-01
4.282200046281650074e-01 -1.686001195573069156e-01
-2.638124531818509810e-01 -1.532505877539160899e-01
-2.503277541569048914e-02 -1.857786935017977648e-01
-4.829260635821441827e-02 -1.553903008204008396e-01
4.842322312058466860e-02 1.728252414191174813e-01
1.032928959260424051e-01 -1.706004257380001610e-01
-3.672024151224195787e-01 -1.361876595374545973e-01
-4.785052618298298865e-01 -1.372238048240077557e-01
-1.490529918077866389e-01 -1.799686678091876324e-01
2.733350163569892022e-02 4.301143618902861787e-01
3.294153170842373246e-02 1.705412596058708541e-02
3.025078908519962528e-02 -3.975139997953669457e-01
4.757408279640207294e-02 3.256751204676269218e-01
3.884668656588496916e-02 -2.417818367802151425e-01
4.289805812182911904e-02 4.657330350842348032e-01
-2.432177013133888233e-01 -1.390108682641670867e-01
-8.252259916053006350e-02 -1.565191488601751502e-01
-3.988910947163222254e-01 -1.887740008413761883e-01
4.548850357951768064e-01 -1.644115118509263951e-01
4.498343478788261462e-01 -1.864731554150034221e-01
2.927124812843804325e-01 -1.634910844163949273e-01
-2.084424754923285272e-01 -1.590275781399073107e-01
2.833200502503363527e-02 1.225705412746594947e-01
3.847037939579622812e-02 -3.019291375892558804e-01
3.329459844704761862e-01 -1.394049671059932605e-01
3.039311681257290676e-01 -1.327181776557502246e-01
-6.794477904273099611e-02 -1.410993528660428042e-01
4.838719811779335078e-02 -4.442749254700859574e-01
3.022549826790368321e-01 -1.766054270948699267e-01
2.110497098509158675e-01 -1.440708046334393533e-01
1.859885046690156196e-01 -1.673628091704760790e-01
2.268794806025256072e-01 -1.506953429418703694e-01
9.198080438895805955e-02 -1.707024957066812787e-01
2.045361424781921844e-02 4.400230194752037249e-01
-2.958337492248372946e-01 -1.390532768401008257e-01
9.184939165899652647e-02 -1.645592193068367015e-01
3.817407588123389317e-02 -6.506024810025157201e-03
1.308710428521254743e-01 -1.732595573610299367e-01
4.564680945208909879e-02 1.676334332109501446e-01
2.664024827397304396e-02 2.100990450534828691e-01
-3.974980245657944167e-01 -1.336195386560354859e-01
3.885496115073949763e-02 -4.508167343948003003e-01
1.358246887849831053e-01 -1.468523928707700099e-01
-2.327705779067538172e-01 -1.357594616238140262e-01
4.455257745457841256e-02 2.357739320528811078e-01
-5.946098388563758608e-02 -1.888755536156493386e-01
-2.414607165992033178e-02 -1.880699055668110242e-01
-1.159270361863133925e-01 -1.799548084026321160e-01
2.122535375084352305e-01 -1.368641265081357306e-01
-2.411969097368357184e-01 -1.593830072504901496e-01
-3.801347505517914671e-01 -1.639466838631935541e-01
3.778797753189477859e-02 -2.372260467706207576e-01
3.150929817529448673e-01 -1.738638533840205502e-01
3.408974812450221714e-01 -1.601623416996629246e-01
4.344876141023190641e-02 6.140460033326611278e-02
-2.238981559537639443e-01 -1.372377968907082524e-01
2.541578992050297359e-02 4.372536833457533190e-01
3.490586873866751150e-01 -1.861377670968002995e-01
-4.816114875379118310e-01 -1.460657256540737192e-01
4.005362872888784675e-02 2.370210945194285435e-01
-1.545683580661513234e-01 -1.827750357260328196e-01
-6.021555818120472026e-03 -1.578900790422681499e-01
4.169034011549547225e-01 -1.371339186355159390e-01
-3.872475398489971798e-01 -1.684214690463483599e-01
2.445692850903886661e-01 -1.800757893120119579e-01
-9.513916581324566302e-02 -1.568610663964765672e-01
4.398465735568775070e-01 -1.399724626245850700e-01
3.934100065272072566e-02 -1.983797693934832296e-01
2.373894985755942155e-02 5.076554943536137898e-02
1.551068468156981961e-01 -1.880450198415979379e-01
-6.542773143193703067e-02 -1.671164292334063051e-01
1.963070888745566123e-02 1.686681383576847937e-01
4.783846312869994843e-01 -1.339928663912978157e-01
4.654206214827705246e-02 1.739767188997312086e-01
3.909502824828781087e-02 1.632035459761612683e-01
3.766573149217289362e-02 -2.826178593472485900e-01
1.819686490621277297e-01 -1.581387387629956676e-01
-4.066251680827783765e-01 -1.773090792129820015e-01
4.195582116174316756e-01 -1.850370014654221240e-01
6.206993929472448546e-02 -1.769748993950397420e-01
1.090056603458239293e-01 -1.760591525951868963e-01
2.963472109010589772e-02 1.817792970282223752e-01
3.194102306338375552e-01 -1.794871658614731746e-01
2.498162241431423070e-02 -3.664315328891296630e-01
-4.189260977643884942e-01 -1.695522174684235273e-01
-3.659178921698069686e-02 -1.686614533594817944e-01
2.090107185807987822e-02 -8.971158295701375796e-02
4.539237388339421031e-01 -1.776273998804296372e-01
-1.801271583116793584e-01 -1.488500961781247245e-01
-1.924889572773106350e-01 -1.764490735114786490e-01
4.169503729313395191e-02 4.025544778839567073e-01
-1.669937914788591771e-01 -1.782772850269315201e-01
-1.367164940631714343e-01 -1.536119573368321944e-01
3.867599201392957209e-02 2.894013713938949905e-01
4.432355633835509678e-01 -1.439074027775656406e-01
9.176515093295123382e-02 -1.587044004621640525e-01
1.868599719704883144e-01 -1.712661776234888356e-01
3.542890421391120537e-02 -4.976408217256345079e-02
3.166013873313977545e-02 -1.169979169556071286e-01
4.432051197122629516e-01 -1.817429867037401170e-01
-1.872828433078590482e-01 -1.715968313312398186e-01
-3.257958301601570072e-01 -1.407034369126114459e-01
-2.895590609284336425e-01 -1.887598213510132128e-01
-2.953445178497000612e-01 -1.395992317785327286e-01
4.029739275473154247e-02 -2.720510534303769434e-01
-1.621739349292212751e-01 -1.698745419692582193e-01
-2.136924835795480648e-01 -1.426780736056550980e-01
3.631918976881221006e-02 2.452630779559166196e-01
1.772569235342900118e-01 -1.466497621648655825e-01
-1.928100337981782930e-01 -1.417196514322446310e-01
-3.249138679840600785e-01 -1.611596349204650336e-01
-3.456238413860679426e-01 -1.794173037353525846e-01
6.149778314937259793e-02 -1.558331837136015530e-01
1.977322803662679984e-01 -1.463261741705496055e-01
-1.421190184970860804e-01 -1.412362831421153375e-01
-8.908544542445084868e-02 -1.456529504363152094e-01
-2.226932524511012756e-01 -1.880692775124189753e-01
2.097868437776404527e-01 -1.391416851811250188e-01
