4.163794525884090270e-02 -2.757445131239588676e-02
4.599945943894434564e-02 4.201563068225881992e-01
-6.177918488379807727e-02 -5.940803792855542387e-02
3.595420249233671761e-02 3.092944849167754695e-01
-1.552696595028411064e-01 -3.839726611310823046e-02
2.518639465124767884e-01 -5.122809676458028871e-02
5.270075984473954200e-02 3.506428362824274281e-01
5.278043892498018863e-02 -6.764780811585491271e-03
3.572762645437501661e-01 -5.842765393945936747e-02
5.050893146844637194e-02 3.931364692137148120e-01
5.559121532844724101e-02 4.579512420760215585e-01
4.093463383037482251e-01 -3.671880795378235085e-02
9.115228576443090702e-03 -5.629173678711907325e-02
-2.235456249093566994e-01 -4.255548015672827589e-02
-1.463491231411351290e-02 -6.282066745396797103e-02
6.261398953482422147e-02 -2.690953633013962731e-01
5.117259065089407866e-02 -1.492688567195379346e-01
-2.838956405248180825e-01 -3.962842380372322282e-02
1.040319717738759087e-01 -6.354989052549797623e-02
3.810928181072048559e-02 -3.685267754762167058e-01
3.531441807393564947e-02 4.633535375324138172e-01
-2.001773623876601516e-02 -3.838649993523457482e-02
7.337741498336569634e-02 -4.997780126220574548e-02
-1.824834302744111625e-01 -3.991486855302039949e-02
3.654859100079899115e-02 -1.016689735146596441e-01
6.257063233115123246e-02 3.663473027958880079e-01
-1.448605092255328408e-02 -6.931900661931411634e-02
-2.507108916621526573e-01 -3.691278624526850294e-02
4.251297045960100718e-02 3.883997920460250386e-01
-4.020506164380358571e-01 -6.856830363466914768e-02
-3.477205039325500513e-01 -6.755722542536335418e-02
3.776369683379254827e-02 4.393124541643237402e-01
-3.009317449133721567e-01 -4.634647066066610588e-02
-7.243693246349491854e-02 -6.304749248364271974e-02
4.423114143341011495e-02 4.307538637042058749e-01
5.640272222750342124e-02 -2.619092519828907228e-01
4.161998566870279692e-01 -6.862515722714268573e-02
-4.191152820731236517e-03 -6.675183033243425879e-02
5.726693105616087465e-02 2.378637828839247348e-02
-4.170009701414301162e-01 -6.406032880155720921e-02
-3.373373614684601618e-01 -6.348077042009803161e-02
3.864594945406478743e-01 -5.255567129810900795e-02
-3.360301711375065503e-01 -5.260322248748783291e-02
3.570768342518841898e-01 -3.723349215693816383e-02
6.262199603087315047e-02 -5.457680495056715930e-02
-4.699374999206775705e-01 -4.606361742268805237e-02
-9.784691491053409962e-02 -4.060746301651940726e-02
-1.919166402418327477e-01 -4.768778737589540739e-02
5.570057131182326593e-02 -4.496606194361469910e-01
5.929800235662507912e-02 -2.239692446945958926e-01
-1.301232423132752114e-01 -4.624690221667915324e-02
-3.642999508900397476e-01 -4.264283749685759961e-02
1.589327878758073354e-02 -4.509925053500751790e-02
9.852797110653788160e-02 -4.702891564374089839e-02
-3.689425769945222644e-01 -6.910955974195520657e-02
-1.510402646463471221e-01 -3.847662512630456444e-02
-4.016756005775871108e-01 -6.367005187744145811e-02
-2.508151865834011840e-01 -5.998462230259782313e-02
6.450899195792936247e-02 -1.707440422965607052e-01
-6.873154766586409004e-02 -4.340381879143406785e-02
4.029135398190231143e-02 -3.863245492623248456e-01
-1.046502532082368431e-01 -5.887481943901584636e-02
4.669798563719418372e-02 2.102932582504656311e-01
-4.144580458398413603e-01 -4.520282273706532905e-02
5.417436838740585792e-02 -1.918486079104275710e-02
5.910074745654636530e-02 -3.967235819633084803e-01
6.549315632005658916e-02 -1.024340091806842379e-01
4.373055752309643607e-01 -6.739571917190301242e-02
6.611280180319434319e-02 2.796971071618856719e-01
-6.658735899825873883e-02 -6.054681629770630735e-02
4.435370498826962660e-02 -4.878508868846731517e-02
-4.824742572886732139e-01 -5.206118410642546213e-02
3.486967811976748877e-02 5.972484833221414213e-02
8.859931165854240120e-02 -5.698426441608928084e-02
3.958888552581946163e-01 -4.810023120477135983e-02
6.822351339007848292e-02 -1.002060062120758710e-01
-1.681161068346045395e-01 -5.024138929515220564e-02
4.097046326377817849e-02 -1.025564535727429005e-01
-1.985907233372621317e-01 -4.555538753040888622e-02
6.511000427158841752e-02 -1.985875541667778688e-01
3.640542412720304544e-02 3.219824669670424688e-01
1.004433720096519211e-01 -6.877223339816218584e-02
4.545286994246455770e-02 1.520512232762690763e-01
-1.500268004379369247e-01 -4.166872213827266247e-02
5.849215996172674181e-02 4.954645846442481405e-01
2.252618321720982753e-01 -5.481215022301066941e-02
-4.717596096156465579e-01 -4.945911401347558023e-02
4.172857522976056721e-01 -4.249427921242832085e-02
-4.246598490071185061e-02 -6.423766382083351267e-02
5.144814828625021708e-02 -2.598919252431731719e-01
4.218814601265674646e-02 4.027450255482194486e-01
-3.521994234583855077e-01 -4.739619676396600312e-02
2.494398623259321823e-01 -4.210826558838054456e-02
1.868773206446817658e-01 -4.460198171679130574e-02
2.812878429617180487e-01 -5.938005447049587993e-02
6.670875057887637460e-02 4.261094784199224161e-01
4.645614353030647070e-02 -2.025848893271924300e-01
3.823945300593800667e-02 1.345611646820531471e-01
3.090933022944863939e-02 -6.486419297719048238e-02
-3.939864944628493904e-01 -5.283220463914461984e-02
4.417805971278732091e-02 -4.755483665431400331e-01
-4.444825745631220126e-01 -5.796661399159885875e-02
6.491750126693041079e-02 2.702645564103711706e-02
4.728701536034557451e-01 -6.302522534843757462e-02
1.538847717152335148e-01 -6.193870089026720649e-02
3.005542508985792338e-01 -4.512624348507598970e-02
4.744627046052096730e-02 3.431315672964307950e-01
-2.474223207861587781e-01 -6.246008431574079367e-02
-9.734580607936360597e-02 -6.078837181959217961e-02
5.312934768064270230e-02 -2.682802816005461777e-01
-3.389832849404588178e-01 -5.919524212017912568e-02
3.937537132371771165e-02 1.429242655578296661e-01
3.471517504877297267e-02 -3.335937984587888927e-01
3.699560260382739330e-02 -3.877761791246914225e-02
3.639650202886812735e-03 -3.792347830542697196e-02
3.760056660261978934e-02 1.010534328301795348e-01
6.767711501177298139e-02 -3.917356479183353724e-01
4.831524488467486833e-02 -1.557947164658031181e-01
-1.152260555141840781e-01 -4.918978120408790122e-02
3.950238475398470950e-02 -2.712266386135776530e-01
4.484525078721020019e-01 -3.972360406577246650e-02
-2.887819655195748014e-01 -3.755143181418363341e-02
5.517234888164102014e-02 2.499206492884354924e-01
5.434864217711443679e-02 2.310410808661587101e-01
-3.879886589505997518e-01 -4.933468850424815866e-02
6.882689396824959172e-02 -4.556898918982943414e-02
4.519305223115233083e-02 2.324869578465481590e-01
-3.238690192058574224e-01 -6.181123905771812588e-02
4.515375723158248089e-01 -4.680266157981838315e-02
4.638997349137652382e-02 3.620543767406790847e-01
5.436685145234010363e-02 -4.839562195045223891e-01
-6.659047110212046316e-02 -5.230904801965896578e-02
-4.208447970572439800e-01 -5.748027237731234695e-02
-3.920583306822584824e-01 -6.000536685639090706e-02
2.060228088044587791e-01 -4.383635045475431369e-02
6.090647303087481923e-02 4.961278131598598762e-01
4.385669952323645315e-02 2.356875362815084030e-01
6.766616486024867871e-02 3.731874804417429914e-01
1.278322330345997848e-01 -5.395840941197627139e-02
4.602091623780957264e-02 -6.083874269845535032e-02
3.760213426141328918e-01 -4.532079580813019870e-02
-4.152281896573809528e-01 -4.651958661065425105e-02
2.813140821911563894e-02 -4.682700940796125089e-02
4.065539732290890385e-02 -4.343417136981397864e-02
4.954808542646826908e-02 -3.220364717149220013e-01
-1.042270085863502560e-01 -6.097784283769536184e-02
8.433622586641176255e-02 -5.026229361415357477e-02
4.636031961853348538e-02 7.983448266960535555e-02
4.122083490999284283e-02 -2.681000904078378877e-01
3.056562119494454777e-03 -6.135044883885854006e-02
1.330585129689415558e-01 -5.076589070493708888e-02
4.451610346697942866e-02 2.244930995839847787e-01
2.293276727998514453e-01 -5.341071961542720459e-02
5.655551657863966408e-02 -4.817435734848422024e-01
-2.057012741238550824e-02 -6.784803875335931878e-02
4.668441712592086290e-01 -5.444850031333503537e-02
-1.372878742056961032e-01 -4.689801404972204768e-02
-1.348352960327753314e-01 -6.477009324652349687e-02
9.697488626694017455e-02 -3.919697202024530203e-02
6.413648942863614533e-02 -7.734614220073210422e-02
6.109696680810050573e-02 -3.995617041181699358e-01
5.850589143650408719e-02 2.542923998307069500e-01
-4.088432231620298118e-01 -3.889434052794360497e-02
3.777445095520004514e-02 -1.101432337347663104e-01
-2.119810343244258322e-01 -4.481458572651064731e-02
6.547601190599161569e-02 -7.041945598047583132e-02
-2.739920119215112360e-01 -5.441184334263970968e-02
-7.700614339593425672e-02 -4.614807251665298260e-02
4.150524888804106860e-01 -5.018607352307180580e-02
5.642690239580405720e-02 2.817687297886796172e-01
-3.115582223135867634e-01 -4.914611226588305737e-02
-1.600688066785060926e-02 -4.593208504729029418e-02
4.240100954989767246e-02 1.181169351930110301e-01
4.422212845058031139e-01 -5.994661652418498132e-02
6.589339329800614209e-02 1.948987120353311564e-01
6.444564810614028527e-02 8.306930953342228641e-03
4.929370659972898139e-02 -1.151359411394716759e-01
-1.998082081382525077e-01 -4.554788245605656538e-02
4.077288663425449045e-02 1.460463980082875590e-01
2.318252631665054242e-01 -6.007652001162955280e-02
3.646605840422354472e-01 -6.865365662013023229e-02
-2.532109641800666111e-01 -5.200380658760606067e-02
6.309908830363897270e-02 -1.170358977122156752e-01
-2.503159531954159966e-01 -4.843332178294690316e-02
5.359830190186321008e-02 -2.029529470379195510e-01
-3.845330563984998840e-01 -5.632993123320351181e-02
6.513726758566495967e-02 -2.503519410918242372e-01
-2.888380706371802553e-01 -5.445849936819591175e-02
1.892376411145061388e-01 -6.537232733891906733e-02
6.428423937695426638e-02 3.205245105930211169e-01
-2.008562648703083875e-01 -4.339527257474506960e-02
2.077819829079722291e-01 -6.434698786540882232e-02
4.982717461771424272e-02 -1.576710498101865365e-01
5.045956221744085646e-02 -1.491335428522425621e-01
6.177594211189785245e-02 -2.157795471644059493e-01
6.590756632014016514e-02 -3.424811905622945352e-01
2.352580067271281550e-01 -6.076484464343223646e-02
5.526945776414859957e-02 4.170840678925002987e-01
-1.499970660028251412e-01 -5.337616009019163776e-02
6.503278745519636139e-02 -3.596304727038738269e-01
1.936049054742720044e-01 -3.838715623955279987e-02
4.936988010164111707e-02 1.547424184484610388e-01
4.649981794376834010e-02 1.489307601096956368e-02
4.025849556217179215e-01 -5.935542987511011059e-02
-3.296903247724553010e-01 -5.036705491723758588e-02
5.418716192667916154e-02 4.917615010328668657e-01
4.272995338379370622e-02 -4.096546578592619170e-02
-3.102264200137540007e-01 -6.214617557966772843e-02
4.569870609351300850e-02 -1.028094570100727134e-01
5.004307892907944311e-02 -2.026490743709499220e-01
2.989711014468440231e-01 -5.387295739665198813e-02
6.525522919414039613e-02 3.947022880744277540e-01
6.034685912566895016e-02 -4.722135819820113545e-01
-1.858017385716831393e-01 -5.663038977164258636e-02
4.037114894653105468e-01 -3.838492680012739466e-02
4.927057344543972484e-02 -3.061061841947883000e-01
4.244775105245346403e-02 4.101311264520542954e-01
-2.238418225487958102e-01 -6.474958362960081537e-02
4.228687568347976322e-01 -5.355282096786229129e-02
-1.486797016705022623e-01 -5.777112352872570966e-02
5.481715314864821220e-02 -4.890941999280495889e-01
1.273811052031375013e-01 -5.900829881394020759e-02
-4.846186901835969341e-02 -6.494177174603987801e-02
2.350276836875154762e-01 -3.646574193341811654e-02
1.566689652226603835e-01 -5.821250604381977833e-02
5.771289341641461235e-02 -3.761731962859475864e-01
3.773401809108101190e-02 1.444836127957649374e-03
4.635145224598422597e-01 -6.421765996588246761e-02
6.162022567091751668e-02 2.445415751385533465e-01
4.076562916809511883e-02 -3.744638673945791529e-01
4.109553360718221082e-02 -1.409234447775838950e-01
2.307586894390630805e-01 -5.528826270776232565e-02
4.206616239333849094e-02 1.258304088773876117e-02
5.498599144873128619e-02 4.990222892629324614e-01
-2.528974634695002610e-01 -3.653687680286399342e-02
6.566217180112088325e-02 1.821236835217627803e-01
-1.461569481413818039e-01 -4.885857592279418959e-02
-2.128821601756998305e-01 -5.209604813009827140e-02
3.229694341369745425e-01 -4.303320915421016135e-02
1.484567622040687818e-01 -5.904822044405921844e-02
2.858802430885781787e-01 -3.692463314484872861e-02
3.863050945862489538e-02 -3.671162682251994935e-01
4.605928872647999661e-01 -5.061388509890851761e-02
-3.452142637321043983e-01 -5.201205318516510800e-02
1.446432249031418538e-01 -4.885940089828744171e-02
1.360656828025982312e-01 -5.635926714456407360e-02
6.108497689091463290e-02 -4.689495683794728809e-01
5.185394068857096528e-02 -4.005835994525003274e-01
6.043680256182915045e-02 -1.233713486568492890e-01
4.265159860391976032e-02 4.927472096410939750e-01
1.925143857894026089e-01 -5.280494841912508619e-02
1.322688002659898610e-01 -4.031593788732412698e-02
-2.666799047255642430e-01 -4.538147164992567539e-02
4.501061882877220865e-01 -4.882919134023355756e-02
1.586785168722839590e-01 -4.328556174170061777e-02
5.641276277923523708e-02 -2.057112417677867677e-01
-8.621214608054639239e-02 -5.260929161555061295e-02
-3.273847964778252573e-01 -4.882958079915833416e-02
1.544126480449287131e-01 -3.977275525404666556e-02
5.281372228012881642e-02 -3.562699673826732472e-01
4.374517544240985600e-02 -1.214791292709536119e-01
4.979756949713924907e-01 -5.225709437071568431e-02
6.410109270766217726e-02 3.924648869578947208e-01
4.981630750853949241e-02 -1.632267684127001184e-01
4.441583817899195097e-01 -6.486140605664414416e-02
4.009332939609944191e-02 1.886581395390598548e-01
-4.933957598357734398e-01 -6.872998230410520826e-02
6.831011922537777448e-02 -1.752428495411862963e-01
4.106700139476678890e-01 -4.881265346968521879e-02
5.100297708667855812e-02 3.035609152485093665e-01
3.220127829694645616e-01 -4.752746078727088097e-02
4.117442193858485977e-01 -6.316756841028259295e-02
5.331926143093612680e-02 -4.043692804563300269e-01
4.355734095380303650e-02 -4.249788799242648629e-01
5.540105434435482756e-02 3.106803846516968948e-01
5.699741205080588458e-02 3.646278818763089014e-01
5.699737287850004108e-02 -4.985278772528833890e-01
-3.376175420400682192e-01 -4.560106220325343962e-02
5.486840862594866142e-02 -2.077022591506688665e-01
1.308224470038076293e-01 -4.571148552525527986e-02
4.310422359622967381e-02 -1.992723052125395800e-01
4.875093291300758302e-02 2.819158879874843482e-01
4.488399000694154317e-02 3.110385778668298684e-01
5.764377377878471265e-02 4.824313413879283141e-01
2.274056924527654289e-01 -6.234992740352973684e-02
3.727755625387674243e-02 -3.549485137530681289e-01
2.202059688113848779e-01 -5.249043653429197320e-02
5.131857335675593657e-02 -2.435402366436097976e-01
3.798335534080617970e-01 -6.476428929347499697e-02
5.183407658404060037e-02 -9.591619900453862702e-02
-4.571632731712508280e-01 -6.684356634333643576e-02
3.448026119454559169e-01 -4.206098585968487402e-02
-1.936591467668113964e-03 -4.392995738398997041e-02
6.349681182090083364e-02 -2.606813293922209951e-01
3.292702080826013233e-01 -3.690223124615876760e-02
1.490589806255102623e-01 -3.740989685228635064e-02
-3.913080492893231677e-01 -5.791206842080831585e-02
4.747071472332364817e-02 -3.569595056846870396e-01
6.757313748907556317e-02 4.959970883655177021e-01
5.011142813807956120e-02 9.446336362875884518e-02
-4.103443779393575186e-01 -5.436028897510680746e-02
5.973828274356218770e-02 -3.481352259163399410e-01
6.129407702513056666e-02 1.092671647104932475e-01
4.523432915666376619e-01 -6.118935304122186114e-02
3.304792386220967160e-01 -6.596651922149188163e-02
1.635203421182243044e-01 -5.642012779386984533e-02
-3.223448789549399063e-02 -4.827406120924937483e-02
2.689759257860659947e-01 -6.767862730054152731e-02
5.658771559692699071e-02 -3.895515744179789408e-01
4.763270165424915437e-02 -4.814459172183260804e-03
3.968896247591302551e-02 -2.597439560406762382e-01
5.116825242971356769e-02 1.843571617364506698e-01
6.723456747180311943e-02 3.996103932963115390e-01
-2.657895780101362515e-01 -6.148426840001863791e-02
-5.391913858803620840e-02 -3.627257878707146332e-02
1.063447395899607129e-01 -4.757111000980929205e-02
6.376004236639165601e-02 -1.617588123343071116e-01
4.362935898663744538e-02 -2.827503305079592799e-01
3.192721620233832658e-01 -6.429329532947958281e-02
1.358973349234117167e-01 -3.921516786859824411e-02
-2.149595856196806487e-01 -6.524538001260304920e-02
6.148481906533276309e-02 -4.299623098378473340e-01
4.479875278744238631e-02 -1.244964699269803798e-01
4.579088215183935162e-02 -1.015899810479971022e-01
-2.918972999745145236e-01 -4.451045274515641470e-02
6.536625910483284674e-02 -2.639929777807390465e-01
3.483178640000694770e-02 4.927271562131954052e-01
2.287152059128078063e-01 -5.173685969996122402e-02
3.423247892061900277e-01 -5.140138940671223899e-02
3.059610051006477205e-01 -4.129653563092106072e-02
-3.278787970354307690e-01 -3.790184999236834162e-02
2.379840904190078099e-02 -5.468440625567838609e-02
-3.793730246871107603e-02 -6.364471850589592528e-02
3.290153302234597454e-01 -6.733736021960312623e-02
-2.148633758584206355e-01 -3.606485438879625249e-02
5.858301647648556099e-02 3.419297057597149303e-01
3.550941762025239257e-02 -2.651795964693735019e-01
-2.687266460512739430e-01 -4.394966064538607942e-02
5.627683983768516640e-02 -1.864888617302573603e-02
6.187610456535486136e-02 -3.269188067632411432e-01
3.789640228760848828e-02 -1.113753208793969440e-01
-2.630311036032720873e-01 -5.406974525107510754e-02
3.619158281276835254e-02 1.877874142420024040e-01
-2.634349046612606271e-01 -6.705447801142927489e-02
2.065402288371478434e-01 -6.918943775773844784e-02
-6.591426580613402031e-03 -6.311643360931695756e-02
-2.245132297351859485e-01 -6.476019242217645466e-02
3.857936579799703392e-02 1.935214548804754520e-01
3.221556315793316916e-01 -4.394194140256424408e-02
-3.195205446557158879e-01 -6.936545148151751494e-02
6.287765890493779430e-02 4.116809256271396489e-01
-3.046495702731251143e-01 -4.710811159475891685e-02
4.470905132918490121e-02 -2.939246565099794539e-01
-8.137216167483307672e-03 -4.987705795254626651e-02
