3.450639194367952634e-01 2.167405430531823551e-01
-3.831130670103489733e-01 2.195566149781684739e-01
4.502002052510212238e-02 1.890415580958467734e-01
9.082612077324592192e-02 4.998377820401523897e-01
1.599146901691140821e-01 1.876581942987858298e-01
1.030415833391175040e-01 1.314400754395678161e-01
1.488898509965664863e-01 1.576509647883799214e-01
7.652625210026464675e-02 4.198910364580431542e-01
-3.591986484142761782e-02 1.732687404666438669e-01
1.048056524954602553e-01 4.382357061549712052e-01
2.190579475406734256e-01 1.834118219551194029e-01
5.636620257247682009e-02 1.955761926875747569e-01
-1.033072285335269180e-01 1.810070893075327314e-01
-8.755267849106440625e-02 1.968554981752440591e-01
2.507786581902915479e-02 2.169320698130177139e-01
-2.060017550059684011e-01 2.044480056265530754e-01
1.105729507260803102e-01 -1.302149043963732877e-01
-4.911715819059053745e-01 1.946736739488970080e-01
7.907571251068301610e-02 1.785167874911345320e-01
7.906766858890945660e-02 5.358479093474532995e-03
1.069369429395118365e-01 -3.696992688375942970e-01
8.215352869761360921e-02 -8.491062355120704286e-02
-4.856236152416895102e-01 1.703110379242179784e-01
-1.751960723132475195e-01 2.038210657617431920e-01
-2.485510321853310334e-01 1.874653515447319840e-01
2.394576852460350569e-02 1.682320976202763552e-01
7.578922971983503842e-02 -4.723650476291240130e-01
-3.802539885952519461e-01 1.807662747827508687e-01
-3.375470314189190635e-01 1.628478027113514637e-01
8.647736014157225704e-02 -2.966413614794498610e-01
1.050884255051989236e-01 -1.912032375964565212e-01
2.168407807879281224e-01 2.101689763291316737e-01
-2.777734928854569407e-01 1.936865314974437480e-01
-1.524193472712156439e-01 2.004630323630759436e-01
-2.822135990830727525e-01 1.804395569231748153e-01
8.650790144624076472e-02 -1.597900864711360169e-01
2.539567953909078746e-01 1.832283519643245207e-01
1.159339310998427353e-01 2.780778929324588811e-01
8.880864242126185193e-02 3.713836172756471710e-01
1.328387288511790887e-01 1.971610414698294900e-01
-5.098354109269587209e-02 2.098874258779177548e-01
7.798029245350213134e-02 -1.153163482780329430e-01
1.718861796064709013e-01 1.877539591268615471e-01
1.081319038426535872e-01 2.545718217441398368e-01
-2.445838406769200724e-01 1.674989620257142375e-01
1.052690210058803144e-01 -3.762824100591869447e-01
-3.184738817180807757e-01 1.906123039497829019e-01
8.016779423515185687e-02 8.653806415979214961e-02
9.261653298922889466e-02 1.966944304218731787e-01
6.189593108441560076e-02 1.761832479069398438e-01
-9.017102755654804458e-02 1.616231242214372088e-01
1.100215714601722183e-01 -2.459989105342241800e-02
4.862194686918811515e-01 1.846010658621842770e-01
1.111979433394214567e-01 1.755690559790651362e-01
9.018425949825537025e-02 -5.255867805373637403e-02
3.622098303464236224e-01 2.108585012896895261e-01
-2.286754386605910350e-01 2.165654763935368488e-01
8.562135918606894602e-02 -9.283146657978558203e-02
1.909810348061815599e-01 1.713144117210155803e-01
8.964091841566990126e-02 4.081857915592372876e-01
3.381358234758824466e-01 1.652516289908814162e-01
1.546776726750516140e-01 2.125307640207019233e-01
-1.376694011300912956e-01 1.752178058720262888e-01
1.765513693074233226e-01 1.777193622298515185e-01
8.356501119416848145e-02 7.144168826235752778e-02
-2.634103245289576289e-01 1.696825934321445351e-01
1.069739689832451823e-01 -1.824029926018840841e-01
8.629984173893856525e-02 7.729781108053945804e-02
1.273906588623896496e-01 1.903117429186795828e-01
1.142194181029091427e-01 -4.356685287206666368e-01
-3.316234080157294262e-01 1.918682319804467795e-01
8.476625730683373661e-02 -2.006301054385578597e-01
4.577992394370752338e-01 1.872114935461830498e-01
8.709402253362885649e-02 2.068484544791532320e-01
9.802872638034276775e-02 -2.624928806525030911e-01
7.772027370252065914e-02 9.695509949372949077e-02
1.236992180156665233e-01 1.731538037875901548e-01
9.192647160462896760e-02 2.566145543620105274e-01
-1.347981817311978414e-01 1.961607950263601907e-01
-1.786797055180400218e-02 1.565506521691681918e-01
5.246594775565782687e-02 1.844961392336963435e-01
9.954289323472476081e-02 1.935851007442623839e-01
4.158100271997698938e-01 1.993610821810968270e-01
1.998524155648268019e-01 1.807435489877670109e-01
8.197060430631919470e-02 -4.831013290003344229e-01
4.205838892498703352e-03 2.070393400765204728e-01
-2.635343867469930323e-01 2.113232111482096220e-01
-3.405549851831695118e-01 1.749656859797436015e-01
-3.971305834543111812e-01 2.131507735522440994e-01
-2.664138170380393467e-01 2.168241583894513491e-01
8.239188357923277195e-02 -2.501881533401009161e-01
-2.477536660377384070e-01 1.642625693252629526e-01
1.941499212628520210e-01 1.713226496013262601e-01
8.587323785877309934e-02 2.773845186908938665e-01
1.016825713639795126e-01 -3.114445130535725692e-01
7.908878838468091921e-02 -1.987019605003126355e-01
8.575338490699102589e-02 2.756360314922834398e-02
8.031459611579438995e-02 -2.515308826191939851e-01
2.108827078631634322e-01 1.708552371993548036e-01
6.184790979465126792e-02 1.696674902324125656e-01
-9.865254611414253638e-02 1.731931790771854551e-01
-3.977837208724607221e-01 2.091849919391238766e-01
8.679288856886080428e-02 2.762370101172896275e-01
9.246798392054966786e-02 -1.425559514552254825e-03
-1.635421384101853892e-01 1.750204548196859777e-01
7.871605294996131263e-02 -1.702591127029107199e-01
7.879310408083994854e-02 -7.464545635795638567e-02
-1.845181170042303753e-01 1.641688576138167210e-01
1.608415351819856287e-01 1.863298008797195093e-01
7.959755725546324712e-02 -9.538663741824660036e-03
-3.352183389652877432e-01 1.628459302470102177e-01
9.273165725713516938e-02 -3.718869705431836481e-01
9.379052953971611650e-02 4.746116825538829742e-01
8.316486312161697203e-02 4.408417477778872051e-01
9.999650983382080138e-02 -8.182454170515296443e-02
2.921355296894342368e-01 1.941229000181942110e-01
1.075456670191635711e-01 -4.698135918458982152e-01
9.469027000000918015e-02 -6.826925168457076420e-02
1.172539093872119187e-01 -9.485779723651655004e-02
3.873593316314032364e-01 1.613431334355990288e-01
1.089628328135573421e-01 -1.670083151395799215e-01
1.102989510703381582e-01 -1.161866209403256134e-01
-1.894326189825676909e-01 1.746349640898365863e-01
9.408783229037953610e-02 -3.588105600955018293e-01
1.929944907053376957e-01 1.620863926143660816e-01
-9.823979156991591299e-02 2.165370150140739636e-01
1.043225996208512196e-01 2.490918252365713625e-01
-4.768409128527182350e-01 2.173385429067751229e-01
1.976430808881377565e-01 1.879087608511732510e-01
2.522995296999933634e-01 1.665673664193542125e-01
1.131397333932068205e-01 -3.203879896480891221e-01
1.086831440339913746e-01 -1.545666569117899458e-01
9.864104670835827093e-02 4.670114728835719209e-01
7.625237049503275077e-02 -2.928742035141316258e-01
1.008382230173419103e-01 3.403165965449193031e-01
-3.054021522958544343e-01 1.610129736178050885e-01
9.332547312019567887e-02 1.356871840470377233e-01
1.470839953774516484e-01 1.811490639143014114e-01
2.523332082758069639e-01 1.762173380850347026e-01
4.337463664552815290e-01 1.716175539380890847e-01
-2.828635855791764575e-01 1.742465827032945169e-01
1.103805035274005863e-01 4.472469130022586059e-01
-3.944973207459970821e-01 2.029167814522310209e-01
2.049603775338564304e-01 1.687239880581615781e-01
1.080735055555078761e-01 -1.022874276011132011e-02
9.970185783670082458e-02 4.837950393009529115e-01
1.056381846257475887e-01 -2.464733673047448947e-01
-4.310551337215052792e-01 2.128861296477799758e-01
7.930397769896768700e-02 2.595260336719906746e-01
9.615689435547980501e-02 2.628595591046659630e-01
1.000122790327855338e-01 3.543302087073811890e-01
8.286190495455747484e-02 -1.388929928021607196e-01
-1.216428693357223256e-01 1.956814692067441186e-01
4.277361260739531712e-02 1.742388790558987433e-01
-1.698551900311290330e-01 2.150071942959900229e-01
7.802923661180460879e-02 2.567308173007176730e-01
3.057903027129412754e-01 2.202117399382206298e-01
8.290257498454911556e-02 -2.075218890157327634e-01
-4.557540388888583482e-01 1.914870913268226227e-01
-2.772744722406568219e-01 1.816789602883112087e-01
9.962069685309615785e-02 -1.994669080733617594e-01
1.876693310834148809e-01 1.894712577041263168e-01
-2.355257018181607931e-01 1.919582213749118083e-01
9.387116842653941973e-02 3.256336845706656602e-01
-1.235730195622896099e-01 1.873419079685724187e-01
1.076031813232780632e-01 -1.504495218231735043e-01
1.080689971565221841e-01 2.163905289557574996e-01
-2.256705119920716651e-01 1.999534175257381419e-01
-2.443812530037254849e-01 1.997953209879613778e-01
2.081112778608296132e-01 2.145330411924741831e-01
-1.413272081733880636e-01 1.749493286299311778e-01
3.765277262570302375e-01 1.622393172682170537e-01
8.031673310328890647e-02 3.155660282667552829e-01
7.612874789499346484e-02 -4.732095984725610549e-01
8.196705816470706285e-02 -2.282051274970916532e-01
4.466978411222428669e-01 1.975055413533453041e-01
6.286931199048995111e-02 2.190459207813700848e-01
-7.114518315122653203e-02 1.676337579830572411e-01
1.126337380084804218e-01 4.780302834511063192e-01
3.418907313457433261e-01 1.783987493732762664e-01
4.638987811590051802e-01 1.917720440633637891e-01
1.033689380523575840e-01 3.785341761508256297e-01
2.917083418308008547e-01 1.771525504743844959e-01
7.921653129183081621e-02 -1.166076764216005257e-01
1.155952474359882576e-01 -4.591486044409254230e-01
-1.082339472848717898e-01 1.749521706576985247e-01
8.434723580439751345e-02 3.247152658085687982e-01
1.085003718400936457e-01 -2.983658524760413044e-01
-5.897487054029559861e-02 1.876745016142912226e-01
1.320651805296590986e-01 1.625108781624745591e-01
-3.047606880662367956e-01 1.884047412530703847e-01
6.359370594269342369e-02 1.863696064686399811e-01
9.742938689907509886e-02 -2.677264832171115660e-01
-2.611972162085490767e-01 1.604877385769375442e-01
2.276744322567137990e-01 1.970338091222473276e-01
4.482191827687691532e-01 1.771574278886960396e-01
5.765049313646231077e-02 1.699624717846326405e-01
1.144364038009614282e-01 2.662446188792721991e-01
8.984725795040549023e-02 4.814706418237744145e-01
1.078415468284589229e-01 2.305053679920905374e-01
1.062628475811621120e-01 3.929865843261912683e-01
1.011443573433092880e-01 8.177784029061385684e-02
3.269058542786497101e-01 2.164147368611036848e-01
4.667777664423892192e-01 1.880108089602257060e-01
8.190873352636030003e-02 5.007265828795004481e-02
7.843954277205311687e-02 2.814746492879183215e-01
9.312443316559959605e-02 -3.123343005599756861e-01
-1.725800676216381335e-01 2.014032571408038708e-01
-3.218446669178676167e-01 1.944300220768634402e-01
1.140985218129626499e-01 -2.616354594186187654e-03
1.854081294023208759e-01 2.131787790763934876e-01
7.930645209808662166e-02 2.368166243663224479e-01
8.470201754223094515e-02 -3.094608775546603407e-01
-2.716286190552316127e-01 2.183262609473631821e-01
-2.107609028768586690e-01 1.908281966900491344e-01
1.147979120680742149e-01 1.058339074613315889e-01
-3.086530822404250918e-01 1.862974244588057049e-01
1.023759185323824816e-03 1.892734075276507610e-01
2.163801050286680017e-01 2.157968131632479469e-01
9.895185722153421182e-02 1.823147395060290554e-01
4.490932373483086382e-01 1.986887807876738243e-01
5.261356810981698828e-02 1.860253670651168534e-01
8.185083163866346823e-02 -1.153960747924753782e-01
2.865343007912793949e-01 2.090678022248989576e-01
-2.123065614105938970e-01 1.878544314791795733e-01
7.693131581834966592e-02 -2.484212787687797297e-01
-3.860866717005380089e-01 1.942079263820579715e-01
-2.228545361368171607e-01 1.946315771684719031e-01
-6.554806376180777328e-02 1.897036423250747506e-01
-4.677251222208804737e-01 1.918595512866866359e-01
3.967394802392657516e-01 2.145722333783309788e-01
4.543581601314591323e-01 1.839692417566333171e-01
-2.257030200294073419e-01 2.176198453474236238e-01
9.238019971475175396e-02 -4.830306403926909464e-01
8.351647814990748042e-02 -1.296018090313287852e-01
-1.172120928702751197e-01 2.116667076016872651e-01
9.760829056614872545e-02 1.159945722397457413e-01
1.089230104928246012e-01 -2.223664184126273868e-01
1.140568312322071121e-01 4.742980784243632231e-01
3.840863373600351682e-01 1.805301821565801212e-01
1.029733064515439001e-01 -4.675957035163059716e-01
9.647070329229545660e-02 1.055087790004183290e-01
-4.574629621458906614e-01 2.102752735577210208e-01
8.893944714870238855e-02 -3.976460105414942880e-01
-3.235609073467157204e-01 1.981451791169294152e-01
3.662664091022719282e-01 2.115094764168862218e-01
-3.550482348003333177e-01 1.873921308990439405e-01
1.075379141194997556e-01 1.570413551023230880e-01
8.514264211021638218e-02 2.299694141600614472e-01
-4.122930715138864999e-01 1.914542219540356083e-01
-2.205013128262459654e-01 2.034160347644990985e-01
1.555583375087279396e-01 2.179897126291691078e-01
4.638647870214671620e-01 2.026830860343754592e-01
9.823382401892621907e-02 -4.517914023102662657e-01
1.064342535582016858e-01 -3.252109829346160330e-01
3.312416215712147283e-01 2.143769542429941888e-01
8.282347029436676333e-02 4.227363186885841895e-01
-1.456806896690530095e-01 1.667507641577031796e-01
-1.793864650103428326e-01 1.899363142233529977e-01
-7.451074440548344224e-02 1.944431682832662434e-01
1.043372518211889144e-01 2.341401689590046908e-01
-1.331365658427070553e-01 1.642954494340479465e-01
9.312040238827279381e-02 1.665947394881960308e-01
-3.721331538773394731e-01 1.825456722886383831e-01
4.408835643265169857e-01 1.869187481101374226e-01
-1.425818612237554905e-01 1.578094770078519726e-01
1.295622959473607949e-01 1.574648981022718219e-01
-1.928060230568793276e-01 2.054454161705895343e-01
7.690512238000579703e-02 9.379026913434873602e-02
4.530290001915030507e-01 1.589220546964176251e-01
4.933285196929838579e-01 1.956013196416570565e-01
4.528159820834344318e-01 1.785019593453728293e-01
1.447291712273345299e-01 2.002133021819170189e-01
1.989172201882293267e-01 2.092779215933123771e-01
7.947716706864071945e-02 2.670225893493548552e-01
8.871826553285733219e-02 3.725359339970422123e-01
1.383134228051304815e-01 1.865335393959862698e-01
-2.362176532221631486e-01 2.066927222925650787e-01
9.349530454308996319e-02 -3.010210467463203532e-01
9.299121473844584873e-02 4.222905545923170134e-01
9.373815284430275785e-02 2.748864460238941154e-01
1.114636401567048463e-02 1.916011757283064831e-01
1.081754276616552213e-01 2.242285358344153767e-02
-3.651216983419249829e-01 2.085017480424498082e-01
1.133309379720895960e-01 1.564285836343046743e-01
1.122436677349075707e-01 3.503788769189621899e-01
-2.267950353378770378e-01 2.102366747933394064e-01
-3.738234145750968240e-01 2.018837167457249171e-01
9.989959665801595445e-02 -4.419987544600220142e-01
-2.038655836384557496e-01 1.578809026193003229e-01
8.725402708839946619e-02 -4.742628016555849868e-01
1.142988857260974767e-01 2.457651691181867992e-01
1.080536731226567904e-01 3.831518033758342101e-01
1.968368764200818521e-01 1.872157919514458868e-01
1.021208213361717299e-01 1.493195680507842793e-01
1.838375725271810257e-01 1.613444351461332804e-01
1.131938233477047806e-01 -1.169282032537011240e-01
3.571250226507065584e-01 2.163608824427608601e-01
-1.537510534029279397e-01 1.816009952430783780e-01
1.095462462933387560e-01 -4.227115808147084985e-01
-2.062180619167957030e-01 1.805002677709702796e-01
2.570590077639799409e-01 2.030781442474440812e-01
8.239890374220548708e-02 -4.673544141330752133e-01
2.760296875128194216e-01 2.110991667543851147e-01
4.070694272382231471e-01 2.175356594800995635e-01
8.860075863778760219e-02 3.954346426846792051e-01
4.007404949203493549e-01 2.077179048111019721e-01
4.687066363414238435e-02 1.846689662949843047e-01
7.959044695786954282e-02 -2.798861270589532158e-01
3.458286255001475906e-01 1.714254923552206433e-01
-2.089079497523024243e-01 2.188211930831303054e-01
3.811431908345093156e-01 1.773069551184065507e-01
8.624386503876690924e-02 1.005380392122532385e-01
8.462877211858910176e-02 2.039381000760809304e-01
8.950465741798407926e-02 1.106601771187827321e-01
9.313319044627033083e-02 -4.670408247674233682e-01
1.089806996198430245e-01 9.683056218801111559e-02
-1.147651490295674703e-01 1.863749804038382640e-01
8.489774368585201181e-02 -3.229218067977079887e-01
3.527522866576271454e-01 2.080024806985644181e-01
1.048945566104544369e-01 -3.608150877972338133e-02
1.030376722285895053e-01 -4.978690405598752422e-01
-1.510987273055842683e-01 2.164515317642345948e-01
8.658373553820841728e-02 -1.595365909703549967e-03
-4.525048832678603139e-01 2.039669377521658999e-01
4.625022340236317753e-03 1.803999684718803342e-01
9.473045767521381944e-02 3.244467052592683309e-01
1.117038118235337274e-01 2.501302309258786050e-01
8.107853329524083996e-02 4.521545924517146320e-01
4.223685479812568921e-01 1.972614050014371845e-01
7.908111033739184670e-02 -2.105321930859114232e-01
4.653306254027178568e-02 2.071903000253766391e-01
1.532482851648486744e-01 1.860111803005081166e-01
-3.102055031589336931e-01 2.181137196864227912e-01
9.680349740855054286e-02 3.992327616763733378e-01
-4.453008761084087386e-01 1.654284747236511866e-01
-3.512232552138366826e-01 2.016821868038504162e-01
-3.334641448292409160e-01 1.572944080790709132e-01
-2.190923906068396043e-01 2.061154515249624675e-01
8.048947002079775981e-02 -4.735444179716902235e-01
-2.825517020792079892e-01 1.577947464054155757e-01
1.006667321023175798e-01 2.266182923910661229e-01
-9.531487078879774533e-02 1.937639470162069166e-01
-4.141357229558262354e-02 1.621315359252051280e-01
1.968084790054405175e-01 1.827902824757610123e-01
-3.193774391948633884e-02 1.989043755205248676e-01
7.768229925271508129e-02 -2.649813264649254485e-01
-1.766134399422976120e-01 1.797304049263199754e-01
4.224002956866569347e-01 2.113301863008008041e-01
-6.124290467546522621e-02 1.977119073768113244e-01
1.002245980936442571e-01 1.426968547889037042e-01
1.086858969111215156e-01 4.726887682060073592e-01
1.027618108741293890e-01 -3.753451881504006327e-01
3.727250739218151976e-01 1.943001964877042465e-01
8.063360097316840669e-02 3.759109197802333879e-01
1.156877888279532751e-01 -4.711443263378524149e-01
7.772741915789049827e-02 4.276434935861115338e-01
1.148617072677738937e-01 2.942945214362391315e-01
1.144124509496028397e-01 -1.439456950109969657e-01
4.954388502149272844e-01 1.579462424632311901e-01
4.336745777447870154e-01 1.819006399033674670e-01
1.827687497343198908e-01 1.968465054740718978e-01
-2.103145222761341193e-01 1.836731618434553903e-01
7.957677268278795513e-02 -2.342816747498066565e-01
-4.473217714990560534e-01 1.853512005953519282e-01
-4.680005070112207566e-01 1.612060958042748071e-01
-2.743052534703115386e-01 1.946421101006717835e-01
3.662515076922779889e-01 1.908609228105906386e-01
1.216383933916107551e-01 1.647998197867341919e-01
-1.373709420016195892e-01 1.993806754900901979e-01
2.499758715039868129e-02 2.005780810603978725e-01
6.932643464067034245e-02 2.180052946156204596e-01
3.413511698153536278e-01 1.743742894762244644e-01
1.111927263790352116e-01 -4.348164306160949844e-01
8.684814659512529733e-02 -2.929330569741905865e-02
6.904424421327970407e-02 1.613053098749512859e-01
3.430097736632755634e-01 2.176359142229411514e-01
-3.105245270965362181e-01 1.906044531275773446e-01
1.148295718407634780e-01 5.661467063286440560e-02
-2.971251544050171889e-01 1.657920732116211493e-01
-3.450187540244692430e-01 1.725738335183198968e-01
7.736034295906657476e-02 -2.931567002914429176e-01
-4.188724437142714585e-01 1.659956760377319096e-01
1.018729220642032862e-01 6.496900801683846982e-02
9.280020109953490692e-02 -2.471540388211922457e-01
-6.278202832975909864e-02 2.134961697175611350e-01
-8.848049978814198635e-02 1.764273743242272818e-01
-4.331011759155224405e-01 1.736252608881575510e-01
8.967812541032871287e-02 -2.288691039493957469e-01
-9.976215858058601338e-02 1.973657613732493488e-01
4.323420890880990131e-01 2.095762499280195978e-01
4.031698553527649498e-01 1.922004599734372654e-01
2.262751265785636345e-01 1.916928427375751420e-01
4.128025685910879927e-01 1.898859078364993902e-01
9.065677651819059601e-02 2.016953976542527061e-01
8.112697249443856506e-02 -1.299532243999798053e-01
8.261033595335487423e-02 7.930677567483646051e-02
-1.805837985436867799e-01 1.973622507215607724e-01
8.721250902572519337e-02 -2.372092303215795894e-01
3.114278450386451791e-01 1.614305064884996588e-01
-4.294968335256171832e-01 1.755069726792451990e-01
9.844762841794474362e-02 -1.313290001555866837e-01
7.847654989392693903e-02 -1.609228484826179528e-01
6.118957870214425387e-02 1.583830172251313728e-01
1.142584290757967524e-01 2.800754421551842066e-01
8.251495444214040909e-02 3.658899184225140599e-01
-1.466856710281713161e-01 1.700359521933262341e-01
9.140127240794770902e-02 4.098918153481045934e-01
4.053436819735257712e-01 1.798474408348544884e-01
-4.605867997794618196e-01 1.584818051109470050e-01
1.103524498630282791e-01 2.440612898297699340e-01
-2.396815428984531149e-01 2.014601039485255374e-01
-2.375675947951551015e-01 1.819291462483692001e-01
4.497373070050517674e-01 1.903925057165917201e-01
8.795239689157463570e-02 -3.055493509903159932e-01
1.482525549645470342e-01 1.774875471792051185e-01
-7.346697026163551136e-02 1.920208144432875574e-01
1.014723748186603380e-01 -1.118491447577497633e-01
9.013014306312994162e-02 -3.284979114440639281e-01
9.423641826134443455e-02 -3.817088923070365292e-01
8.489884501909372716e-02 -2.399743980364373863e-01
-1.708811006321725445e-01 1.915790994797741398e-01
1.013384616843072683e-01 4.328709778346288006e-01
-2.990261209704516698e-01 1.677477135169966882e-01
-9.261516001346814519e-02 1.927418668071395613e-01
-3.595075909725988783e-01 2.197443691269209687e-01
4.742322309816180415e-01 1.894771233754888318e-01
1.528737770965277187e-01 1.934608456970461354e-01
-3.797450720748620778e-01 2.113883616198508619e-01
9.006599448148711051e-02 -2.988054487624307587e-01
1.649526796791311867e-01 1.804570435998393840e-01
-2.180500555210497238e-01 1.903665838854201597e-01
1.860488860199254191e-01 1.995700324010964977e-01
-4.834649132344265299e-01 1.989468262401528076e-01
9.721154390670050383e-02 4.493848271381515325e-01
8.003141320578011086e-02 4.736410916136190030e-01
8.109205193817703439e-02 -3.247469184182291135e-01
1.093243478177159389e-01 8.421282736393165269e-02
-4.763877864078219782e-01 1.992768742560466766e-01
3.929007288755269611e-01 1.891473204495438543e-01
4.144043191386151959e-01 1.677287406729452979e-01
3.895264628811476726e-01 1.701525331630295845e-01
4.291697394610202165e-01 2.150486695712269247e-01
8.678507189636941455e-02 -1.246413145563043390e-01
-3.823105692040139614e-01 1.581166883838688308e-01
1.120308726938686883e-01 2.596599596492674689e-01
1.146625609608006302e-01 4.205115715943638088e-01
8.722437384697567797e-02 -1.271924319870758602e-01
1.338848244556161138e-01 1.908830429255827799e-01
1.113740375626791623e-01 1.533554829034919909e-01
3.486358245070754203e-01 1.671241399276984785e-01
1.097081472156502535e-01 2.075150974830611839e-01
1.063774757762958600e-01 9.956507535750869220e-02
4.737558387932435666e-01 1.647432301574307534e-01
9.347167176903492525e-02 4.249774770070988694e-01
-4.638897359131320952e-01 1.939979711501143012e-01
1.610657511258293262e-01 1.781045037095435601e-01
1.124172750040590696e-01 -6.245976124657937056e-02
8.571807284419041828e-02 1.325460997039399347e-01
7.910410210939811115e-02 2.195715357958462066e-01
3.388780086909817246e-01 2.143178372390860398e-01
7.807093369305284636e-02 4.018836321458651994e-02
7.602244411700798121e-02 9.994317005634723028e-02
4.546651359087424682e-01 1.937246058079516997e-01
-4.005357308602730537e-01 2.194888346146620650e-01
4.585853682739339243e-01 2.049422642229131730e-01
-1.893749011207960242e-01 1.717803759194228563e-01
3.265051489974576393e-01 1.731401348912372518e-01
7.578498632790642286e-02 -4.815118215495194365e-01
-3.225252517971772814e-01 1.588145084831851239e-01
2.444180513426177370e-01 1.793960642459947463e-01
1.071164185952326875e-01 -7.338241584288329733e-02
3.549172768768774633e-01 1.858672099549298906e-01
-3.464358637731653756e-01 2.138686178534112692e-01
4.250159361971684868e-01 1.714851756424938811e-01
-3.334082928728998585e-02 2.109195894463323784e-01
1.021772084616205944e-01 -4.260400975856837302e-02
4.623132016926696508e-01 2.002499752420190404e-01
-2.955849175350070412e-01 1.716928433402667986e-01
-1.001094015572978613e-02 1.642624759694601977e-01
3.413302854179128820e-01 1.989928620680200266e-01
7.664014816218556181e-02 -1.361392940244485761e-01
9.427756524070252109e-02 -4.020418549407284159e-01
9.825492123345536122e-02 -4.234481241468750490e-01
-3.443421370429640138e-01 2.170314951748044674e-01
-7.623147098477678352e-02 1.929295944846601829e-01
7.780011617733517681e-02 4.276716513132214903e-01
9.507048050785160687e-02 -4.926965834753447293e-01
-2.179141792253558307e-01 1.725758187656873943e-01
9.848213496314317528e-02 -2.530427512010599012e-01
-1.824549032711509922e-01 2.111808977032301193e-01
-4.481627122319979950e-01 1.630568790046361682e-01
4.341919952253460169e-01 2.187965180952367028e-01
-4.303500815834019333e-01 1.880867467860163345e-01
9.074481648230392494e-02 9.867480818863605396e-02
-4.085645453786106440e-01 1.722521920143702534e-01
1.169878038544840404e-01 -1.702225178278461426e-01
8.519859848809574476e-02 3.355671153169984544e-01
-2.348002855165731706e-01 2.019215333961679182e-01
5.404126738866987800e-02 1.938693406959810517e-01
2.939549146936949464e-01 1.617599176481483436e-01
2.024451008217060810e-01 2.173712563834082623e-01
-6.962737611842928498e-02 1.647487357179728829e-01
8.575869645076628078e-02 3.387167101697415861e-01
-1.267271471971391783e-01 1.935795430449525067e-01
7.712130265110472838e-02 -3.554655051805819532e-01
-3.395571715639131849e-01 2.008794012679484542e-01
4.862438160717146296e-01 1.754068154741099672e-01
8.507237321277050235e-02 3.975934363302158214e-02
7.873173737208594147e-02 4.836307667106787278e-02
5.355372730403951120e-02 2.121211616667757482e-01
