-1.808005988223737592e-02 -4.509104714193934438e-02
1.651522451920029999e-01 -1.745518580815685894e-02
6.514392292799453532e-02 5.833220050499043907e-02
4.807265506232549779e-02 -5.243333146625961394e-02
3.966539219575015984e-02 3.029189205619819969e-01
3.979601445430336337e-02 -1.622736930790550369e-01
-4.306761221530182038e-01 -4.098787091415656558e-02
3.433518712838650178e-01 -3.124889895956106667e-02
4.380008494638426564e-01 -1.838651922022804808e-02
3.894463455711515421e-01 -2.374083480896949094e-02
4.717621588683200695e-01 -2.494175703225565144e-02
-1.619370196430625075e-01 -3.859234850232762248e-02
-2.496667853837541973e-01 -3.945905628039481083e-02
-1.834383891501523145e-01 -1.776975782110512547e-02
4.916044698795485335e-02 -2.948632133196827931e-01
2.950628924960203570e-01 -4.169351818683519895e-02
3.084723153191046841e-01 -3.968072133103694998e-02
4.824641453117195500e-02 -6.182366358652979788e-02
5.150566638352216398e-02 1.178670006072187748e-01
4.962883725011985048e-01 -3.823598698645136462e-02
5.065565597214938265e-02 -2.175486285715797496e-01
-4.863629468323749094e-02 -4.767374851347494502e-02
-4.242938509448719309e-01 -4.660902990800186441e-02
4.383772177854413643e-01 -3.837734761959632479e-02
4.355093076534022334e-02 3.907541821257920489e-02
6.578699458655246080e-02 -2.125647908070016356e-02
5.044330997521573323e-02 3.719970726806842709e-01
5.832960650160134985e-02 8.456092530736325497e-02
-4.726872122712749702e-01 -2.223003249811938975e-02
3.788781893102621812e-02 3.739929485373714169e-01
5.964858644577686331e-02 -1.206745164304496853e-01
3.388314420560678553e-01 -2.920255490495260453e-02
4.461170820135096360e-02 -2.007797815500599325e-01
5.859860745262834847e-02 -2.209283727812065834e-01
4.442711702742129232e-01 -2.186755751427515992e-02
-2.600268969890787707e-01 -3.025793635792872749e-02
6.847704952884514640e-02 3.073363669339009840e-01
3.543318761700691155e-01 -3.605083270190767575e-02
4.959921290462099286e-02 -1.026056719230965530e-01
-5.760818765580288936e-02 -4.076072515263573504e-02
5.603770960692244785e-02 1.488765567201657536e-01
7.074366188284675339e-02 4.539820784480974591e-01
4.233882302865510372e-02 1.038289186174131684e-01
5.068432331346717223e-02 1.764899075959677210e-01
-2.970168583226984182e-01 -2.455042221317238482e-02
3.259717075944347231e-01 -4.804953655548327429e-02
2.400397415881634355e-01 -3.770464853080368606e-02
-7.755145086802173182e-02 -4.648164186877967730e-02
3.919413796407755779e-02 2.066914522865558324e-01
4.305219519690222096e-01 -1.939813132603429580e-02
-1.877732500882950406e-01 -4.162524101404141419e-02
5.059758099366917783e-02 4.717013581563105351e-01
6.417778554932718205e-02 -4.975572053737382650e-01
1.172722531265019130e-01 -3.279550598041569565e-02
-1.975775019223832141e-01 -2.759605875300075173e-02
2.272045415763189746e-01 -2.015141007712306642e-02
-2.209620885636417453e-01 -2.397223887554122967e-02
4.130777410686592432e-02 2.429926188873237081e-01
5.248332094520002933e-02 1.577451155228940527e-01
6.782000169341106943e-02 -1.847919768721422162e-01
-1.852995240181898318e-03 -4.012327233658508074e-02
5.617466541622107012e-02 -1.670558440191848293e-01
5.151993434878432421e-02 3.327177843640007904e-01
6.160256615956571924e-02 -4.773394622173393609e-01
4.429682234134857399e-02 -3.583615559388615424e-01
6.386292317375574790e-02 4.836338410740337324e-02
4.754245264320579034e-01 -4.296287522958619487e-02
5.286247941633193115e-02 1.003099234930853179e-01
-3.070502935417341872e-01 -3.270037760129929083e-02
8.461309025918295479e-02 -2.934187008352506787e-02
-1.647745491578078703e-01 -2.172842928787455108e-02
3.866618673705668474e-02 1.896293485039001192e-01
-1.500229332958818995e-01 -3.424695365612384634e-02
3.765114221065878342e-01 -1.790298932280154354e-02
7.033819846453748248e-02 4.438135614051081923e-01
3.742660080125481681e-01 -3.568028208582041394e-02
5.125864359932919001e-02 -1.714259373243669504e-01
-1.030443294362333173e-01 -4.383905128908771598e-02
-2.065068544957104901e-01 -1.955170806984829479e-02
6.019869525868182247e-02 -4.653197997406544051e-01
6.327114545352463537e-02 -5.690721216459426746e-02
1.644131331183291689e-01 -3.269266449833208021e-02
-2.633737000573013187e-01 -2.769457093387939217e-02
6.622556343880525720e-02 1.351117791160283410e-02
5.602359222476416267e-02 -7.792248131303591840e-02
4.554467191496467393e-01 -4.703290691171158056e-02
2.283839656238728644e-02 -4.812574421184001583e-02
3.027693195619031163e-01 -4.314932967617923776e-02
6.675279294816538478e-02 1.776124980634523620e-01
4.668902533756791318e-02 -2.447831293554758592e-01
7.189785363754108705e-02 -4.906558359771709954e-01
4.711742802116845041e-01 -2.745768164499795549e-02
4.441540685501188523e-02 -3.495276763603683001e-01
6.809862541631706012e-02 2.980450518627313361e-01
6.835182115873894571e-02 -2.236536611363383331e-01
-2.586445857430598183e-01 -3.103301519471735048e-02
-4.224204822237642709e-01 -4.056394223323089854e-02
-1.009440546350348633e-02 -4.216801679679060832e-02
6.646885153563153459e-02 3.899880181731231188e-01
6.285758043227263059e-02 1.600061649083550641e-01
-2.640638392610417107e-03 -4.822678776943756240e-02
-4.891689718495206840e-01 -2.642247723960733374e-02
3.821228897670914115e-02 -1.706204228843083426e-01
4.997417097868247504e-01 -3.162718571285072500e-02
3.891957059304089750e-01 -3.549689983259673998e-02
-1.210293853786402751e-01 -3.660309162108288383e-02
5.700479263371172056e-02 -4.908651207080789725e-01
4.031245882408585057e-02 -1.279083185156655311e-01
4.848094779268374843e-02 9.431600448377519541e-02
5.215455335592600328e-02 -2.756258221204623826e-01
3.809496004105439315e-02 3.880593018811886452e-01
-5.679581840174918739e-03 -2.053388187905136331e-02
4.808471486084664459e-01 -2.280909571132172520e-02
5.212363473847037021e-02 1.954584165982675703e-02
1.676810557168398885e-01 -3.256109809587848236e-02
4.589893144708029338e-01 -2.984666760095078253e-02
7.579855965180293254e-03 -4.456388646404996212e-02
5.813677070116696211e-02 2.224769391122594087e-02
4.063527940328423016e-01 -3.334954439166282203e-02
4.916788098527091755e-02 -3.566216676542169894e-01
2.912538480305997268e-01 -1.834963450806914587e-02
-4.047917689430872157e-01 -2.404796247348039984e-02
8.472892062575521077e-02 -3.155291512655156172e-02
5.824345613488124407e-02 3.402967758243440333e-01
-4.869696886724033114e-01 -2.771629007772091757e-02
4.134078480811775869e-02 4.070576492399465840e-01
4.166929283239376725e-01 -1.711857758734702806e-02
6.110511229285264800e-02 -2.968326002837886612e-01
5.532012099436878216e-02 1.014823293961233386e-01
3.894403508645472023e-02 -6.363437177036257442e-02
4.993075725610462978e-02 -7.477153243462841825e-02
4.961221580184682622e-02 2.117460672317231785e-01
4.628391000102438646e-02 -2.774705422081072959e-01
1.422932177353215533e-01 -4.470671321443608903e-02
-5.009802590988143844e-02 -2.870706808110567998e-02
-1.144042485388263586e-01 -2.089412241927934843e-02
4.254943474788308588e-02 -2.118587265440431411e-01
-3.691938876756377663e-01 -2.444516687989573001e-02
-4.304103703200348185e-01 -4.576450141982868480e-02
6.167130837159440215e-02 -3.437068306268411533e-01
6.144951308451629401e-02 -8.180788592186327701e-02
-4.140663055720150698e-02 -2.686718809064014835e-02
1.971049290230822981e-01 -3.240749862872571718e-02
4.253220211145725127e-02 3.288650945470193987e-01
5.014293864504903997e-02 2.762750542826789557e-01
5.736649039984720311e-02 4.731785190491578641e-01
4.810885862519076461e-02 9.113936070465666894e-02
4.368878756842697886e-02 4.162517827392082648e-01
1.710956164761302523e-01 -2.280505911764418858e-02
-3.895309253345196066e-01 -2.931197075141289687e-02
6.286611554179066808e-02 3.309080314458330285e-01
3.240295654687799232e-01 -3.227929551453501134e-02
3.533464335157426861e-01 -4.041948081553403682e-02
6.066540357668348538e-02 3.359909710375688086e-01
6.611096002710670216e-02 -1.422975327807052270e-02
6.141008318072238570e-02 -1.253095123026524149e-01
-2.721680198791961436e-01 -3.390379134658672022e-02
6.353492693564122273e-02 -1.492069404940066235e-02
8.324920991778272938e-02 -2.379215460555905715e-02
6.958780824895693939e-02 -3.443758607359914681e-01
-3.247806118169493939e-02 -3.380551808444975936e-02
6.231970210541915023e-02 3.114623732859872485e-01
3.149872425202100423e-01 -2.434962383816707820e-02
-4.080773727130162509e-01 -4.682645760048786965e-02
5.009558958306659093e-02 -4.170015163604394726e-01
-1.196516232953114267e-01 -3.508163235647898670e-02
-3.311329472421754572e-01 -2.578416667293326192e-02
2.208429772244241418e-01 -1.733598786161494321e-02
6.656651608122499120e-02 -2.295678455952121499e-02
4.371327379392631052e-02 -2.178593602947981323e-01
-1.572495661790005439e-01 -4.361934612787077281e-02
4.392217590046298969e-02 4.093529779611855268e-01
-2.404475834967089165e-01 -2.785123875717832043e-02
1.166745042704213642e-01 -4.730113941739455541e-02
-2.646572470415470280e-01 -3.604786263421555503e-02
-1.189909236389096181e-01 -2.842981794392129835e-02
5.175843785718436951e-02 2.388743601968490449e-02
5.362064507292962912e-02 -1.286992420995106690e-01
1.209586715876490581e-01 -2.705108966632985279e-02
-1.599738368985947901e-02 -2.124643328162356681e-02
7.190899426893704316e-02 3.078873880014829645e-01
4.621143150684525747e-02 4.419582330759695976e-01
1.356733096115503301e-02 -4.160469624430618296e-02
-1.997544951108580769e-01 -4.810131237876991150e-02
5.053516626483356422e-02 -3.466190183006814252e-01
4.984286890572466877e-01 -2.756585336670069886e-02
3.980166539676366355e-02 3.878939145533366606e-01
3.875966687746357220e-02 -4.650294595289020672e-01
4.005165547327006470e-01 -4.289391421682009486e-02
-1.027538442084072745e-01 -2.586554463892820621e-02
6.866479943871461877e-02 2.111239497292347611e-01
6.901909008767748155e-02 4.145031799221238211e-01
3.936981628554159229e-02 -2.898260636008287428e-02
4.061084777847531191e-01 -4.694819392700833038e-02
4.219450505143629293e-02 -3.127998943760856854e-02
-4.189633498039573301e-01 -2.429887169796940416e-02
6.105455134803616790e-02 -1.644755175261430891e-01
3.682825287086387567e-01 -3.340375826940811255e-02
4.047170071694460303e-01 -4.177043841633631960e-02
6.286853910345402419e-02 8.720324714430272017e-02
4.859499372432929398e-02 -1.166198569339792490e-01
6.902801409819814271e-02 2.807453211920182268e-01
6.858072583115770726e-02 2.653407056984692369e-01
4.591800602790174768e-02 2.488238385578759315e-01
6.735375139431398761e-02 4.017776092424596435e-03
1.932706561195760564e-01 -2.949644891564218163e-02
4.668560312639713494e-02 -6.822317342081096747e-02
-1.663987822656947113e-01 -3.284010863716069206e-02
-2.018285774301109559e-01 -2.725646022028427318e-02
-4.112290261953867043e-01 -3.386730965414042061e-02
-1.297958372911627301e-01 -3.217841497195905731e-02
1.572090511163353188e-01 -2.927440161896344151e-02
-4.795245625554277469e-01 -4.638493077781602469e-02
6.596146434175975681e-02 2.464198075669393750e-01
2.604108890245180330e-01 -4.045555299836778307e-02
4.337625689494528647e-02 -2.494373731104373437e-01
2.989968677176121359e-01 -3.749097606658646775e-02
2.243084437727442815e-01 -3.958749308204956296e-02
3.970108619091510249e-01 -2.428367182842960936e-02
-6.703975005779450047e-02 -3.413031429203372547e-02
-4.476352035475472668e-02 -2.739461363187112308e-02
6.671156017326018706e-02 4.258667311609840578e-01
-1.257465311881558190e-01 -1.774124711711677627e-02
5.336283771942018639e-02 1.481659487953690402e-01
3.359659586239610585e-01 -4.487062341056846648e-02
-2.622454986001574451e-01 -2.082249252875312262e-02
-1.221944163680986906e-01 -2.618766706951347611e-02
5.437870508429631933e-02 -3.033297769028309165e-01
4.193831371275746900e-02 -3.589725840762463260e-01
2.685045713885715335e-01 -3.842259969781625095e-02
-2.436272520761002536e-01 -3.464577647720024078e-02
5.168292789206052618e-02 1.150806534568199480e-01
4.510647255767963326e-02 3.838028236577808450e-01
3.736227665233649020e-02 -3.085804001585323864e-02
-1.633766984220544893e-01 -3.752285410742961513e-02
5.066293062317483997e-02 4.984806063057999337e-01
5.550415446304513001e-02 2.487043684642354924e-01
9.924676737532611703e-03 -4.154715863922908703e-02
3.958901232309297580e-02 2.159642942752019179e-01
-1.481350149223970014e-02 -2.199051190590894933e-02
4.994631273830274498e-02 3.515921769350338622e-03
1.750557097747633684e-01 -1.890124984262397945e-02
3.489156761900272796e-01 -4.630543166839617975e-02
8.398194238570566572e-02 -4.275322811795212452e-02
7.109219251546372575e-02 3.093806558683742658e-01
4.758374581711710682e-02 1.763752317009460446e-01
-3.169675540924233870e-01 -2.995470980486014678e-02
4.346679746607262640e-02 2.652347230865238492e-01
4.189850771573588872e-02 -1.214504013905156610e-01
3.797067803312526024e-02 -4.153954104041236439e-01
4.189843566234185968e-02 -2.582882949746770906e-01
5.859762327277717731e-02 -2.485375596541210541e-01
-4.829653353741188981e-01 -3.236311344932674139e-02
4.228413283534667721e-01 -2.579952104659399836e-02
5.111038195151174079e-02 3.068885991436576255e-02
6.721211502755519707e-02 7.420512301526782650e-02
6.808859644678932899e-02 -2.948997318859569727e-02
3.523997417686429712e-01 -4.128615262929258289e-02
5.159437036157987766e-02 2.895826332891101584e-01
3.844433149851389508e-02 -5.963142675580035412e-02
1.036378838441104344e-01 -2.828253752415410549e-02
-4.005793913533306494e-01 -3.978875194942932403e-02
6.664545776366426200e-02 -2.191498705515472212e-01
-1.033649871642750018e-02 -1.787165594504036559e-02
4.149304462389930004e-01 -2.049724582758150060e-02
5.688800092966384003e-02 -2.889896839872522216e-01
6.014664065694652617e-02 -5.735231800076401321e-03
4.673868278789106157e-02 4.484685442492249985e-01
5.269339830445607387e-02 -9.360169310824428823e-02
3.230652318147108071e-01 -2.058728512955698697e-02
-2.707842593648479568e-01 -4.554085348960978941e-02
7.104742203126501732e-02 -2.551129351635050835e-01
-3.082005748810519030e-01 -3.239714594164810890e-02
-3.454787536863986874e-01 -3.554873198690444713e-02
4.892142183562886437e-02 1.759738495435904104e-01
6.114570749918857295e-02 1.233901786127746814e-01
3.864753148417554574e-02 -4.446780193751935784e-01
5.550786293936837978e-02 4.364285788686583789e-01
6.639279515735807546e-02 2.794265215958083859e-01
-5.352093157660142708e-02 -4.449272818783711614e-02
3.842972359350826927e-02 1.998298420119251073e-01
-4.154718396880242581e-01 -3.834567468922911448e-02
6.607286567580550329e-02 4.109746407031089621e-01
-2.436705584148689541e-01 -2.766036779064873219e-02
-3.318172922241829914e-01 -3.831234024441032560e-02
-4.044759418172579890e-01 -4.134190242199986542e-02
3.504001964481389120e-01 -3.315985089934159191e-02
1.747277577277914773e-01 -4.095940136780606977e-02
5.958572275054940803e-02 -1.856807419414254756e-01
4.464027498689104867e-02 -3.249082247255726807e-01
-8.434539055006740060e-02 -2.547419876198941946e-02
-4.949417971634171298e-01 -2.441566227925417998e-02
4.887240968628148163e-02 -1.727905662117076302e-01
-9.288593669357581017e-02 -2.060406165435646475e-02
-6.974383170919529196e-02 -2.801801804762138470e-02
5.852806644836716643e-02 5.721309874316404809e-03
-4.450172273171997261e-01 -3.546786745702346089e-02
4.299240095876727397e-01 -2.474544263221423179e-02
6.466495222348034311e-02 -1.709660106282118175e-01
-3.069227007250627803e-01 -3.445115582736013593e-02
6.546473701066668482e-02 -4.605951542899505702e-01
4.500691937645595608e-02 -3.138880159192853903e-01
3.945512646745763519e-02 1.149080499109207398e-01
4.818306687222362328e-02 -1.403875504943086217e-01
1.230369372724737786e-02 -3.485792939641607635e-02
8.176727910130776600e-02 -3.154980620916669753e-02
3.660905074147320359e-01 -2.002250940472138918e-02
1.366627031610978538e-01 -3.058871549469466267e-02
5.364518166530962695e-02 4.617166212377964429e-01
4.334301686384134378e-02 -5.477189283932004660e-02
-3.609446429794604949e-02 -4.083239039551289640e-02
-1.121960701099470326e-01 -4.215521285529133522e-02
5.513406296083900315e-02 -4.606911385071839060e-01
2.461939964309073359e-01 -4.731152311094100060e-02
6.836208221813511177e-02 -4.635331735752014071e-01
5.573096315131487177e-02 2.497329022228507167e-01
-3.475808973075243946e-01 -2.038783270525523772e-02
5.649978557237389509e-02 4.647538992409514513e-01
-1.362207572018154789e-01 -4.554126492726795483e-02
1.579952815440133218e-02 -4.111998151965490234e-02
2.038916144754544524e-01 -1.714709994521024239e-02
5.350867442978812782e-02 7.775513736734995796e-02
-3.000161902737044084e-01 -3.936646066867199867e-02
4.166026774765785312e-02 -3.739796668486731201e-01
6.122326010820289266e-02 2.757754710111268714e-01
-2.335220161501903036e-01 -1.971573984980778960e-02
-2.684465704572355227e-01 -1.855228963020727484e-02
