-3.444472055893854634e-01 1.523930664235598753e-01
1.099773899920115650e-01 2.380681533531230354e-01
1.011557267058811327e-01 -3.921685025395678093e-01
8.716744941710519168e-02 1.433273022076149150e-01
2.328321877719771171e-01 1.710905065208806475e-01
1.041914368593067630e-01 1.543144938393510301e-01
-3.001018371506783966e-01 1.810991784155669970e-01
7.846455330628177016e-02 1.113486846579802014e-01
8.718184092896053006e-02 -1.898634383335298104e-01
-5.837798197628873975e-02 1.876920148516341147e-01
-8.485164451188653700e-02 1.448570075508731625e-01
3.981010479257840462e-01 1.402882112537081616e-01
9.413795540762337488e-02 9.362805613787206216e-02
-1.314613187254498605e-01 1.716787051822775689e-01
1.008052535362696789e-01 -4.653483992763559618e-01
-8.703997376505534511e-02 1.372318516895567608e-01
1.103562804545561438e-01 -9.514096884440947921e-02
1.025376174243720628e-01 2.146335869319626610e-01
1.979690422220699020e-01 1.625801072192321062e-01
9.427083427764326728e-02 9.277693054673108453e-02
3.362908051612638616e-01 1.447151148534426834e-01
4.550444301724931861e-01 1.656261004015483485e-01
-1.731095292812632191e-01 1.848883477677856213e-01
-2.182426567330619793e-01 1.611098121092197077e-01
3.822510766615065947e-01 1.514623896498490385e-01
1.117917706574855785e-01 7.913631190052961006e-02
-7.399999745914764837e-02 1.923245746331393446e-01
-1.453893882848585895e-01 1.937458028064027449e-01
8.279423583000722342e-02 3.004419316912718685e-01
9.608625429942097007e-02 -2.760893775605527400e-01
8.523628738493271850e-02 -2.505551888410890715e-01
1.110759067433653158e-01 -9.918872952491786243e-02
-4.269199179576953496e-01 1.547930396652468232e-01
1.606756021774092824e-01 1.716080733438415384e-01
-3.377347072696791352e-01 1.490101826017499187e-01
7.346021647694755963e-02 -4.146873256957434029e-01
8.283908310245380324e-02 1.401262570284576015e-01
7.969153478377288824e-02 -1.790668796917960215e-02
-1.233391615816159526e-02 1.652456724599621340e-01
-3.979518593363541301e-01 1.741337456661027350e-01
-6.336043208260611070e-02 1.924338606817005415e-01
-4.324209516894957916e-01 1.884924824664708787e-01
1.454457337351963142e-01 1.772834777738855339e-01
7.903430962521562630e-02 4.066048041274374913e-01
1.257609649807746033e-01 1.482274815793130918e-01
-3.557424235207677921e-01 1.458690610552989542e-01
1.019950107789648897e-01 4.764459618993081014e-01
1.078291543732445845e-01 2.127569330864550468e-01
1.795851122736999983e-01 1.686622779902716696e-01
2.167867447774820544e-01 1.563999262435903370e-01
-3.854364327570914961e-01 1.741304745173385404e-01
8.321967695936294263e-02 1.327581150775646313e-01
8.875675812070349391e-02 -2.863448487815274390e-01
-1.990271919685989710e-01 1.485750864331581989e-01
4.023246414215699840e-01 1.726676308863670517e-01
2.965475035441291762e-01 1.580265549017818572e-01
9.164196146039904622e-02 -2.488739791508701726e-01
-3.927078493787261593e-04 1.443223704839412536e-01
8.399162734503262673e-02 -3.326680333424083535e-01
-1.655634949105672105e-01 1.407826030105063797e-01
3.832569409325724541e-01 1.903839002716929407e-01
2.706032499722391682e-01 1.560956179373208519e-01
-3.695897105616550160e-01 1.800823846905343917e-01
7.861601103717552608e-02 1.778874083864547817e-01
-4.938166976453998158e-01 1.934628782467331387e-01
9.765278068244931386e-02 -4.623397631026441301e-01
7.712851561214206786e-02 -4.779462496237223412e-01
-3.812828834590298310e-02 1.640055230347640114e-01
-1.286610849205482854e-01 1.559530519667267079e-01
4.930944434100470453e-03 1.712504900864874058e-01
1.000306649167196360e-01 4.987504471128997308e-01
4.628141121711817352e-01 1.599459992525871233e-01
-1.471626841431591393e-01 1.425337797526670114e-01
2.861405485477875876e-01 1.663035717877026087e-01
3.616450341673319580e-01 1.682987845814410965e-01
-3.321328577861910603e-01 1.630835116446797128e-01
3.260986891514110475e-01 1.599356018758963938e-01
-2.014773235093668680e-01 1.377437259460518870e-01
9.611615574440657284e-02 -2.681328184796417657e-01
-2.959712129889217058e-01 1.836510305811466237e-01
7.346483321635888242e-02 -1.854673609319101857e-01
1.099758566849602381e-01 -2.404723018084287123e-02
-1.639243222915642839e-02 1.380308597581738628e-01
7.357161794228528340e-02 4.331546647432230612e-01
7.629180479052621866e-02 1.952636140984541635e-01
5.746417284140359349e-02 1.653214585390612168e-01
9.936789973140991439e-02 -4.093293438079292912e-02
-2.796666368964784155e-01 1.581352578470035519e-01
1.102436612966728458e-01 3.999714750185799916e-01
1.047029150194723757e-01 1.611608231496848287e-01
4.352285561307420725e-01 1.398336764273745425e-01
7.828100683485716971e-02 -3.438668862588724062e-01
-3.172137011390647743e-01 1.910533718472329223e-01
-1.615512281745458134e-01 1.650749080724549511e-01
5.991253997392953501e-02 1.800956900610792832e-01
-1.990649347966821914e-01 1.853905744209496387e-01
8.302997108157583739e-02 -3.241624459010001846e-01
-2.763616329815524741e-01 1.391661384400064705e-01
1.703425077373629248e-01 1.609071283334975178e-01
-1.555745239540033964e-01 1.437404625255715995e-01
7.493093345997314803e-02 -1.672209572581708770e-01
1.118187435567452592e-01 2.239288012650271220e-01
4.837908276553487541e-01 1.576909176589775807e-01
9.362398130525206863e-02 -4.339183383612109646e-01
1.744628770084010183e-01 1.569910345341833935e-01
8.671347844023880036e-02 -2.957762261754329769e-01
3.014526898175541314e-01 1.396618279138186480e-01
1.037147347376281559e-01 2.639474016075027407e-02
4.702749506605188312e-01 1.547989691830354841e-01
-3.362324901613191752e-01 1.730865052347355659e-01
-1.958626342562352907e-01 1.415098939482103413e-01
7.453028799806005189e-02 2.063408409253173481e-01
-5.400430971933267710e-02 1.590922525183011693e-01
8.004792973215280050e-02 -3.057606019942181730e-01
1.026089110253365355e-01 4.371566690727290982e-02
-2.887901798735340586e-01 1.366466524316408693e-01
-4.853533557595004488e-01 1.385569180453243288e-01
3.431388736257211525e-01 1.404423500129211577e-01
9.139608835376222817e-02 -1.374264606457079596e-01
-3.767261600986088199e-01 1.493115446815299618e-01
8.977494492110826840e-03 1.641293962222230007e-01
9.184516206101744906e-02 -1.519687709727089997e-01
-1.783088810902431209e-01 1.693301259654123037e-01
-1.010839812320962761e-02 1.814515939790881660e-01
7.316055106639673955e-02 1.099243107122982455e-01
1.074332327716358559e-01 -4.703184767844664771e-01
7.969156380959285801e-02 1.615645884456183845e-01
-2.546691964166625244e-01 1.878423447764546728e-01
7.790718314576916548e-02 -4.895768552324637479e-01
9.222173539214861826e-02 -3.532270066481779658e-01
4.781125114159445744e-01 1.518290237152195576e-01
4.849817222334210642e-01 1.498314838782162095e-01
1.113598353983503708e-01 -1.123342100642017449e-01
2.379462357151729268e-01 1.481780751275588726e-01
9.664209916348687202e-02 -9.607093613510853114e-02
-3.916585722038168349e-02 1.741883566233970448e-01
9.068052819611271964e-02 1.834164840203310609e-01
2.025041639204739896e-01 1.391341532753345156e-01
-3.489333668156771040e-01 1.379596091243464606e-01
8.748955054029294853e-02 3.985678871876470186e-01
8.653054390000380902e-02 1.145083026652438107e-02
4.145198765843914890e-01 1.855031470452080944e-01
-1.057013506524165924e-01 1.922939818990094807e-01
1.027066560990970157e-01 4.023562990601438072e-01
3.351202789434664098e-01 1.758713449234046156e-01
-5.245338333328608549e-02 1.418797485443326067e-01
9.556747615574234800e-02 4.322726395775634556e-01
-3.945930972874611697e-02 1.712024322509722030e-01
9.709901266909781725e-02 -4.900842191286732819e-01
-4.678074862850989390e-03 1.406847642937552045e-01
3.972870921452831272e-02 1.421780592885768524e-01
7.348615762963606191e-02 -2.042746413425355900e-01
1.338578923412694355e-01 1.838299751894862943e-01
-2.871148252929508482e-01 1.546812994068857972e-01
4.681102822025229315e-01 1.417423116646077119e-01
1.789275872307974913e-01 1.567170076339118312e-01
-2.642342428075531435e-01 1.504859237167422981e-01
-3.116489172005930675e-01 1.590165259444897838e-01
-2.926728195299773683e-01 1.727859118068408861e-01
3.354689908765140505e-01 1.825768414035495724e-01
1.336722777234837789e-01 1.774673223815571577e-01
1.010230784319536834e-01 -4.391811120590768391e-01
-1.459657521481829701e-01 1.934580030375872006e-01
-2.301011769018999065e-01 1.584284459721904126e-01
2.954182767244744046e-01 1.378288241194057795e-01
-1.549656282282606545e-01 1.721075548700224944e-01
8.209455844303359395e-02 2.630548341214428154e-01
-4.119679726066161063e-02 1.726382780611714907e-01
7.291906668430125915e-02 2.044582660863152324e-01
-9.386543558181581481e-02 1.525243567373795184e-01
8.833571570890574876e-02 -3.131546868272739870e-01
1.054455868414488906e-01 -2.621977163468330874e-01
8.312869016225965524e-02 4.765515068064247739e-01
-7.909131922922429947e-02 1.824690699057776033e-01
9.695105699169181968e-02 -1.397327634274797559e-01
7.770406357038739387e-02 -4.920981676001481286e-01
7.789924671719972160e-02 -4.596650856940743823e-01
-3.234245899309746708e-01 1.802779214977821010e-01
8.043230967634273920e-02 -1.166105388985156921e-01
1.283389972980588656e-01 1.834279839073270635e-01
8.348776754353282037e-02 -2.237724834210950142e-01
1.523286438597424297e-01 1.363737323674815149e-01
9.476088739270682737e-02 3.645183487212212414e-01
1.119252450041093860e-01 -4.705785859647921843e-01
4.282178658976885099e-01 1.610131352533488158e-01
9.344207587525388270e-02 -4.594850645593919758e-01
1.098142246931286259e-01 3.188903707744247251e-01
-4.140581268468093157e-01 1.913329844317152029e-01
8.612959560260324832e-02 -4.797274366112819211e-01
-4.470186476391493358e-01 1.620048691512678829e-01
2.661734982331287469e-02 1.668142323083978695e-01
-2.731240995673526184e-01 1.791051825927255647e-01
7.967150060586802862e-02 3.538804672329676215e-02
7.594642457891143117e-02 1.312382077397082902e-01
7.918978831555412157e-02 2.940013939266468146e-01
1.072600463480607447e-01 -3.552807872887597807e-01
-2.551216952833534890e-01 1.509370347471242768e-01
-2.757073822923252759e-01 1.603530869918159407e-01
-4.869261583586748099e-02 1.600267480990661406e-01
1.007026729327424874e-01 4.198545063003724653e-01
9.198549745627326857e-02 -4.722344740451116518e-01
-1.073236288609979994e-01 1.899923321412132493e-01
2.806400146231582404e-01 1.844748310932532442e-01
-4.445088460081629833e-01 1.485861940547563709e-01
-2.316681865523394501e-01 1.528074549057886200e-01
-1.102416390696426829e-01 1.565857421435313812e-01
1.091243104726866697e-01 2.285091898710139846e-01
-1.131721541044332646e-01 1.450498464375222785e-01
9.691257407111253386e-02 3.293972597649880152e-01
3.907464676269054582e-01 1.858610105037615812e-01
7.720104588563148074e-02 7.080913898106522275e-02
9.289098018337660356e-02 -2.376835481263287475e-01
3.011244628185174577e-01 1.902894264058798690e-01
9.659991172197690545e-02 4.269944253845464610e-01
1.123392241226321975e-01 4.649147921793931326e-01
2.414241124384995940e-01 1.659873586861265737e-01
-3.683766757076545328e-02 1.793736018546950861e-01
-1.255231915460408576e-01 1.750135354630542039e-01
2.126741188694799556e-01 1.594598158681771460e-01
-2.398215886701260402e-01 1.583589231626438831e-01
1.020284844491715637e-01 -3.522781203850323672e-01
-2.245166296887768365e-02 1.545380914045881848e-01
9.617091990011961133e-02 -5.743430420568917949e-02
4.762677676404984961e-01 1.903896400636840847e-01
-5.156993488800332148e-02 1.678190265488717081e-01
9.628427385221638435e-02 -1.579479732908309897e-01
2.663685591443143430e-03 1.518704207811802931e-01
-2.466912130480329868e-01 1.820138983399809396e-01
2.127392176826005121e-01 1.612005961367778406e-01
7.276434481039872892e-02 -2.344925653762649498e-01
1.007338653714979770e-01 -4.357255782834087432e-01
-1.926492483480040097e-01 1.660294297008914066e-01
-1.387625122378672859e-01 1.736650701238369177e-01
1.155170938939220626e-01 1.472162220915396169e-01
-3.602151549223385762e-01 1.560420900466081839e-01
2.762204568523739523e-01 1.612591075239403482e-01
7.722842363111614983e-02 3.970698839043362849e-01
-4.072306906330898091e-01 1.371306499021635039e-01
1.039542860958648784e-01 -7.828786252884489816e-02
9.145068847716875116e-02 2.612605634258491349e-01
-1.545476436853391311e-01 1.410321740355344744e-01
-2.770497177698116875e-02 1.823405863070979294e-01
4.779191785184031538e-01 1.584303368426469572e-01
4.024106703308083510e-02 1.598984570067839561e-01
7.367000258637967924e-02 1.973733002149754556e-01
-2.226519426971006466e-01 1.782828322904802532e-01
9.949559197199031590e-02 3.250973232158441695e-01
7.672464323363847871e-02 -4.825684324215484544e-02
4.017707234963782126e-01 1.837577733545343595e-01
9.211376677071536623e-02 -2.162638110970531713e-01
1.095395486281726116e-01 -3.965174960498636381e-01
9.827438520179687664e-02 -1.054280771706610498e-01
7.352079980485770605e-02 -1.484385867788502456e-01
6.367196439109323869e-03 1.600303776791952570e-01
4.705792530779938643e-01 1.577772462923804353e-01
1.074715932784539030e-01 -1.609819960492914204e-01
-3.125846999784783753e-01 1.582140668399594219e-01
3.530858817262972904e-01 1.444808181222512200e-01
8.884683999517850594e-02 7.720857251043866665e-02
4.887697034775237981e-01 1.601443828551811777e-01
-1.095294195204413734e-01 1.834482432251556272e-01
-4.960909956008102695e-01 1.396225035332494535e-01
-2.053394510857081690e-01 1.475187975497717074e-01
1.278753606484697158e-01 1.378748147222735865e-01
4.224122639369130017e-01 1.755682130703724031e-01
2.790226542107876462e-02 1.440676303116599222e-01
-1.813952484949941102e-01 1.802866479356526330e-01
2.743841838282782275e-01 1.650052756534616805e-01
7.766250010694464301e-02 3.713792845633346884e-01
8.967926056397113044e-02 -4.927264130190400770e-02
8.720369565928509648e-02 -4.982134676027414333e-01
-2.191079260536625828e-01 1.759648276958073465e-01
-2.023662347695032171e-02 1.784875077352003903e-01
8.120410569870395445e-02 -4.695543623954739898e-01
1.056669255935681617e-01 -4.278398756748438281e-01
-8.581590768689750792e-02 1.585969133067044456e-01
7.624570739361913319e-02 4.046013437661828416e-01
-7.743222978340957852e-03 1.804254255389263761e-01
-2.276085161897554165e-01 1.802097089391684337e-01
1.705461470942729596e-01 1.798072102832329877e-01
7.883373843853036522e-02 -2.426774853646032071e-01
9.846661547634061318e-02 2.789595514800569109e-01
-2.521247582903441975e-01 1.440540340414817599e-01
7.969358121265146533e-02 -2.617630385060099041e-02
4.743587095103635187e-01 1.457044742238229329e-01
2.415613993313862062e-01 1.915106612378849604e-01
1.022953225143284905e-01 -2.781361930875313471e-01
-4.474032939876297910e-01 1.622939664103542068e-01
7.609423657646463557e-02 -1.281719865891386423e-01
9.992149788026793988e-02 -4.580082655843260575e-01
4.779785926432296161e-01 1.622430339826094192e-01
8.719165299360298604e-02 -2.493483587615881181e-01
7.646254521428474948e-02 3.673802477434184866e-02
3.036267555871745571e-01 1.389802398387941507e-01
4.005086650197299258e-01 1.763132251969465880e-01
1.890255482006147902e-01 1.695483961714296939e-01
1.055948623107354489e-01 -2.573290948305182457e-01
-3.735754572002903950e-01 1.582715624463837401e-01
-2.929225094473562052e-01 1.446684026050267802e-01
4.677724172476244169e-01 1.773238663818933469e-01
2.400095401672907025e-01 1.460745007238789528e-01
-1.012355178610795381e-01 1.830784165599137481e-01
-2.388023921017607965e-01 1.916684121625185089e-01
1.073830853437741650e-01 2.110126502420920369e-01
-3.307138804102108809e-01 1.905638440320687188e-01
-6.075198901172251809e-03 1.397922852048948394e-01
2.851558679347776515e-01 1.550337495853145731e-01
1.044846341135027279e-01 3.505728913264629654e-01
8.914120254749124950e-02 -4.138778324837698586e-01
-4.475812431987357121e-01 1.894714462918924980e-01
1.119429409912099382e-01 -3.854224267310198959e-01
-4.177148140638932139e-01 1.742884481137551012e-01
6.858205129961625346e-02 1.551045179257029005e-01
-1.291481090933985776e-01 1.469842696967571527e-01
8.667067678406947806e-02 4.434458222927507576e-01
7.360658591606650258e-02 -4.392846424560001850e-01
-4.783185924793265098e-01 1.579356017960797942e-01
4.826546986470778844e-01 1.682618325295630601e-01
2.351869154190577849e-02 1.757087095900475848e-01
8.805154226030376119e-02 -4.372693658921766868e-01
-1.671920906976889221e-01 1.650466635692409145e-01
1.729064067696993723e-01 1.892095549322131420e-01
3.642695576815812020e-01 1.540415921307928260e-01
3.592013013079967676e-01 1.377595188385305480e-01
8.327119562311113832e-02 -3.835022407870547489e-02
1.072213578555906155e-01 2.730477792305230356e-01
-2.037233583714951335e-01 1.369351742767308533e-01
4.022777206536384265e-01 1.788891887321513163e-01
8.220299202100334046e-02 -1.940816572969210618e-01
4.007903066326956587e-01 1.934803967953127035e-01
-1.819896180425708554e-01 1.936537147439058026e-01
8.155647623769468613e-02 1.015105149538777507e-01
-3.393037791627745436e-01 1.575208064916316930e-01
7.354288844850731532e-02 3.606042135104507995e-01
-3.045817065277465208e-01 1.809467346841083790e-01
-4.810566415650703309e-01 1.664437633939780392e-01
-3.118437938452256475e-02 1.712816126036484921e-01
1.922213779622017338e-02 1.546417384638584247e-01
-3.145041368878297439e-01 1.645405056606737970e-01
-1.074254558807113957e-01 1.696176836019620549e-01
9.013445461924807223e-02 2.003101469374948262e-01
9.587787895958677087e-02 -7.901135593806640767e-02
2.056105691961184201e-01 1.590501818931523426e-01
-3.884792461012476217e-01 1.784740164594428302e-01
-1.070146558048796770e-01 1.706112636222409940e-01
7.972204210221944809e-02 -4.808602582444431173e-01
-1.858562154700517111e-01 1.427773494294025669e-01
-4.983144995674987365e-01 1.574024576604199366e-01
8.563198516440684305e-02 2.136333346893084517e-01
7.199656888952410405e-02 -1.407954717085135865e-01
-1.733137548131248318e-01 1.474035212867337297e-01
3.838978594790959376e-01 1.735096191475810068e-01
8.159821277501877468e-02 1.610652781516699328e-01
8.925754030040800036e-02 3.239884256554543818e-01
1.097992212249789823e-01 -4.143069470814897404e-02
-1.461081842691099864e-01 1.554591466550296897e-01
8.389044774465148624e-02 -2.850930279879874130e-01
-3.665429184732322820e-01 1.592251552618926258e-01
3.841377478319476513e-01 1.916240716887687157e-01
8.909913473636144055e-02 4.093807192721884425e-01
4.929293063834064847e-01 1.681642094459423475e-01
1.863183357083202374e-01 1.742065064961549892e-01
3.275141035055204597e-01 1.785764094194717266e-01
4.700251837321500759e-01 1.526921510508306712e-01
9.151113688857270834e-02 1.141955736581901082e-01
8.327450750344156383e-02 2.696291227258493794e-01
8.208394317363920667e-02 -3.052741632669662142e-01
1.801031370292556222e-01 1.935397665581696236e-01
-4.060661269531040674e-02 1.555118730669591276e-01
1.052077011841563436e-01 -2.718155378717501680e-01
8.982449054047791925e-02 -4.305950809587980599e-01
8.765149525801263497e-02 -6.636356619309258242e-02
-8.023337502731364701e-02 1.562093869683064407e-01
1.765874750989497866e-01 1.851776210546552948e-01
3.468828225812840005e-01 1.444903149962529776e-01
-2.279159963357602070e-02 1.370423369133928482e-01
3.164707070199260786e-01 1.846584653901821582e-01
8.865728893330093729e-02 -2.537157651207300191e-02
-4.143255726220010926e-01 1.701080263260050796e-01
-6.977685275080636185e-02 1.811340202308678871e-01
8.960618972276457317e-02 1.193178993681731637e-01
1.054861867636264217e-01 -4.117138000357567496e-02
2.149328891424092669e-01 1.446840075204084419e-01
8.662352125894257071e-02 1.366043063989156314e-01
2.689350329598561018e-02 1.593938613560131889e-01
1.026910213099537783e-01 -2.048539748142405026e-01
9.603709747849265010e-02 7.984844100422416879e-02
2.760689467583686829e-01 1.766994246934244783e-01
1.086316439396830535e-01 8.771130990037900865e-02
-3.410289782394926306e-01 1.441126351998903710e-01
2.332297967940282213e-01 1.437063920617870361e-01
-4.311958288647113058e-01 1.445009003970396666e-01
9.088537928256146259e-02 3.843277764380687023e-01
8.839756939005449787e-02 -3.260825577323439584e-01
-1.281493255758392458e-01 1.726588361174024033e-01
1.060605066732663859e-01 -1.478380608625445847e-01
8.875050157135100370e-02 -4.600202240762948369e-01
9.190848580486976616e-02 2.402635403400678049e-01
-8.114269770757021050e-02 1.473904466990736406e-01
3.352760075240934778e-01 1.804744725526240545e-01
1.085613570801108319e-01 -3.363241837653040411e-01
1.591993458001472739e-02 1.833672834445572164e-01
9.726449647878421256e-02 4.460630240101335353e-01
9.892977638567557186e-02 -4.138315054854123654e-01
-1.742339562901262795e-03 1.896680552626512917e-01
7.584704024389221644e-02 4.972668897464416204e-01
-3.785420891033324242e-01 1.718206779970274933e-01
2.240139797335398697e-01 1.584361041244515267e-01
8.712981821998688758e-02 -3.242095772765033468e-01
9.170415276541421523e-02 2.572870190946079383e-01
8.390166196658521702e-02 -4.399278019820496155e-02
2.054117321043148481e-01 1.515227925164580602e-01
-3.053077775108342662e-01 1.494004803365304168e-01
8.225894710053049952e-02 -4.419641257826932845e-01
2.175588577084420772e-01 1.584622624191314166e-01
-8.726319925960546176e-02 1.701253273664811161e-01
7.779878963443054296e-02 -2.272734577185031579e-01
1.468839147713700832e-01 1.402126332802841047e-01
-2.999939243675859846e-01 1.871750249458288273e-01
8.563084340444437892e-02 -1.185076081051806840e-01
-2.204358062693354547e-01 1.687355663441054698e-01
3.356851491019270384e-01 1.587214430909461571e-01
2.237144289746499926e-01 1.846157596684512292e-01
-3.837519732385180626e-01 1.499309649874959183e-01
-3.774137942420934255e-01 1.676694455689152763e-01
-1.298787330902260173e-01 1.699672189316170368e-01
3.325960431473866663e-01 1.449883368176695386e-01
8.494875713739880041e-02 5.587171085904318879e-02
-4.146421322156312872e-01 1.810626218237124663e-01
-3.467093029287077188e-01 1.492500123878965912e-01
8.679218710985370233e-02 -4.339123012319954231e-01
8.372223411070867094e-02 4.929053335535182878e-01
3.980495725510502236e-02 1.655674094870787094e-01
8.003652154905038785e-02 3.782375461360115709e-01
-3.980005280226946995e-01 1.606443640461983069e-01
-3.237691903477946109e-01 1.679142979298728910e-01
-9.356668403870305184e-02 1.836272553592664947e-01
1.040928753488379321e-01 4.366097409062530410e-02
8.632465290556512461e-02 1.656255950733637183e-01
-1.857969104996032295e-01 1.820979019648765185e-01
-1.294976691936211566e-01 1.390465892480583499e-01
3.283508304715524462e-01 1.580849771555045136e-01
7.672125484438185872e-03 1.864492718085309919e-01
-1.138680530030370397e-01 1.931619448338631750e-01
4.361232099164323861e-01 1.449038395062052231e-01
4.877256085020056364e-01 1.764472402007396523e-01
9.250358364005684120e-02 2.043276438991353805e-01
4.353451450074797835e-01 1.385065329559979075e-01
-2.911086643096265636e-01 1.830611661305027171e-01
1.104579526517576182e-01 -1.861954068607120094e-01
8.727900090417417545e-02 1.968604978187965537e-01
-3.482779707092995558e-01 1.863611767070388892e-01
2.802466224477502266e-01 1.649028004118681112e-01
-1.533060847639429181e-01 1.656274185439400304e-01
1.016484313839376430e-01 -2.493696579324022888e-01
7.898767045531795983e-02 -1.165053055283233885e-01
7.584656300037262433e-02 9.423993607563763142e-02
7.795018821711274803e-02 4.607148170279010690e-01
1.270150216854188940e-01 1.791888735765144736e-01
