4.326805869598768783e-01 4.790580256151133476e-02
8.423898882975167091e-02 2.660223699883736970e-01
3.533265639601773644e-01 4.138329270425444850e-02
-1.748105791059957337e-01 5.256915708367648765e-02
-2.223798020164537981e-01 4.844411834549966489e-02
5.510618884982798615e-02 7.737569226167861913e-03
2.223517342924477003e-01 4.298550553390734219e-02
-1.667602142013543398e-01 5.263990909334648194e-02
7.379801527157103802e-02 1.791899740775961813e-01
-3.861754771474400494e-01 5.759224008850882814e-02
5.421712875992124037e-02 -4.779921490310411469e-01
7.953699621875132131e-02 4.317364665216220088e-01
2.739254990783620558e-01 4.903507997157996456e-02
4.675295704279813780e-01 5.322952766565602900e-02
4.192648107416496739e-02 3.355150078622037846e-02
6.057391184633298398e-02 -3.940312832640787688e-01
6.045656324139370152e-02 1.839987969698795300e-01
-2.914013806936209816e-01 4.023270519765720366e-02
-1.060552903339828656e-02 5.124673244529398541e-02
3.732501462193886788e-01 3.342089225371724925e-02
7.682186262216517125e-02 -4.840534606424218289e-01
-9.545179218940547106e-02 3.563596277573566340e-02
6.064398905027512665e-02 -3.234850478495099324e-02
-2.589043534499013699e-02 4.992975259987586512e-02
1.526831782219817413e-01 4.483508374876121749e-02
6.310167286930035146e-02 9.669881432439575430e-02
7.814376152600110981e-02 -2.381594870281709131e-01
6.550771219001128021e-02 9.494273197301228429e-03
7.178036761212946981e-02 -2.188341321181556109e-01
7.433006338501579879e-02 2.584278594086669711e-01
3.340355734795086295e-01 5.559556359078188237e-02
-1.876822757955582954e-01 3.889429947726086301e-02
-4.846389176704030133e-01 3.851407871049972176e-02
6.876058898282322307e-02 -1.307119985793233630e-01
8.387116082384393767e-02 3.824448898901685601e-01
8.349360214407486325e-02 7.562939750824559937e-02
-3.641172144875229888e-01 3.303011842223191330e-02
2.534142414819057221e-01 3.521468504333979954e-02
6.686282319880987313e-02 -1.314229269421567370e-01
-4.406864949279931665e-01 5.272443393521331068e-02
5.321619696385926357e-02 -1.360625993506933140e-01
-7.451449891960637562e-02 5.889129713747398576e-02
5.977631965342344866e-02 2.973391889598164806e-02
7.968515662677122524e-02 1.554989349802538001e-02
-2.998393977199350635e-01 4.950461288732843634e-02
5.346398927745410479e-02 -7.000427293475541823e-02
6.764568748107135931e-02 -1.867815658423919167e-01
5.209767996531189382e-02 -1.297447767048731659e-02
6.966492030133708546e-02 -2.700420683110977826e-01
7.039906410957641469e-02 -2.110103931453581882e-01
6.500299485688387779e-02 1.055343856384067802e-01
7.443530667642483944e-02 -2.411490904444359984e-01
6.844136462682182120e-02 -8.923757818696975708e-02
7.252740896205944754e-02 1.247605373596073486e-01
-1.269601234322093042e-01 3.163046576427852585e-02
-1.497687789318734586e-01 2.728525352803523596e-02
7.288807481825942958e-02 1.862310423509008217e-01
8.691686439148227361e-02 3.651325880937000834e-01
2.178414204883801775e-01 2.978942341374279934e-02
-2.030401366613610037e-01 4.734807261492979258e-02
-3.107969610767565838e-01 3.689045858311112980e-02
8.300451724913471274e-02 -4.525646227738928662e-01
8.369589514883779557e-02 7.162212067898399148e-02
5.903488741224260927e-02 4.450392664819347033e-02
8.762268755013302712e-02 5.618855156889168700e-02
2.838612598733932790e-01 2.878450456697434490e-02
8.124866260842178445e-02 1.148166482114311160e-01
-3.289150016107781349e-01 5.095404498269617832e-02
6.525989747138405406e-02 -3.647284188704783547e-01
6.890282465204033979e-02 3.326948420425620556e-01
7.646227635267677236e-02 -3.770890136834702533e-01
-4.313021476584556479e-01 4.756175772590021111e-02
-1.283515744955852078e-01 3.193227885783500586e-02
7.224189524150315123e-02 -1.900448575776647608e-01
8.615192676729777066e-02 -3.190214578532764023e-01
6.634388880134933775e-02 -1.593787268046079619e-01
-4.795835321851936728e-01 3.460483631877353528e-02
-2.977799215250627185e-01 4.571151813339613401e-02
-3.550617066204738714e-01 3.295134121180098852e-02
7.709260530115913390e-02 -3.458242894625230823e-01
7.652519303244997850e-02 -3.111111413567974049e-01
3.626072877151400586e-01 3.958961560096929677e-02
1.116454816932270777e-01 2.827847205571176747e-02
8.323963082786045575e-02 -4.605594613604041543e-01
-3.835546487040402130e-01 4.928917615212935477e-02
8.088781698923130925e-02 -1.659975616283799749e-01
2.405496216058332637e-01 4.701952521180519096e-02
6.725240476703708836e-02 -4.132622678327746435e-02
2.060217810739642941e-01 3.615071989406559716e-02
5.719269727442433116e-02 -3.147343650934218973e-01
2.156775411254729935e-01 3.500965020793334048e-02
5.449799708098912454e-02 -4.053387188038442002e-01
6.954515437677877276e-02 -2.114376613280788408e-01
7.703292267896810763e-02 -3.702277138526873790e-01
6.244660958448677857e-02 3.341829822627462310e-01
6.040490388302466318e-02 -4.670960417308461787e-01
8.562642610993598247e-02 -3.499350489498190830e-01
1.515325323858368600e-01 3.233522372776920228e-02
-1.967591206365491008e-01 3.636475031008035153e-02
8.455510366307716907e-02 -3.534582519131593825e-01
-4.012002991363812221e-01 5.372934899400194642e-02
2.173050566314715937e-01 5.795063419786561365e-02
6.551226044859337350e-02 4.961780955438925833e-01
7.334798115885576841e-02 -1.426025604238320144e-01
5.333373795537665885e-02 3.939289884891399307e-01
7.238059526490336903e-02 -8.393197248132788779e-02
-2.313000867722913023e-01 2.711078958031942765e-02
6.357916545393316188e-02 -3.666149943480601081e-02
-1.464611199934915398e-01 5.487955492708340710e-02
6.998787339418477416e-02 3.810419946219032461e-01
-2.477280055302258921e-01 5.623292170368576759e-02
4.940574650703156712e-01 4.917727573659458340e-02
5.232581412421999367e-02 -4.506593087481332027e-01
7.300078941338350447e-02 -4.381783121620668187e-01
6.857727166390659157e-02 3.888074938677236192e-01
8.164479788832668117e-02 2.182356938917741074e-01
8.626323400506896721e-02 4.657740709331122941e-01
-2.644502063777215417e-01 5.974007011358839492e-02
2.200663990385305357e-01 4.983780253908920432e-02
6.883724278097924643e-02 1.039954823052946509e-02
5.909018320864634077e-02 -2.641108693309907052e-01
7.843398340816232217e-02 5.310812876332360322e-02
-3.154151238947500158e-01 2.937072129569762158e-02
7.562077194411165326e-02 -2.795462600672056208e-01
-4.050054622440965035e-01 4.712113581546517604e-02
5.867261520315436574e-02 4.394126230936226118e-01
8.255640768991179268e-02 4.942227334432280905e-01
4.989635980528382975e-01 5.207727728401512213e-02
7.613757866641901462e-02 -1.035962228633988680e-01
2.039098559914565012e-01 4.672315252998016089e-02
6.935002528659339749e-02 2.999004484539540272e-01
5.304693111277647422e-02 -3.250527539076882855e-01
6.579254825332714329e-02 -4.652294452644756273e-02
5.202640711714268118e-02 -4.274741686635388227e-01
1.116573845651535057e-01 3.330357758375424027e-02
-2.282988822004872187e-01 3.070133216975523549e-02
7.465797002326657328e-02 3.596613812731688231e-01
1.701808045413057968e-01 5.749559781625845911e-02
8.000071431438660063e-02 -3.033287361881933375e-01
1.529899746877798616e-01 4.002758481029033977e-02
5.225947947123066317e-02 4.674898314886977158e-01
6.376241889316824896e-02 4.198119500440126162e-01
7.120988175074605131e-02 1.361090761211419808e-01
7.622724918723378096e-02 3.435457249675253344e-01
7.585430236232559853e-02 1.308761423491736631e-01
1.794864241267639660e-01 5.202588957610276843e-02
3.366457031297642732e-02 5.973538377185072523e-02
8.441075296969491326e-02 -1.920335547259663933e-01
-1.587525274163522626e-01 5.177210965681411370e-02
6.949282967364966979e-02 -4.775904519881145616e-01
-1.951529910227829401e-01 3.176123760270566088e-02
-7.284354514922541934e-02 5.012943131850278178e-02
-2.265119044808665549e-01 3.254722402699683492e-02
5.347438651781444285e-02 1.284076416326328518e-01
-8.672593124854000024e-02 4.704817707712283248e-02
8.615222241857367624e-02 3.780499989953196582e-01
5.968213020381496481e-02 -2.814040309458960554e-01
8.266719804242061986e-02 2.473215955793381937e-01
6.161336918631987736e-02 -4.195420402988055963e-01
8.036202517533752587e-02 -4.861648988085802703e-01
6.305039238107279509e-02 4.896794952742957729e-01
4.939669772154359206e-01 5.814697129643608964e-02
7.562914162511624738e-02 -2.160371050817453398e-01
8.094869824882011677e-02 1.398855698651205737e-01
6.225229447786329029e-02 4.437727742773622808e-02
1.939701726862832487e-01 3.002301752213809571e-02
5.186131844669494839e-02 -1.825757444692689413e-01
-7.228573901058277240e-02 5.617519379766255927e-02
1.145606012834805565e-01 4.839312571676790409e-02
-4.983538664697010345e-01 4.668826791910263285e-02
8.106144044113339220e-02 4.088176737386743920e-01
6.828911106552615351e-02 1.355879211397078565e-01
8.622647042448361443e-02 -3.461790137852701621e-01
-4.758453612693248624e-01 5.405888870367892007e-02
6.131396254118648415e-02 2.350403639256468669e-01
7.810338647100545373e-02 3.728711493378872310e-01
6.647606459293697867e-02 3.447035664317333881e-01
3.772967936995189620e-01 5.930833433641680141e-02
6.101611146112873030e-02 2.794521290522489210e-01
5.195406656996937045e-02 3.539536420236731873e-01
-4.391654224127409245e-01 4.968879199606257568e-02
3.541719589264109569e-01 4.383851080242195941e-02
6.105827331138913294e-02 -2.532156729535872675e-02
-6.663236573226738457e-02 3.198681895756716465e-02
-4.102057097082684178e-01 4.943393822262009962e-02
6.629940505510345528e-02 1.113263487625707482e-01
8.120240245811949364e-02 -2.903345863704465124e-02
4.468024541763108148e-01 5.007145869276685701e-02
5.591945615683191484e-02 2.188819178412017008e-01
4.807079822380876388e-01 3.721124038504530773e-02
2.499996261076948834e-01 5.745162479577969883e-02
1.254484175853047834e-01 4.517601776765334254e-02
7.412948508846406437e-02 -5.442479266752542344e-02
-3.137560005539402619e-01 3.733033999242529877e-02
5.143459349851431384e-02 -2.119745305602971364e-01
-3.662840588185223289e-02 2.855045097686847999e-02
8.552809743605749304e-02 3.642081164163922802e-01
-3.883692512279404152e-01 4.941302506905054237e-02
-9.724677970784412206e-02 4.876686705737576233e-02
-4.322198310163801738e-01 5.295747967113184629e-02
8.041195208859674981e-02 3.782960720566375112e-01
-1.238662476887983921e-01 5.311181071503934259e-02
8.175109625483478748e-02 4.632420272679579343e-01
-7.969988127389138199e-03 4.987951335751172888e-02
4.877046248166696518e-01 5.072539584340884922e-02
3.707344674276749075e-01 5.763640855480844927e-02
7.774480855097576359e-02 -4.056749558353979213e-01
3.920504108165749901e-01 3.496235796092228565e-02
6.647179108785317148e-02 4.327255216765389934e-01
5.313996933334741435e-02 -4.508581212707528652e-01
3.088406939254264572e-01 2.753991667286403988e-02
-3.293761231646846754e-01 3.244430753445559645e-02
-8.191426886448038847e-02 4.261859539034995592e-02
7.227171460696446559e-02 -2.876173495728784335e-01
4.157560239323785378e-01 5.399650283227286351e-02
9.547987457264273115e-02 5.245271762044978470e-02
8.324458563879577611e-02 4.473305196345802592e-01
7.744893172177402807e-02 4.451689717638096511e-02
6.127295176221914108e-02 -1.076899310551228117e-01
-3.422623827502324634e-02 3.074257578372874278e-02
2.986517749102561847e-01 2.720737687471630473e-02
6.130257502997671359e-02 4.657502369091498506e-01
7.167977796735536256e-02 4.731056176101388067e-01
5.842528248551936976e-02 -2.328174084884152562e-01
5.926699402623369917e-02 -3.597183436111527355e-01
6.844804740791410325e-02 -2.578020743259435976e-01
-1.668583640614551555e-02 5.668346726939743618e-02
5.220736835725769964e-02 -1.727612330361627535e-02
7.386339143265796547e-02 8.695114991190755482e-02
7.632764449147677599e-02 -1.260456381850654228e-01
-3.281439699391859310e-01 3.741378301628217606e-02
4.790619174873013142e-01 3.162367373943264504e-02
5.530227019356603879e-02 3.194644409024197662e-01
5.415037955365942235e-02 -1.152531577155126996e-01
-4.545397848314918221e-01 3.514006901514998837e-02
7.349696603232291903e-02 -3.170681805609529835e-01
4.230481719788593553e-01 2.833227965412288274e-02
3.452550231823936500e-02 5.112573031826539438e-02
-2.367377022646657281e-01 5.035448814374188231e-02
3.851660142809740783e-01 4.393866398154955277e-02
5.698629177144642899e-02 -3.454345417893299741e-01
6.808946354605960316e-02 1.616701998794821682e-01
7.674964533578521042e-02 7.868833241569483938e-02
3.695224504198360016e-01 5.114839872301379931e-02
-4.171867290346217283e-01 3.115096972761444150e-02
5.619983543582163232e-02 -1.268840145487880600e-01
6.014948370583061976e-02 -4.818368055136426076e-01
5.949304112640574349e-02 -3.779077323853521353e-01
6.204957854501880199e-02 -4.577206605919408311e-01
7.734687960875141766e-02 2.968413090518784436e-01
1.356642851097392688e-01 3.506523450062137837e-02
3.896455303103716350e-01 3.937809278734605289e-02
-2.249578096569446739e-01 2.959965166404554537e-02
5.643080821975909878e-02 -2.200576789020766144e-01
-1.453458149377304665e-01 5.759256963623782255e-02
-4.091025724113996898e-01 3.520021557496733067e-02
7.949957204165403191e-02 1.617689318876252003e-01
4.612050178022341074e-01 3.617808267445765669e-02
-3.589744641633444422e-01 3.897219534365703453e-02
8.518735069152361117e-02 2.621207518429485850e-01
8.310072557733227949e-02 1.394719235080130737e-01
5.780133412289734096e-02 1.440866511169708319e-01
1.314301358375425943e-01 3.457371895918748272e-02
3.924978006408759157e-01 3.578474663384012544e-02
4.318949191820903311e-01 3.657930274624243694e-02
-2.697574668591798952e-01 3.110453241938937463e-02
5.839128956932271297e-02 -4.470934528004606445e-01
8.447157021780649089e-02 -2.504043609731396725e-01
4.045335033682334602e-01 3.726539116156690756e-02
-1.340082587049600260e-01 5.058943889900524571e-02
7.703186230201719553e-02 -3.890109673483942432e-01
6.004533630566089020e-02 -4.716758856297917912e-01
-4.608488716551725206e-01 5.110023369800631432e-02
7.805446807470362014e-02 -2.058394713469514636e-01
1.127081397468412405e-01 4.170526596967238930e-02
3.926819533662927464e-01 4.357872593818745699e-02
1.449085599474007058e-01 3.318139440642886573e-02
5.539952258530922435e-02 1.546410494670842350e-01
-1.404805694597285326e-01 2.714162055947588748e-02
7.194279828056349135e-02 1.473511874795142562e-01
5.534094764936892119e-02 7.725998247843368638e-02
5.282917225511984949e-02 2.393374135379454648e-01
7.586921264607826565e-02 2.118444301597232071e-01
4.128396561165669221e-01 5.454709903576970831e-02
6.089943735397551627e-02 3.964934766115910669e-01
8.279473337802822908e-02 -3.708297526220766249e-01
-4.054018352670339942e-01 4.343739402266144634e-02
7.219872293998785828e-02 8.361811686547859779e-02
2.104857623362890173e-01 4.398122217846733850e-02
8.352502960518259911e-02 -4.233928948946723558e-01
1.223923695804512990e-01 4.942025337137190277e-02
-2.910329139892379180e-01 4.349923863240734434e-02
6.301440593309026728e-02 -5.607399931988044095e-02
4.024917262067198021e-01 5.509198875174858845e-02
2.907931294747228002e-01 3.321361096393882217e-02
6.286432810101305613e-02 -2.807218307622342257e-01
8.451654982573075792e-02 -4.075686530247782935e-01
6.137361992870371541e-02 9.480949283333539590e-03
7.172572783260122709e-02 3.533908188041855469e-01
2.951318828871802857e-01 3.994305907348316698e-02
5.553771354666658944e-02 5.356172487062316190e-02
1.478598654527978340e-01 4.583758184124309132e-02
7.896730984369304540e-02 8.813862198638611201e-02
5.366048053187622013e-02 -2.665372336368727613e-01
6.112034135749389030e-02 -2.797832890821416729e-01
7.428522323518282899e-02 -9.336594284436483537e-02
-1.737720214461877521e-01 4.276113656622571035e-02
8.295904698100753372e-02 2.392407049638917149e-01
2.608940886217209210e-01 3.116330209267170748e-02
5.807548128891315553e-02 -3.359053017664104246e-01
6.957354609528942913e-02 3.749491337143722181e-01
6.025173947149486953e-02 -1.850581118220514520e-01
-2.481280858795794630e-01 5.852114528448659758e-02
7.779264323852586038e-02 -1.957385038499037666e-01
1.646709924711731166e-01 4.955056811001845585e-02
6.856802459911370828e-02 -1.983371078603427540e-01
9.886099511755486180e-02 5.965456987681216905e-02
3.218473857869982302e-01 5.058283735575308526e-02
2.516065373072188249e-01 5.448157690731469938e-02
5.653252818897669396e-02 -3.126225460993226068e-01
5.617627385241030780e-02 -3.792621175744126383e-02
-1.963467012414731316e-01 3.893022907360665918e-02
-3.010157262221480057e-02 4.770611133261060122e-02
8.240884168311712887e-02 -8.212645923701933359e-02
-3.296508977953013231e-01 4.738647381132110592e-02
-7.102591200330377053e-02 2.713066589426893493e-02
-3.303468446756198107e-01 5.864470922310505152e-02
8.426162226986844139e-02 -4.411697815716180138e-01
6.478674048986654554e-02 -1.896830391730797150e-01
5.914611418027149181e-02 -9.170563432403056048e-02
3.264687343168594102e-01 3.638223654398631268e-02
-4.658501583339860197e-01 4.545648692482684439e-02
1.121320823524927235e-01 3.245872969317820100e-02
7.181195257417205546e-02 5.183210002391636095e-03
6.985486721016842537e-02 -4.122817518678214554e-01
5.968859129903048011e-02 -4.071438044795604450e-01
-6.917749687120411384e-02 2.790815426289150469e-02
7.468422901519933266e-02 3.441850765873583073e-01
7.115281595451228291e-02 -2.442518780121682997e-02
-2.115016196759955669e-02 4.370478890209739120e-02
5.474782229335073414e-02 -3.732497356505893871e-01
-3.219913017958642154e-01 5.971219490853729717e-02
-5.157892727686108625e-02 5.741975704644675105e-02
4.149497666910029192e-01 5.274372517590086851e-02
-6.790929301453052513e-02 5.404372962823711379e-02
-2.783456822553400656e-01 4.002449313056488656e-02
2.300247261854380110e-01 3.876577708065220840e-02
8.414217884760955002e-02 -3.707128864844781990e-01
