-4.284055954322347759e-01 1.781984166629146937e-02
2.205243168453244751e-01 1.676093102433462434e-02
4.944341447946254409e-02 3.985048353327635962e-02
7.209092464380073562e-02 7.679200933851215716e-02
6.394375815779196337e-02 -3.686408917647931993e-03
4.896040096727460877e-02 9.163865066803345005e-02
5.027249409534118030e-02 3.906749958606263728e-01
6.734782633577418576e-02 4.083044855305544285e-01
5.937449757436752407e-02 -1.514611380165120647e-01
5.870392656969525280e-02 4.127040512465173228e-01
7.304908307640678444e-02 -3.665826048694350581e-01
7.686808202939188206e-02 5.811514056940192408e-02
7.108246203864920787e-02 4.078811982047965135e-01
4.852045393387027783e-02 2.395599115302144977e-01
4.832151749605383406e-01 1.580113590239606847e-02
6.624627066782073914e-02 -9.500823252220547133e-02
4.634268837300690169e-01 7.413353438036285326e-03
-5.814665442005262364e-02 1.170723794429562314e-02
4.977745866952898446e-02 -2.205434419937591928e-01
5.846016426691835743e-02 7.419909703264537804e-02
-3.295373852816174676e-01 2.141396286860508535e-02
3.924440134430144944e-01 1.041674433708628111e-02
6.390135803660745850e-02 -2.363168531918161674e-01
6.126098914889976932e-02 3.835523648090475302e-01
7.677666146926420687e-02 -4.019993743253639229e-01
-3.418248769898390993e-01 2.300427185904152516e-02
4.094228783827349449e-01 2.326052847670301293e-02
4.659426361681517914e-02 2.378518183498120608e-01
3.145516586106650303e-01 1.866317623631663647e-02
-2.268757383036333897e-01 6.797664900007438504e-03
6.145651241270766452e-02 2.938298157600219840e-01
-1.155192462898901873e-01 -3.463997272133756411e-03
6.102351263489758093e-02 -4.821492120340704624e-01
3.066891941173104374e-01 6.079210429691506157e-03
-6.260258107729388399e-02 -3.680314748476964937e-03
5.197528186787303550e-02 2.976615267595970060e-01
-1.432943975611750131e-01 3.396126874530613904e-03
6.771392262589381872e-02 3.295359470132892543e-01
-4.206025028710753677e-01 1.099689935292935683e-02
4.865876928302431681e-01 1.401069839276758433e-02
4.878858152993725827e-02 2.438493876984876296e-01
-4.633591712337061796e-01 1.424663046387208976e-02
2.761885982367184855e-01 5.148229292947337221e-03
2.753539694303602792e-01 1.702823700481903568e-02
7.309627419193365228e-02 -4.433809394354344402e-01
2.915717583911888733e-01 -1.484210944535546695e-03
2.437266347254385401e-01 8.177580636429149230e-03
3.239794819988986996e-01 1.792442687220119346e-03
5.978720136406223684e-02 3.441676195452573195e-01
7.606798485546995003e-02 -4.797417883439203390e-02
1.425702875550345361e-01 -4.098103992808299623e-03
4.735381022577223042e-02 -3.160708626260030352e-01
6.422544274794039776e-02 -2.513745215338869521e-02
-4.794931563909201611e-01 1.631234561172978381e-03
5.752387008278170288e-02 -4.428652707268061484e-01
1.559690225009139342e-01 1.463155555425443843e-02
7.652618794953414127e-02 -2.641258934423716953e-01
-2.463134289947289668e-01 1.609172504031508577e-02
-4.158821841333755209e-01 2.504830432955451602e-02
-2.803633383491417330e-01 3.079276105454442636e-03
-2.835408294594764511e-01 2.475004821545834233e-02
7.932001101381358499e-02 2.545691234534744884e-01
-1.915205984908557868e-01 -3.567216928050953584e-03
4.823172120909757776e-02 2.801192248116335382e-02
7.649474810258627411e-02 4.592348929508974775e-01
7.961762563560315087e-02 -1.549159115449713076e-01
6.098055008434610791e-02 -3.362278580040155562e-01
4.020872024832151670e-01 1.326836350135474074e-02
7.167644900077252412e-02 3.348387953279386986e-01
6.447590188522245302e-02 -1.177864179018173196e-01
-1.770462442529697755e-01 3.933851611515493119e-03
7.611548816985302945e-02 -3.364218063861412755e-02
6.351844494921088380e-02 -2.779711064861354330e-01
-5.144242790831032863e-03 2.277087528749444090e-03
2.727288815788025955e-01 -2.511717381934674975e-03
4.975476343865269380e-01 2.328171450297533696e-02
1.555757039361765903e-01 2.447697085683731011e-02
6.883919609207511670e-02 -5.866103122239507695e-02
-2.561140340712154684e-01 2.297842669850835851e-02
5.179236906687612052e-02 2.661451430278477526e-01
5.000345493326041613e-02 -2.679826294692042588e-01
2.670764735263156942e-01 1.683118521633608644e-02
3.628563138336462490e-01 1.400325572359784054e-02
5.523911625243904666e-02 -2.950984003993741833e-01
6.171213112968298997e-02 -4.875384921172980501e-01
-2.012948761949046039e-01 2.076599134455370255e-02
5.570110212144285811e-02 -3.965947306974565434e-01
7.045066399278909763e-02 -3.901933905577940065e-01
7.056149334084282909e-02 -2.367590865207175321e-01
6.496839652321062530e-02 -1.541415829278258709e-02
-2.219731761678875870e-01 1.250534326791752360e-02
7.040953920733450389e-02 -2.518576751267446179e-01
7.661676408969853025e-02 2.753822421053930825e-03
6.714166250194875118e-02 1.761607265852571658e-02
5.909061982298002835e-02 -1.313543154895980836e-01
6.347773290633873522e-02 3.238073317339629220e-01
2.462382766887479812e-01 1.281036737262641889e-02
4.647504831652693458e-02 1.462399531019679122e-01
7.119523145194328606e-02 2.199403468932649153e-01
3.854157508559942213e-01 -1.766888721625226033e-03
-3.839188770662319561e-01 1.479279864897609098e-02
4.162590048583725277e-01 2.398351635243256563e-02
8.034499214247592391e-02 8.533557991203910564e-02
4.768657321108634717e-01 -1.933817235261425793e-03
5.826960112832191285e-02 3.554053070386186119e-01
6.892710961644676892e-02 3.230994815724507196e-01
5.994156304915021494e-02 -4.835482266439453669e-01
7.905663733230727797e-02 -1.149118685545188479e-01
4.558266209718959683e-01 1.251434187167221879e-03
-4.012536173034728648e-01 7.579546466250364212e-03
-2.121190241373348551e-01 2.448820044773236670e-02
5.499535091118645802e-02 3.019064500055212985e-02
1.535920095221866566e-01 2.088404516085895501e-02
7.366590577034048959e-02 4.661340711569975648e-01
-2.524677411813422978e-01 1.288788046545763510e-02
-3.020067424223834562e-01 5.609941720834066281e-03
3.475639646642098013e-01 2.546870385273902748e-02
-9.953138274512873807e-02 4.121247982242892682e-03
7.694664285683239235e-02 3.676784350640667220e-01
1.257607397722098064e-01 2.457557176122526776e-02
5.522687113856006302e-02 2.601491180978171558e-01
6.601365032674533229e-02 -2.287605379477174461e-01
2.429060674271480424e-01 1.733130591480513960e-02
4.858265336847735760e-01 2.442526688614099495e-02
7.467470586061464299e-02 -2.734612464779225816e-01
5.457829696114624429e-02 -7.372726288930553373e-02
7.286957506070457224e-02 -3.396968112508791382e-02
2.374247018537116727e-01 1.143109546415899125e-02
5.796980064489032358e-02 -1.501151987326839743e-01
7.672541145270717067e-02 -3.361970274494341382e-02
-1.420044710083159245e-01 1.920224272764670115e-02
6.697606951210033355e-02 6.939902501850780947e-02
2.263121699083454619e-01 2.181687457409586806e-02
6.669104311197204815e-02 1.627181255792133907e-01
-3.957386974358478859e-01 1.263190801051061740e-02
5.919709699496356059e-02 -2.902465802275864259e-01
-3.105734420361597747e-01 1.423074180223338203e-02
-4.608189872465063841e-01 -9.466259849140179483e-04
6.100382530697012751e-02 4.901489955876872084e-01
-4.738897499061683893e-01 1.522264033686204776e-02
5.443436644869625862e-02 3.323815837869916745e-01
5.359372871954126705e-02 2.850118011354197955e-01
-1.218057676779907839e-01 9.950060552581296847e-03
7.436125602161636206e-02 1.621581647808946203e-01
4.609482760341943042e-02 6.537224371157845937e-02
3.956689562905194579e-01 1.567442649558181689e-02
2.399899154938283097e-01 2.131918874439375777e-02
4.246246641343124351e-01 1.420908956370570131e-02
-3.324297351857130600e-03 2.275822210041067439e-02
-1.797046573479783582e-01 2.533146672854102999e-02
5.063780134483908402e-02 2.718836680333085454e-01
-1.263238639046670997e-01 1.213768128700221105e-03
-5.885107011677925826e-02 1.401053795938578261e-03
5.801387655187140169e-02 1.326383109015979445e-01
6.679095645277965954e-02 1.064676782905923380e-01
-1.954042913268173587e-01 -2.190464052240104209e-03
8.677482004370129509e-03 2.425392201666187741e-02
4.539774599602797167e-02 4.710303153588407676e-01
7.158225460611222779e-02 2.851067264698582404e-01
5.469208306161099653e-02 1.041896591583403309e-01
3.469132163992962870e-01 2.164058338478613841e-02
3.480234803288805301e-01 2.050909892906671583e-02
3.905006305173811532e-01 -4.018010096264457154e-03
6.227088663868440843e-02 -3.020327830244690093e-01
-7.021510296779176485e-02 1.492418543232698624e-02
-4.864954902664804237e-01 2.558963328432217743e-02
-4.675816176367821875e-01 5.941384885061351540e-03
5.355155975337677621e-02 -7.008960692599308651e-02
4.917034104946060857e-02 1.227656079247950727e-01
7.926931896073208250e-02 -4.084925792569771286e-01
2.866873921462583796e-01 1.155991097814246249e-02
-2.554470442370774252e-01 1.127043852691278492e-02
7.700712749928384504e-02 8.089410345412539893e-02
-2.608783923486853729e-01 1.635349731466517742e-02
4.737939793531009691e-02 3.434678193973313975e-01
1.734735414755587124e-01 8.608871993035727144e-03
-3.720834663903535011e-01 1.798419319679323003e-02
6.001294977640470041e-02 -4.307130266488279347e-01
2.613074318293437948e-01 2.547717334518972976e-04
5.416031340559246399e-02 4.196749851244271357e-01
-2.176272647390422588e-01 1.849130713955549066e-02
2.508024133868902439e-02 1.833021364524389796e-02
-2.099212443095355152e-02 4.635885302614606296e-03
5.798688942285412651e-02 -2.112508495227513050e-01
1.755574778729932506e-01 9.018367774912161572e-03
5.651603344800248951e-02 -1.499237638678643236e-01
4.611986262090894684e-02 3.402087750229879637e-01
-1.798884359186483373e-01 1.806333392165193619e-02
3.852313734168714143e-01 6.386420654303281985e-03
4.650415087141290815e-02 -4.194433975617978261e-01
4.512322549375047398e-02 2.626714161386324298e-01
-4.426181676116092145e-02 -4.002822046921927779e-03
2.001599171656798237e-01 1.970969574270087232e-02
4.693562646013020867e-01 -9.721450977218104583e-04
-1.051927958272549368e-01 1.615744871063429233e-02
5.306923718307754445e-02 -3.268693765214281122e-01
1.051979548084495120e-01 3.362505124045012117e-03
5.589595475337860719e-02 2.148574592589125309e-01
-1.031958960379247836e-01 1.596096496119192576e-02
7.004163113211658853e-02 3.919847600064041426e-02
5.871265643811041102e-02 3.258469657573623834e-01
5.415629475499883494e-02 2.519911863170753996e-02
5.720901039409675981e-02 1.494401051867323416e-01
6.759404967753457338e-02 -2.763387811201424293e-01
4.873626520183782507e-02 -4.766636284585474836e-01
7.188353381988388247e-02 1.498782891074290635e-01
7.895543742248556374e-02 1.200118738207560654e-01
7.851919213624680705e-02 6.417422027792252237e-02
-8.645664094890981310e-03 1.501767630349570837e-02
4.950244282002325136e-02 -2.019116438628095755e-01
-2.844613255113429551e-01 1.045438258635145168e-02
6.973623593356914618e-02 -2.903321610363562844e-02
7.224468473688938630e-02 -2.823610842129320453e-02
6.419221332666535940e-02 1.586014445095413894e-01
7.574082513874169642e-02 -2.512887076127210406e-01
4.110506842688442797e-01 1.985145979554492346e-02
5.633403130412006909e-02 1.443656121508294365e-01
4.689634257396957384e-02 -6.664948056694919298e-02
-4.761461726356850388e-01 -2.097961582125940083e-06
6.758222964596694027e-02 3.720240216601049532e-01
7.509172518483486769e-02 1.873489642942769429e-01
5.357411271775103234e-02 -2.640583079822705903e-01
7.041545121989700728e-02 3.685501117948349892e-01
4.894356073783382444e-01 2.526552438255591504e-02
6.683308008354338359e-02 4.550413965749701140e-01
-4.849256840282578640e-02 9.445018604059551848e-04
5.598228246909719985e-02 3.048024000290867619e-01
-4.402768893038733200e-02 2.453345136127393911e-02
-1.902637309179729952e-01 1.881279285693349124e-02
4.293473698699374896e-01 4.952954448502855378e-03
5.576370748043268932e-02 -4.798148024727423300e-01
-3.889611606741238958e-01 2.176456098517576265e-03
3.674841157260489988e-01 1.072908106972514375e-02
4.917492500269340372e-01 2.543229954311998497e-02
-2.081160024430860345e-01 2.183210680655911506e-02
-4.829773855194863241e-01 8.904000593026428767e-03
4.845298283370580439e-02 -1.536263495727608897e-01
3.758081754602879965e-01 1.740685954105858357e-02
6.616328539909055451e-02 3.396105702555483052e-01
4.707417396530833020e-02 -5.672526288893797730e-02
3.287023342399635339e-01 -1.767490198590571104e-03
5.782771687874355138e-02 9.519438128852431014e-02
-1.319541099685258567e-01 8.329031067626613272e-03
6.623927801621043443e-02 1.676050634943421214e-01
5.853607382699788086e-02 1.077428805317766081e-01
6.511437993867463803e-02 4.075048228591610089e-01
4.633967741992117695e-02 -4.454221056894047681e-01
4.586681191029728932e-02 4.534132740811903650e-01
-3.422443661024486827e-01 2.186567104132686179e-02
5.352843352695446644e-02 1.902440323475013129e-01
-2.525263039021634626e-01 8.812109593156258747e-03
4.210516717934109643e-01 -4.019041113576760083e-03
-4.679216861610324685e-02 6.087069473072803660e-03
2.582315575603855162e-01 2.340084681812237832e-03
5.582919246519979506e-02 -2.375366005188289664e-01
6.058324959889604955e-02 1.408769025226523919e-01
6.123226533935632876e-02 1.802609882663218643e-01
-1.357989298565636105e-01 1.374495555167298821e-02
-1.291950678194486724e-02 1.400031690506287063e-03
4.727760584246865072e-02 -1.364981683259802736e-01
4.622261865868870778e-02 4.521608312966939325e-01
6.386875812604353442e-02 -3.997014103953809849e-01
5.512847340860094203e-02 -1.203306520768042676e-01
4.501081079656821249e-02 1.650095699623225221e-01
5.605616223439968682e-02 -2.196399055714634008e-01
5.257452764691483704e-02 -3.600770093183007781e-01
5.597757780055756527e-02 2.422279539280038918e-01
7.437235304737255248e-02 -3.086353642282733123e-01
4.636896634682630136e-02 4.900708012272289027e-01
2.784255029922382274e-01 1.163483388213404357e-02
4.670676446351229583e-02 1.875500642616263480e-01
6.784624525575122522e-02 -2.749770239641643466e-01
2.066088913733012955e-01 1.129358279008951804e-02
6.971573486013149523e-02 1.525206974895859657e-01
-3.364163881530675138e-01 -2.781792321222553710e-03
3.495892185107150052e-01 1.281284150039163627e-02
-4.736698698249773853e-01 1.360445960569367507e-02
5.298203938268586377e-02 4.390860704597138175e-01
-1.442108724717754420e-01 8.453603228766759514e-03
-2.540694299866141925e-03 2.140178158137717723e-02
-2.987694744444138184e-01 1.526316915152647891e-02
4.886175115353530440e-02 1.160019120727981967e-01
-3.559572690616332746e-01 5.162744058834989325e-03
4.652258070369108545e-02 1.751377122176145384e-01
2.567830463788206563e-01 2.478715278529008970e-02
7.007195983309699727e-02 -3.129012245918305624e-02
-4.750785771342058705e-01 5.158163585783248628e-03
5.559122395888349555e-02 4.521288748986225237e-01
-4.109574128441250140e-01 1.455026540000736723e-03
5.129456135143450890e-02 -4.250784575625855544e-01
5.646026259629666200e-02 4.942749186257390237e-01
4.358597876756737932e-01 1.308140618359820984e-02
7.148003086140464202e-02 -3.797589849968211473e-01
5.901519862348758583e-02 -1.881568935462810677e-01
1.747251637606728192e-01 1.996013305507704505e-02
6.368470253985392127e-02 1.042846548572560206e-01
4.717193218495596696e-02 5.407627759723476757e-02
4.400784419452598017e-01 7.739605653396597340e-03
-1.962760335811698509e-01 1.241451155333417322e-02
-1.417482811828553180e-01 -3.807751102276935029e-03
7.876887492749007347e-02 -4.413339139220063823e-01
6.407472958605142654e-02 -3.462042912361728009e-01
5.138329625264614897e-02 -3.304748669609431921e-01
4.982905172276208550e-02 4.012832250719089444e-01
-2.791451020187161181e-01 2.521578082311581870e-02
5.152709718866976818e-02 -3.724765452000013966e-01
7.258567810686467059e-02 -2.114334437037674874e-01
7.554989402369971518e-02 -4.980213561810120648e-02
7.298432231468798825e-02 4.730927212417247452e-01
6.540319060731525358e-02 -3.095333971097307124e-01
3.584059920444488956e-01 8.750352479858780619e-03
7.235528978171490433e-02 1.157198870922200307e-01
-1.288510203559672940e-01 -2.639399517782470284e-03
4.866942108095684283e-02 3.785238343430871177e-01
5.383169317884406446e-02 -3.361553806204387040e-01
5.485919677135997485e-02 -8.495210488368976076e-02
7.741652922825836836e-02 3.643714869623513319e-01
-3.964839606012479090e-01 1.025337743935994528e-02
7.250065318198928299e-02 -1.503270188434264742e-01
4.037246138018428798e-01 4.463291455416018572e-03
5.240534729829193772e-02 -3.767539479775185995e-01
2.096390803020299343e-01 9.871529052269956139e-04
-5.493450004755773275e-02 2.288925816074915964e-02
7.045340075711692407e-02 9.545350110417505363e-02
