1.610927518706044559e-01 6.498776773548331498e-02
7.634710670171407365e-02 -7.052476444882271878e-03
-4.118485101751623301e-02 7.869763230845938651e-02
1.104830098005862293e-01 6.175599333078907183e-02
6.107274274427187954e-02 -3.670600460125506004e-01
6.635634054427841377e-02 1.253484570667026121e-01
8.197159717662916290e-02 2.243790787621950944e-01
7.847216194662287592e-02 -2.553624789058531741e-01
-3.107744708222883734e-01 8.709071954311387032e-02
7.020374562636799709e-02 4.665697405096936867e-01
6.866749461278320865e-02 4.833343566283961890e-01
6.849784315949047908e-02 -4.813945469270941580e-02
2.986851739910498793e-01 7.726552516279261429e-02
9.241261930730948482e-02 3.308416106892799746e-01
2.468439816818402965e-01 5.791814383340609940e-02
-4.951985790312656288e-01 9.428238908831176879e-02
-8.873899567082965678e-02 7.005859104059586340e-02
4.027960973577120463e-01 6.486151372965098805e-02
-4.758743358131091172e-01 6.477627309400435518e-02
-3.478389421537949611e-01 8.380469604606755052e-02
-2.065092001836424940e-01 7.131406065835466102e-02
5.894207226388725740e-02 2.108726483363332349e-01
6.310940885609750417e-02 -1.552484203086841319e-01
7.811227862899616792e-02 4.610765259027685969e-01
4.140114480150336451e-02 6.214669070781897453e-02
-1.876816185279631677e-01 8.934330220567998637e-02
4.903845482951535439e-01 7.753151755259479749e-02
7.058910055905232017e-02 -2.981378687944113981e-01
8.763574391760453608e-02 4.178267428534720995e-01
7.416806995177560591e-02 -2.856983664278121005e-01
4.385365741845453913e-01 8.753671451559397187e-02
1.929632470439636149e-01 7.169379740895887032e-02
1.867288912123393763e-01 7.375255276247039138e-02
8.431561033862311483e-02 3.830770840385913090e-01
8.641404739217040110e-02 3.196957701052292045e-01
-1.977263446699478733e-01 7.843052086099056019e-02
8.189111249344738219e-02 -5.460369228493477944e-02
3.489359871264888779e-01 7.164794645459149347e-02
-4.327963741955516142e-01 5.733861998147560257e-02
6.428481422902088127e-02 2.002275944425644383e-01
-4.588755403781186182e-01 8.567048265072252367e-02
8.795757504482071276e-02 -4.862377303818072871e-01
-4.524627608147987479e-01 9.265362164183033045e-02
6.227231191781934516e-02 -2.743158247731934951e-01
9.168714968859648096e-02 2.434249021570052962e-01
5.924161525351112623e-02 2.375851800662884816e-01
5.688717474568361077e-02 3.198385585027143652e-01
4.958097396108170907e-01 5.882734504717190838e-02
4.647278173914726196e-01 8.130307899282118722e-02
7.497999044792025281e-02 -1.648291956884337939e-01
4.696800748541829496e-01 7.567311689319877743e-02
-4.509456060258775212e-01 8.504149654719861395e-02
-4.935343348622530657e-01 6.207723072268034326e-02
-1.052711586656164267e-01 5.900466805937365500e-02
2.826611748355827292e-01 6.333735485756353256e-02
6.946615796315991354e-02 4.661696520375218089e-01
8.807986431186787257e-02 1.083837920845817093e-01
7.468868281992502300e-02 2.747793419530154546e-01
6.530684354932547730e-02 -3.176640704560287354e-01
9.238901991507553202e-02 1.617673259246494855e-01
1.743378730394639087e-01 6.791682699776202536e-02
-2.643285851590376767e-01 5.983631581246884323e-02
8.323508445454119720e-02 1.787541462848806217e-01
6.833151179003393860e-02 -1.762166818357885356e-01
8.118302247824604745e-02 2.699355432166116175e-01
8.058130744973757142e-02 1.636069761178928772e-01
9.208612337469379572e-02 -2.100899199623318392e-01
6.056318663226756271e-02 -1.472218069283117714e-01
-4.419089953949463245e-01 8.114142061345186452e-02
8.183584416219091828e-02 -1.388449180454925935e-01
6.506105952216323374e-02 -4.376928681956401279e-01
2.100475896766625938e-01 9.260141151552936378e-02
-3.946543014879655420e-02 6.207253603438755984e-02
3.076927521386785269e-01 8.649867657554710654e-02
2.626721642410150270e-01 5.922347278145700944e-02
9.087645710498226670e-02 -1.052259500896736144e-01
7.212981110614458125e-02 2.788530558232853451e-01
9.075098490430677511e-02 -2.967189051451445403e-01
9.269680411750613747e-02 -3.917202810446254180e-01
5.689804464774794734e-02 -4.238042887841559914e-01
2.165658048634180322e-01 7.331966394485056604e-02
-3.898025587656850366e-01 8.750657999934019493e-02
-3.482201956731647563e-01 6.495958584040184558e-02
6.988268574653366816e-02 2.239800341177913268e-01
-9.294267614836360103e-02 7.017453960610331443e-02
6.889093123965028820e-02 1.559650859435947057e-01
-2.097296994482511501e-02 7.741951582267581067e-02
1.275444151045966867e-01 8.786012452411262608e-02
-3.440315562417489703e-01 7.735177247416080704e-02
3.989667371524283634e-01 6.500377572006543758e-02
4.340662831342452233e-01 5.872926939077127706e-02
-4.067823344922666395e-01 6.729952827708274299e-02
2.496980648467724828e-01 5.953444646391259365e-02
1.891084530231876837e-01 7.429467759100749635e-02
9.061493599187309123e-02 -1.418534282279488856e-01
5.657764012894661576e-02 -6.606901839466283732e-02
8.518856686925413424e-02 4.782470714565997261e-01
-4.754626449607719518e-01 5.775893135847343096e-02
9.016901954475453618e-02 3.179060467194083639e-02
3.798992439115449482e-01 8.691195019123731935e-02
6.284386014924292496e-02 -2.745772146226290733e-01
6.026316483529714496e-02 -4.071505807203257277e-02
4.480447379940423192e-01 6.713745592340969459e-02
6.346065725259020240e-02 -1.139881552515429330e-01
-6.132010543489263554e-02 7.480117558167853620e-02
9.071298129187543857e-02 -2.800670434728173008e-01
9.294389632519695077e-02 3.581832936206283957e-01
1.079652646223652201e-01 8.592336948821799325e-02
6.214920461781792138e-02 -2.741613105569906672e-01
-3.494401863638280092e-01 7.059245243157707961e-02
8.871825801878441276e-02 2.333039517956682074e-01
-2.688091230831416434e-01 6.568007411871457091e-02
9.323633190148861161e-02 -4.372713338663297700e-01
-1.113242228168485060e-01 6.262443897371872126e-02
1.802374054485034183e-02 7.278844136084328120e-02
6.516139874558424250e-02 1.378630906378212062e-01
8.876950163219243795e-02 4.931480896634875544e-01
6.029469354801408887e-02 3.537580075568990123e-01
5.975791464152113708e-02 -4.289443347029775477e-02
6.184539733049831955e-02 9.471655458500338742e-02
-4.337356307271630351e-01 9.151101512829851181e-02
3.872931181743475282e-01 8.253427939416779768e-02
-3.518653374494095099e-01 7.899731285301470063e-02
-2.874252683942500886e-01 7.405836170045576594e-02
6.615581493873445851e-02 -1.017884173927720015e-01
3.451517637790707527e-01 8.125489716140776864e-02
-4.958465582106955649e-01 8.431456521940083881e-02
7.567046583827852224e-02 4.825999999829986287e-01
6.021202884612286699e-02 2.191813853051343131e-01
6.440194415252098459e-02 1.048195982130928350e-02
-7.636313048338594367e-02 6.084352598343734098e-02
8.508501722021266644e-02 -3.498387181133465473e-01
4.070367585450308523e-01 7.433135610260099835e-02
5.889271148558516966e-02 2.226454211954648210e-01
9.291007712303411825e-02 1.194511966324651731e-02
1.837636608795498727e-01 6.194128285409028489e-02
2.903657535111677790e-01 7.929941806954454719e-02
-1.612583969018840380e-01 8.409187705378684541e-02
8.423532619515250452e-02 1.553466751077992036e-02
8.024305227203132329e-02 2.163166204332102049e-01
6.228287126004905527e-02 -3.497982287117251676e-01
-2.056834626625377860e-01 9.106819773552188302e-02
-2.956553280794990135e-01 7.310228696814746741e-02
6.739680634876477061e-02 8.815742671957271792e-02
9.043971541052298058e-02 2.738481760451254576e-01
6.037458312795884741e-02 -8.266470776892032024e-02
9.056569442644968326e-02 -9.441152706945188378e-02
4.457896092476258953e-01 8.945121565413294284e-02
-8.489494766544847248e-02 7.595833936637041983e-02
8.970478465348652453e-02 -5.298575961732199247e-02
9.225913362733617618e-02 3.522447276666305083e-01
1.440678570567314187e-01 7.721206654039125539e-02
3.957074182728087530e-01 8.994364002922594636e-02
-5.791386348262816952e-02 8.426119152556010850e-02
8.352799350609063644e-02 7.020517590910457795e-02
8.836528659904652194e-02 -4.806557608311767815e-02
7.247762996642082012e-02 -1.425127319421888306e-01
1.994613328335159697e-02 5.772420592822302687e-02
4.366207216041191330e-01 6.818627669964771876e-02
4.218172717976506059e-01 6.750585688214938429e-02
9.003326620959273274e-02 1.219391555176172481e-01
-3.294136769212667737e-01 8.738750269303630080e-02
6.244094038345104902e-02 4.044595273477566977e-01
1.014208655457967678e-01 5.934700821839500318e-02
-2.757823509577463916e-01 8.162562528079175816e-02
7.540006517551001153e-02 -2.329422735257669075e-02
8.489645428929604165e-02 1.091950579042703096e-01
-2.142533549115831493e-01 6.273365300615296736e-02
5.707959046278188175e-02 -1.592712674672853712e-01
7.166633631139807115e-02 -5.386652087229215624e-02
8.540128165348415124e-02 4.823393885691746874e-01
8.123584325597810185e-02 -2.583514579752436147e-01
8.528902818094774574e-02 -9.560218668118791729e-02
8.032888599449872213e-02 4.676603158961658568e-01
6.155453590918591456e-02 3.012022684045873033e-01
-4.763711340922328619e-01 8.237030144243340235e-02
1.954536878291502910e-01 6.643440151912349823e-02
7.296880669584970835e-02 -1.358060181464988414e-01
5.834354787517659346e-02 4.069735646545201702e-01
3.956040111743319709e-01 6.392557360010109324e-02
-2.135568151762146094e-01 7.497276497498484016e-02
1.098557236885270294e-01 6.924509113161059215e-02
6.819922419237334221e-02 -2.317555583432406863e-01
9.141018940316891772e-02 -2.560975365918132240e-01
8.381358891486412332e-02 -4.887196691927311321e-01
9.079530634108956555e-02 -3.451576489421541716e-01
2.072913574756597432e-01 6.432306437759360840e-02
-1.014381117605963611e-01 9.120999052526379547e-02
2.429589358387117537e-01 7.197917300666911711e-02
9.079035713019645293e-02 2.621036680609875047e-01
8.868579831513601075e-02 2.632363002134753271e-01
-2.820078356982735901e-02 8.004374385906365408e-02
3.870688469912886287e-01 8.363146268477716916e-02
8.480911041860628163e-02 -4.884794218242304309e-01
7.688360214412204297e-02 -4.017753231263525571e-01
1.285250680216144525e-01 8.268793346269753819e-02
9.651804899420923789e-02 8.508537512605318653e-02
6.555884466339889638e-02 1.160393619513079289e-01
8.509030843670317701e-02 -3.248385204385821901e-01
-1.790857551928440872e-01 5.768076563336932416e-02
2.329634486942654403e-01 6.597010643199097135e-02
6.895755219114985124e-02 -1.612092884656849412e-01
-4.305624651020923954e-01 8.484430398411579866e-02
9.348532981424817478e-02 4.225570307774330070e-01
-7.310597519415240608e-02 8.428654280082481520e-02
4.554312331713386008e-01 7.939362326881083121e-02
-4.721925337920603871e-01 6.399515260077415224e-02
-2.180566623989230735e-01 6.321033966405109616e-02
3.809265396635469481e-01 8.508229834811298353e-02
5.936500221266471922e-02 4.655817481861945772e-03
9.127805666165778042e-02 1.431998341507215722e-01
-4.426906948288917842e-01 8.805444568895171020e-02
3.712869599151934485e-01 8.888714037520795141e-02
6.137178079922811502e-02 4.977803675857790378e-01
5.981626661071015594e-02 -4.606125098080665614e-01
4.475795856965129049e-01 9.145218593706239130e-02
6.018767493064247631e-02 2.467298972682674396e-02
8.138949803414974316e-02 3.988670674980375752e-01
1.939267013454130106e-01 9.281751307537189355e-02
5.982529813796366724e-02 -4.644223521794038634e-01
4.616572659509931009e-01 6.978489418671907085e-02
5.651587477418451577e-02 4.014434476356025794e-01
1.702206017528637982e-01 7.964750289920208282e-02
8.492560695706674601e-02 -1.027567446619233049e-01
6.408346512906026859e-02 -6.955727135115474802e-02
-2.561033699222727833e-01 7.555211284249407910e-02
3.005318894913205918e-01 6.178708355520623474e-02
8.055270024395266848e-02 1.703705889656214056e-01
2.166177894387383285e-01 8.799544422661065290e-02
-3.718923126734898776e-01 6.171897508672385957e-02
4.031664105831855860e-02 8.454318766732138446e-02
-9.526474079325064626e-02 9.166654194008150291e-02
7.490297923528010937e-02 -3.917342575940532257e-01
-4.573490748116774141e-01 6.709003406888913723e-02
8.677313023810517834e-02 -2.763489303325514790e-01
9.165268737917064978e-02 -2.793604240327954846e-01
2.035174739172168623e-01 8.226817593605018075e-02
7.856641293768251710e-02 -4.949434425072599675e-01
-2.502371991723543188e-01 7.999335879753433076e-02
-3.713139287090405638e-02 7.992086141561793866e-02
-3.695918824729350627e-01 7.536663394810028116e-02
-1.794655001503763225e-01 8.385712504203757245e-02
5.724621944669783247e-02 -3.683955528173411542e-01
-8.872837186620907701e-02 7.767567089059013163e-02
-4.045052857516178157e-01 6.449152204199548599e-02
3.645078899087087487e-01 7.481490769906551375e-02
1.122147568501296044e-01 9.260011569918635832e-02
6.127080362826109461e-02 1.769340525879156134e-01
7.339870678060012033e-02 -3.581030341099058489e-01
1.738385056290603359e-01 5.747270082385536050e-02
4.948189817417458780e-01 7.068090445924712917e-02
3.548281249185811781e-01 6.026607816641604831e-02
7.228299412966432413e-02 1.751575864488961187e-01
2.141611118349057152e-01 8.664234486836708271e-02
6.195463118603206087e-02 8.371292817213915605e-02
7.016281052934580931e-02 -2.948637504261697462e-02
8.379990392509273356e-02 4.437451573191575349e-02
3.187223790179245508e-01 8.014386930844374923e-02
-3.342461998616658159e-01 7.919131321078920482e-02
2.239674892107368365e-01 9.178273775859591144e-02
7.040051041614170391e-02 1.302864606635045774e-01
8.104949741393596696e-02 -2.563397659237536264e-01
2.276535441937637128e-01 8.358948394983800600e-02
-2.262177731688802540e-01 9.083860828502865470e-02
8.639684789171220292e-02 -3.311402784714356784e-01
2.646359604361291362e-01 6.462153813288429305e-02
2.490698755331806069e-01 7.030770013744058744e-02
7.785509416035829577e-02 6.662677104815095674e-02
-2.230540933701401496e-01 8.164251187861304437e-02
4.693266567797773625e-01 8.018547381012586239e-02
8.438424212720974094e-02 2.658613477690204840e-01
1.373927630019114998e-01 8.703554345668373937e-02
1.564437487548606676e-01 8.038621111155130894e-02
6.610134940978151796e-02 -1.284517467668838675e-01
6.454806405562241167e-02 -4.127026968528193507e-01
-4.833278382965511266e-01 7.071724179415717071e-02
1.221928380686121418e-02 8.374061463296933461e-02
5.948044037184319066e-02 -4.366156500604769786e-01
8.830017694444047827e-02 4.580981332401696804e-01
6.274223617509677720e-02 -2.478356250546003281e-01
-4.953322499292337477e-01 8.455378216338149677e-02
3.859243469274880045e-01 6.351623502638314989e-02
5.888136427440016085e-02 1.883685502303030779e-01
-4.029168839993976237e-01 7.872730590832344166e-02
6.511991679435302771e-02 -1.436759519159608312e-01
-8.577806687708400268e-02 6.875645988569545342e-02
8.627028978112538660e-02 -2.150263784912285203e-01
-4.364849305593941908e-01 7.761080789856900086e-02
3.144974522379323512e-01 8.180164149715585253e-02
6.476185788787802711e-02 -4.939770123155576842e-01
6.083999393679095924e-02 -1.071807690018464765e-01
4.809579586416686814e-01 6.571483152663259997e-02
-1.425904554753298914e-01 6.328973786171632199e-02
9.118226991178368657e-02 -6.112773978693386567e-02
5.899692974206172114e-02 -1.682854652589579336e-01
-3.689327941385356358e-01 6.408827955392992770e-02
4.506414232520478125e-01 7.220684847731195788e-02
6.748742646280792012e-02 2.182841712260356060e-01
-1.158258452652913828e-01 6.484661255181733974e-02
8.139234211125634388e-02 2.251256157764157662e-01
8.267552223586827065e-02 9.296247515411137918e-02
-1.350165590069062338e-01 7.815780302592423290e-02
3.387335834683558033e-02 7.282678759559135795e-02
8.343888082445249932e-02 -6.243954109411908870e-02
-7.922151007139344170e-02 8.100507614012342206e-02
7.222542846139978767e-02 2.933998854863131278e-01
-2.026598872730482892e-01 8.344473484814141084e-02
-1.903693683420134564e-01 7.168931687767821082e-02
9.059669426433480943e-02 -1.046013356588892940e-01
3.673767016503139970e-01 6.342636417389901915e-02
3.062459760969437061e-01 6.528938403922190936e-02
3.005125150960502589e-01 7.465758803966837664e-02
7.681638944892799081e-02 2.448341579943116297e-01
-1.435644485503846379e-01 7.591449083311285762e-02
4.743257759746992708e-01 9.087972847782899155e-02
-2.482621970919919319e-01 7.000902907406891806e-02
7.743230205497453333e-02 8.751810265269921452e-02
6.562034490054335922e-02 3.809633451238498836e-01
9.038182382139958726e-02 -2.801729080223046564e-01
6.211228510997846008e-02 3.502443236784846814e-01
-7.493556642973764337e-02 8.940839572557446324e-02
-3.133417475274431485e-01 7.064255103686345461e-02
-3.520231657829486771e-01 9.409818778839595943e-02
8.728340092327335764e-02 -3.737838545908822585e-01
1.168526922133940049e-01 8.098711137447500708e-02
8.991296438788631828e-02 -4.566591023007178229e-01
6.586270972424568271e-02 3.921985250502411091e-01
6.840797871201365066e-02 2.352543251101234523e-01
4.771927050440806228e-01 7.141473836789902219e-02
8.392115489532570027e-02 3.950260471820637997e-01
2.700946345301860063e-01 5.879785745255183826e-02
7.944429359468963003e-02 -3.365444123624367068e-01
2.870405765774280971e-01 8.113011866577135578e-02
-1.234560007593505926e-01 8.635982766235017483e-02
9.129569103760581950e-02 5.585027678833121012e-02
4.876041530369946697e-01 8.661937904707261993e-02
4.594397981944630116e-01 7.169738699122574221e-02
6.599389238276243130e-02 3.519053678241113037e-02
-2.865169230491735330e-01 7.087469147178981910e-02
7.276246714698308971e-02 2.558511608077985722e-01
7.839942648302100636e-02 1.146964696309991094e-01
2.934432161949185325e-02 6.763543444922148762e-02
7.230278480227536608e-02 4.769169063877707337e-01
8.800324643120160939e-02 2.953381695271463103e-01
7.527907260004185197e-02 3.499953093227577972e-01
-3.504689576689645758e-01 5.737050074515526177e-02
9.240444575854489528e-02 -1.767852984804526573e-01
-2.502179191625251153e-01 8.011329924944055048e-02
8.970032973860408987e-02 -1.904648582527237455e-01
1.990045079630511360e-01 8.571116024448155457e-02
-2.723870383302170461e-01 9.408962911382456884e-02
2.277783239410031690e-01 7.660174661507412885e-02
6.335459936843645945e-02 -4.674502701547462724e-01
1.170244975135263932e-01 6.233386919881045429e-02
-1.703483719953652331e-01 6.359463732959813598e-02
-2.081960783588967523e-01 5.963123930616753832e-02
