1.562121859600286156e-01 -2.233234717609018372e-01
1.566800623103251633e-01 2.737082036907225735e-01
1.895043578630037917e-01 1.364860602673984014e-01
1.918474157197670449e-01 -2.082736134809122230e-01
2.014495864090107835e-01 -2.584671245570586695e-01
2.021072229250153729e-01 7.205519012176986315e-02
1.588329200114420026e-01 1.569107525987781804e-01
1.507703096433296031e-01 2.793342739896081950e-01
1.856071525617596363e-01 3.471089444445950578e-01
1.473242999272218468e-01 7.324308603685103503e-02
1.699659307245606765e-01 3.681878720801887717e-01
1.801324013590891449e-01 -3.125657906169408973e-01
1.727560058395753995e-01 -2.433463667767100658e-01
1.841169050843537436e-01 -3.479904672190964332e-01
1.703891273884586832e-01 2.582746743154930025e-01
1.709561584364615028e-01 -4.195492972496365214e-01
1.517944016296248755e-01 4.269516473027907821e-01
1.956351836698517754e-01 2.180941281961978895e-01
2.066586649959550881e-01 1.486807190946003443e-01
1.537876261040022063e-01 4.011062558706500747e-01
1.588925842686159662e-01 4.882664705668219307e-01
1.957961821249173395e-01 -1.966261270629992008e-01
1.711056116180992293e-01 -3.755254972999616525e-01
1.607887155943997781e-01 -2.781661181779400138e-01
1.851894143919590174e-01 -2.560935928165878339e-01
1.616631374106507479e-01 -2.334212333641767501e-01
1.494757098678523022e-01 -3.651439053628903197e-01
1.685526041729876745e-01 -8.433660817445620683e-02
1.736904707028968931e-01 4.693157968103979227e-01
1.634176001344865847e-01 -1.692640708654609139e-01
1.923742360873412771e-01 -1.350141412030732013e-01
1.701681883594814426e-01 -1.024676974073646107e-01
1.544248448800996654e-01 1.658765761896053847e-01
2.061858555968894002e-01 -9.916324679862220659e-02
1.975241602939402652e-01 4.808522133584729463e-01
2.015975342149251004e-01 3.340201718224513616e-01
1.903599818879536665e-01 -4.424027393373032302e-01
1.631654665545126948e-01 1.970969203113450696e-01
1.580598172573608462e-01 2.339111511736213789e-02
2.026635600282397087e-01 -2.379588536744104976e-01
1.653327380936793212e-01 6.100430405121948230e-02
1.836653143555708745e-01 -2.173374479558132233e-02
2.054795733005154723e-01 -1.014161870290463119e-01
1.863329930234016718e-01 -8.739689436373399012e-02
1.685130643066730105e-01 -2.756743264292573770e-01
1.805237561549271064e-01 -2.088489928030323739e-02
2.054106767176575588e-01 1.493691967616417315e-02
1.946366180408609647e-01 -3.668114698715793098e-01
1.618847307694889492e-01 -3.018511972362281082e-01
1.902810692266315717e-01 -1.755073212167040930e-01
1.904972427951674430e-01 -3.549908133062407156e-02
1.519252266654136374e-01 -1.939349836242993952e-01
1.856757341827557362e-01 1.631007564800088794e-01
1.799534967414068154e-01 2.800001269509579949e-01
2.063719429368738867e-01 -2.873150331913878475e-01
1.511156666434790852e-01 -1.607478521291353379e-01
1.888952363223418418e-01 9.565263425639469741e-02
1.834238550989741867e-01 -2.139767643153711596e-03
1.765134182639075400e-01 2.480910206553499364e-03
1.999558794057541000e-01 -9.709635232330082744e-02
1.519000604180910097e-01 -3.582297699297076754e-02
1.828510005710050068e-01 9.703586251753060221e-02
1.976365160539507171e-01 2.362382137019838346e-01
1.605230940789145189e-01 -2.703683155292913032e-01
1.901295349445174532e-01 -4.412923838979130320e-01
1.470375108102662809e-01 1.319084152563240186e-01
2.032957638320299631e-01 -3.862232824582115809e-01
1.878843394580269610e-01 -1.945710167123142487e-01
1.990979413080020688e-01 -3.207177294152641078e-02
2.024061964807647440e-01 1.867533021988184716e-01
2.069466755958138116e-01 -7.086561484649389620e-02
1.876607380442251172e-01 -3.354939588031263797e-01
1.848791002824656804e-01 1.811924057954517053e-02
1.521632425248606868e-01 2.591571242018934074e-01
2.045837656641992242e-01 3.592698542569319198e-01
1.609581642050882389e-01 -1.792054796989355214e-01
1.494015415509165612e-01 -4.195624271019867679e-01
1.530477954030716736e-01 4.431381401041404322e-01
1.586328999555735031e-01 -4.660926056128056327e-02
1.815033248970235880e-01 -4.191954328230030891e-01
2.075671006982174882e-01 -3.142237889120552685e-01
1.644834073001329999e-01 -6.210733194206952135e-03
2.032029686232842414e-01 3.592265222738744157e-02
1.908118888790233392e-01 -3.647352628777255079e-01
1.625452608188188153e-01 -1.465760710530342736e-01
1.836439930454139002e-01 -2.921649632921659023e-01
1.806459474834819501e-01 3.168971952220540622e-01
1.767684928571158220e-01 -2.784165081755302085e-01
1.481407218519043001e-01 3.655217167375206522e-01
1.928039264568602862e-01 4.271502629949675001e-01
1.904971699799642426e-01 3.496877493425742944e-01
1.625739838650208657e-01 4.685334503910966175e-01
2.010368086543661281e-01 -2.323287347646659784e-01
1.612992301201985335e-01 4.678995861894243991e-01
1.576829808101605224e-01 -4.485110593553431890e-02
1.486181232583930756e-01 4.634666506643403405e-02
1.738336029827376450e-01 -4.268692976347295831e-01
1.721092485364990043e-01 -2.453997088972685869e-01
1.477107427594843703e-01 4.940396253826671025e-01
1.672376065892116070e-01 -2.369095583117891701e-01
1.768811360139060929e-01 1.470302809158861024e-01
1.827047382830490063e-01 3.528970312300456769e-01
1.729785176244125200e-01 2.188813592897619342e-01
1.850208165874034361e-01 4.675358376838594232e-01
1.505543864979712598e-01 1.911810442710396574e-01
1.570066847310509495e-01 -1.303871282263843190e-01
1.711187956491893036e-01 -1.653578945832486768e-01
1.911331427544431527e-01 -4.408889245962266390e-02
1.848881879459075561e-01 1.972246901453433843e-02
1.789942241576520932e-01 2.989966416993562470e-01
1.718489729651156983e-01 -3.300680072184902780e-01
1.667522833890704437e-01 -2.694028459743987858e-01
1.803373583962006865e-01 7.010905424846725076e-02
1.893659850833273595e-01 3.200741956271949684e-01
2.015437716304760984e-01 -2.890152773679438569e-01
1.930750201427775536e-01 -3.760571815907800541e-01
2.004644138484918958e-01 2.430686850006157362e-01
1.539149160156493279e-01 -4.889493933185121710e-01
1.839267369668705632e-01 -3.194517635647473597e-01
1.880130129848692766e-01 6.968579404736474636e-02
1.657911309883925988e-01 8.592873171996018300e-02
1.494746605660297600e-01 2.808955936355266303e-01
1.692310034458313073e-01 3.680114033893746583e-01
1.784944465329412200e-01 3.525736812434597800e-01
2.013596919583799938e-01 -4.603652671422523435e-01
1.834654266997874927e-01 2.127011371542608664e-01
1.736493548618596172e-01 2.879925833839994676e-01
1.937550947771268239e-01 3.406475936393931203e-01
1.556399990288604984e-01 -2.184441900600911923e-01
1.855739002555057970e-01 3.390352461546585205e-01
2.028881605692970380e-01 -5.671252124558112673e-02
1.545987119359711892e-01 -2.598678362829873745e-01
2.047605972616948211e-01 -3.593899811813404677e-01
2.075041365311933728e-01 1.679193977106776536e-01
1.567044301407847229e-01 2.868502975776515695e-01
1.875251971480399460e-01 3.520904973800944582e-01
1.724297343298575313e-01 1.243722507712755609e-01
1.904825207664772035e-01 2.170676550163108676e-02
1.471994113929725456e-01 -4.053606863218160994e-01
1.751652675671799830e-01 -1.779377437084374014e-01
1.706692947407216776e-01 2.018447290035940700e-02
1.799808934178933617e-01 -4.099296139485799628e-01
2.040734943866444606e-01 3.519588742268255910e-01
1.821533328202818991e-01 -3.157460965268770181e-01
1.784005299875213169e-01 3.150612395196199511e-01
1.537858841417696354e-01 -4.914511788887615529e-01
1.487851283004480996e-01 2.426135511631887232e-01
1.676682330219074757e-01 4.734238863706198286e-01
1.975082570882228383e-01 1.643867826886713512e-02
1.901648683931573824e-01 4.529913922133025350e-01
1.835835758787984773e-01 -4.768635146211236409e-01
1.583277860526474123e-01 -4.884656116664661818e-01
1.903649155704780771e-01 4.694877687880163464e-01
1.908059394892491767e-01 -4.128503037503860051e-01
1.862361557636854625e-01 1.768001266180553310e-01
1.746372662332213999e-01 -2.844012845144063828e-01
1.614054808161118348e-01 4.850477986149195342e-01
1.479429417740572017e-01 6.689835377008757078e-02
1.825582788485079488e-01 2.889666162823568696e-01
2.059970980146649255e-01 -4.316544501033027226e-01
1.509873722999240941e-01 2.904180893764993776e-01
1.633142430630200037e-01 6.078108595320630414e-02
1.863948032050620762e-01 -2.020379484404272175e-01
1.638714306625375094e-01 -8.892175864893914206e-02
1.758795947007047999e-01 -4.099783454960430618e-01
1.833983520768830422e-01 -1.716085103952235125e-01
2.037790377933414998e-01 4.510221406297585389e-01
1.531897062145833877e-01 2.181827262185642713e-01
2.073065757454098934e-01 1.605011107343383703e-01
1.942816586018580871e-01 7.625764998411999063e-02
1.824409139238057920e-01 1.562946138751979408e-01
1.601801966851491565e-01 -1.129650772454069418e-01
1.721081772390727904e-01 -2.610336701601932985e-01
1.633653773521052122e-01 6.485058840045665463e-02
1.600449904359138031e-01 -4.551618868051044986e-01
1.646300141825320917e-01 2.134610802817125119e-01
1.734132327403226093e-01 2.806108597524746839e-01
1.589564323809352642e-01 -2.808119413711906986e-02
1.546355921155491142e-01 -1.434150673369127826e-01
1.747491178842780490e-01 -3.254442944686770645e-01
1.473554634398059893e-01 -4.791430908447554815e-01
1.829200909058017466e-01 -9.701425606818636638e-03
1.760500405298865978e-01 2.680221443903837431e-01
1.702237855333094130e-01 -1.010702716491169717e-01
1.923119528008730983e-01 -1.790304398223250271e-01
1.769333901362748485e-01 -2.077926785370945995e-01
1.585841686412030604e-01 -1.423088648523438415e-01
2.051858851839559739e-01 1.298500794713395301e-01
1.485455587456012694e-01 -3.124324472628126070e-02
1.923616098917350081e-01 -4.138146667999605954e-01
1.636285862727117069e-01 3.987039829088242504e-01
1.537685293631660954e-01 -4.892822436892217963e-01
1.521908545512246080e-01 1.313346963962273017e-01
1.874459955610908724e-01 3.414394143446930485e-01
1.962651979194829366e-01 7.132309506392131571e-02
1.877058765476432578e-01 3.586299362344340658e-01
1.554704603330567814e-01 4.032108483977470126e-01
2.009668849721365502e-01 -2.701973074728327706e-01
1.939371154865975333e-01 4.627871290903577961e-01
2.041125926276369240e-01 4.211743402362441158e-01
1.806564989840941937e-01 -3.225352517192189294e-01
1.581159986842106679e-01 2.288041338153987692e-01
1.895062850077824379e-01 2.865336913869214186e-01
1.505480148747941893e-01 -4.878461787240289116e-01
2.020870937133192324e-01 -3.692871805064302793e-01
2.072937117726011413e-01 -4.742162985259409380e-01
1.854805226045377342e-01 -1.034384670811642204e-01
1.943638307694401934e-01 4.983393704865362039e-01
1.914342622792362114e-01 4.446584243833267003e-01
2.080603197286498007e-01 2.015580397835562421e-01
1.961491719665133804e-01 -2.598156531251036849e-01
1.776658679948378561e-01 -4.152359378774747034e-01
2.056459234811301995e-01 -5.227104047783037721e-03
1.499442696797255170e-01 5.933676014120536912e-02
1.638267450231437605e-01 -1.989052830526085724e-01
1.913621310672437570e-01 -3.114584548917221918e-01
1.993733176165995991e-01 -4.023458655322421640e-01
1.729409805970398839e-01 1.746871342225445600e-01
2.015752904998735495e-01 -2.921384241368553125e-01
1.857942379474364358e-01 2.040440140132232516e-01
1.698338502032297193e-01 -3.129803569918669925e-01
1.478374966282015590e-01 -8.960670933099723623e-02
1.747069422065958832e-01 -2.396425904616130698e-01
1.785449365128189969e-01 5.034861900070664031e-02
2.034691917602446942e-01 4.614678825536853157e-01
1.626211507628448905e-01 -2.264188762235461727e-01
1.597853651974235900e-01 4.233082184926231228e-01
1.951747993055982233e-01 -2.944826616219105020e-01
2.030968726189049667e-01 -1.814105300567925294e-02
1.671168439467585198e-01 2.467826683666116683e-01
1.785588364118151361e-01 3.914519266474222325e-01
1.614555808833509909e-01 -1.764680590530821602e-01
1.618830361545471330e-01 -2.856085951034551540e-01
1.899395604625259137e-01 1.635908812100963505e-01
2.059453101148228660e-01 -2.077605771705326454e-02
1.951018737145111537e-01 -3.034172329780051580e-01
2.007957648950305929e-01 -1.950996734688635881e-01
1.622491042759974800e-01 2.481680307433629107e-01
1.610638783189246581e-01 2.636888654970875878e-01
1.866707285366195901e-01 4.711129233036647213e-01
1.659435528695087925e-01 2.240847739399322025e-01
1.988336656674095648e-01 -1.529026272711374590e-01
1.576352127050124619e-01 -3.337919660693987600e-01
1.551972656376408022e-01 -1.751428278335063204e-01
1.701792759655705867e-01 3.609595161065973778e-01
1.798679947811943070e-01 2.799437692441518744e-01
1.797122403763419252e-01 2.640918350620284905e-01
2.032369651908565444e-01 4.138074129442842475e-01
1.551852119673275965e-01 -2.565194652091462579e-02
2.018729404680741357e-01 -3.770057539210049935e-01
2.016356274104585955e-01 3.593158606461123172e-01
1.826179471397595400e-01 -9.422647246089344009e-02
1.492908596916614483e-01 -1.660444279979234050e-02
2.036920757480632505e-01 5.173389624756297156e-02
1.879397307209453860e-01 -3.987599918664472831e-01
2.058256094610073639e-01 -7.765501798708962511e-02
1.630651986460786018e-01 4.840105162467592814e-01
1.842041401027162406e-01 3.685834214492933469e-02
1.672063555866355467e-01 3.839274792493008182e-01
1.629554585488418583e-01 -2.955821068662811690e-01
1.690551159115766255e-01 3.592627153235765647e-01
1.878137925414889997e-01 -1.527459477451579284e-01
1.691563526863467670e-01 -5.223383211656873470e-02
1.872585733324975132e-01 -1.123304595970243680e-01
2.043832357094615970e-01 -5.698590728405383832e-02
1.679414917904992199e-01 -1.748773238975308564e-01
1.747508878288464018e-01 -3.312045194882440313e-01
1.995491849147813523e-01 -1.611411910326003838e-01
1.894748773789631802e-01 -4.235344934159910313e-01
1.912182455979185569e-01 -2.007063636802421946e-01
1.526416094151072933e-01 -1.939876290792506008e-01
1.678548304740749009e-01 -1.882502719200682684e-01
1.995553484332102112e-01 -2.355443020340249882e-01
1.615830149813202166e-01 2.263458964262832218e-01
1.738887293903556008e-01 3.011182552752379449e-01
1.591897758300812038e-01 3.333992861240355765e-01
1.932304360836227808e-01 -2.104012633182780201e-01
1.987845264502096088e-01 -2.362810149553116190e-01
1.838596170902515592e-01 1.652470200208496776e-01
1.938824302538966204e-01 -1.255927792581701397e-02
1.712955618506138977e-01 4.100808824180957046e-01
2.007216862687670744e-01 -7.904736298329073652e-02
1.896347180741745353e-01 3.252097229935020373e-01
1.987919424716608763e-01 6.750006160559673951e-02
1.708347479449117134e-01 -4.369599107603612254e-01
1.955356389329874212e-01 -3.124382824874573084e-01
1.624671091785355737e-01 -4.200014000510879919e-01
1.945967965310934078e-01 2.429919889776729347e-01
1.555455079619453285e-01 -3.748020424017570740e-01
1.546747850746252873e-01 -3.907946668869048956e-01
1.867573181427670814e-01 -1.601945837134299833e-01
1.568052526819284642e-01 8.120708398535270156e-02
1.884127657542588041e-01 1.147972647787198763e-01
1.675031662419336209e-01 4.721381348598797656e-01
1.711054880037850001e-01 9.307779242773039918e-02
1.604415827573111297e-01 -1.344273507530837630e-01
2.030521001341233367e-01 -9.344407458015113743e-02
1.571083469817240452e-01 -4.271519670386492162e-02
1.873755566854897747e-01 -3.919716530322858716e-01
1.659756267366920834e-01 -3.225937989358929059e-02
1.718292401581742457e-01 4.271621075142725266e-01
1.976514574390229040e-01 4.805482300420719222e-01
1.492187123999877407e-01 4.132265094044961229e-01
2.006961254221241164e-01 2.610051788682339335e-01
1.503178374397384776e-01 1.974953131680540208e-01
1.804587792938494584e-01 4.556653874333171927e-02
1.520284050170657153e-01 2.222219451404175983e-01
1.533161061985148788e-01 2.761437318212855985e-01
1.672757435894897116e-01 1.532224052455796182e-01
1.658023257287697394e-01 -3.537774540396317891e-01
1.807812784552913499e-01 -1.988946952617345332e-01
1.819953587717678678e-01 -2.895562099889875673e-01
