-1.696740479185541162e-01 1.607818509308431842e-01
2.198194671821573909e-02 1.355982117254902475e-01
-4.147461899507132177e-02 1.254679089775906364e-01
-1.111474251770755428e-01 1.241848037211472633e-01
7.643355706717547271e-02 -1.656132942534819241e-01
6.957698446203708365e-02 1.078499239646446561e-02
9.805660899273171971e-02 -1.951017588380583589e-01
2.730703302584953640e-01 1.428142867233891389e-01
1.617059335890587146e-01 1.293711609492191883e-01
-1.451746549912324991e-02 1.402365980441919735e-01
3.064119705615513389e-01 1.671266869013375844e-01
8.069433289507510487e-02 2.691979205048126156e-01
8.005472486346265626e-02 2.737193795212430336e-01
6.017611485688501016e-02 1.577482547940888269e-01
9.344808718798125469e-02 1.201871068778349594e-01
-3.708543675537028239e-01 1.674869968979659784e-01
8.835488785943212964e-02 -3.186446383015325567e-01
4.320495595400497546e-02 1.661189578089266039e-01
1.287804432987224024e-01 1.650168496033771470e-01
-1.193273208068953428e-01 1.649609858795079154e-01
-9.506636293177850305e-02 1.287122551103182522e-01
9.646927459130760774e-02 -3.040726548399760309e-01
-7.072363033341355631e-03 1.266180479018094163e-01
-3.329268651466135154e-01 1.526687725305224674e-01
9.858228793544121515e-02 -4.047441458943247250e-01
9.088588372388584080e-02 3.673390579768193165e-01
7.815221665534421991e-02 -3.472650602890051674e-01
2.529194804555726650e-01 1.454970080981923264e-01
4.366668265274489258e-01 1.611119673407883646e-01
8.742114112198406950e-02 4.079935460699164462e-01
-4.323658335166410405e-01 1.443690827139278987e-01
6.247100756010648404e-02 1.668191872669367859e-01
1.045476759380427056e-01 -3.315837895041899852e-01
9.882798958550531587e-02 3.240008125387268123e-01
8.270477627919414765e-02 -3.453835777765251747e-01
1.417050558168769792e-01 1.538024028963521639e-01
4.546457380842489071e-01 1.502254454298462827e-01
1.292552770466358636e-01 1.493035314811046455e-01
1.378167382468993285e-01 1.613930962981262596e-01
-2.953870271255308877e-01 1.487849613965633866e-01
1.745282093278759383e-01 1.475247039995055687e-01
-4.636591936212475229e-01 1.509139224527207279e-01
1.073024031401972334e-01 -1.240236380199093436e-01
-2.737944617622499743e-01 1.311943126095522771e-01
1.011428053645188063e-01 -4.519881045815707932e-01
6.810266224424377235e-03 1.510250657753637871e-01
3.492390997767711447e-01 1.458858341827042882e-01
-4.234199103127737063e-01 1.590979970848691583e-01
-1.815930367904190490e-01 1.407791809874532341e-01
-2.596537629766070276e-01 1.432343997327476526e-01
1.018308143771182728e-01 -1.747587790077853587e-01
1.026388112458981317e-01 3.335071372908982035e-02
-4.113168606797363847e-01 1.410179818883841030e-01
8.532515136240326203e-02 4.826146999882767741e-01
8.801459594447658130e-02 -4.978261461341160210e-02
4.390100389670402725e-01 1.568211065499280910e-01
2.338431293046272508e-02 1.381058854745154107e-01
2.703320628685610405e-01 1.267170273206760234e-01
-2.396040842305563467e-01 1.629639053133683513e-01
7.876426889110899054e-02 -1.095071251123916900e-01
4.902053553939647035e-01 1.420991167301720592e-01
7.529144372489049442e-02 -1.211748732230212289e-01
-8.569726239441055604e-02 1.550189813479001533e-01
-1.114547672129440059e-01 1.519174504829103878e-01
7.920315483748374685e-02 -1.724788203346704352e-01
1.392960143696203579e-01 1.300919401121302110e-01
4.740445486113371576e-01 1.367957011097604703e-01
8.197923414168672984e-02 -2.589556136280191101e-02
8.504134177298949826e-02 -4.582362601782040690e-01
1.168483476272622612e-01 1.466543637926345234e-01
9.565157018541070588e-02 3.760138491521458626e-01
3.725484605598118337e-01 1.354300642457733073e-01
4.862782992384749869e-01 1.606205568959947483e-01
8.672303079439180884e-02 -1.635880596081187299e-01
-2.968585349828164466e-01 1.336193882253150500e-01
7.365833677677213753e-02 6.108728630540716242e-02
9.787687943966516535e-02 -2.232752553915517968e-01
7.438338332131533281e-02 2.005918767018995963e-01
-1.514848808157923665e-01 1.549573785126697745e-01
1.080085295916862753e-01 1.100654206693196802e-01
9.984960144359122935e-02 1.735035288198690795e-01
8.306103759372152062e-02 -4.559514916073111879e-01
6.884981396945599741e-02 -4.868140078802499771e-01
7.508233719471546497e-02 -4.665851581739036691e-01
1.084781836647311648e-01 -1.780136558186584672e-01
8.391639435481723641e-02 -2.411731076301660837e-01
8.340465039285238635e-02 -2.495114147947963268e-02
7.027640910071009106e-02 2.619314189536176007e-01
9.227491913516516764e-02 4.121050774768106884e-01
7.919710687340320021e-02 -2.568685029578362533e-01
8.543444776590958245e-02 3.737486626749808583e-02
-3.419169204976232335e-01 1.645282482630640031e-01
3.070858774256132184e-01 1.428586170757436546e-01
1.075290304403735409e-01 -3.089709634236199598e-01
3.278236441417313740e-01 1.578136302259864898e-01
1.363713267084054603e-01 1.309473400001022192e-01
8.927998517648660926e-02 -2.625567511840938284e-01
4.630240665746844231e-01 1.294287660970317999e-01
-1.082042476847862034e-01 1.685732310102044940e-01
-1.237936105595176528e-01 1.307458851202734085e-01
1.069518479884827844e-01 -3.743906488180749337e-01
9.626662766977989172e-02 -2.816135835255221265e-01
2.297976554199451238e-01 1.471190482686741685e-01
-1.187389830820603231e-01 1.598080653102255111e-01
-3.998979025439632906e-01 1.442776116260146013e-01
-3.337097951237322224e-02 1.675188301835220939e-01
1.003325553386857916e-01 2.036577719475426429e-01
1.009413932456908469e-01 -2.573664547088433396e-01
1.057876607800469770e-01 -1.337675358062749842e-01
4.076420620965297559e-01 1.523017111099953524e-01
7.673682114247359909e-02 2.537718812855118689e-01
1.442035875843095116e-02 1.308285723710554960e-01
7.112452079110043179e-02 -1.639733736512430928e-01
-7.537251345314244233e-04 1.637752923668710503e-01
3.868124461160457050e-01 1.479622790792021192e-01
-5.745314587009398011e-02 1.358490367052216374e-01
-7.126928142510402520e-02 1.728968796737199165e-01
-5.531901280404838417e-02 1.612968368613877379e-01
3.399741210954434489e-01 1.590448345529242857e-01
7.055271742743862706e-02 -4.172522079526297389e-01
-5.106430075831780435e-02 1.650198685033148482e-01
-3.022381659210157112e-01 1.649958180373704009e-01
7.705142161930833566e-02 5.731625372812787500e-02
-3.808613088471373143e-01 1.250718930038832166e-01
-1.397199202272032537e-01 1.707312267961248464e-01
3.348478445451167351e-01 1.231092605355864622e-01
2.627621397948964876e-01 1.220630646603174663e-01
9.844424664208129006e-02 -1.912421855090369327e-01
9.696160763288064199e-02 -4.726673797068200455e-01
-4.384597653210988710e-01 1.356456438475752702e-01
2.165911490177561127e-01 1.532719593756440846e-01
7.320787602476130917e-02 2.277370699037596369e-01
6.919836110577171073e-02 -9.964766866897878383e-02
8.405070909259837464e-02 2.752896272937200850e-01
2.685640933854215318e-01 1.328241162149145227e-01
-5.207283371179283193e-02 1.351711720977123443e-01
1.015801162365950194e-01 -2.091132019491346306e-01
-2.381699809255560796e-01 1.560003196087601518e-01
9.552958655523524634e-02 -9.035081509073594752e-02
-3.936250399896337182e-01 1.457506077390113841e-01
7.978885780919453552e-02 -3.559925107877588424e-01
3.297052463287720725e-01 1.496611010906152561e-01
1.737382788075624296e-01 1.574708356651681740e-01
1.035147422769736592e-01 -2.894695961953137608e-01
7.483738121317240477e-02 -9.361014890118712906e-02
-4.643149799310970494e-01 1.529728475399239063e-01
-3.467578871926901840e-01 1.549259095598647384e-01
1.412001658883677013e-02 1.438629872397192422e-01
9.846359783260216769e-02 -1.795823682878079364e-01
8.981391417913353603e-02 2.061554356773951380e-01
8.125194145211622754e-02 1.185849404100521864e-01
-1.183597394824154048e-01 1.400560834944348798e-01
-2.010975283676552650e-02 1.512908439136648742e-01
8.254113589029010711e-02 4.624602958630031901e-01
7.946539169195021568e-02 4.683211789464517549e-01
7.302371488024483881e-02 2.899516427554786890e-01
7.323298984793991107e-02 -4.855766326074295591e-02
-2.870875680016534703e-01 1.285314101443507662e-01
-4.432001610761732158e-01 1.431656192405846850e-01
9.046568892777306914e-02 3.762210215473271724e-02
4.401140086356358783e-02 1.638869251550085782e-01
-2.982103689597074281e-01 1.497759510646365921e-01
7.922666828122970628e-02 -4.619580656064570245e-01
-2.878701986695366699e-01 1.385894105196842085e-01
8.010196443663508692e-02 7.624439808016159059e-02
-1.712967411630310632e-01 1.589065614756735023e-01
-1.271134813611968228e-01 1.478928423866470165e-01
9.036632485196793851e-02 4.649434206741902553e-01
-1.626954518873785505e-01 1.478865401114501932e-01
9.283761241413568399e-02 -4.255143788916478931e-01
8.660335800196339306e-02 3.880392098658703715e-01
9.770615308114150022e-02 4.159369398452543720e-01
1.005459705268701986e-01 4.993965241221465234e-01
1.040830558122517457e-01 3.685389859584380368e-01
7.577049253129908291e-02 2.938609189618394124e-01
3.211195942191817920e-01 1.491679480592890128e-01
9.411361463928291649e-02 3.332526688972781148e-02
1.327663830387320054e-01 1.540412922505597360e-01
2.737863223855552253e-02 1.604889732083849552e-01
-3.910565349881647279e-01 1.323816824209537168e-01
8.575559854179493069e-02 4.703623010100668189e-01
9.221676176316895290e-02 2.306699548393084109e-01
3.774206307551100092e-01 1.439071084525975763e-01
-3.270282214271158505e-02 1.611683720024413846e-01
9.748319268237770618e-02 4.573925832260995472e-01
-1.961029023558477080e-01 1.696738066272603929e-01
-2.986468605083540950e-01 1.478061638695246094e-01
-3.545370459718861778e-01 1.317455205559895370e-01
4.113872406339442733e-01 1.256693515348067391e-01
9.542066823022454791e-02 -3.932065724880935420e-01
-2.694999984770050094e-01 1.703939457348443431e-01
-1.936198227002159378e-01 1.423525610658823437e-01
-4.565967132027900499e-01 1.391515862949420645e-01
7.364109934408269442e-02 1.912188830261943862e-01
4.101240828822705353e-02 1.243545922113840074e-01
1.002913840419581426e-01 2.944478213884079709e-01
3.650049627408334940e-01 1.619948386183035494e-01
-1.373493700024996933e-02 1.406412711843750829e-01
2.177192907877134598e-02 1.339642332071431241e-01
-1.098767501725029794e-01 1.671734185159029495e-01
8.551471541211597138e-02 -4.069038894379911619e-01
9.385923483762592667e-02 -4.295901621952642468e-01
-3.310056821510002356e-01 1.578278745392553972e-01
7.300396974608391876e-02 -1.733802959769641383e-01
-9.472228319343445335e-02 1.289815008510033500e-01
-2.220314976517998584e-01 1.219077816359055433e-01
-4.037031892664677546e-01 1.496282894418001774e-01
8.069031625211708914e-02 2.729054242104945738e-01
9.385054088132982475e-02 3.217600442570567321e-02
3.306188857073788512e-03 1.216256037144424207e-01
7.851033629674419867e-02 2.134201517100121626e-01
-1.422670282724487478e-01 1.423979551247284148e-01
4.858922584180841442e-01 1.456912285005663721e-01
2.740986984091678957e-01 1.536370022482085318e-01
-3.436651079151571420e-01 1.233737851836093080e-01
1.063221858199659975e-01 -2.192888652649929160e-01
-4.803573140760946103e-01 1.684495929651724788e-01
7.605929338861661115e-02 3.260720510062189437e-01
4.870419390036990759e-01 1.440025153864920027e-01
-1.057232052360537189e-01 1.601954725547205527e-01
4.637256471652175804e-01 1.711587453970402350e-01
9.626410152229525341e-02 -2.359471523677363347e-01
9.723328011443865826e-02 3.149261019711980802e-01
4.438271337145259787e-01 1.298874727570564769e-01
7.346595775287723118e-02 -3.113504176787211808e-01
8.649770384890087538e-02 4.406187363106675026e-01
-3.241064048473868420e-01 1.574104052559170963e-01
-7.964544797442552060e-02 1.404102207637289990e-01
-2.491570685095254589e-01 1.546012759596943065e-01
9.388927722784912167e-02 -3.075846487161637555e-04
-4.840697219500224024e-01 1.213551679554503160e-01
-2.007023695022417398e-01 1.717349636449886363e-01
7.175812759178590294e-02 -2.165596691829076992e-01
-3.846188695637444699e-01 1.407240491387978798e-01
7.014873812295696620e-02 4.372037768096955768e-01
-3.961736604575873955e-01 1.467285391937878103e-01
7.903425982826484120e-02 5.406455731815440480e-02
-2.642866086806827663e-01 1.542638012154067262e-01
7.833316078313490305e-02 1.113680124429931029e-01
-1.717024166800815710e-01 1.489430794654240664e-01
3.346440583927994261e-01 1.311853178444851720e-01
1.059963405824405625e-01 -3.137230331076025225e-01
3.923775701979208552e-01 1.560870574438496527e-01
-1.503050914260043447e-01 1.296234079976031905e-01
9.708765937341545804e-02 -2.357941455722868396e-01
9.214505062337852159e-02 -2.406469525215757521e-01
3.381134489773233165e-01 1.339162562008573421e-01
4.553233353196067812e-01 1.615829752484283510e-01
1.019163359655126389e-01 1.709759909239193520e-01
9.394086559400816050e-02 3.329424143435799621e-02
1.272163385136482194e-02 1.294313174217663898e-01
2.152136548448257969e-03 1.580865359320584584e-01
-3.774033377734187233e-02 1.675727987067109348e-01
8.945765673641448146e-02 2.193334884772790705e-01
7.190335171778816648e-02 1.833722885597699470e-02
1.002791748039960629e-01 3.925695115504779231e-03
1.737794957764385861e-01 1.273470823827744791e-01
-3.187821195301576704e-01 1.247168985039388556e-01
-2.385903081938091086e-01 1.427965054621551655e-01
-1.138420427302231364e-01 1.580508092639472117e-01
-2.631362394901919366e-01 1.685723113957621200e-01
-2.507343544870319629e-01 1.450799467113468300e-01
9.221765372359591595e-02 -2.558277442907320731e-01
8.657930274648761859e-02 2.797826063000424801e-01
3.717126588161485667e-01 1.299822003718150709e-01
-7.355350303541763335e-02 1.262199961863639253e-01
4.203648219238359518e-01 1.696840327452754371e-01
7.657733377441400258e-02 1.872009169554559316e-01
1.393592719536376201e-01 1.706462871786658120e-01
-1.157360126546552737e-01 1.546814998336225599e-01
-3.711444683281739376e-02 1.468455872881755386e-01
8.957759084199667932e-02 1.268795806155078587e-01
9.019053521249875693e-02 2.526101965982108233e-02
-4.124524442367041299e-01 1.498069537410562369e-01
1.040204782843217046e-01 1.931940138203283031e-01
-2.963185552967662062e-02 1.261830150786473759e-01
8.200551496111618821e-02 -3.520519117677541887e-01
1.006505204716752200e-01 -4.249811154109515154e-01
8.711954736157001555e-02 3.554850789672039379e-01
7.631046341675051803e-02 3.120095526261201790e-02
-1.981685505831888294e-01 1.350238655818372102e-01
9.791522307103672773e-02 2.657817419330338327e-01
3.226058868686445535e-01 1.626069946222319373e-01
1.055524943822042649e-01 -1.976503053169389457e-01
7.063497951310493406e-02 4.417316284539428706e-01
3.939459007719017247e-01 1.717644078797386786e-01
8.372420329872320988e-02 9.669816959726795780e-02
1.061051925526375062e-01 -2.242665524902529572e-01
6.992343611647167112e-02 2.195267605940816047e-01
2.405005173616543424e-01 1.211399699355142356e-01
-3.793881420105668090e-01 1.349848533947716200e-01
7.407653726211571588e-02 2.513809110594275031e-01
7.283057721112273786e-02 -4.542767152763358407e-01
8.189658044879288834e-02 1.742179193669192161e-01
4.013912757814923626e-01 1.658600754076857697e-01
1.051996421245326996e-01 -2.275174941544801932e-01
1.059607870672752972e-01 3.238330506758716476e-01
-2.260329523921678074e-01 1.712056027505916012e-01
1.263117246751521705e-02 1.313003581911872386e-01
9.550168058209462796e-02 4.316754674563971772e-02
7.167576084393489921e-02 -7.034189982848448874e-02
-1.253722238618631968e-01 1.676423057948295270e-01
8.032300814512016718e-02 2.222958120657156922e-01
7.704876456326370526e-02 -2.434978803427603200e-01
-3.837110581416879329e-01 1.394923803798953088e-01
7.504236495849703203e-02 -3.801902592139325687e-01
7.171397934968049004e-02 -1.357211588751128239e-03
2.853416051568198331e-01 1.293551308400311406e-01
-4.637785796591893384e-01 1.545903686906345831e-01
8.164633629716055996e-02 -4.544062900164168584e-01
9.966700646522641538e-02 -5.266188626691503671e-02
-2.140360111361114814e-01 1.600274625264910267e-01
1.143477918776939495e-01 1.376183745126803304e-01
9.695218129997729140e-02 -3.701815302463428159e-01
4.849717091627494536e-01 1.631909168713066016e-01
9.928398675254090922e-02 -2.316658932113799807e-01
8.053974085393311722e-02 3.658578881080832845e-01
-2.534627219352497685e-01 1.597449018786272212e-01
-3.327999995746719897e-01 1.619766202494548057e-01
-2.007384703573029672e-01 1.678384368684142647e-01
1.078187067623470607e-01 3.427663496272536081e-01
4.944633864487522068e-01 1.407116393747022132e-01
7.046620970815453688e-02 -3.695138659033497808e-01
-3.076365468682262794e-02 1.521799556027543243e-01
3.215282538823244218e-01 1.328087549659000555e-01
1.128825353056830405e-01 1.313918997841706515e-01
2.236405527025304707e-01 1.688187472468685169e-01
2.336461222991048636e-01 1.240843359528784884e-01
-3.324192149727066559e-01 1.404090523366627874e-01
-3.675899944098073302e-01 1.353019621669110384e-01
7.685863579825069625e-02 -7.604854686758777405e-02
8.342337550636924615e-02 -5.114002204386958184e-02
2.998260143401003663e-01 1.360010259119200926e-01
1.049048791160510641e-01 -3.434381292316223133e-01
-2.135924214427427081e-01 1.480451643990818855e-01
9.151263471518911174e-02 -2.608571514429485205e-01
-4.544481100199317947e-01 1.281523128817403379e-01
1.035533828456255412e-01 -3.602755211316996942e-01
-7.803873927338511596e-02 1.703833363618841856e-01
-1.779326613142311331e-01 1.219019713025326634e-01
-1.953343177608839465e-01 1.708348143080643533e-01
-3.025908908499701511e-01 1.275595908169401271e-01
-6.584400611743201903e-02 1.419093375790833056e-01
-9.195608146993139442e-02 1.656692631402980620e-01
-6.489645440057367765e-02 1.610956861997167033e-01
1.060542208758612492e-01 -3.337248824147511783e-01
7.654116008901223900e-02 -3.268636391594197388e-01
-3.755487140839973703e-01 1.314300521517910436e-01
1.085729131628152544e-01 1.649455219881910129e-01
-4.023755579877361654e-01 1.619449194903164191e-01
1.016623744156809339e-01 4.871129087154211224e-01
4.430770226292581881e-01 1.221486909774384122e-01
8.147556834971647621e-02 -2.034306825679796926e-01
9.313434552138066813e-02 -4.901974899513269479e-01
9.878396224875229947e-02 -2.242131280832130313e-01
-3.330605730138468390e-01 1.518402720136617923e-01
7.671259981044742382e-02 4.912766291585877187e-01
2.920000111122444952e-01 1.324088933774950627e-01
9.224969914743197386e-02 3.665145018192278448e-01
8.611489529670757204e-02 2.684576921697645613e-02
9.569281511537675033e-02 2.695041448615387303e-01
3.923912018360210530e-01 1.206717865158531966e-01
3.891110426245043552e-01 1.424878978382554395e-01
4.561417898053987674e-01 1.468489136274769846e-01
-2.825531755180205051e-01 1.206034069992065749e-01
8.631762486106886456e-02 -8.596553593155287221e-02
8.499701174355422939e-02 3.564172713209401433e-01
8.459944389792195540e-02 -1.235969945176850215e-01
6.072448870115598751e-03 1.268682447339365416e-01
-1.318789787676106773e-01 1.259918025402326780e-01
-1.216884369889122963e-01 1.571916510049979898e-01
3.612920024714033618e-01 1.505409812027361793e-01
-1.272701689823674265e-02 1.710701339258222653e-01
1.263366953940925352e-02 1.238509282393408517e-01
9.952571933614406952e-02 2.023882760264972269e-02
9.458973435203132940e-02 -4.827117826265442391e-01
4.473119646706755770e-01 1.422310482293226430e-01
-8.431199320354165749e-02 1.391980016236125106e-01
2.126682673151172320e-01 1.368784539883538542e-01
-1.818497438331869720e-01 1.210731274651882794e-01
3.037088777357445091e-01 1.386656110948748521e-01
-2.703451194909349820e-01 1.245423708555787323e-01
-1.216727273770080719e-01 1.439576167173155508e-01
7.697556062299937274e-02 -4.290059007888760156e-01
7.393471037970111848e-02 -2.799571282608923628e-01
7.928492235699202695e-02 -2.389426266937961785e-01
-2.300198634257387686e-01 1.555620098936100204e-01
1.039756135557435845e-01 -2.362890282672747144e-02
1.056535122256796466e-01 1.611689405723673030e-01
3.955369936571159206e-01 1.266754591415719666e-01
1.488350343652552477e-01 1.593437832745689953e-01
-1.011590195758881316e-01 1.269784505466742264e-01
4.506501701517744429e-01 1.627985750308506008e-01
8.556414741970441717e-02 -2.002576066980140679e-01
-2.758962789575907237e-01 1.267478542344874226e-01
9.906927583253399838e-02 -2.969084051035025817e-01
-4.421621412717439137e-01 1.584484113249277071e-01
-9.252969057325877156e-02 1.632415166757056335e-01
8.752150095240640582e-02 3.864288760932409472e-01
-4.707224039557317274e-01 1.354861123966830672e-01
1.100767509028454105e-01 1.655159625057491812e-01
2.701042101267525641e-01 1.340541676846750407e-01
-2.276094313933524349e-01 1.680173161976746821e-01
9.742126652066540604e-02 -4.092331945490302880e-01
2.651608893588721649e-01 1.287358906251960811e-01
9.373041829092054744e-02 3.702468206219031721e-01
7.520450102247711044e-02 4.926489824627231506e-01
-3.550644720087630102e-01 1.385946601661925959e-01
4.271195963525253880e-02 1.232334921028135355e-01
4.334334502494677777e-01 1.569748296404881449e-01
-4.696405675393519052e-01 1.529497015944577543e-01
7.849478185726010970e-02 3.577773277061790935e-01
4.540798361688811458e-01 1.464424814237221817e-01
-1.496284785137806939e-01 1.360310504326033287e-01
3.177532907191159550e-01 1.723349730939169877e-01
-3.879421652195688131e-01 1.388646151828892839e-01
8.874688485454307330e-02 -2.887384051040804422e-01
3.521806371254688761e-01 1.320470602989740616e-01
2.258081231401543043e-02 1.625323714913728956e-01
9.191100347186831332e-02 3.181235258848913450e-02
-2.649479375900704037e-01 1.607452168277312410e-01
4.169173449571355050e-01 1.295841759882276900e-01
8.054745449563072146e-02 3.332960438711951578e-01
-4.833657418526671190e-02 1.234626864363503884e-01
1.266070448941712945e-01 1.455051547120049804e-01
-7.445076461276245450e-02 1.405387168263793063e-01
-7.638573447134822114e-02 1.420375711641724825e-01
7.054917508100733148e-02 -1.995971131462996873e-01
7.702682069142463561e-02 -4.765401703198031136e-01
7.094273744481338628e-02 -4.451234635809160345e-01
9.852469252913831355e-02 -1.951860648111279906e-01
5.771794107779959493e-02 1.512378056330201392e-01
3.542327399282301226e-01 1.602433942787708787e-01
4.079051020549545603e-01 1.504455215874239693e-01
2.171413343039086952e-01 1.333417834293126880e-01
7.681802399759418698e-02 2.134864708666439626e-01
1.024573722070337700e-01 -2.541464190089972597e-01
8.039639491756322975e-02 3.194330694573918050e-01
-1.976622565684239552e-01 1.705737481641208531e-01
4.848608290167716328e-01 1.443528043487223300e-01
2.540067689038253418e-01 1.554549120508699200e-01
9.777399810497877652e-02 -9.237063013089152896e-02
-3.812492941420690951e-01 1.646011944535749061e-01
7.742370182482583019e-02 2.753450193312755312e-01
-1.763460969988478455e-01 1.700897437168824577e-01
1.045512275938439428e-01 3.657523277870465828e-01
1.667048884295109223e-01 1.672652132962866300e-01
-8.042186270700280026e-02 1.206896701068644884e-01
1.036858657280541607e-01 1.332822048720114783e-01
2.814365640926150824e-01 1.696106190232472555e-01
-2.514205175297044015e-01 1.237952536779317603e-01
1.394811650034213368e-01 1.214894223239614268e-01
7.534668292487367580e-02 4.490451686900570616e-01
7.290032195089901634e-02 5.605594491284016101e-02
-9.288025120202103579e-03 1.367832310847312272e-01
1.054872268966910998e-02 1.701037242461375110e-01
1.433538423545508422e-01 1.514838604995660809e-01
3.289122367986271334e-01 1.567357884470592655e-01
4.728767368341449950e-01 1.591125475082967311e-01
-2.890973939621267474e-01 1.692042078603535060e-01
7.093423576532109642e-02 -3.395125469174787858e-01
-1.135850462092483637e-01 1.369606738172506333e-01
-3.844274907406687314e-01 1.408581294121812322e-01
1.054770813473027147e-01 -9.913453377825720558e-02
