1.267898188338519860e-01 -7.018389510927036667e-03
5.594836213650344892e-02 1.993641654615809777e-01
-3.186547080821544586e-01 -1.399569173298553793e-02
6.104882104855435809e-02 4.110247106507640691e-01
-3.839084156414223070e-01 -8.498224948560784142e-03
1.729811177507037945e-01 1.024865812622399730e-02
3.559844964718357208e-01 1.536506733479359177e-02
-4.291098278705272051e-01 7.803704264935595880e-03
8.121938000327322271e-02 1.549152072257320434e-02
-3.518783051073984813e-01 4.840380383994924429e-03
1.588090185655903763e-01 -5.289667259601449345e-04
-3.201809904403349893e-01 6.725766183271919552e-03
-3.502250421637429501e-01 8.700445928733979706e-03
5.147822514341493516e-02 -5.083670469052181673e-02
3.656843668890823462e-01 -1.476561602286485808e-03
6.872002950751843198e-02 -3.082720345670675322e-02
9.415432628344733157e-02 1.009483403545563540e-03
1.690826080732206194e-01 -9.653740103095942438e-03
2.084650258454634475e-01 -1.088187932077022690e-02
6.327103293973201925e-02 2.949676111961391234e-01
-3.181160483390055305e-01 1.522768188102097131e-02
-1.557057137559265669e-01 3.503227135053244012e-03
3.353208192484602446e-02 -1.276442827632928712e-02
6.858754933960375944e-02 1.093249443755639483e-01
6.864654296746830475e-02 1.792875039660543068e-01
6.029905506356059153e-02 4.881653869816837688e-01
5.276102192861664708e-02 3.019645559381779476e-01
6.938733974849209396e-02 1.242922807216084724e-01
7.476415203480923921e-02 -4.523979700993856490e-01
5.083762704918592945e-02 -5.507536689967951204e-03
-1.461580913601331355e-01 -4.232920592518119030e-03
7.660654321349547047e-02 1.894163759645702827e-01
-1.641500497117182045e-01 -1.268302304743296194e-02
2.532386923792552258e-01 1.303793674060460539e-02
-1.333434163672737593e-01 6.150061287998886961e-03
5.167252020686641245e-02 -3.296495507625241128e-02
5.592934988161135657e-02 3.913810300177544832e-01
1.685500603684902954e-01 9.567819366606666875e-03
5.069311900582296193e-02 2.712914671460955329e-01
4.948347887994142269e-02 -1.263474207288703965e-01
2.563583093156426296e-01 -3.733583274043050793e-03
-3.422796207337166496e-01 -1.120375991511779468e-02
2.932794190505054743e-01 1.013051566646705481e-02
6.088292842544773542e-02 -1.138843975608525572e-01
9.234812571664929859e-02 3.238356330327873955e-03
7.066020512843074197e-02 1.402869193093658762e-01
-5.894989501385328179e-02 -3.396498866791386462e-03
4.813642174809518171e-02 -2.208747217064740420e-01
-6.552655936295281869e-02 4.268621953956719395e-04
6.752838745774125684e-02 2.254006463216029488e-01
4.952985226862538504e-02 -1.325468391787010258e-02
4.218601040874681019e-02 -5.121121003813344785e-03
-3.418701140219770895e-01 2.520412923099568658e-03
5.595588831477515956e-02 -3.967830815953750090e-01
6.383816197019420713e-02 -1.728641685484715307e-01
6.447932473736484038e-02 2.111376032302977324e-01
4.719301703560477845e-01 4.665512486282219484e-03
5.911972338306348274e-02 3.861366672489791041e-01
3.856321460441944904e-01 1.399182134986021175e-03
2.222449975108797826e-02 -1.190077887503726561e-02
5.485184790079611350e-02 3.107791515201578925e-01
5.927714124194305434e-02 3.464856150892053899e-01
6.314471265620313911e-02 4.339822352118256621e-01
3.806209662556392370e-01 8.739359590852591175e-03
-5.031035049645915525e-02 3.384788803478144814e-03
4.217875425404484790e-01 -1.041151338846968422e-03
-1.195347438248606231e-01 9.075808149762165655e-03
2.083933980054694102e-01 7.552489959837038747e-03
7.639776815614973682e-02 4.296090991225789413e-01
3.865623117931117347e-01 -1.355219233021787151e-02
-4.225038692182857547e-01 -1.572101839006134760e-03
-2.397371476411941371e-01 -3.394422644522943067e-03
-2.639039990623553988e-01 4.090879965175764355e-03
1.528668591448056890e-01 3.882462081124637976e-03
6.890307205019363668e-02 -3.119614957895615603e-01
7.621383641918733076e-02 2.440255241034844369e-01
-4.481736911448869209e-01 1.052801805969449944e-02
7.007233438837356942e-02 1.481076439856614524e-01
-1.320512034173731974e-01 4.084195316299998879e-03
6.384559971384751176e-02 -1.143331317453119000e-01
4.623948481874342598e-01 1.176868506655859292e-02
-1.078786588168174632e-01 5.741082567224276012e-03
2.231672082860969297e-02 3.357477577147882641e-03
5.955301602428586527e-02 -1.916987358645421136e-01
4.716282502484092642e-02 -4.357865514085168535e-02
5.784594660281383582e-02 -2.040179425770781707e-01
7.025015542615531405e-02 -1.191088830209567906e-01
4.639612710762996972e-02 -1.601249299513396451e-02
-6.052477480569196100e-02 -3.738554265908966556e-03
-1.512725707440077949e-01 -8.631757650210403199e-04
4.725177800265011330e-01 -1.324645560803039412e-02
4.417656905305212822e-01 -1.379165742020582730e-02
1.077445763159838865e-01 9.221121365533435643e-03
5.227255998813618021e-02 2.371233342176922720e-01
7.219637214150476101e-02 -1.805821616589018408e-01
6.507149211278318024e-02 2.757280147835907691e-01
5.473826946191318044e-02 -8.089856710552412178e-02
2.433996807582256006e-01 1.371024060712811021e-02
-4.603716152726258226e-01 1.196752457270156000e-02
6.944853328111921797e-02 1.122800376791668331e-01
7.499262723013477849e-02 -9.201090232633502008e-02
-2.994861943718492014e-01 5.170198476687204447e-03
3.267376821977474588e-01 1.540092536606307849e-02
4.777490933956318742e-02 -9.601956043800008445e-02
2.984515154156210937e-01 -4.156922764918857816e-03
1.739173876005264407e-01 2.065462026732411971e-03
7.422295406707468679e-02 2.287544640600386314e-01
5.211095486899830487e-02 2.243521959005591038e-01
1.891552842970950499e-01 -1.348625969621108922e-02
-5.409470265997362581e-02 -4.017565924724131321e-03
-8.196672697008866582e-02 1.150954008283444630e-02
-5.289645548004140441e-02 -1.543266007452359645e-03
5.317742434768557569e-02 -4.404436482125172470e-01
4.927130389858358495e-02 -2.586698179078450455e-01
9.555924599655929441e-02 -1.079991349683806501e-02
-2.599555960818198397e-01 -7.961965661195447019e-03
7.022221528015504255e-02 1.714725592584964708e-02
5.509920250412303488e-02 -3.761306843049226911e-01
4.335972843707924795e-02 -4.448974136243672994e-01
5.384917847285142223e-02 -4.054994455683036403e-02
-3.980257099810385890e-01 1.026421035820623828e-02
5.829687547290751670e-02 -3.188336734574833686e-01
-4.377093663441011806e-02 -3.844206764720081715e-03
5.558005584518621589e-02 -1.103732510955875989e-01
-1.592758319420780611e-01 1.548156002118883379e-02
4.758153344597382262e-02 -2.550717670436313256e-01
-8.270275702331331136e-02 4.586072469376145655e-03
7.079151937927974370e-02 4.984328630485951317e-01
7.565037602238644521e-02 3.170867367886400778e-01
-2.065877836647908028e-01 1.154125003950601247e-02
7.761923150422589401e-02 -4.754560925560746831e-01
-9.118537913467905653e-02 -5.466391466943720800e-03
6.536548780386564061e-02 -1.427108740761665606e-01
4.085001519791291447e-01 -6.753844468234793119e-03
3.002769392261841475e-01 -1.183761763139623557e-02
1.597508206476555559e-01 1.299665701574148624e-02
-6.082490850295740881e-02 -1.280474960707567167e-02
7.703494007714173364e-02 1.471252442115474901e-01
2.010184153329014345e-01 1.261067684956218571e-02
7.573571361454567441e-02 -6.894236088517791128e-02
2.097350930049789453e-01 -2.160508098977942382e-03
6.475796968954794508e-02 -4.921725459677686043e-01
-1.855350560272464033e-01 -2.854875386765987066e-03
-2.682710456872131610e-01 5.379974126744735408e-03
-2.010589229988178905e-01 -6.103672295910467227e-03
-3.165954484420855364e-01 1.143905952510682056e-02
-1.527391581444593749e-01 -5.321048785131843317e-03
6.652720784231058726e-02 3.228541072898203357e-01
6.921604969926309359e-02 3.277868614763672639e-01
-2.490290645997017549e-01 -4.409357982604666937e-03
7.327094061962291516e-02 4.009738125367297013e-01
-4.245107414625980402e-01 -6.279300184791614114e-03
6.256924405775277087e-02 1.911635615763784823e-02
-5.886028515097541103e-02 1.361341547105010541e-02
-3.140348197643771933e-01 4.414801330708706395e-03
7.484393788474663634e-02 -1.213260100527997487e-01
5.511516661719773058e-02 2.612291972571278986e-01
1.088817721376871273e-01 -7.805783169529512122e-03
-4.456838484527451127e-01 5.311309561275567859e-03
7.495979729866586450e-02 2.975338609901646558e-01
5.032281149499617801e-02 -1.287846576650792940e-01
-4.077296675775233803e-01 -7.924795905858150746e-04
6.182251764856816489e-02 -3.601467387237792250e-01
4.823375831049248053e-02 -4.046245810284532229e-01
8.380669710624011337e-03 -5.750816231350208696e-03
6.325837036743631181e-02 1.991167783092214760e-01
7.222838018539146088e-02 -3.557689140311403042e-01
6.283664201729000087e-02 -1.245743457734354021e-01
6.984243530269029776e-02 -5.613724911202289114e-02
4.742311865780566293e-01 -9.006722020959090358e-03
5.208120506535796057e-02 1.885500482520834353e-01
3.681815130625765153e-02 8.294790341324409511e-04
-2.075657341201685435e-01 -1.692381491876449040e-03
-1.602411514320067898e-02 2.146022687202209234e-03
4.813293107302907270e-02 1.805818198394317786e-01
6.990332295094414672e-02 -4.729153974328476062e-01
6.624425367163877532e-02 1.073795857762850359e-01
4.717412817988628770e-01 -8.111942702297314511e-03
4.045527850022421212e-01 -1.226135564926422727e-02
5.269984854254528006e-02 -3.036277156243514241e-01
-5.684183563248401683e-03 2.316804213373768739e-03
5.144575186159550118e-02 -7.860102745093844323e-02
-3.119755110981796697e-01 -7.438500362432098889e-03
5.971556710018421921e-02 3.986103478953206825e-02
7.145360173216075417e-02 3.812428152235947110e-01
5.645633277006023576e-02 -4.436467700311332862e-01
4.431794558035428988e-02 -3.942372720072543357e-01
5.554660284488155408e-02 4.676017997712615948e-01
4.298627244400211600e-01 1.542568224282969691e-02
7.123771465108419410e-02 2.679905871196026634e-01
2.564904566796278873e-01 -8.918492161888003089e-03
3.296137315285754266e-01 1.181145732328725551e-02
1.749509708358686355e-01 1.467389188569179215e-02
1.999114539119373202e-01 1.542798287102653543e-02
6.263084160238874265e-02 2.654876447989937827e-01
5.517987959922276975e-02 4.981503139958215476e-01
7.078432534264356146e-02 1.548100520119967127e-01
4.748966409906474340e-02 -8.077095464450212425e-02
-3.302185071018493012e-02 5.868872583109530083e-03
6.362553465711728862e-02 -2.650159167630341539e-01
4.363921568131157169e-02 -1.737552735459423348e-01
4.657699331154097067e-02 4.574793971453737784e-01
6.733325231745190820e-02 -4.804569510627050288e-01
7.044678983651919690e-02 -3.971006540382178152e-01
4.574920892076383971e-02 -2.528910733663286559e-01
7.613097278099545395e-02 2.306764652780963765e-01
5.441017719694718480e-02 -4.707110027825052168e-01
6.343425354138365613e-02 2.870106920978903187e-01
4.701364033569310763e-02 4.393300670218643900e-01
6.227636076280629318e-02 -4.647740658792804957e-01
5.917854226185559341e-02 -3.470119788151979634e-01
3.208492876777850888e-01 3.984107100626355091e-03
6.129515540118635197e-02 -3.393034335880987795e-01
6.670402350124426949e-02 -4.877006009376683160e-03
4.854425906234061117e-02 -4.269579813517156985e-01
-6.020043277150965988e-02 1.107979095536282266e-02
3.210315550190244727e-01 1.255534200159280633e-02
4.979947996322298120e-02 4.190552873671145040e-01
-1.892107333793253687e-01 4.181171887161050371e-03
6.077840720492411197e-02 -2.405483007529793937e-01
7.244150038669128211e-02 1.703011428019040041e-01
-2.335307738116398912e-01 -3.361944424526974728e-04
-3.694524120157072211e-02 8.618634578654860157e-03
5.923389018570879294e-02 2.793545495357656616e-01
6.359715518397368594e-02 2.920310471619536052e-02
2.331812549103319254e-01 1.563290925378768570e-02
7.089514679260155994e-02 -4.354763643389146788e-01
6.761684675761259200e-02 2.546326780689923686e-01
7.669817255583677440e-02 -2.483597422665129173e-03
5.795895213767632281e-02 -3.371544031341600078e-01
2.009503295593173533e-01 -1.074371463843981633e-02
5.080357241734245743e-02 3.947645808484416818e-01
-4.325588911267187475e-01 -9.320973660158493601e-03
3.714141316539307791e-01 -1.260196030340465789e-02
4.908034375023129225e-02 -2.889758940821998134e-01
5.304622406580605798e-02 2.325497622550876109e-01
6.778450781984945994e-02 4.776649789637986698e-01
5.107695955702640234e-02 5.944844958595985052e-02
2.874078377124684724e-01 -1.407360905207455382e-02
5.617161157896499724e-02 2.734532620834470018e-01
-1.174604099248807154e-01 -4.843153055230087212e-03
2.715899856450502137e-01 7.672835529769717056e-03
6.549743130645324651e-02 1.740662018278471557e-01
6.048511621364638380e-02 -4.115424409877432854e-01
5.421541778025595892e-02 -1.364685132112907207e-01
1.573073823439744556e-01 7.775625226317139926e-03
7.657633043637579462e-02 -1.227547137103749408e-01
-2.161499326522562381e-01 -1.939614112911658417e-03
5.141817437277151903e-02 3.874125007470207160e-01
5.221198894446266170e-02 -3.212060144964462571e-01
-3.019763658531131600e-01 3.245471193994098336e-03
7.083029470008916917e-02 1.751204597939467478e-01
7.674851955340689091e-02 -3.339993820207285413e-01
6.272742789981811118e-02 -3.253365764254897430e-01
4.219053874685706473e-01 -2.051076297315379549e-03
3.975081032921136126e-01 6.159307372142430737e-03
4.844786199630390922e-02 -3.032950341748256173e-01
-2.297651059221865744e-01 -4.144879876098905847e-03
4.723374192259111037e-02 -1.067942633639433758e-01
7.503094805630039499e-02 4.093069490160243795e-01
4.630360394908624722e-01 2.220289292529487035e-03
5.652395439872315297e-02 3.194706112439256174e-01
-2.846779131832014587e-01 -1.385610939764980731e-02
3.214365145742189567e-01 1.718683941134946380e-03
6.281716975570750261e-02 1.276378485218577774e-01
7.275972616920822755e-02 -2.595455117413280055e-01
5.542694646226042909e-02 1.219794351347538441e-01
1.327501656331631086e-01 5.581327881372333266e-03
5.932687942871761599e-02 4.437863237060843957e-01
4.682593204400153919e-02 -2.821346334413203927e-01
3.446162038462998733e-01 1.165974065596531162e-02
6.966860574376709803e-02 -1.356223084355681063e-01
3.922039622813027204e-01 -1.059763079163777988e-02
2.773716476048582180e-01 -7.015220155870416363e-03
4.453100155223629342e-01 1.904833716014464606e-03
7.706607664557041382e-02 5.674345149510684472e-02
7.293275790259978741e-02 -3.225702656888148612e-01
4.591625194196591320e-02 2.459264079789302837e-01
-4.279739090104782706e-01 -1.909510555001547871e-04
-3.557449141588072683e-01 5.964970647570067008e-03
2.904470526262490360e-01 7.448514615731482991e-03
4.387206663260656558e-02 3.563488036162287820e-01
6.062014869170995190e-02 -2.817607462267762708e-01
5.349515969931939452e-02 -5.345807910457112122e-02
4.518180254768122683e-02 1.411019960843498122e-01
-4.264950608178882385e-01 -1.031609026794999551e-02
3.058182977083359066e-01 -6.471918529500131356e-03
5.563099926488335178e-02 -3.486592448979175529e-02
4.091715591440312494e-01 8.643072233324278208e-03
4.960864201886786562e-01 -1.001630206752102126e-02
3.601870120951755627e-02 9.416137127986723421e-03
3.339753709697932393e-01 2.267403062435446870e-03
5.250436857197060547e-02 3.138511951032474379e-02
-4.517301456376443536e-01 -2.661783347100987740e-03
5.745539458898440976e-02 1.177315757189837386e-01
7.328238576178114361e-02 1.080317009364486491e-01
6.429663270316443580e-02 -2.340719822467096645e-02
6.023661597686347235e-02 -4.108726896609274926e-01
6.924499328646627205e-02 -1.412656886070133844e-01
6.370868084053449287e-02 -1.967177584705736004e-01
6.073982942338651547e-02 -1.165164042034509961e-01
5.313740589524840185e-02 -8.469386401644429796e-02
3.865796007770786469e-01 -3.077971703453807883e-03
5.221410047643593177e-02 2.449590215446667552e-01
-2.156917200603579721e-01 -3.155123483233657211e-03
-2.634148264424106545e-01 1.365678735916120434e-02
4.614310715844627264e-02 2.528969354942950387e-01
