1.913659692696674242e-01 -2.125555090458175478e-02
-4.953316710967253789e-01 -1.752439644475722869e-02
5.898344178615144706e-02 -4.320669960802600018e-01
5.683594304117489671e-02 -2.145665156586429312e-03
5.779509831544027421e-02 -4.627742306155788743e-01
4.000300146745441321e-01 -1.482319442256874176e-02
-1.965749445287190422e-02 -2.404026753333599054e-02
3.408294302406945642e-01 -1.346156111894414309e-02
3.270395097038253374e-01 3.159257260730519157e-03
1.649646457713311865e-01 -7.220806955833491969e-03
6.482471586026328225e-02 -4.176029504125456926e-01
7.273833450031874648e-02 -4.980401356671222413e-01
7.614235205448249832e-02 4.900021212216795208e-01
5.112511835919508751e-02 -2.185631797551823574e-03
5.825930471247131592e-02 4.578011865343711850e-01
5.576408273696031870e-02 2.808713529473410020e-01
9.746836016779047984e-02 -1.356780390600398345e-02
5.945245042986746498e-02 -3.628303302371918004e-01
6.384140764241008625e-02 1.533857141349280750e-01
4.840079668287766701e-02 -2.207403566571091158e-01
-2.100497227751606522e-01 -8.422313071374532001e-03
6.086999363689726827e-02 2.609415591084591757e-01
7.328627751355731856e-02 -1.486435963995129672e-01
4.882886849051859546e-01 -5.506704135786355536e-03
6.559348294040301397e-02 3.849194579257918525e-01
6.014671045617503431e-02 -3.985505882880453488e-01
7.211009572909476972e-02 -2.623850307201637255e-01
7.152034254394568080e-02 1.749956551482887424e-01
5.531953871401695810e-02 4.972972597527037797e-01
-1.891900529508827589e-01 -3.085537335100529965e-03
-4.721773510306401800e-01 2.141335907399843919e-03
6.926891649944311169e-02 4.028388921337656692e-01
5.490763021028000068e-02 -4.422360447741339184e-01
1.858167236126514466e-01 -2.366890902326213020e-02
-1.624154438600533545e-01 -1.299861587074957470e-03
-3.780669157689983129e-01 -2.600769623157894728e-02
-4.490135822122021114e-01 4.019533842376188382e-03
5.970989299595785837e-02 3.866222478892397119e-01
-1.104227877824813797e-01 -2.259525721478861104e-02
4.696247161401301273e-02 -5.518067183314134816e-02
1.159836342115705410e-01 -8.932006957928506630e-03
6.331725308052460477e-02 1.093293967443930148e-01
4.719118742111927389e-02 1.460977903024609503e-01
6.085869021782608357e-02 -4.741504638255797932e-01
-1.742778344649403843e-01 -2.261998296719169854e-02
5.516928446409807840e-02 -2.839838223143434925e-01
7.102427244029152487e-02 3.376626155046522637e-01
-3.180619759763519960e-01 4.037838682848460259e-03
-4.356879648200751021e-01 -2.430974650567929718e-02
2.388804015481604814e-01 -1.175288626909898326e-02
7.406594846989056347e-02 -3.666850467391563617e-01
-6.570208942600730406e-02 1.122049755934884097e-03
5.486905006191111767e-02 3.194329892328783282e-01
6.066872615790541712e-02 4.419952142846153009e-01
-2.802348356979023070e-01 -1.761440884974130316e-02
6.162200907696224750e-02 2.465247882762373610e-01
5.711486631329332209e-02 1.577223465101467159e-01
5.786893486087607563e-02 -2.526335301609661244e-01
5.466745968090491736e-02 4.070973488487857894e-01
7.591770429715660740e-02 1.703042097004320299e-01
6.021089647404553880e-02 2.253425134949386122e-01
4.325521377391139399e-02 -2.433007892859614385e-01
6.768367817253762020e-02 -1.906244653540153378e-01
4.971073094143430016e-02 -3.572860514221825046e-01
6.207921973198904375e-02 2.475866716563857040e-02
9.054453636200321398e-02 -2.366343814275628787e-02
1.475958725390590365e-01 -1.768962337394019979e-02
3.690926846887671031e-01 3.555286584420835894e-03
6.327811556713214269e-02 -1.108798851117897000e-01
4.267613007181403351e-02 -2.993116415656158491e-01
-5.815214161912818369e-02 -9.099461142256570767e-03
7.258016648452736419e-02 3.241020412372817017e-01
1.841936588503439998e-01 -2.388286004692252718e-02
6.045736220425113050e-02 -3.731666614964967987e-02
6.166950543761773318e-02 -1.689529213310217992e-01
2.682929455480975722e-02 -1.249408643541327635e-02
6.539798813545116829e-02 4.264304715664202217e-01
4.585914027783273283e-01 -4.997154334471121118e-03
7.191340042557803347e-02 2.523316810226569062e-01
5.264344124385311741e-02 -3.111833520246768403e-01
4.746178598022871009e-01 -2.109088746069509579e-02
4.734979884608581102e-02 1.497531085266626816e-01
6.302984660470567491e-02 -4.520797552441546685e-01
4.447792042530895884e-02 1.490634953532883333e-01
6.857177747011367064e-02 -3.189712102039014008e-01
-3.863440695899512667e-01 -1.777112839970085290e-02
5.583541330746311093e-02 -1.189988705067964725e-01
7.194410808110263122e-02 -4.905446993264007682e-01
7.043978177732679313e-02 -3.568096693104955142e-01
5.725058085883649728e-02 3.880169505788670925e-01
7.248850353487601428e-02 -2.471551321043388150e-01
6.646111189401138208e-02 -3.171219948550796364e-02
6.798134399520971982e-02 2.373064308756406282e-01
4.343563241162529120e-02 -3.829554448672145561e-02
-2.008088396615901328e-01 -2.016850528002378518e-02
-4.543695609694907711e-01 -2.583848866333893213e-03
2.999855810886253860e-01 6.395440054492995685e-04
5.361814550642463040e-02 2.691033301773827491e-01
2.792962421511913096e-02 -1.438973362997097993e-02
-1.351369078445968652e-01 -1.474744225795376895e-02
2.602921234837577424e-01 -3.670348793846645030e-03
3.749281944913092079e-01 -1.049718166037538758e-02
6.763603270664686473e-02 -7.034813037942544423e-02
-3.950289851179578093e-01 -1.591168885169058633e-02
4.031582946048373195e-01 -1.223003718312620780e-02
4.301773564155497720e-02 -2.565355468129655314e-01
6.667900107421509404e-02 -4.592865345725106740e-01
-2.642749418779737347e-01 -2.241717192310466178e-02
5.847867213550617116e-02 1.347207486752322048e-02
2.293558082034324874e-01 -1.191096567453764354e-02
-1.716969324541032238e-01 -2.292367101081194125e-02
7.044952154453287818e-02 2.898261452174364372e-01
3.177818759091403100e-01 2.696295637218404373e-03
2.918242501777330578e-01 -1.594300141556725947e-02
7.775778395394006282e-03 -6.987666655943303162e-03
4.967156626866697788e-02 -2.323076130930890049e-01
3.678732913547584360e-01 2.971319684177520237e-03
-2.054037639416235184e-01 -8.136309285781129219e-03
3.926634803324949852e-01 -5.300553427497023407e-03
-2.554072840568165637e-01 -1.188940758887502280e-02
5.124121998983155457e-02 3.104804713584276010e-01
6.404589747373012898e-02 2.766944534004828204e-01
9.779996292031967187e-03 -1.305401189535404516e-02
2.325945418402586284e-03 -2.363655731975955465e-02
6.089141995013169772e-02 9.542475926903981609e-02
4.227528649253242676e-02 4.630593833293807915e-01
6.297540652370148262e-02 -3.495148628727346996e-01
4.870979795133656420e-02 -2.194963759805546033e-03
6.415044688358284564e-02 4.893725899089953479e-01
5.183442675782901077e-02 1.607583985976990260e-02
-9.479142376315741192e-02 2.434580306399314331e-03
4.960267331748136055e-02 -2.502859676530599931e-01
4.187795548039852100e-02 3.476568933203377787e-01
-5.865292003569988477e-02 -2.106660106584612446e-02
5.994520503195521766e-02 1.070534113899664908e-01
2.634754930951366259e-01 -1.806529770112474953e-02
-1.184694957154123207e-01 -8.772115451759154858e-03
-2.588302022637978261e-02 -1.081429086568241882e-02
3.476921569206752327e-01 -2.494626465259497383e-02
6.795570846779042107e-02 -3.507976176678662128e-01
-4.487509828405666923e-01 -1.796665953363574264e-02
-4.000847719016490389e-01 -1.563812781544116071e-02
5.521708872829678150e-02 1.459992727889721786e-01
5.373912235835998086e-02 -2.387342409258337295e-01
7.042082692356177454e-02 -4.843434349906512448e-01
4.387647232619168447e-01 1.210055520611819091e-03
7.607446995548194923e-02 -3.872532124245030571e-01
5.476667977312921209e-02 -2.353125384592857916e-01
7.463201523394136228e-02 -3.329251410533295985e-02
4.609545436667705776e-02 4.535686505687787085e-01
1.531188974463075780e-01 8.759425895529249217e-04
2.467414663068245861e-01 2.193852386776273811e-03
4.570223066704737214e-02 8.049880409515941526e-02
1.187299932211981490e-01 -1.983473883390596271e-03
1.260605082424848256e-02 -1.369814761945475912e-02
-1.689229897110942069e-01 -5.934572884780386914e-04
-1.898190646045315733e-01 -1.704908592862652839e-03
6.499800201168248748e-02 -3.626450679464356952e-01
7.613524425795781259e-02 4.196787520473255206e-02
6.323107863557342334e-02 1.754932414977968813e-01
5.707686063343975214e-02 1.405416096628606670e-01
-1.740356755623152507e-01 -1.169746725456222158e-03
5.821983905316530095e-02 4.648589555931742501e-01
5.450293023160424077e-02 4.240272673559418726e-01
4.587007978999912972e-02 -3.076540905281917038e-01
-5.729873408564778448e-02 2.777447235560281946e-03
4.923850171091328498e-01 -1.756775703071289385e-02
4.882233443320882493e-02 -1.921643910956333245e-01
2.596993090407174742e-01 -3.450711702637998535e-03
7.058283719752123098e-02 -2.564573021756960669e-01
3.069081723986281096e-01 -2.681078073954235030e-03
-7.182371334044490574e-02 1.422813787794297014e-03
6.286649649301090381e-02 5.865541896542825206e-02
5.259595781778791945e-02 -2.045275263613901551e-01
3.895347127481207927e-02 -1.955442730609768809e-02
-3.117011959249771369e-01 -2.711148926025863659e-03
5.450578992431698300e-02 6.240748020518838146e-02
-2.391020562968463326e-01 -8.968271175162079167e-03
3.997268490651723072e-01 -5.942916940785969437e-03
1.146132008502531718e-01 -1.671237682668647029e-02
5.691903532700337554e-02 5.614814916463206629e-02
5.513531163114182565e-02 1.165805959355250554e-01
5.940838097118239514e-02 4.609580666633319446e-01
6.276439446500825525e-02 -3.324982105552263256e-01
4.306873899561503016e-02 5.012003951402932422e-02
7.047281112521075475e-02 2.316581037251870256e-01
7.020422449822194544e-02 -3.281917855076098567e-01
-4.494863624113897282e-01 -5.241262411024405488e-03
1.225203322746593049e-01 -2.366832594340373408e-02
2.047267416244169524e-03 -1.397259267418293760e-02
-3.875872633193271355e-01 -2.051439123544884779e-04
-2.583275169335070842e-01 -1.425332459721817546e-02
3.588415278809947706e-01 -1.338649998644314554e-02
4.889583643979023009e-02 1.585095536226875934e-01
-4.974176808774182224e-01 -5.591730976964748301e-03
7.394948729842121260e-02 -9.877070165168655436e-02
1.003745070885363466e-01 -2.670158854270354709e-03
6.828192106350006174e-02 4.013284454025863868e-01
3.766092472363726795e-01 -1.911868765350688282e-02
4.695076527261651256e-01 -1.541265837717609166e-02
7.813017286409718043e-02 -1.679986258209920091e-02
4.952701955733374017e-02 4.163304443264395083e-01
1.957500369444784560e-01 -2.560078173289292991e-03
5.147764997607962023e-02 4.540560571255609634e-01
5.837789055014785955e-02 4.713263819668485066e-01
4.409139745360668439e-02 -4.243765313678123929e-01
6.755661299839776923e-02 1.733400879709451337e-01
2.158170306685922579e-01 -1.006721831926349342e-02
-2.755176622099008155e-01 -2.370180550368972128e-02
5.058313661395175131e-02 -3.928115460990682095e-01
6.088769400264615328e-02 -3.782044523917382772e-02
-1.959072797181160563e-01 -1.554075901212437216e-02
4.581605639533803398e-02 8.261157426767651302e-02
7.541614146881503444e-02 4.625178330786668957e-01
2.810154900379544518e-01 -1.597727676849669542e-02
4.276703717641483493e-02 4.397942710526231425e-01
6.974578752408777671e-02 2.640352614657046626e-01
4.474855727721149812e-02 3.928765951993070660e-01
7.244773955828620604e-02 -2.535192014410969641e-01
5.154377375329832756e-02 -2.235706773139556347e-02
-9.333649125369114508e-02 -8.557446395361933966e-03
-4.234857843679561418e-01 2.800567237094320205e-03
7.171158362158991384e-02 3.100701026852530351e-01
4.296305383714753567e-01 -1.235592627338144567e-02
-3.908811367283860916e-01 -7.287486417350108603e-03
-3.512734230507139621e-01 5.180672920509499235e-04
-2.961147453740538005e-01 8.211017002782705632e-04
8.424515788770980951e-02 -2.581370813902461592e-02
7.536013023628018725e-02 3.726187338886748357e-01
6.697658279211127219e-02 1.617365104448521551e-01
6.666456429814116014e-02 -4.176440667354509584e-01
5.796362121893172681e-02 4.832543050901840775e-01
6.360833633628326655e-02 -9.831839548345655544e-03
4.791447271642433892e-01 -1.662941327831801708e-02
4.129817519815605076e-01 -9.786600692520908140e-03
-3.623583653307991259e-01 -6.900802036425957020e-03
1.614786083805138661e-01 3.604827145644362574e-03
4.294429910883201806e-02 2.981749519662293402e-01
5.830211005042273964e-02 4.122269258202231335e-01
-5.101936137938656302e-02 8.127233322146043548e-04
-1.161046960588816290e-01 -1.478093711325678683e-04
4.317303815432170788e-01 1.408854798380709816e-03
5.461207660736233649e-02 -3.291037681168481610e-01
5.966206901138504382e-02 3.342355306603363996e-01
-1.619414336846092262e-01 -1.008101905641134444e-02
1.048568960039630849e-01 -7.641012343898911929e-03
4.332791060779116465e-01 -1.366673192004075332e-02
-1.411879507734714601e-01 -1.684149832574033390e-03
6.374725799556690831e-02 -4.159206309862742978e-01
4.460261166238868036e-01 -1.514327174250451602e-02
6.350841511730342948e-02 3.734844821603897635e-01
-2.819840832941040709e-01 -1.092431001227012199e-02
5.775208421033040107e-02 4.206457587642605800e-01
-2.236050262496004359e-01 -1.099946586140276850e-02
5.946461402764069426e-02 -4.202979999632397989e-01
7.131210722221681397e-02 1.680995825160463975e-01
5.319920273958522738e-02 -2.849653590830352190e-01
6.028591393099902440e-02 4.758816700297406888e-01
-4.695980034322928542e-01 -1.436630674852479306e-02
5.611114236359926455e-02 -3.512047848164857600e-01
4.997992581034826909e-02 2.593162839986464796e-01
4.554406234630947736e-02 1.737189494826100189e-01
5.634419214834318623e-02 3.347343732058902788e-01
4.549124096078227542e-02 -2.203767997277508162e-01
6.164786332392269141e-02 -3.613848228355402981e-01
4.853145833463856640e-02 -3.720012074413920899e-01
4.476247246866971174e-02 4.206740028362687678e-01
5.561179381898861962e-02 -1.523356907027386686e-01
5.060098422373027205e-02 1.976566454727620714e-01
2.619311997965455552e-01 2.106631293916527703e-03
4.919352483907102336e-02 2.166560182552850211e-01
7.029786018326023012e-02 -4.943059685217366939e-01
1.149780924255165981e-01 -2.465756929316054169e-03
-1.414586232554360112e-01 -2.036394668055963031e-02
5.291859288310385434e-02 4.927013747271995481e-01
5.502780608209367763e-02 2.591717761536397324e-01
6.270603205975322503e-02 6.196532440381941065e-02
6.662622764429881883e-02 3.183759937263963558e-02
6.989652901480380986e-02 4.450483791910221365e-01
5.950219331110462306e-02 1.001801406696377628e-01
6.819350157217263231e-02 -3.066385307073916655e-01
1.396472683573386497e-01 -8.036190817213739734e-03
5.068378361679848343e-02 -2.936161279286777503e-01
4.556612224960521207e-02 -1.489772993132261192e-01
4.886348103696558365e-02 1.059981505251208489e-01
6.887673947624117776e-02 4.041299447654100874e-01
6.454168440814156416e-02 -2.760334676800352272e-01
-4.760479017733247886e-01 -6.878206354954397028e-05
2.656138568632198105e-01 3.211093878819126779e-03
-2.226989479553845852e-01 -2.127884696045057034e-02
4.385600263176359093e-02 -2.107369658673583501e-01
7.409559478231475538e-02 -3.663921449557634435e-01
6.798970046814067913e-02 -4.419692600019509143e-04
1.743303704548436750e-01 2.822853278111492337e-03
-4.711714498625996228e-01 -2.512506254195301381e-03
6.009994606230351089e-02 -4.734137230982349287e-02
5.622840209474677664e-02 -7.514342975938026470e-02
5.516095248317653965e-02 2.347263485747070888e-01
3.961884435759248646e-01 -1.998093987346882816e-02
3.748263944084410104e-01 2.522555478333243784e-03
