5.460371289955656682e-02 2.334587287420250012e-01
1.348196102065237767e-01 5.249206900206304649e-02
4.953952469259403912e-02 -3.219409432433427698e-01
-3.166314486962742425e-01 3.922099079981011815e-02
-2.852059594046757462e-01 2.541953937089391768e-02
-1.005191686066064793e-01 5.312345320802525084e-02
8.289274522369105558e-02 2.424826814100566885e-01
5.386029978893147607e-02 8.111752255968529557e-02
6.048800390599939902e-02 -6.115657079142167163e-02
3.254834601037672748e-01 4.694774020100322964e-02
3.899247696728541657e-01 4.225218563515809045e-02
8.454401254053778292e-02 -3.325253026487184904e-02
-4.355325132993181914e-01 3.547394810625248418e-02
6.124839780865010130e-02 4.895269239033187558e-01
-3.248351500356365662e-01 3.505410233817518595e-02
3.029911232623412332e-01 3.398704341705849341e-02
1.433159860930955931e-01 4.663761545966860211e-02
-4.717017385678878849e-02 4.324772682258581913e-02
3.676499980379439592e-01 3.805823201997560190e-02
8.485054623107135541e-02 2.488148041418964951e-01
5.458695795676371532e-02 -1.511944227486750059e-02
-3.764883910985550308e-01 2.225821619494949832e-02
5.478278297839389577e-02 2.620635004242668487e-01
2.506017143828280780e-01 2.780654716230079870e-02
6.666493983896304432e-02 -2.505266430030478331e-01
6.480626846934156582e-02 -4.550709731251888490e-01
6.710806914576661342e-02 3.554689841909974835e-02
-1.677548411653465577e-01 5.275079577633035033e-02
7.910435253992054161e-02 -3.424521524648529436e-01
3.974210168849350300e-01 5.018329296446277787e-02
1.300244707341970951e-01 4.431315657619772086e-02
-3.607930446884466402e-01 3.389508559692044898e-02
-2.693319022912571414e-01 4.770755520602176780e-02
6.282167835079321971e-02 2.078212961694393401e-01
-4.672063088823450450e-01 2.949911745640521055e-02
4.360123649281444358e-01 3.579533262001677318e-02
7.680470410255091362e-02 2.786411494884286633e-01
-3.361911068761596066e-01 3.415753415577094110e-02
6.216144936538836596e-02 -2.728175933603274039e-01
1.544484047658298831e-01 2.171609301810384363e-02
-4.537266056475198761e-01 3.269770202277721971e-02
5.097171649955400952e-02 -2.240815112903966622e-01
5.106205872049762728e-02 -3.488368691672629751e-01
3.200051794012068740e-01 3.085313033110015368e-02
5.965211936481051858e-02 1.121833971476174918e-01
1.231096841772326700e-01 3.869410754712176992e-02
-2.743975946366428165e-01 4.737059262135134841e-02
5.598009417024740753e-02 4.105695592133320471e-01
7.959430679663970221e-02 -4.423245594138758285e-02
5.105671196901606645e-02 3.875002259855209186e-01
7.254590577501662807e-03 2.755254379097082928e-02
-4.044000001380118059e-01 4.299932453193944237e-02
7.371715637027553836e-02 5.091273930805895187e-02
-3.975414292655613524e-01 4.306029753846019048e-02
4.970460978080967207e-01 3.258516552305634750e-02
8.192935071033768946e-02 2.534155449379049685e-02
6.759850546126811022e-02 1.204169378504029719e-01
8.457375983851878054e-02 -1.438718916820174165e-01
1.693023051964803738e-01 2.670517601203625802e-02
-3.022396911851490398e-01 2.915927417693164880e-02
4.941784270714777438e-01 4.794096781972390087e-02
6.568624180488646935e-02 1.765310989392182561e-01
-4.783851427721804717e-01 5.335366197266633304e-02
1.966734308535219578e-01 2.669021425244333390e-02
7.410568651941951135e-02 3.615462996867743195e-01
-2.263081092248087067e-02 4.624085551664758320e-02
3.656444645202663324e-01 3.284481722393239878e-02
8.114144566190439889e-02 1.521553520936994586e-01
2.387942783132134261e-01 5.141738113307370295e-02
4.014606655623693676e-01 2.884504762843631553e-02
8.387172103434603621e-02 -3.312484115902691872e-01
-9.449705613810166493e-02 3.516158793002432947e-02
-8.172971349476387815e-02 3.441387875502122107e-02
8.499660140630338478e-02 3.472257285926647619e-01
4.279135779301355136e-01 5.173594529286540400e-02
8.221062322684324908e-02 -5.918495893632358396e-03
3.443313919937902590e-01 2.347027645032129239e-02
6.877164473024166558e-02 4.890131584078050153e-01
-7.555637966090167357e-02 4.223206296942427773e-02
5.024034105200481104e-02 -2.216938049578696113e-01
-6.845874513161054331e-02 2.502676842742712626e-02
-1.060508769292045628e-02 2.868668994568124297e-02
3.321523667427406235e-01 4.583789844427399451e-02
6.093490257543354716e-02 6.732148031556683954e-02
6.726128221212801517e-02 -2.609851327167249657e-01
7.038469864245233687e-02 1.929251486471443844e-01
-4.270446333794915006e-01 4.256616019085202041e-02
6.537580108223428610e-02 1.255706092727491008e-01
8.065517280708922598e-02 7.546294269971554058e-03
6.396255790748806014e-02 3.737769981764971217e-01
3.755522106241083735e-01 3.999560520462763780e-02
6.845819894158633456e-02 -1.914771366201861724e-02
5.552779198356028179e-02 -2.996518620665780119e-01
-6.449769945581351749e-02 3.981635432195251845e-02
5.984494205253343413e-02 -2.970321018849220174e-01
1.026860166055036938e-01 2.534966136758076694e-02
-7.588077972925144632e-02 3.451843362988871178e-02
-4.458860398347648246e-01 4.249736310322826949e-02
5.301785197145703066e-02 -5.316099205282620588e-02
2.893292112457448439e-01 3.656268971337850449e-02
3.668298330855889189e-01 3.859740081496565445e-02
8.418794787980532490e-02 2.808178041204222319e-01
6.599724199683532078e-02 1.796826745079856957e-01
6.362660413474319210e-02 3.231876824713135754e-01
6.950082660214662589e-02 -3.972879517864197352e-01
6.513089069630684236e-02 1.170628332798437921e-01
-2.146699816179030718e-01 3.910454872951818484e-02
8.093552419456606639e-02 3.396614566077018615e-01
-3.850745683256645568e-01 3.438986348201045207e-02
5.097464741076418449e-02 3.846292875597012717e-02
2.422776498431250536e-01 2.151708237744642815e-02
-4.718605452424217139e-01 3.770033466603650574e-02
7.015583793031243687e-02 -1.396043876259800420e-03
5.399858522379463732e-02 4.362782698695639727e-01
5.792451077867588616e-02 2.119351152083672751e-01
3.833132798729891322e-01 3.699759471129349109e-02
-2.209398837889008371e-01 3.473110621888697569e-02
-6.136485590617746233e-02 3.481688493622270286e-02
-2.941052957221105268e-01 2.662701679413359557e-02
7.076361218186288937e-02 4.750958634681753390e-01
-4.230863114688169224e-01 4.042770997649625109e-02
8.207118553630321500e-04 3.438587285032868035e-02
-3.539434174626854279e-01 4.587601453486189751e-02
7.502051171767876170e-02 -4.879828090465273549e-01
6.622168209653467308e-02 4.537117951047522357e-01
-1.554059441627774207e-01 3.998708265950601248e-02
-1.254032481072985261e-01 2.285321135272266879e-02
4.557520941353708777e-01 4.134844610288135325e-02
-2.843089367585566185e-01 3.411937030372869106e-02
-7.487042807167054725e-03 3.578834909587647051e-02
3.477525488545593069e-01 4.245118717813212150e-02
6.582775417264163931e-02 -3.969800165387905588e-01
7.189411735231743261e-02 4.034731320675606359e-01
4.923839011170745295e-01 2.442593800475723054e-02
8.546455085248527705e-02 -4.166968158623649554e-01
5.351573206111526204e-02 -3.743358856068965679e-01
7.335109036206133304e-02 1.975237601545409838e-02
7.971946559971454516e-02 -3.252988332906489033e-01
-4.889945615593110917e-01 2.575264785648057053e-02
6.968104644939043801e-02 -3.626225655300374662e-01
6.052233445354959773e-02 -4.550341074167939537e-01
6.127168530279281100e-02 -1.984547374920212492e-01
5.150635950636017757e-02 2.553527569445139811e-01
-2.747305390767784683e-01 5.050165928046090880e-02
8.237323237738725101e-02 4.511220477427749787e-01
7.925392116884066862e-02 -1.367114036026586543e-01
5.805292046870103029e-02 1.138009534450091786e-01
6.732714516429827434e-02 -4.401562051013572230e-01
4.120013009783193292e-01 3.700009175629803693e-02
7.044989208144192272e-02 2.156421630126004185e-01
4.402629163297033799e-03 5.058811682845809621e-02
-9.673460901992669836e-02 4.745910094534877555e-02
7.663136127377612183e-02 4.010684913881534808e-02
7.568732836205893655e-02 -3.273377710836659071e-01
5.070988928316821909e-02 4.283535080340883372e-01
6.319776479687411186e-02 1.364395665860421714e-01
6.006665125905275016e-02 2.336029468018472333e-01
-3.666469562921750303e-01 3.398515471183971570e-02
4.172954156091257527e-01 4.465995051796789461e-02
3.142247311456165537e-01 5.003637440132668868e-02
6.658979702001677214e-02 -9.436019445151433427e-02
7.236983808277286379e-02 -3.526574100131828482e-01
7.423454704328158460e-02 4.238085629162716694e-01
7.671933896844629341e-02 4.335091005919384788e-01
7.249266831525869037e-02 -6.664754434350994572e-03
6.282420837117341783e-02 9.531073813690749130e-02
4.016449835851668704e-01 4.973865867598725732e-02
6.265252119032549416e-02 4.258604189983583588e-01
7.601539516905519989e-02 -6.367860442309447588e-02
2.063817885509776628e-01 4.022156150144606812e-02
-3.802621980119367251e-01 4.620624576720355758e-02
3.504782370387028445e-01 3.844079555144508387e-02
6.626881554584940215e-02 -4.498677453293182804e-01
-4.702452714328758665e-01 3.722881950869949552e-02
3.801841595246162608e-01 3.018041954315542341e-02
1.098868290651346946e-01 3.805997548283046594e-02
3.027904410740028807e-01 2.220755640232874306e-02
7.370425422373527713e-02 -7.522721277212440771e-02
6.139294640564396666e-02 4.430458202282157032e-01
-5.559891839672648217e-03 3.940514471854017486e-02
7.310504233675230168e-02 3.479869680907495821e-01
-4.101043801832475744e-01 3.993811758654730593e-02
5.883418627796499489e-02 -3.348595806051666290e-01
-3.730745796987400276e-03 4.254991389496376453e-02
3.338698146903186226e-01 2.472276854008292890e-02
5.222045632057115139e-02 -4.813957817397260808e-01
2.484299081364446105e-01 3.908471453663431294e-02
-3.557729866540121355e-01 4.869610866300566610e-02
2.099567737059891970e-01 3.858859905327938211e-02
4.980229582886575024e-02 -4.079102153996384539e-01
-1.850107058451777586e-01 3.096801414707284206e-02
1.459772344729538540e-01 3.255676637038551480e-02
-1.614065459879022724e-01 5.335297177850351069e-02
6.847826161857106797e-02 4.814524712563972297e-01
7.009978057257637563e-02 4.077292722088886601e-01
-1.789510775602770609e-01 3.144014295483688048e-02
8.092899443051249087e-02 -2.281428490494000760e-01
5.169422116026300973e-02 -1.419888843913841292e-01
-4.126298751634041029e-01 2.647305401288058135e-02
6.997738611615245130e-02 3.438764653083415945e-01
8.482385476160303472e-02 -4.939372622769784282e-01
-6.155530098142925066e-02 3.330450264098394619e-02
8.050865612805457872e-02 7.130488449827476760e-02
8.395809651484853475e-02 1.773641996768626772e-02
4.951954568782213073e-02 -4.716820350080173085e-01
-1.099556125240392923e-01 4.642204448097564384e-02
5.696010083863645157e-02 3.778575414279480293e-01
8.470614254839725632e-02 2.772944105149589555e-01
-3.811339346174936749e-01 3.508821529971628550e-02
-1.835924311409304899e-01 3.779790657079262761e-02
-1.311616652567096919e-01 3.281232500216824111e-02
7.482323064128593160e-02 4.392093751641988897e-01
1.083206853488771770e-02 4.420474399225815532e-02
4.016518686083626610e-01 4.987190826451348702e-02
-1.741514685886624836e-01 3.702303051212907370e-02
5.424045415142653148e-02 4.801174534284926576e-01
-4.667535874325638989e-01 3.992084575197740737e-02
5.952983939887412923e-02 -1.837509407670646633e-01
2.809750521557115022e-01 2.782079207518273201e-02
-2.928218505115940395e-01 4.980103297646976124e-02
7.144181580313946345e-02 4.134321599996723107e-01
-3.323768949835472775e-01 2.932143489043381734e-02
5.480521050465769761e-02 8.841057883276182139e-02
8.112162579682569152e-02 -8.076543471160779752e-02
-9.103335723128913592e-02 5.326168673742925908e-02
2.863222040363884169e-01 5.020438245341940497e-02
5.602006230156386657e-02 -3.753033788736583887e-01
6.650242918229998246e-02 1.210880242250679251e-01
-3.372290257064985974e-01 3.566422377983524683e-02
7.872644621467028703e-02 2.275293833874834082e-01
7.931776820733571487e-02 -2.412029590912897481e-01
-3.713661379287870323e-01 2.188962397351723599e-02
3.223791280205799969e-01 4.835465237418878903e-02
-4.870074178547152410e-01 3.426046907483670800e-02
5.414518731782946848e-02 -5.534168340753709003e-02
-2.153549657239243187e-01 3.020410367313752786e-02
5.446612091952796053e-02 -1.968863712208976935e-01
3.841383415440694504e-01 4.106469426033909631e-02
5.859812209534009941e-02 -1.972838357596762293e-04
3.293310116066632265e-01 3.740852061157928787e-02
5.425921401168298797e-02 -1.195045797101154106e-01
7.201723488958711172e-02 2.405700045688573541e-01
-2.049829547011779995e-01 4.611021895856759478e-02
4.100032307243995922e-01 4.543995934733180420e-02
5.860167637786295458e-02 -2.081865553501924815e-01
-2.163230912221976165e-01 3.232776424402239446e-02
-1.494033480055917407e-01 4.043610468088243426e-02
7.550103800959406808e-02 -3.623277589632166729e-01
6.849100976673871966e-02 -4.432490194852045651e-02
6.021561211719050899e-02 -3.385848690694469587e-01
7.421523552302922155e-02 -4.923939197603163231e-01
6.960277642336942794e-02 2.937652271227880751e-01
-1.191543870352140821e-02 3.702345107419413583e-02
6.121756501810793338e-02 1.972459442372946903e-01
5.698915982514118905e-02 -2.831597683354323269e-01
7.280231296334560565e-02 -3.339114956430672132e-01
5.543044063101632002e-02 3.661364977376567742e-01
4.876415349855409698e-01 2.645383447508742325e-02
3.688146417023848711e-01 4.316052135825210190e-02
7.364966785604332156e-02 -2.136622177168580050e-01
5.697204008285872145e-02 2.230582996304284471e-01
5.863144824027366475e-02 3.120749459095304434e-01
4.427856288777943794e-01 2.983603586262306706e-02
-2.148981210840550382e-01 3.963232887206269428e-02
-2.541192979814451691e-01 3.386119029889023135e-02
-2.406218195436176099e-01 3.843958661538704469e-02
1.628635475974800073e-01 3.741924983399091964e-02
-2.370419995348654885e-01 4.391364176426926225e-02
7.098495194032850009e-02 1.296073113903301044e-01
-6.554594038255079358e-02 4.504762240994863998e-02
1.594990191295356796e-01 5.284143793679663137e-02
5.822303614958224127e-02 -2.117555085609396093e-01
7.665882572091498037e-02 -3.306438502627558895e-01
7.918895353435295714e-02 4.683108473278319028e-01
5.936479280486928189e-02 3.413286697355706334e-01
-4.727719515376154202e-01 4.619217219902616023e-02
-2.600991694230515572e-01 5.219386384624247199e-02
-2.141306918897784017e-01 4.171701394944526964e-02
6.516463883061318629e-02 2.256062309833452018e-01
-1.831789596192533454e-01 5.007380567550734352e-02
6.864655265096608616e-02 -2.481994337479754842e-01
4.645177882544173631e-01 3.104088801142501630e-02
-1.683188089313374380e-01 3.998405193942655700e-02
8.292443085404510583e-02 2.795234938610541287e-01
1.944812928100125848e-01 5.140383768491330052e-02
7.959301385029160514e-02 -4.233217853795283592e-01
5.906813707344393816e-02 -1.043541871267369414e-01
-1.309482727369093435e-01 3.666787706916418976e-02
6.150725274657664610e-02 -8.842197431006459940e-02
-1.772362762410907289e-01 2.496806680475427420e-02
7.861769466051371502e-02 1.909221207648531538e-01
8.464844269650573239e-02 4.589789667599500911e-01
7.282582684765948056e-02 4.006741811780222262e-01
2.115065051367595039e-01 4.012672174925546731e-02
-6.849594459653940426e-03 4.034785539761776008e-02
4.171341994429121902e-01 4.379475638893637335e-02
2.945235362705764803e-01 5.323489903012468272e-02
4.988816812808294365e-02 -2.759152261003672280e-02
7.774121649568555004e-02 4.571541884940505396e-01
5.280832867269458220e-02 1.702737911478920951e-01
8.105112464669583794e-02 -3.658532186989648105e-01
8.451883579724994711e-02 -2.724306823650781695e-01
7.379935277934335236e-02 -4.744806515421378101e-01
-1.893069102400679604e-01 2.193344542195718727e-02
6.164103773891271842e-02 -5.592243313954059492e-02
6.746441395790025997e-02 -4.970201760941665992e-01
6.005271487445684730e-02 2.292152883550409026e-01
5.839824272223015367e-02 -1.167379952888540906e-01
5.179652141750312744e-02 1.767054602585438339e-01
2.173248919070178697e-01 2.681412120623505313e-02
7.923276965741510303e-02 1.188713219633819040e-02
7.383665762908220298e-02 1.009612341697018190e-01
8.180691375292559187e-02 1.887797839243355869e-01
7.577883040759658684e-02 -3.917370842481876503e-01
5.901734820630977207e-02 4.744675891919221122e-01
8.015361706109658257e-02 -1.931115611161857704e-01
8.358354653741462137e-02 3.032941298831528520e-01
-3.218374116969118237e-01 2.856321133430683723e-02
-1.368808304163845468e-01 3.427530699355985089e-02
-2.529878224927489816e-01 4.392562617913886580e-02
6.414890525650362996e-02 2.175591443565779715e-01
7.843836284879335263e-02 -4.120860789954264858e-01
7.094207386747342081e-02 -1.988857970732514913e-01
6.018008256061879724e-02 -3.262414449162559515e-01
2.388924090889010809e-01 2.149836136185057089e-02
4.063557599095661832e-01 5.257303428933191025e-02
-1.323476083749259846e-01 4.298263388762979531e-02
7.945671178345548036e-02 5.673730642967078630e-02
-2.149122134830749875e-02 3.026769919011773613e-02
7.160665023353074421e-02 -2.543259354710303288e-02
6.995822079687985529e-02 4.928758049450749912e-01
6.427301603302026933e-02 2.887824945926520392e-02
5.922669915116951511e-02 4.935107047131108704e-01
3.369742295425881551e-01 3.543351366614211351e-02
2.401253708623917182e-01 3.997634080979939331e-02
6.851279269221666191e-02 -4.673398142528231158e-01
-3.949175854077539016e-01 3.210241032189420363e-02
2.555982054437162532e-01 2.592761003336752079e-02
8.880364283559227800e-02 3.242825949995586932e-02
2.194534020647695982e-01 3.223086333960345495e-02
5.704365246373510612e-02 -1.343826126849079206e-01
1.489274052859371755e-01 3.359599271807556242e-02
5.176998823179057574e-02 -4.857670427019684656e-01
3.704996060083279863e-01 3.214749606391964498e-02
8.246650466042881877e-02 -3.027634343471056200e-01
2.888061687127588817e-01 4.056132692182778943e-02
4.176628649615348188e-01 5.015162617327317829e-02
1.078936840023055899e-01 3.910449925569947638e-02
6.830455578265015593e-02 -3.374035993204460571e-02
5.489174083453696174e-02 9.750990327374031708e-02
-4.910810512972197950e-01 3.986819273509034645e-02
3.356627996027405914e-01 5.327324704808322764e-02
5.255664329271048096e-02 4.172765237798686799e-01
-4.168011216569167399e-01 4.152415563124856046e-02
7.056247684002336928e-02 1.631998618587349181e-02
5.193829160817287072e-02 -2.485082313356498096e-01
6.597313589883746499e-02 -4.737087554672325673e-01
2.777128251939965375e-01 3.403664975250642044e-02
5.431694722836721834e-02 2.841061547672933951e-01
2.205820368280341226e-01 2.348186254879980339e-02
3.365504321674218646e-01 3.437128954574553141e-02
5.414596178311625874e-02 1.306225399212183058e-01
5.705940655465435718e-02 -3.957692348816682637e-01
8.174786207645046154e-02 -3.697879637216583415e-02
7.615762403975545602e-02 -5.191581946954637594e-02
7.951033795282103078e-02 -1.165648426490580869e-01
5.755665988098557229e-02 1.172488745201129001e-01
-3.002392747391879890e-02 5.047217351836585930e-02
8.390934471817457219e-02 1.517737664524645425e-01
1.197482488422202396e-01 3.930467287948602451e-02
-2.162135151904188701e-01 3.258514055834649259e-02
1.037668646245087922e-01 5.001503835427589806e-02
5.330947651602979676e-02 -1.306495397766024302e-01
6.488761281867261310e-02 1.514688190895195907e-01
5.632043525610552770e-02 -4.281228898025780660e-01
