2.201035559831256982e-01 2.452647509668270942e-02
6.433408728414014011e-02 3.058347359504489660e-01
5.687827870337502922e-02 -4.869289731534083288e-01
-2.392997101484825029e-01 2.171057569739731630e-02
7.742903287787283872e-02 -4.953586865351711221e-01
-2.146570824371870634e-01 1.063526140250292684e-04
1.271156829808784972e-01 1.225059502951886259e-02
-2.854574298224077378e-01 2.038241048683464562e-02
3.127975056774552343e-01 1.371914054700207330e-02
-1.989314429973073617e-01 3.263298502884093288e-03
6.164083477253190502e-02 4.401181557081242923e-01
1.309465866267573997e-01 1.562180818721503606e-02
5.677937622023909725e-02 5.659640151296374544e-02
7.705157683735264218e-02 -8.576038407381025852e-02
7.849400324272426399e-02 3.092953391132297059e-01
2.147882784317041160e-01 5.301809769261867089e-03
9.056077354982083882e-02 1.706459301784812865e-02
8.625249604270845971e-02 8.077228889203924567e-03
-5.895674789240612501e-02 4.682485225609545054e-03
3.986818099093358825e-01 1.092720026813298606e-02
1.125600683798387847e-01 7.487552345137205023e-03
-4.022414775074072413e-01 1.471734437703664522e-02
5.393446138863500217e-02 4.586179105205073769e-01
7.981325861243604436e-02 3.141779749143585043e-01
7.896521511098164581e-02 2.111608801968601901e-01
-7.071958570741798678e-02 1.702195922789129234e-02
5.057564451695839569e-02 1.823335567905890464e-01
5.055297340502451497e-02 -4.693964902194412980e-01
5.777905288351514734e-02 -4.537353594725980210e-01
-3.566439472131394117e-01 1.892709890417387797e-02
9.413375821024738688e-02 1.562828241102942606e-02
7.771190762007273989e-02 -1.057066231312266957e-01
7.166507099477203990e-02 -8.255949292646003190e-02
7.227098270505294408e-02 -4.654759929156396803e-01
-3.490943336642771122e-01 4.052357292976926928e-03
7.108167547958432753e-02 4.960858832269395835e-01
7.807896814598735968e-02 -2.661098056888153707e-01
-4.414635448533157369e-01 2.797378636230629656e-02
6.839234538491123505e-02 -1.778941847693484846e-01
6.747767443633478912e-02 -1.590553457379744184e-01
5.447789436998251578e-02 3.400777539428961882e-01
-1.891557964335299769e-02 2.880586517616734454e-02
8.878279387523768662e-02 1.181352963607107398e-02
5.514469396593513206e-02 -1.678559748654362416e-01
3.557063199582302104e-01 1.321370103886787550e-02
5.940983061790483521e-02 2.985162831293178831e-01
4.865764685158180392e-02 9.526072133860596924e-02
5.432485704021927653e-02 4.574103995633715947e-01
-4.541675333142173310e-01 4.488089623085111945e-03
-7.790720745429924321e-02 1.012524727977970329e-02
5.029812606135075637e-02 3.600668823654977757e-01
-3.054929938606432138e-01 -8.473915967535106120e-04
6.815693444541637280e-02 3.664414631420671586e-01
4.840295646605372593e-01 2.107598776417074493e-02
5.082530297426335331e-02 3.300971240474903645e-03
6.761382653164305090e-02 5.712467850188818197e-02
5.033959271640875421e-02 -2.438351964048544041e-01
5.893138975650746847e-02 8.625705529080096579e-02
2.482170928141028687e-01 2.679058599111017180e-02
4.775014932920940147e-02 3.248425741720221138e-01
3.818504797488719849e-02 7.644321197216141783e-03
6.346758328839308128e-02 3.414304846267609550e-01
7.222376151779763553e-02 -4.772502224922854364e-01
8.017906183971923451e-02 4.644512989605009690e-01
-1.341874960009401541e-01 1.027110457385205233e-02
3.359979316006251882e-01 1.762680522823401041e-02
-2.405544101557087755e-01 -7.861748108844990313e-04
4.829750724806889384e-01 2.032031222250041402e-03
6.380946311842572438e-02 4.720679117187777107e-01
7.015804095404332141e-02 3.798380622655139760e-03
-2.043099054588116692e-01 6.261309728153086063e-03
-8.427426199347487490e-02 1.026934461923389996e-02
-3.485810587763018553e-01 2.463535397832616880e-02
-5.023527481559375563e-02 1.959377889162583486e-02
5.325513427513828280e-02 -1.754986856693550035e-01
7.245903113446416910e-02 7.628942084047629635e-03
5.297355619889621003e-02 2.736729815675181809e-01
4.537489658200906106e-01 2.473031384604507110e-02
2.390646513970702269e-01 1.063611119116236736e-02
5.559783348285263216e-02 -3.353306600746841504e-02
5.938814608663089967e-02 8.658937942073019478e-02
-1.208025134864142425e-01 2.060865852399851317e-02
8.085805999030393210e-02 -1.944863361384203682e-01
7.770487719715080122e-02 -1.722167922455196676e-01
7.613905839265133757e-02 2.573765094875070103e-01
7.254549069070559408e-02 2.577500936752391558e-01
7.458474173869245050e-02 -9.070398840528559603e-02
3.834434253739428256e-01 6.107311638367418638e-03
1.441745747486637974e-01 1.426685624204748759e-02
2.227990596149717062e-01 3.330610990050941744e-03
8.088941118412840137e-02 3.618438864728407145e-01
2.862299719546415044e-01 1.441637159059661055e-02
5.461851876631440561e-02 2.073647126112221351e-02
3.663608688676568415e-01 2.177052171303894834e-02
-3.575374148057666179e-01 2.454775918674745316e-02
5.383537950497463420e-02 -2.375751485512586081e-01
5.604334740521843550e-02 1.311877812615080963e-01
7.518074236641214547e-02 1.287466953115274926e-01
4.353309388506393374e-01 2.018281239304808850e-03
7.280461333050136652e-02 -2.849999912560907678e-01
-4.918857077637058817e-01 1.248979945116146517e-02
7.313955002677330341e-02 -8.795354965554214033e-02
1.850323690914607022e-01 1.908378641840469125e-02
6.843352234241573129e-02 2.815726607667680126e-01
1.091759822747998543e-01 3.741207747354757807e-03
7.485185672964278503e-02 6.779680737852300521e-02
4.843109757762198431e-02 -3.060995337259359017e-01
-3.976724378690218442e-01 2.283574056153336862e-02
6.835858121140969690e-02 4.988902014198092205e-01
3.358128809521617741e-01 5.749062514566527504e-03
-1.217739438489047199e-01 4.653419283071391632e-03
-2.813439312213676935e-01 9.907266270128278762e-04
6.478029326014822509e-02 4.515863178889013563e-01
-4.122602892861596535e-01 4.175380707287956739e-03
4.838423048247508795e-02 -3.178004828165419404e-01
4.121468140227191324e-01 9.497517144529288302e-03
6.612068848808672072e-02 -2.325064680164983244e-01
1.985154067369762076e-01 3.344126282207926515e-03
7.485371976596100208e-02 -1.133822164497536589e-01
6.656464550121898860e-02 -6.338963269771791254e-03
6.314894522256664366e-02 -3.600535429234027474e-01
6.637270806883732721e-02 -4.144223804615537743e-01
2.662252360466959011e-01 1.871091140022951294e-02
6.099996609516444845e-02 3.949429026326555237e-01
7.548188363625984998e-02 1.395808775759910247e-02
-1.918486733446707060e-01 4.925213451137500087e-03
7.703071819040963053e-02 -1.172793416679994705e-01
3.777548616742449905e-01 1.617855889934793900e-02
1.987293883413387974e-01 2.455754025494605308e-02
4.675479785956613288e-01 1.600697027776643022e-02
5.763896819815994554e-02 7.095206011917132294e-02
7.982248198077523949e-02 -2.291492429554220500e-01
7.627798165368770977e-02 4.585818854135128575e-01
6.916840207239449700e-02 -3.503327820650838920e-01
8.091357827630785149e-02 3.864096529589325923e-01
1.863224737468027747e-02 1.470463474791516845e-03
6.608338064769825326e-02 6.760751009921095456e-02
7.806918489848468923e-02 1.570064697009093679e-01
3.486790847417764461e-03 6.133562888772647881e-03
4.973109712568002383e-02 -8.214432585507869256e-02
1.667821400924813791e-01 1.308070464190769222e-02
-3.462587354957850083e-01 1.932010920801086051e-03
6.303817685974999474e-02 -4.883691964946323960e-02
-2.809560001077290314e-01 2.308117389430930366e-03
5.483490178790251246e-02 -8.299701663768155324e-02
2.093864277763679560e-02 -1.055311298825967192e-03
2.498922978496033176e-01 -1.392054956791399789e-04
5.370369618743076057e-02 9.950652175434959723e-02
4.937232663711033087e-02 6.532894049129378544e-03
7.426076013326099456e-02 3.187357730076677553e-01
7.495577829486121946e-02 -2.145162161036824333e-01
9.678413563223520200e-03 7.889056984071496359e-03
3.728353017918424328e-01 2.027354428812166987e-02
6.087912679217843959e-02 -9.123905965623457792e-02
4.155704275018512472e-02 1.807481799268417788e-02
9.064051446651555377e-02 1.918714747822936051e-02
2.877413419838784625e-01 1.983816932106996500e-02
7.914856659279057016e-02 -9.748453389842681727e-02
1.045199278743709215e-01 1.088082232986198328e-02
6.026939100250983117e-02 1.095496592826324944e-01
5.256247402103364497e-02 -1.342881907934153629e-01
7.980574386963112943e-02 -2.367407365689219167e-01
8.058543656671468547e-02 8.363196935995520498e-03
6.796768658318219636e-02 -9.542633723553994862e-02
5.890238911699319235e-02 2.762372323309861821e-01
2.915256445916615258e-01 1.678622998465451044e-02
6.460747710807968058e-02 -1.876057593124249578e-01
4.644819737032100937e-01 2.029108190820239077e-02
4.760784655380478902e-01 1.816685456248678943e-02
-1.392747045967156483e-01 1.813533339757789076e-02
-2.206219279991039617e-01 1.569574639646920122e-02
7.150592589694315659e-02 -3.361292877924844102e-01
6.159659013273954820e-02 -1.874394108632599920e-01
6.884407433710837410e-02 2.573851791219506913e-01
6.564845830981680397e-02 4.298006281621253866e-01
2.511163753168400570e-01 2.672526393192298233e-02
5.049649488567475863e-02 -3.314804639719229895e-01
5.580570460067413308e-02 1.671017026359278290e-01
3.776745053746335401e-01 1.939456406289152834e-02
8.064441257022292309e-02 -4.479220834615936786e-01
5.625652593044117022e-02 -3.227383577131412995e-01
5.737317654111506737e-02 -1.241374210129206901e-01
7.326754593726458875e-02 -1.538893213991738840e-01
-8.584996633537522737e-02 3.984003227670784852e-03
7.780238595844646277e-02 -5.540769434508696634e-02
7.374289653414023427e-02 2.152185872038145931e-01
5.973531827542866157e-02 -1.578151551405611031e-01
6.508659136246419674e-02 4.193826823313845376e-01
-2.606299564056506757e-01 8.568914250914660968e-03
7.553231580859909311e-02 -4.837521111527278705e-01
-1.718636866665360641e-01 1.654719142922955744e-02
7.077297044854202746e-02 -3.850744894174371602e-01
2.332124036352190011e-01 9.666745368975715458e-03
7.584125061788549171e-02 8.749769029933540665e-02
4.064199904826191201e-01 1.213772539588076071e-02
1.003128269528767991e-01 2.431408085851771705e-02
-1.464427548718006955e-01 2.535530672916774808e-02
-4.995384061927740094e-01 2.196931974096483220e-02
-4.510381862187395896e-01 1.966546615010134058e-02
5.821630266733446302e-02 1.820756136578669526e-01
4.974719948469263908e-02 -4.169865768554903429e-01
4.429572597763606900e-01 -3.919734023094534336e-05
7.783092902896981968e-02 -2.705595631957468106e-01
5.219635383014409324e-02 -2.709925971229449893e-01
5.816161186846224851e-02 3.987226213327812463e-01
-4.717061151466541702e-01 5.394530672605757360e-03
2.670479482090530876e-01 7.632688178368485232e-03
6.723106212495333356e-02 -1.912468636171346104e-01
4.861116567218159989e-02 -3.766988987228554464e-01
4.693484814525950011e-02 -2.361561288621859545e-01
1.682568048701048591e-01 1.739558693223020036e-02
-9.355514592608860092e-02 9.321075526186439753e-03
5.728001790382974967e-02 2.189870764604239239e-01
-3.965490600436341051e-01 1.656363393641258064e-02
6.368189877600161086e-02 4.868908450426062684e-01
-4.600104172149822590e-01 9.946713228306869325e-03
6.501081322989643585e-02 -2.134351517643174878e-01
8.032068315083185084e-02 1.982485540751273145e-01
6.954118501030293054e-02 -1.756280371431371279e-01
-3.809636437134056308e-03 1.304672459309419441e-02
7.112619810517184504e-02 1.506297333346582334e-01
7.182821938002681428e-02 4.968664476942552533e-03
3.716865602698803395e-01 1.013613857804607221e-02
4.752313334920067467e-01 2.777651483394827370e-02
7.977314968387205774e-02 -8.868724619736367831e-02
5.423342435526912197e-02 -2.824183203473429327e-01
-2.811805774980007389e-01 7.800840170834044685e-03
2.766723492795757355e-01 2.701388612219424168e-02
5.298034089518632861e-02 3.355057833110137722e-01
5.152722566972645080e-02 -3.008438512696502976e-01
7.423863000564101533e-02 2.819751949323384688e-01
1.906903915576825259e-01 1.356665131757195386e-02
4.305802009813836095e-01 2.502846779213474537e-02
-4.685996071680578190e-01 2.447215632542021346e-02
2.774086728665342561e-01 2.684194146188223495e-02
6.621471199822070997e-02 -1.171622459661602056e-01
4.931933443352443103e-02 1.880716601888478001e-01
6.645569838286180531e-02 3.464361471129989711e-01
6.197043806679780609e-02 1.353105855177583194e-01
4.843480481164263995e-02 1.464284190494598015e-01
6.138293799006355744e-02 1.150039668237863300e-01
7.502706985248031035e-02 4.795426684094338254e-01
6.425456024897124863e-02 4.964950344110437008e-01
5.462564802572744682e-02 6.772164479493814060e-02
-1.766236145651337575e-01 2.795088753169983065e-02
4.598297478525666948e-01 2.541921032550709114e-02
-6.283118930727538132e-02 2.883884560423177756e-02
5.206259240733646099e-02 -1.170918543560696135e-01
-5.802370749612328904e-02 3.229455247609647195e-03
5.890953148910549331e-02 -9.001789687709638166e-02
7.242665184946572854e-02 -6.733866225271822881e-02
3.937040828732382147e-01 5.864238110422470562e-03
3.961588790480287114e-01 1.422745634713029617e-02
4.506876872068893425e-01 1.224355476430361023e-02
5.348405854533544446e-02 -1.751766977375306400e-01
-2.653340536522593718e-01 1.705868320833803242e-02
7.772611488908187649e-02 9.064423256399500861e-02
4.147876882641190477e-01 7.597731981224931097e-03
5.802419836500138928e-02 2.359351271683574058e-02
6.974584795888860711e-02 -3.262959307990568325e-01
7.847027648167881342e-02 -4.088817434705122045e-01
5.960202789064172890e-02 2.080769747164435968e-01
-1.686566120491173049e-01 2.220753093143745804e-02
5.059965397165022694e-04 1.134651927993635123e-02
5.193822936156866632e-02 4.686684468757631450e-01
3.321699832553272058e-01 2.783201299450777100e-02
-4.536275154526431264e-01 2.438245458777243968e-02
8.010650151004383712e-02 -1.924270006991630755e-01
7.304356060438765841e-02 3.533108020249013936e-01
1.393729127430595183e-01 3.810137039025551786e-03
-9.524775639814153649e-02 4.347075705722902583e-03
4.625701700746047695e-01 4.704036514608933572e-04
-3.698387325343361898e-01 2.551730023478537834e-02
3.615643356263098518e-02 1.023078747375805175e-02
-3.765738328723400308e-02 1.445776242683138868e-02
6.266624227254635748e-02 6.420278545422597460e-02
5.354441429117373641e-02 -9.569022211741928796e-02
-1.997650320287939207e-01 2.162994343664448316e-02
6.793490300521021208e-02 -2.917581423601766089e-01
1.484270962294710339e-01 5.402675977023707610e-03
7.542082730713561833e-02 1.054941760410690321e-01
8.024152792094585429e-02 -3.168831907636381340e-01
-4.269408664820635302e-01 6.358092303302420589e-04
5.012556389855393757e-02 3.855979996293291689e-01
-6.508305562412242118e-02 1.098450978923748433e-02
5.241816600782112090e-02 4.228664007672189307e-02
7.567631898437909843e-02 -1.044144141372508328e-01
6.928729324201721163e-02 4.684774576259589374e-01
-1.123538559864379893e-01 1.604513502850757334e-02
6.509093067079951833e-02 3.894814727283723022e-01
1.887801836325597726e-01 1.642977620256580451e-02
3.695831983018134093e-01 6.987026633830994982e-03
6.410586620848668371e-02 -2.730818579854923378e-01
-4.111147296175623467e-01 2.117370893529246789e-02
4.939991955450695471e-02 1.808813342827175763e-01
1.206565155955179325e-01 2.405226317525710478e-03
6.866281729226875186e-02 -2.320372161938862865e-01
7.889894368419636539e-02 3.573855498993021573e-01
6.530986917475722908e-02 1.630365590180553603e-01
1.662132392882206267e-01 2.429948473656218244e-02
-9.905040869905024081e-02 1.362750880991103752e-02
5.859913439504327304e-02 3.040480394896720728e-01
-3.127495657324729228e-01 5.105951258988716823e-03
8.047146662731674560e-02 1.747250919015143067e-01
7.727274622423152550e-02 -5.982583877247782400e-02
-1.007316587709075062e-01 2.771667782092990251e-02
