-2.339973892837385883e-01 2.386574087291348789e-02
1.051966315329108115e-01 3.544435197426754058e-03
-4.363256789053937545e-02 1.469398986235159743e-02
-2.649046191316162258e-02 2.075241801608396219e-02
6.437618686917279121e-02 -3.018397873932265885e-01
2.404192678527113936e-01 1.876076797544845576e-02
3.416963143972530093e-01 1.957399915822555236e-02
-1.494964371648651591e-01 1.313246301989934306e-02
-1.036571187716028852e-02 1.574089464277483863e-02
2.038836755462090089e-01 1.501173921926879373e-02
3.593734105230477205e-01 1.329791643799282941e-02
4.922218259917110483e-02 4.995331520221912847e-03
3.632472545999702040e-01 6.823295078775548639e-03
-1.095974037718926430e-01 6.935918672225427350e-03
5.074487566488528056e-02 -1.407361482338319592e-01
3.300828742247062797e-01 1.582958573224435561e-02
2.556730465962027132e-01 2.284826659508798485e-03
-1.452489165572168339e-03 1.945562555874058575e-02
4.977673593771481109e-02 -3.931889939812889256e-01
-1.741474543420652443e-01 1.535500910595066770e-02
6.582539594173342223e-02 2.744170820444460368e-01
-7.110891132685903671e-02 1.183399184653266545e-03
7.693294946881013008e-02 4.139327934719500002e-01
7.175647782301208810e-02 -4.302338975003712207e-01
4.244052043231799631e-01 2.119845448807722299e-02
-2.932976120690722333e-01 1.460780116489501790e-02
1.548524062679275115e-01 9.612157221700168286e-03
7.109034859531504491e-02 3.752657007444863968e-01
4.807768567623404987e-02 -1.170174665736356534e-02
7.924838237869857860e-02 8.630494851570524872e-03
-1.445130207242069087e-01 1.980291912515041997e-02
6.938801756193802017e-02 -1.455943275979451057e-01
4.668449824176845731e-01 2.266443031917753093e-02
7.656850689771188545e-02 3.120888941184756238e-01
4.877241516365699026e-01 2.198449600438023843e-03
5.214174404590221634e-02 1.051678495275514269e-01
6.838406021953691294e-02 3.870209301143866520e-01
-4.137095470903001670e-01 2.337894936032536286e-02
6.640217895715450069e-02 -3.493506372985555331e-02
-5.842358403180814008e-03 4.669128518619558577e-05
6.928562511053570905e-02 -4.688314268078175306e-02
1.089132850387266593e-01 2.127156914545569322e-03
6.620589427891332424e-02 -1.088936433066709508e-01
-3.994656901715669672e-01 1.622301527246716724e-02
4.619326065749718158e-02 3.921905656265686213e-01
2.034099190308988891e-01 5.889285397881471873e-03
7.541689708155330241e-02 -3.788494492081552201e-01
4.339915683744178798e-01 8.089528983414417951e-03
-4.368942403803338648e-01 1.763410490613248616e-02
7.959704529139077778e-02 -4.950538868711684692e-02
-1.716105382006603008e-01 2.505086108826382052e-02
7.902995120917288840e-02 4.371432774456766035e-01
1.391555891496676356e-02 1.237642548442829948e-02
6.147720487424779279e-02 -2.516911111806751089e-01
2.696400494683817151e-01 2.442383716488738532e-02
-1.358637914055992324e-01 2.362296920264150835e-02
5.779891051883490061e-02 6.730412214831160700e-02
6.290310251053787827e-02 3.859880146914488330e-01
5.595212374251112841e-02 -1.891538719231538046e-01
5.260661955935785894e-02 -4.803772215431393322e-01
6.364858706278808675e-02 3.933121605672175169e-01
7.362707073877072794e-02 1.562728944975999568e-04
1.614035363258623512e-01 1.149281612788366491e-02
4.736282215901754800e-02 -2.309800338232026462e-03
5.048422752633696664e-02 -2.163044959541998713e-01
7.314381421793791915e-02 -4.127648772965394341e-01
4.164408714275691370e-02 2.067328749572483471e-02
8.938841821880283423e-02 6.478510215501165348e-03
6.900531849814217633e-02 -2.541704034348022390e-01
-3.869498898526607666e-01 4.687795581125198119e-03
7.814544742102436103e-02 -3.903074169481850486e-01
1.627525380742503858e-01 1.297916925386088938e-02
6.102196227746181645e-02 7.105746323167028144e-02
4.273473038291064618e-03 1.547634322107549476e-02
5.652966177798379732e-02 4.332977508644724196e-01
7.133425334442689003e-02 2.328522869513620641e-01
7.049284616041062712e-02 -2.665983391181141471e-01
4.585338869112454141e-02 -4.190239082943096882e-01
3.842770171089264775e-01 2.536324613854878951e-02
1.276872803204273099e-01 1.114916977703728218e-02
4.814221831921229322e-01 1.074483799014758212e-03
6.242945603391769627e-02 -9.742023882982608907e-02
6.863716105782868837e-02 1.794205375594132290e-01
-1.454736885513501221e-01 2.858904612886470353e-02
5.363358108860827311e-02 3.315626703708859369e-01
-2.170460564583021057e-02 2.569749245014030237e-02
7.930645642460654177e-02 3.931032463976628089e-01
5.663416309178759267e-02 1.466253534600103769e-02
6.374694857098961442e-02 4.352704934650366564e-01
7.855224501672408710e-02 4.670309256825658784e-01
6.044630537189588093e-02 -2.974961034441221397e-01
6.001027964057648045e-02 2.306366776136697938e-01
7.643542646753365144e-02 -5.337025447919685472e-02
4.759647436098992657e-01 1.363578377424323751e-02
4.827880824509622748e-02 3.751679108971126553e-01
6.756702016670967925e-02 -1.685351868278195386e-01
-2.537112318464335159e-01 1.351352163850849664e-02
7.550217164017181126e-02 -3.144454655257049591e-01
-2.425900962287134144e-01 2.701318281409026412e-02
1.519270868665260066e-01 2.059983411269206144e-02
-2.456512002877422329e-01 1.155349180868747716e-02
-1.731315062706906271e-01 2.430494790355741674e-02
5.947320954866497367e-02 -2.457950521041588621e-01
-2.214528404149856966e-01 2.851540657435669424e-02
1.961096745820956055e-02 1.155869618377891594e-02
1.600838661162703458e-01 6.051372928667975160e-03
6.745733213928450933e-02 1.313466930663201859e-01
-1.941230526418130653e-01 9.259748541215029327e-03
7.803867363782190925e-02 4.345178471185850988e-01
-4.680328372134331394e-01 2.036549221783867658e-02
-1.210777276246367551e-01 2.450776032606138966e-02
8.370099415312304281e-02 2.427013824310386703e-02
3.433918199499682578e-01 1.329366161518408251e-02
7.444241264963613602e-02 1.227027898199313238e-01
5.824850405295900480e-02 2.717521501549567953e-01
2.982439346209289077e-01 2.442301280570891020e-02
4.137852419680376759e-02 2.896817290517628152e-02
8.088585046954732682e-02 -1.897603127854338156e-01
-1.589864807114963474e-01 2.453518501740303837e-02
1.400174695213046716e-01 1.429790166633448933e-02
6.406263354769192730e-02 9.723693630701024659e-03
6.712214032008823050e-02 -2.105232582236163941e-01
-1.517989375696121579e-01 2.452344628392155723e-02
-5.761683741994183539e-02 5.190097393805714887e-04
6.716281211690733333e-02 4.322475698738735828e-01
2.687840618927139769e-02 1.424400194816521914e-02
1.303095612978791840e-01 1.061336191074180313e-02
5.684064228259988472e-02 3.292766760685699179e-01
5.606558749420353926e-02 -2.948300969353193635e-01
5.002314953042152901e-02 -2.814334534692646272e-01
6.090269631673306261e-02 1.666659334270063075e-01
-4.719838794393835801e-01 7.254940745998750273e-03
4.566326142387064912e-01 1.955751047717524393e-02
7.572808402443576004e-02 4.394362872730278591e-01
6.746155249064100801e-02 -1.099029308638789226e-01
7.680952574015909029e-02 2.043394405140191994e-01
3.642704452143830096e-02 1.650719233968922506e-02
1.090590682626066954e-01 2.202090947125068254e-02
4.668414334711934455e-02 1.092229246361389183e-01
5.339712904334437127e-02 -3.212651848770742280e-02
-2.021689955456202892e-01 2.987757803663670941e-02
-3.598477669949988744e-01 1.163989424459177524e-02
-4.425055433692075546e-01 6.025254232680965494e-03
4.979215136809467257e-02 -4.366469452650689753e-02
-3.151363770507252804e-01 5.890415282719163592e-03
7.722593670006883126e-02 -3.994849351593183773e-01
-4.738980111275470364e-01 1.293943183523138529e-02
7.940987972464819133e-02 -4.255728080265249735e-01
5.062170387695086315e-02 -3.563276408047297839e-01
-1.425690724470007886e-02 7.443517513640807159e-03
4.611668900837487817e-01 1.230686703323036202e-02
-3.570980522589203288e-01 1.709307722676445263e-02
-2.742732744452780480e-02 2.796579926624565005e-02
6.794691220005744103e-02 -2.923277009208402610e-02
5.371191804171160378e-02 -3.649697235331050837e-02
4.467515031937934200e-01 3.649960475960445372e-03
6.023716259406952656e-02 4.989227905573353494e-01
5.330323446307960733e-02 -3.871333738898387056e-01
-2.366431002076779810e-01 9.039690291676283351e-03
2.990257089421299863e-02 1.376936409464657451e-02
4.855843772941316194e-01 2.871475422773805963e-02
6.978195329363001687e-02 -3.714766396442491514e-01
7.360194458910651605e-02 2.579056966710124854e-01
5.241948517093641957e-02 4.279797307378577775e-01
-4.077908486904082697e-01 2.172652561233845425e-02
5.377938964870943028e-02 4.183180839536615458e-03
7.090820476979831088e-02 8.731920337253451514e-02
5.214416004434097029e-02 -2.750634859342524496e-01
5.254871606204991608e-02 -3.113850365347157201e-01
5.789415197282443692e-02 3.885864906125079399e-01
7.084450970382283330e-02 1.968649072701410541e-01
-4.427049379802693307e-01 2.607998703992842060e-02
4.731908967011411171e-02 -1.789102696467960163e-01
-2.823083134332230459e-01 4.562163105143124398e-03
-1.152725041083364488e-01 2.456254081836617420e-02
6.912252293653964319e-02 3.137806613581889392e-01
-2.611511374065071944e-01 5.664781492955683895e-03
2.613304930631341616e-01 1.889866609441648304e-02
-3.556187819813434459e-01 1.599924197944591064e-02
-1.760489421456975512e-01 1.371917124411170530e-02
8.040862002203552628e-02 3.678410229753747984e-02
6.581235442709854055e-02 -4.694322552753230626e-01
6.834260170195793904e-02 -1.066469426443317214e-02
7.925867532164676543e-02 1.681564745572199371e-01
2.094899884979271043e-01 1.483873307036054356e-02
3.296182501671565124e-01 4.294276533656438133e-03
5.522465952379618237e-02 -1.914904958655699874e-01
6.363113306660406199e-02 7.070141199972368451e-02
5.399510951480313015e-02 -2.745773581503623273e-01
-3.060111609150728551e-02 1.384797004050863922e-02
8.792393101088524787e-02 1.489677360216878910e-04
6.783198749001262406e-02 -2.807364047481653024e-02
8.096880771641512542e-02 3.548131427000856819e-01
3.552306248097335528e-01 1.423048897062584306e-02
4.942479073992245286e-02 -1.097835942097349360e-01
1.598635336448407385e-01 1.883381642251136245e-02
5.918650421284943342e-02 -1.521972884106715940e-01
7.705490113725199652e-02 -2.957598345089458292e-01
4.618866382189512620e-02 3.913031963564044258e-01
7.410685120859916708e-02 2.347165965058013448e-01
-4.816394341965307691e-01 1.147448520296356911e-03
-2.872307746706548315e-03 1.963215265425666267e-02
6.404303003281119899e-02 -1.694280293237314661e-01
7.054960409314592340e-02 -1.935732722440757225e-01
5.497204523181675739e-02 5.156014396492258900e-02
6.698937673749072452e-02 -1.213809387465528689e-01
3.809923447303331656e-02 7.837983008473492497e-03
3.934182763068422295e-01 1.540160300435666763e-02
7.204050869138478586e-02 3.905859012990330337e-01
1.675882977119065309e-01 4.671857507897447803e-04
6.421367948912670709e-02 -4.893051082326771439e-02
5.009788686986194062e-02 4.842209200681788506e-01
6.549312563432796441e-02 -5.739923620223108536e-02
5.018191241076519482e-02 3.195743962864424637e-01
5.459449707642993754e-02 5.523633742643796474e-02
-3.686560507323640712e-01 1.056923983067004080e-02
-3.096366166294155509e-01 5.600527365827057125e-03
-2.263281208896289476e-01 1.270233815793053722e-03
-4.246677892068356774e-01 1.003022469464198707e-02
-4.189160285164789110e-01 1.941974947664382167e-02
3.733640559005602100e-02 1.227936591737832650e-02
7.878848267721316745e-02 4.533082692103850286e-01
-1.564238235669476174e-01 1.819850570918291055e-02
6.549883734188355344e-02 3.897996558806706702e-01
1.095894054081305580e-01 1.825015341535674018e-02
-4.218133863709987441e-01 2.661308986144139688e-03
6.054006598476369128e-02 3.215559248842789764e-01
4.715842387967361660e-02 4.805715055907495703e-01
1.376206645210621415e-01 3.002022204215748502e-03
-2.499685034006673412e-01 1.752805022791159573e-02
6.438023950051885436e-02 -3.998481442038817057e-01
4.961859669849078003e-02 2.885125450994733276e-01
6.765656203482917075e-02 2.790695746080003037e-01
2.892720363032172948e-01 1.458907155117461496e-02
-3.751017366014085530e-01 2.548976139719971723e-02
2.513587208166283560e-01 2.458280651031929942e-02
4.817465047963520597e-02 1.139567209262243308e-01
7.468998473294385931e-02 -4.965341067682882414e-01
-2.632648114856190880e-01 1.847423794336311431e-02
7.814657805358660170e-02 -2.630003816957859897e-02
5.897956350241062573e-02 1.136043106191906293e-01
4.313778758934482260e-01 5.448050539991200480e-03
-3.468433268295384453e-01 2.206348739423336092e-02
5.381551347683066755e-02 -3.594811301879008436e-02
7.795725583691470728e-02 9.476658383679281705e-03
6.351560887799190258e-02 9.609914537412578284e-02
7.107442917552520001e-02 8.160291615905079787e-02
5.457668324678288663e-02 -8.444324354795018639e-02
-3.639066519631019014e-01 2.362456574915638985e-02
4.975714448270440737e-02 3.039809555046159018e-01
5.471731868740703497e-02 3.578692934162679418e-01
7.977476931657212500e-02 -2.021499178783202622e-01
6.845458027192308226e-02 -1.883889995949963314e-01
5.043641344589422371e-02 -2.241923051221799135e-01
3.369588387413726682e-01 7.009713552889595967e-03
5.431053875957392307e-02 4.478664432461542111e-01
-2.862533710261415676e-01 5.739544989313616341e-03
7.715253597221338744e-02 -1.019724500500700515e-01
6.774559791502510198e-02 -3.165058861359038023e-01
-4.860923275097959184e-01 2.899517699528364467e-02
3.034623910599232310e-02 1.792393735591857329e-02
5.536854689267012297e-02 -1.914141885293622058e-01
5.340374503059575062e-02 -4.701998334914169186e-01
-2.687842653826073569e-01 1.809963737795505789e-02
-4.868756382524156434e-01 2.361966390015934891e-02
4.598250072309506553e-02 -3.522568361167821571e-02
5.502739417799107358e-02 -1.364546571172472467e-01
-4.872381725237584504e-01 1.005417814868869719e-02
-1.180798390119649488e-01 7.694131821413097150e-03
6.119395498184265758e-02 -2.656759992067228016e-01
5.364867827515640286e-02 4.013928453809983976e-01
-3.582357548298100713e-01 2.834466727445295042e-02
1.964505796291664552e-01 2.246076939052987775e-03
-3.095327934337448461e-01 7.861758005381913605e-04
-1.105141506417658404e-01 7.831975542120783729e-04
7.600647582824870963e-02 -1.696017188787202201e-03
-2.284183863736000131e-01 2.863727982526542704e-02
-1.149454312043381998e-01 2.596755509320702870e-03
6.643701612339714124e-02 3.927891165885003533e-01
1.711190849257174795e-01 1.055997888510595839e-02
-1.364710152033657975e-01 1.492434131933906283e-02
-3.578119325462838507e-01 6.597942375518028868e-04
6.658767205718163495e-02 4.436383433104140739e-01
4.312534907398619666e-01 1.069437970083586542e-02
3.132590642582089302e-03 6.237947043233105227e-03
5.255207301006381559e-02 -1.972005474257796376e-01
4.878962524285124225e-02 4.374215927888038813e-01
-2.500803831556900336e-01 2.032339933440918678e-02
3.417547175507730239e-01 1.107940309532351453e-02
5.093005520277160691e-02 -5.963615556345691626e-02
-4.843528588666418111e-01 1.292774582139510908e-02
6.743216416437058935e-02 1.267779881819007803e-01
7.678321017678246818e-02 -3.541351987862422224e-01
6.159387878750144374e-02 2.871563969089793167e-01
2.635450063287267941e-01 2.680111469695711790e-03
-3.690674412410078764e-01 8.170891348074693639e-03
6.673760671479922468e-02 1.005494728778328906e-01
-2.453784625394761498e-01 1.399008727376138683e-02
4.556669923674453448e-01 2.038608791679508148e-02
5.778542826396304566e-02 -3.402754231898856840e-01
6.367489986631724719e-02 4.328534237158710996e-01
5.625175391847125894e-02 2.505762989355839743e-01
-1.685224736228181364e-01 1.384141248931303192e-02
7.366643110592407950e-02 2.464135714397668320e-01
7.810921281115990045e-02 3.082896547990170433e-01
7.869679560353604053e-02 -3.870670712900612376e-01
