4.801122258926825426e-01 1.320750859734263205e-01
-4.557634225161422137e-03 1.444277918484305756e-01
-3.236233332877236357e-01 1.449522052222289581e-01
4.050568205830470392e-01 1.456874553613590750e-01
-3.503863023818205580e-01 1.490837864870808716e-01
3.746374663892976242e-01 1.767413152697684398e-01
8.073418790535324963e-02 4.064436986675878938e-02
9.366350514612020728e-02 -1.855661593796426034e-01
6.965065777603585140e-02 4.406781250469151701e-01
4.626240473241117757e-01 1.271475349433385249e-01
-3.608369308135721543e-01 1.459743753796988175e-01
-1.527200431797294256e-01 1.277386539621727657e-01
8.406940205875212957e-02 1.550332225282359255e-01
-2.964254037783209395e-01 1.439686274962060919e-01
4.944199514376718119e-01 1.682608463714108105e-01
9.539182751731500876e-02 -5.558377507564049580e-02
3.307193245377771929e-01 1.292407191639571851e-01
7.011246877290067125e-02 8.908734241248661423e-02
-8.810334454744428445e-02 1.304771805451894195e-01
1.721888172209936618e-01 1.658617174351175727e-01
-4.183465106992337867e-01 1.563232801493327218e-01
-9.352517002619387121e-02 1.763242834303234696e-01
-3.865834329478191611e-01 1.320163707291678312e-01
6.815861365489583878e-02 1.776486326806303584e-01
-5.412557820570151890e-02 1.587631226730333855e-01
-4.190759856908191638e-01 1.521836088068844184e-01
-3.554594167056797094e-01 1.526501912272975048e-01
-3.458977753337454386e-01 1.485400634664043595e-01
8.091566042153319760e-02 -3.518412641967612053e-01
9.708320938722514448e-02 7.197381762595778110e-02
1.721359517098378644e-01 1.589728114126646163e-01
1.882971999611522396e-01 1.459675603914164510e-01
7.752208122069814689e-02 1.219141824007585750e-02
-4.988869692558779434e-01 1.507736558848962183e-01
8.255049591499818984e-02 -2.571658889899588463e-01
8.744065584159221860e-02 2.609864053253416749e-01
4.882834621113478768e-01 1.530900470581786355e-01
-3.398432513427394053e-01 1.781331075095314853e-01
8.283568145947450834e-02 1.588791865504320944e-01
1.095287305898695607e-03 1.685589829813656237e-01
-3.095025180732827730e-01 1.283908582322536018e-01
-4.653622643696818661e-01 1.363283649630941952e-01
-4.166882690018859359e-01 1.276202087069404634e-01
1.049363702820628186e-01 -3.957879623873495900e-01
-4.194750321866685949e-01 1.350882398491765057e-01
-1.780500800450721677e-01 1.447249029162499534e-01
8.876753620599919792e-02 2.144744832631794162e-01
3.920937599774154680e-02 1.469595066845345022e-01
9.714212692448453978e-02 -2.716313784110004903e-01
1.075122015851739388e-01 -3.225352868141482254e-01
9.023595525828587149e-02 -2.131725223286293769e-01
-9.578175034242097929e-02 1.747004038840617168e-01
6.938415670868403051e-02 -1.084737563650615133e-01
-2.877554838452739405e-01 1.446556234966905885e-01
-4.508821649793277597e-01 1.656967849467680942e-01
7.144308438722091203e-02 1.349509685548244686e-02
1.078866338692779925e-01 -2.253699600934676583e-01
-7.966958704739812713e-02 1.362806079192840913e-01
-4.971002674651593400e-01 1.680377786598887813e-01
6.556465681250267519e-02 1.495408295616773575e-01
7.830015104062248987e-02 -1.521576264512769505e-01
-1.387221607366894149e-01 1.303244693165099832e-01
7.646862828536638013e-02 -3.293280133004135024e-01
-4.984674238167251525e-01 1.496832516568457061e-01
9.701521306794669286e-02 3.523947673785154944e-01
-3.612306733006319659e-01 1.299480083133464081e-01
1.430273763985928648e-01 1.516946334709132760e-01
9.085170065349590374e-02 -3.918767379662230210e-01
-2.442458847273990541e-01 1.438875213412164067e-01
7.106519294313995427e-02 -3.819620760204028853e-01
1.001077082457892953e-01 2.702049065569475106e-01
-9.986343681089415725e-03 1.332528565484712990e-01
7.248348557822836824e-02 -4.274196374319583214e-01
7.953918248966096449e-02 4.938558311737338835e-01
-1.805108816472830169e-01 1.774929437939387622e-01
8.441529117731805254e-02 1.516252840728378182e-01
4.729012925857475347e-01 1.338837984889957866e-01
8.895414874430962460e-02 -3.255490435909597080e-01
4.143438984359093524e-01 1.447340510790544599e-01
-9.305175102470986115e-02 1.401281749259131182e-01
4.129937725390574466e-01 1.384504283370635580e-01
9.450953221170854679e-02 -1.703903372713643227e-01
4.617316069633391473e-01 1.699865011052104080e-01
-3.230888636871744879e-01 1.261601592866372634e-01
7.997140648348577407e-02 -2.856935626143418672e-01
2.774540860638330386e-01 1.720391427549706753e-01
8.732960409592271933e-02 -6.907921768272451413e-02
9.940023398688957457e-02 -2.937355645838389817e-01
-4.489581677092914225e-01 1.706865533934591728e-01
3.992366840897728641e-01 1.293829959902271787e-01
8.582708479986911332e-02 -4.094480103799895687e-01
-3.220098552416528204e-01 1.749757871591889336e-01
1.009888275861471341e-01 -3.865467641837040391e-01
1.620300406284924666e-01 1.447052899471336085e-01
-3.119260015333056302e-01 1.522909995089367641e-01
1.861603868271300977e-01 1.537660943655911883e-01
2.711675776436548446e-01 1.415897064480990952e-01
-3.097650894263551669e-01 1.393286143946764755e-01
9.979011097140622066e-02 1.949931209754154349e-01
-8.983461451687524413e-02 1.527875558520179755e-01
1.139983920608446111e-01 1.577236887194228832e-01
1.034026078550271954e-01 1.506843214365450878e-01
-2.184480826984300794e-01 1.603416394022395552e-01
-4.972226172113438647e-01 1.756635120536916839e-01
-2.632118838500431268e-01 1.573672434301224277e-01
8.178327238662741472e-02 -2.767632006373499376e-01
7.001742650618192343e-02 4.640230903271007623e-01
7.367537641740140586e-02 -3.259622410607028176e-01
1.641028624000587799e-01 1.658530528394316361e-01
7.304471106570575856e-02 -2.142109156675178205e-01
-3.471041463214414868e-01 1.690798589629848303e-01
3.390944687808444824e-01 1.730702523056915076e-01
-2.402322667773840736e-01 1.374229420844940153e-01
3.205075427488759399e-01 1.429498271678051324e-01
2.039335273103400903e-01 1.627027483679301945e-01
-1.780945586083029220e-01 1.512168942188166776e-01
8.986275389419728921e-02 4.449914311788740751e-01
-4.005525102388625136e-01 1.325950519234838643e-01
9.777572961710556676e-02 4.376300760102788123e-01
2.337730596611156120e-01 1.498204895746384491e-01
-3.709573827294350146e-01 1.440148562499976581e-01
1.568421688557686267e-01 1.538245710247968523e-01
9.257649149893731888e-02 -3.162826592536088777e-01
-4.831026616152022113e-01 1.522854553212058537e-01
-4.748433527730832049e-01 1.357008901247315213e-01
1.039990294542540994e-01 -5.041343347720161905e-02
7.768840613698846376e-02 1.847358468940506482e-01
-3.609640155141580209e-01 1.661884200880415774e-01
9.128981725033413763e-02 1.824376458012120228e-01
4.005732164290560782e-01 1.470725040889969693e-01
8.297918436348195037e-02 1.896201779166273305e-01
-1.940228358179905133e-01 1.296586304379809818e-01
1.012542076801756785e-01 3.296816795206802819e-02
8.499265983234671751e-02 1.318776757130583066e-01
4.577901069606362672e-01 1.563451782082743158e-01
8.526543092379457178e-02 2.329562493689574243e-02
8.963509725045759602e-02 -2.158224834420475746e-01
3.081776494879847617e-01 1.445553539446805535e-01
6.962365765864597655e-02 -2.486825755039947516e-01
-2.470626502434315475e-01 1.697577856787370054e-01
9.282737547148445234e-02 1.332486402260847358e-01
-2.597037104568633570e-01 1.749127769594424064e-01
3.720046129023062420e-01 1.470549788225513632e-01
7.210237347339343295e-02 -3.795698333333817898e-01
8.596246942484142561e-02 3.289561414192088140e-02
7.705972015316320256e-02 9.042296983146891343e-02
1.034209011139484158e-01 -1.404826185976210118e-01
7.294046858258196320e-02 3.099265412907141748e-01
-6.561066011538851939e-02 1.547974718807214600e-01
8.232180728403903913e-02 -3.377750971724591267e-01
4.358344343483852024e-01 1.735491312016663734e-01
-7.038873901374254061e-03 1.733149587727923491e-01
-4.574863124810694126e-01 1.393146155762817751e-01
-1.938614321805475216e-01 1.539180121058433270e-01
7.568368290881222205e-02 3.419818076473086776e-01
1.082438707814040724e-01 -3.846590527107494051e-01
3.043171439876886097e-01 1.706284354084048882e-01
8.998327989819787653e-02 2.992948166598778936e-01
-1.393349673608448303e-01 1.270057494549354793e-01
9.063279346283226179e-02 6.771543577409155912e-02
1.079406025858873353e-01 -4.945594820608839592e-01
9.018749067654596718e-02 2.292672225379938089e-01
3.454819702670037795e-01 1.694663060070875638e-01
7.293950790871694956e-02 1.301241790671708864e-01
1.016984971465956233e-01 3.286746826731709037e-01
-2.057586746918698140e-01 1.414320737980309106e-01
9.744448352038359573e-02 2.661918386955960392e-01
8.215935272695740199e-02 -2.940274259738815399e-01
-4.195030015246085098e-01 1.452827466046912042e-01
2.506777545875260582e-02 1.310822493647004761e-01
7.219342822755425715e-02 -5.527676339464737687e-02
4.120445389968306893e-01 1.314313937528281961e-01
9.758019130117723261e-02 -3.971958807588281681e-01
1.037787137494017298e-01 9.279159244153856179e-02
7.938967402970209530e-02 -9.714153086493959588e-02
4.269981380051534048e-01 1.619313487618049274e-01
7.526073442734104724e-02 -2.788508234800999297e-01
-2.209307486296328005e-01 1.734948955980940566e-01
8.820192461867804035e-02 4.551559981526422938e-01
1.070353863370240299e-01 2.629649650123374593e-01
1.078812096651884378e-01 -2.534860891933308213e-01
-2.472690885012041040e-01 1.337107971487931923e-01
-2.705950335659293993e-01 1.517517182371106443e-01
9.000239210244131982e-02 3.324948643422709349e-01
4.779216010586355701e-01 1.462643131310390476e-01
1.074272668894372673e-01 1.124306648962491995e-01
1.205859764844119386e-01 1.685071447056749605e-01
1.165323917892183703e-01 1.323718483708693494e-01
8.891168971285201561e-02 3.016580634386611948e-02
8.382829229196520071e-02 -2.406473739336346673e-01
9.140520376513883161e-02 3.814721120332225102e-01
1.006276611117573605e-01 3.551730865152358252e-02
-2.121224842881168637e-01 1.328494236511761351e-01
8.107362415733176952e-02 -1.713347026585884114e-01
1.088159400967890766e-01 -1.522220644070950701e-01
-2.540858808975012817e-01 1.519643391492581097e-01
8.627322235792145300e-02 4.034268955299635806e-01
7.551479383646697574e-02 -1.971585793838923628e-01
7.641572039336164135e-02 -4.768415100846293830e-01
1.092498657953465679e-01 -4.970842047401076158e-01
4.421554242677854241e-01 1.666103626308519381e-01
8.957475381955082305e-02 1.971446221253256859e-01
1.086609010074042203e-01 -4.991671258423064916e-01
7.239884094593684871e-02 4.781666808264760649e-01
-2.357108362075054364e-01 1.778910858129909567e-01
8.709275331890375949e-02 1.605270033036516608e-01
8.495054573577631718e-02 7.031274870147796729e-02
4.928467799702462848e-02 1.309870422240084764e-01
-2.242871908363708311e-02 1.756738330819507254e-01
-1.727008080843134286e-01 1.587335175070617721e-01
1.232150157145381897e-01 1.570953657890370447e-01
-1.272501787639268578e-03 1.706047513069484101e-01
4.875761984026363294e-01 1.310227911332895179e-01
-2.121156048261876315e-01 1.443265000261590991e-01
8.824988294888436169e-02 -2.046477915860545060e-01
8.418673055911229941e-02 -1.135701309335209741e-01
8.126336079389162581e-02 -4.302458236480160014e-01
9.388272458287105771e-02 2.558019311691199782e-01
-4.560022666330023622e-01 1.516437268758453749e-01
8.362339289695142064e-02 2.038570996057385010e-01
8.455716742677565900e-02 -1.074094566847297871e-01
1.688920846392922837e-01 1.413598244470614107e-01
8.780571976960049874e-02 3.426414336417360484e-01
3.077081980883796808e-01 1.497497566462800966e-01
9.435924288540376015e-02 4.372127664193339314e-01
1.062935022308509891e-01 -1.860342277033180114e-01
1.078114809572745525e-01 -2.510043180421894782e-01
-3.772044403733405549e-01 1.496745845457184698e-01
7.423257277059014392e-02 -4.902293587400308184e-02
4.742999088632853244e-01 1.607840005262340943e-01
1.079648562191025674e-01 -1.242200502666436224e-01
-2.403231817002103865e-01 1.479302440157092002e-01
4.295826315493119774e-01 1.548501054539609401e-01
-2.913463386541178535e-01 1.750270417571052617e-01
7.701506004769842484e-02 8.638468908107754807e-02
1.043957237067185684e-01 8.063197398920385339e-02
8.909447746201937246e-02 -1.246502910973755762e-01
1.054837675926859619e-01 -3.559884471161427477e-01
9.875161465887438705e-02 -2.123594292361916658e-01
-3.579610753001651879e-01 1.420862653302624734e-01
9.443277510954639631e-02 -3.129393178025616784e-01
4.861164521532844729e-01 1.442155674106812002e-01
2.474057011215847757e-01 1.668562402616150520e-01
9.084023473826485784e-02 6.555678042196844135e-02
1.136164211026557957e-02 1.694982519346187599e-01
7.109624766395628015e-02 -3.394737980481071782e-01
2.353175683456527612e-01 1.613411758225665737e-01
4.396765114157286103e-01 1.680115232815954096e-01
9.180073732138227527e-02 -1.404673540787393371e-02
-4.976444102328794195e-01 1.349015479868995726e-01
-7.818331185354177038e-02 1.782876795016515858e-01
9.181675620029972062e-02 -1.243068832976818028e-01
9.174448664294654332e-02 3.682793186609792935e-01
-1.930350502708998439e-01 1.248874924049726554e-01
1.144233734093569321e-01 1.596657410596655779e-01
4.691941703900098792e-01 1.655849766056574079e-01
9.546311182360522896e-02 3.408198885724653682e-01
-1.204849620930178444e-01 1.437426761642205397e-01
9.669399912580300960e-02 4.726298075191129877e-01
2.313904166997911016e-01 1.713000861420327370e-01
4.236127922380997779e-01 1.421555926448577756e-01
8.043997981229789040e-02 -3.270836653819346740e-01
1.036423536721741145e-01 -1.247108397653775569e-01
-3.904123752770551903e-01 1.284002713253564743e-01
-4.841722748188761472e-01 1.757402263576965940e-01
-1.608918865821789002e-01 1.362478203494557061e-01
-2.867523381105698821e-01 1.272382637294284802e-01
1.016746779782625731e-01 -4.208213788014818491e-01
4.743578719819752099e-02 1.435356671472445278e-01
2.561913076548401058e-01 1.723284870993093687e-01
-3.758237692623508375e-01 1.320032889949920296e-01
1.594642274919073621e-01 1.738397937676207095e-01
3.751975378207889067e-01 1.771487416549087923e-01
8.585339819011217344e-02 5.937726483835836788e-03
3.505952068025620649e-01 1.442114688258635535e-01
7.435396274577521503e-02 -1.449605919274732369e-02
5.369897883588670151e-02 1.574705602397845627e-01
9.776737322998041435e-02 2.808319199001998445e-01
8.338566059054941526e-02 -9.184643082846244422e-02
-9.635059166481130255e-02 1.418891686847952860e-01
7.538646183956865254e-02 4.868425242419255339e-01
1.071588473410433062e-01 -4.817457736253915046e-01
-4.726170988547960805e-01 1.369583274682550922e-01
3.386311472810986656e-01 1.508171598934058277e-01
-2.795691911167660360e-01 1.493769429559880235e-01
3.348362013761426725e-01 1.651672169508969779e-01
-4.009889388598002480e-01 1.346771504165522604e-01
-1.298713044389188109e-01 1.444555261827822346e-01
1.033078922672555633e-01 -4.760161958326702969e-02
1.067900211821576351e-01 1.649312767712295402e-01
6.447128729539497449e-02 1.459225196694250437e-01
4.903539484830800044e-01 1.385830217188759317e-01
-2.002431147379799548e-01 1.552600128571555160e-01
7.775888137881536988e-02 -2.107928212453407113e-01
-1.896201919425337667e-01 1.511211088128651125e-01
9.895912832851816443e-02 -3.988274083150821214e-01
9.609703705440919563e-02 2.896057519659873680e-01
-1.857406626150833739e-01 1.400759342545376818e-01
-3.895421428820489140e-02 1.407927860079013493e-01
9.975420281667013445e-02 -2.150804162621520188e-01
8.182475973045277851e-02 2.782680383001229218e-01
-4.445020945154034564e-01 1.381119355422038009e-01
-1.002790253458422098e-01 1.508945997933132110e-01
9.002183900726312693e-02 -2.358796828127497358e-01
1.331283988072596847e-01 1.302368341506915383e-01
-4.003199137970332444e-01 1.339965657754864647e-01
-2.694682850203911073e-01 1.300013349672616281e-01
-2.171068479161148979e-01 1.412526839638466036e-01
1.068541008136285608e-01 -2.091835525810253893e-01
7.382540490615285833e-02 2.376050035839650798e-01
9.510203710915976494e-02 -5.914155220132844004e-02
3.931631183611871139e-01 1.715050740029780973e-01
-2.141909320473105449e-01 1.710968307569018521e-01
8.331798556174907500e-02 -3.051684699620605956e-01
1.067428410939863515e-01 -2.436821208785679982e-01
2.554963379641831400e-01 1.420816078355452428e-01
-4.423043319248246563e-01 1.688728059458399766e-01
2.270649755207052589e-01 1.478752934528443364e-01
-1.628635385192054308e-01 1.638529774215730095e-01
9.860072230534455695e-02 4.845149482053031642e-01
1.036407004371706631e-01 4.026455913294845201e-01
-3.063236058230661696e-01 1.514981641047573602e-01
8.400285049710176644e-02 -2.606508612016665838e-01
-2.939162307693377052e-02 1.730179570025314195e-01
8.350315620208859091e-02 -4.834674213724905467e-01
3.806918778166490380e-02 1.527593105797363515e-01
-3.563077576944899683e-01 1.427633046671330508e-01
1.019394948555465419e-01 4.916723395011459719e-01
9.680145293985953359e-02 -2.953273355707891623e-01
2.735386829534226516e-01 1.445574752868470370e-01
8.181250334033718374e-02 -1.504498907675518860e-01
-2.168417443117609533e-01 1.641810683539081106e-01
-2.707988237201962578e-01 1.438958743533744755e-01
-3.687932682271033435e-01 1.333152355305620151e-01
-4.246479872504584918e-01 1.554525328473383983e-01
1.033361250726173575e-01 -2.486883384766188643e-01
-3.035092396662303349e-01 1.421654863524866030e-01
7.392089075959196176e-02 3.135431714165901607e-01
9.625552129805470258e-02 -4.574487369088884314e-01
9.423676516135426340e-02 4.552097370777177243e-01
-3.770355139330011651e-01 1.768206289959194377e-01
-1.470078730304261727e-01 1.631080895659998697e-01
-1.142482778431874735e-03 1.270306768857081270e-01
2.539728374231914332e-01 1.496302684043399056e-01
4.215812101721220229e-01 1.545688040320872814e-01
4.133807402822200494e-01 1.422264313138904557e-01
9.137608962392518297e-02 -1.180454273615788585e-01
-2.751498273322386945e-01 1.663960055751690925e-01
-1.983301396782517489e-01 1.670485459490830271e-01
4.826557957198015503e-01 1.531971541165436657e-01
-1.925150408028457605e-01 1.265090975570429821e-01
8.849485898852282872e-02 -1.429447498432100394e-01
3.019693477704887830e-01 1.347966153568573855e-01
3.789485101657485977e-02 1.251288838216385590e-01
-2.678296609784847071e-01 1.245024406797787808e-01
1.599798604134791136e-01 1.502329795042910421e-01
3.889651988932619764e-01 1.672576505420694248e-01
-2.611316010879811689e-01 1.660029936076798940e-01
4.608404840595891061e-01 1.323681373986020926e-01
9.061133883034788727e-02 1.303195760885796917e-01
9.754952568798680446e-02 -2.342085949767571673e-01
-4.619358119123289086e-01 1.275607575601183097e-01
4.692145212319289715e-01 1.564524235470075020e-01
2.658961719976747906e-01 1.652679397098087977e-01
7.057115216746756570e-02 -2.372217758513366359e-01
2.004424045816929345e-01 1.562725833476669157e-01
6.942170801864266938e-02 -1.736039991709282804e-01
4.562924525904453743e-01 1.664116627306924112e-01
9.499241513531697656e-02 3.181043793637787775e-01
7.885518312840789079e-02 -8.705329154401453273e-02
-2.883957108021477644e-01 1.267802758440097488e-01
-3.238130249728504717e-01 1.693753447750134811e-01
-6.755619661679213017e-02 1.334932483039914519e-01
-1.355653258268380013e-01 1.755908172299031067e-01
8.550674189805873571e-02 5.415185345386230864e-02
1.068263497290439235e-01 -4.614932703735323827e-01
4.290538454876494656e-01 1.284666588699208134e-01
-4.829475898956481217e-01 1.562757454138739011e-01
-3.583089509972980924e-02 1.272730151347311045e-01
8.997897585899172768e-02 2.115375632253407856e-01
-2.287971652109671572e-01 1.740232785016756489e-01
1.001048986685205699e-01 3.846460235895614588e-01
2.618097276284490071e-01 1.640870328341895723e-01
4.179917767218260805e-01 1.347013261535099371e-01
2.144624647197705958e-01 1.643820062638073898e-01
9.702617955182468723e-02 3.510300705523038411e-01
9.108224252417851385e-02 1.186907356384092616e-02
4.566685170606487043e-01 1.477899395502646485e-01
5.770667378955485205e-03 1.453178447833937126e-01
-5.918977281600623641e-02 1.761154645340196057e-01
7.687474159520890638e-02 -6.298304740160731718e-02
1.078535970543123002e-01 -8.198477702671147505e-02
8.682042865394212772e-02 -6.100257447951185075e-02
7.830571168559719020e-02 2.624093918228355138e-01
4.573386202836405845e-01 1.391557174278402753e-01
1.005819852857373631e-01 -2.323522892208493840e-01
7.623710737189959286e-02 -4.365102174805139956e-01
4.490867931085157361e-01 1.535649937157629319e-01
-4.419884180188966560e-01 1.687050789460421418e-01
1.333383051930783214e-01 1.249729584225689472e-01
3.104612346424575620e-01 1.644950550781868470e-01
-3.614931936716262451e-01 1.271903722531744219e-01
1.086328777428650083e-01 9.655604061781142278e-02
3.312153343769992375e-01 1.403267789669029320e-01
-1.555104349328647606e-01 1.573193646681205760e-01
1.054881203864643791e-01 -2.190580390740597405e-01
5.383423093688877170e-02 1.757029365691236134e-01
7.656575119936370744e-02 -2.553122633070077363e-01
1.022895114431454644e-01 -2.152504579779163096e-01
6.925501423867996831e-02 -2.343416471693178238e-01
-1.722182639802152249e-01 1.714769325743041861e-01
-3.835345690940906715e-01 1.285525072558595383e-01
6.306283765402875829e-02 1.390553546390812523e-01
4.863298737351651191e-02 1.771862889015854980e-01
-4.202548158055777749e-01 1.408408503031629566e-01
1.021552428771338450e-01 -2.988637399706531861e-01
-2.383253352353735810e-01 1.739494486972511522e-01
2.943428009043210780e-01 1.240679668744418818e-01
8.411338384429689619e-02 4.554921054792616664e-01
9.563297572476903152e-02 8.934675050329599078e-02
9.914820703297355653e-02 6.290404193022358648e-02
8.478087297382586041e-02 -3.330588916094125995e-01
9.283853504509975707e-02 -2.922476258036444952e-01
3.640944799754439742e-01 1.276537338524272869e-01
9.900187646054237067e-02 2.487518812102365029e-01
1.022403881062500242e-01 -2.091471749435522831e-01
4.729582586430971514e-01 1.743626249236860382e-01
3.244499603384556341e-01 1.394216864404324019e-01
2.507925237311048328e-02 1.734554619624122385e-01
8.611699616321111250e-02 -2.835166442163182809e-01
8.659791656746662625e-02 -1.909091686769509577e-01
2.801897401483455230e-01 1.742588585771525089e-01
4.659163768458309818e-01 1.631373906040232136e-01
1.046388588324499436e-01 -2.945946277735204122e-01
1.032936976587534028e-01 2.463824138403402086e-01
7.612646443443926714e-02 -3.189958878106863294e-01
8.120455133404247405e-02 3.035636672585227958e-01
4.136858456921298499e-01 1.404118095737963978e-01
8.653022346890104632e-02 -2.226365363391754615e-01
8.386930537611014813e-02 -3.054651261709582233e-01
-6.308498148178565135e-02 1.373652374756143546e-01
9.966757840819029379e-02 -2.411955978490434305e-01
3.703380124996316081e-01 1.433506123525066789e-01
-4.861926137813507021e-01 1.456428318182398929e-01
1.041094489010685464e-01 2.813910834351668333e-01
7.952704936434173977e-02 -1.717778989786844512e-02
7.728172691396162364e-02 3.457551031344158199e-01
2.537841001811927955e-01 1.753510686653405592e-01
5.757109253572134655e-02 1.680885277015522483e-01
9.682256473686468023e-02 -3.110643000157947702e-01
7.879869620431834143e-02 4.374714744992758142e-01
4.215115187479956393e-02 1.404215217052636744e-01
1.962544715974720022e-01 1.571842827109467544e-01
9.713413830743300448e-02 -4.164494016852045011e-01
1.518937954738445173e-01 1.633086462449423459e-01
-1.001319581938018288e-01 1.341971068084605312e-01
3.674027682500761172e-01 1.697966874384913005e-01
-2.997265090622739381e-01 1.279786745392685887e-01
-2.075045549225777997e-01 1.751286533927278732e-01
