5.021912409153661550e-02 2.775501390455292761e-01
4.365702153125783358e-02 -4.050309604010470244e-01
4.662083089276022330e-01 -1.918892351555878673e-02
4.300627214114183250e-02 1.944360680792993623e-01
4.750959148273098398e-01 2.848344566528382416e-04
5.117977196479528423e-02 -5.276254076390918257e-02
6.173461272953006951e-02 4.914874643617705985e-01
4.352124653406330701e-02 2.401513853547668775e-01
2.195147571742716019e-01 -1.770216220417097919e-02
5.774618846734280719e-02 -3.679641950123618832e-01
6.332789145947659293e-02 -3.340308649203979074e-01
7.389084868729445255e-02 -7.523805825272478209e-02
5.327564688470176613e-02 6.102709330740130333e-02
7.267925939429542570e-02 3.318416336691176749e-01
4.144991878012321829e-01 -1.106074741918083859e-02
4.179971079837052628e-02 -3.023481597048125469e-01
-1.313527301899752864e-02 -7.612770959562364936e-03
4.775889862884130643e-02 -3.916755138300239691e-01
1.700108105455543361e-01 -1.940575534678024017e-02
-9.184362580583416147e-02 -1.092984184773293510e-02
7.218923832228318904e-02 4.731756641398920937e-01
-3.543651813502397552e-01 -2.407016971426845231e-02
7.514381254614432848e-02 2.917799398571291336e-01
4.240613581152785638e-02 3.253694499822109565e-01
6.231025634063369623e-02 2.623544173122827061e-03
-3.653483040050576891e-01 -1.859480585415529408e-02
1.520029516950087700e-01 -9.883767518132136054e-03
6.746595961618773174e-02 -2.875809349994845610e-01
4.310008096123629784e-02 3.281306505722554334e-01
4.561865139574139416e-02 8.434916401386316487e-02
6.422546517000649047e-02 3.653359289158426559e-01
5.339557255573967876e-02 3.919090008166803418e-02
5.779054208443901164e-02 -1.231639918628055774e-01
-1.398217818477361929e-01 -1.781819891750502372e-02
4.919801203033132841e-01 -3.613093098143393966e-03
5.892766075072042309e-02 3.299815457149135600e-01
4.643405436734403535e-01 3.263677320853641817e-03
3.358977697944032226e-01 -1.875454602833703799e-02
1.508286458705960786e-01 -3.783884641644585933e-03
7.403086936519143180e-02 4.340878051820536987e-01
-7.053946318990300668e-02 -5.542200240566508285e-03
5.828581628284146277e-02 -3.765184829150822754e-01
4.534989833681377647e-01 -3.225293624290470618e-03
-3.086777775245848066e-01 2.470872592613471141e-03
-5.939495514435388923e-02 -1.078360521880750156e-02
6.874921553834212329e-02 6.365447309526195419e-02
4.873654048677222850e-02 -2.409817112420702401e-01
7.460015411927223283e-02 3.009397352617190213e-01
6.547632767016553501e-02 -1.516103379007742724e-01
4.824745077632697221e-02 2.300472549419775303e-01
-6.577441485161827917e-02 -8.969341241081951743e-03
-1.292012939632107837e-01 -3.887006106885193546e-04
5.415331896723640792e-02 -3.771564110848965035e-01
6.519962814420632302e-02 7.568603737893342398e-02
-4.890543155242607076e-01 -1.641173088858705054e-02
3.564625122868309015e-01 -9.696847846369149870e-03
6.824340371035608754e-02 4.116059279144834715e-02
7.495787432286660223e-02 3.122813263760993996e-01
7.329957659955887994e-02 1.383014329075665794e-01
6.043529295874616736e-02 -1.444759149963872336e-01
7.273646210037720827e-02 -1.769992835672076215e-01
4.391608701713423102e-02 -1.090948495419937769e-01
5.435575717298224419e-02 -1.240768612692235706e-01
-1.894644661390609830e-02 -9.218344295791491838e-03
-1.371789055677471447e-01 -7.759183087151066971e-03
4.825182155569052167e-02 -1.623095806289793774e-01
4.237060915904677927e-02 -4.512821512430631454e-01
4.727600253637354033e-02 -3.083863556174271103e-01
7.026159491113459499e-02 -2.409097738947154621e-01
5.618968141037372632e-02 2.726330482082229834e-01
-1.785493667121396122e-01 3.835760852498149021e-03
5.105719683626475103e-02 -9.565035198736504540e-02
1.455479882266054181e-01 -1.680642314629732237e-02
7.572602359553581852e-02 -3.608458285834879042e-01
-7.478391901807324160e-02 -7.328016729782671490e-03
6.759050666907417959e-02 -7.331440613472883783e-02
-1.772869234985465781e-01 -1.402221511529599951e-02
7.027820338167323211e-02 -1.966835416564344241e-01
5.491353338760962544e-02 -4.309869600801318201e-01
6.308099276159684354e-02 -7.889364832295275853e-02
-1.351569966173974402e-01 -1.571405383380719556e-02
7.505452433907844334e-02 -2.439375847099332084e-01
7.112361504662756406e-02 3.195568156357708745e-02
-3.831426666158599392e-02 -1.796320309522247971e-02
7.039992342291179206e-02 -4.014882508755435175e-01
2.266190280179904981e-01 -4.255072480916499700e-03
4.360248944006772653e-02 3.375470651546577106e-01
3.025457851646959906e-01 -1.543390501023844674e-02
-3.270097636054115631e-01 -2.367136868150998552e-02
4.228392395852809127e-02 3.032551457160503894e-01
7.603720952471826333e-02 -1.288382698422606554e-01
-1.926589602608724805e-01 -1.585876442240508055e-03
4.879131439743389365e-02 -4.817947222117141548e-01
-2.977787295616686203e-01 -1.390439936196963266e-02
1.997413977941073782e-01 3.258556153595160154e-03
5.698886169061645468e-02 -4.078930571820574835e-01
-1.151029554560942803e-01 -2.391996252971484438e-02
2.145823727091258348e-01 -7.288641420334140975e-03
6.483096191542314646e-02 -4.327938420399923825e-02
-1.592365621348554861e-01 -5.431777971440787667e-03
1.477331981196392530e-01 -1.465460088601400201e-02
6.600622701993397179e-02 -2.876299925504181010e-01
7.524731548984364693e-02 -1.726203043844913854e-01
6.480759996867513362e-02 -1.142650729387617581e-01
4.515893813589544337e-02 9.501563822579683904e-02
1.009501254137545878e-01 -2.112320164228664865e-02
4.556952622806920150e-02 -9.150292519748803866e-02
2.733176134541400737e-01 -2.122330699305474688e-02
8.006872717940882733e-02 -2.090996495442543068e-02
1.637556083093335557e-01 -1.339810436986599296e-02
6.039053222613954830e-02 3.471333722411250600e-01
1.504597803189859917e-01 -1.728090573583584977e-02
6.895999522225826350e-02 3.726591855478671445e-01
-3.136849458274054703e-01 3.989451974348856567e-03
-4.889846204414253217e-01 -9.261019678916571074e-03
1.242587032458077889e-01 -1.293420226330765921e-02
-1.207248626537634761e-01 1.873221928758717070e-03
1.655251673306973315e-01 -2.468131686891672505e-02
2.188360937914879401e-02 -1.710532977648815400e-02
5.224960577914194992e-02 -2.024378314666404055e-01
7.578955904558692946e-02 -4.418210371928847913e-01
6.047154705743140735e-02 4.511531285672090164e-01
3.261136210187706164e-01 1.276198527392580218e-03
5.991076635978598297e-02 3.959621859216506667e-01
6.020143230008345725e-02 4.710194724674944267e-01
-2.890412264456390101e-01 -2.467808636002544187e-02
6.982544022055070521e-02 -2.432444734760097482e-01
6.457080379370983003e-02 -2.012579260611464527e-01
6.415198601180016613e-02 -1.120374251613083239e-01
5.307247897916145263e-02 9.215442642418469887e-03
-7.899868663954434655e-02 -2.456536594810621033e-02
7.115667374757672636e-02 -4.402322090574122271e-01
6.423187010662068097e-02 -1.878617890470773988e-01
7.055274421605206570e-02 -4.482972773995239635e-01
-4.482317346589241858e-01 -1.674751090643833429e-02
5.897401330344820281e-02 -3.594459451633347236e-02
-6.803264355698490640e-02 -5.151034127641285210e-03
7.417587714684981126e-02 2.351542509649384716e-02
-1.566622831291095697e-01 -1.195825306874775951e-02
4.151828257627731000e-01 -1.136343274903517386e-02
2.716481987498218231e-01 -2.045401282671188703e-02
6.894081850522504329e-02 2.244866909606091365e-02
6.549600716009795764e-02 -3.859817612507882023e-01
6.950169917963078259e-02 -4.257022195890212135e-01
5.629689183564212662e-02 4.091229135564597996e-01
6.542405422891295341e-02 -2.398344513716524906e-01
6.884689896907736362e-02 4.251601142407613887e-01
-5.149721402945939275e-02 3.166674554695991795e-03
-1.075010406995160483e-01 -1.054136453983689492e-02
6.912509267561794957e-02 2.574269485556689441e-01
5.414498707007642242e-02 -1.817583336171374464e-01
5.755052660499093697e-02 -2.614465768273837032e-01
-3.848320002712223298e-01 -1.706468196297683537e-02
-4.556204796495829656e-01 1.909066684387616952e-03
4.170313787135382366e-02 -4.647119624592610521e-02
7.566513447751088695e-02 4.039539172789552435e-02
-2.317107951665342558e-02 -5.598394265706740924e-04
4.491563163144984827e-02 -3.787469089145901746e-01
4.569957126267532033e-02 1.749308307058252687e-01
5.608422672328861047e-02 -2.917561185410463276e-01
4.701728286740114449e-02 2.147745971532691867e-01
6.255326612386014062e-02 5.430853509486022190e-03
-4.263627784944620247e-01 -4.602816244359875242e-03
5.394482806732914248e-02 4.667885680269399096e-01
4.727992457301954943e-02 9.084550922274747808e-02
-4.661751031008742885e-04 -2.146644906389605367e-03
6.225634123571166523e-02 -1.326867625968078945e-01
4.612408359913366951e-02 4.833670936996564693e-01
6.882221309084901595e-02 -4.821044655696682391e-02
6.625935889865797179e-02 2.038832327145128076e-01
5.346834318084647819e-02 -3.831067429209396025e-01
5.557521643120366672e-02 3.883930957624949221e-01
-2.191731737255432355e-01 -1.157298482545676688e-02
5.124839708382389336e-02 1.975409784673513025e-01
2.427231451108459170e-01 -2.199848826008843350e-02
-3.230703770970988487e-01 -1.534966235394152889e-02
-4.527605806722478921e-02 -7.657935595455356292e-04
1.629939110755529441e-01 -1.058965111964671468e-02
6.289624215309153055e-02 -7.934716408501019114e-02
-3.632049889827069222e-01 -2.456437682609957651e-02
4.653427177176472362e-02 2.522996071375785965e-01
6.105118175466606179e-02 4.807442283664919991e-02
5.538936696584428887e-02 -1.299280306339846147e-01
-4.727838055342304946e-01 -4.052517195453630983e-03
2.287194602694750944e-01 -1.515910885604443425e-02
5.751367625006276185e-02 4.414817220525183439e-01
5.909766097091295745e-02 4.232107367824585742e-01
3.442968141418993877e-01 -1.139271110497785955e-02
4.109962550478950538e-01 -1.475526198236543074e-03
7.418323755585354284e-02 3.320366697880108298e-01
5.205674775474966598e-02 -2.797309870169829571e-01
6.323360090308760562e-02 -4.743494235494319922e-01
7.051444321831346063e-02 3.673135999801953044e-01
4.151932666638619152e-01 -3.585818893608205826e-03
4.829281374737492971e-02 -4.069211707315778526e-02
-1.731459113719315823e-01 -1.458001569287326049e-03
1.707678304286343041e-01 -1.914218492428565455e-02
6.168102143123133096e-02 2.743625538807121789e-01
6.411526461783434439e-02 -1.262210493790618671e-01
-2.790536401111497478e-01 -2.374997520184318756e-02
-1.362513167403983649e-01 -6.507339245180987497e-03
2.351782695948444468e-01 -2.185752439607646647e-02
7.465871083725961199e-02 3.171766800403863495e-01
5.271124405649196820e-02 3.298483732620047792e-01
6.879212616471164221e-02 -2.250276417561161146e-01
6.319924171502655508e-02 -9.340108745288799863e-02
4.155767093753959252e-02 -2.252712714097194757e-01
5.059689641777698199e-02 4.771355127843357469e-01
-2.136113165207373932e-01 -7.252229255647058004e-03
-3.182238411504568765e-01 -5.095420614011025862e-03
7.200409047958145070e-02 -4.366473898742065929e-01
5.911714498159270637e-02 4.290606276994592960e-01
-2.866358768049307448e-01 -1.889230504152639156e-02
6.633534465400015012e-02 -3.951131826648189849e-01
4.537496938199314656e-02 2.940226182183121040e-01
3.195130713074481044e-01 -1.112733010085653618e-02
8.467792474370750000e-02 -1.566149902869418131e-02
5.473726089706720810e-02 4.555220873902543488e-02
6.884856272793626886e-02 4.396226231190283329e-01
5.078549688462152822e-02 -1.724737501476614199e-01
4.890307370249765695e-01 -1.971485621844970559e-02
6.407230949976816525e-02 -9.846402582573487994e-02
-2.794361315227573694e-01 -1.766051399285117895e-02
6.021365638493370032e-02 3.068095667671996152e-01
3.295531718320310333e-01 -3.559672052869333747e-03
2.988328216284914518e-01 -1.460129599706949666e-02
6.742720328421558662e-02 3.244385820474068316e-01
4.941466393749016639e-02 -4.712411904346255342e-01
1.990097480586563439e-01 -1.723853592759339026e-02
-2.351481399353161361e-01 1.587186933216688800e-03
7.479176145609089943e-02 3.097979910669254044e-01
7.541036452131100187e-02 2.450699966169288535e-01
5.010057880801843666e-02 4.965091287156871980e-01
-3.818990223075126034e-01 -1.743072207567397669e-02
-2.500239269281731014e-01 5.633735119788818579e-04
7.087410875881283712e-02 -4.473950405446635026e-01
3.627508032755061285e-01 1.990920210965030357e-03
6.567241505911958210e-02 -4.433175199943779621e-01
1.526774482465081961e-01 1.467362017617102055e-03
2.709656316895924233e-01 -1.049875715497416984e-02
1.797292704610876646e-01 -2.008754071840213040e-02
4.230175739009112146e-02 8.365361367625112621e-02
6.770272835551749413e-02 1.733994413856060346e-01
5.371040343825017604e-02 4.791785759843152359e-01
5.763509942852440560e-02 4.430291703953250781e-01
4.525242086284742005e-02 2.312572452476879814e-02
-2.279702539965644537e-01 -2.480566889709534539e-02
6.118132659263164630e-02 4.283027958373155641e-01
-1.753847552243926744e-01 1.962363293369295825e-03
6.251985382532354585e-02 4.719403520160385668e-01
1.224663753061980831e-01 -1.803378191031390632e-02
7.433586488257448721e-02 -2.440245177218957062e-01
5.999543621904035451e-02 -4.672524253832792684e-01
5.698137034990680139e-02 1.007962679307801146e-01
6.341812253548251288e-02 -1.696321976130441556e-01
4.845288209651610334e-02 1.392106387678727630e-01
-5.476813227932297856e-02 -2.128512784764113874e-02
4.581935665276182235e-02 7.948225338351311287e-02
5.658972052187472013e-02 1.047405444901627902e-02
-4.830162009924426902e-01 -5.581706564067645537e-03
-3.972764869610774241e-01 -1.982412079436479679e-02
7.434344551705096560e-02 -1.100773018201528508e-01
5.344028789035593086e-02 4.253718423197100362e-01
5.625153639898583524e-02 1.931572803617457312e-01
5.149791001312420402e-02 -3.104541238380918999e-01
2.596609479085834060e-01 -7.690039496437650612e-03
5.688236403159796506e-02 -9.302298916683715557e-02
5.755903113665239434e-02 -4.206070610000635090e-01
1.477225962953186977e-01 -2.855073133707364264e-04
-3.754219086398912220e-01 3.468696860957298789e-03
4.457855676423344571e-01 -1.203822226135597973e-02
8.869382638717704381e-02 -4.907418797559959245e-03
-2.766324295432693869e-01 -2.414853219782853166e-03
6.682665769166074021e-02 4.644449238325586427e-01
5.649921548505931757e-02 -4.384965463562542354e-01
-4.550432637304303585e-01 -3.271292383786539304e-03
-2.558593114237428523e-02 -4.326542438252478640e-03
7.203144053308130346e-02 4.430169612087765385e-01
4.506994895727922668e-02 -3.748271496933301972e-01
-1.502678130718199112e-01 -1.957260962695395179e-02
-1.300097085946866349e-01 -5.141173867391879426e-03
5.823089599179964715e-02 -2.380327012938202591e-01
2.989120911120525248e-01 -6.457013730777450000e-03
6.323968328741680356e-02 3.868447283189582198e-01
5.073890399909852800e-02 7.502578623573052941e-02
6.782029415650292492e-02 -3.103614262739442520e-01
5.302499292568774170e-02 -7.570792759029654206e-02
6.082416769567700054e-02 -1.679552360486237239e-01
3.007969505066816485e-01 1.851194565305469553e-05
2.802599405909083075e-01 -2.051198007691168446e-02
-1.096818786606763574e-01 -1.666365577176021073e-02
4.912441113343177790e-01 -1.345614770902558988e-03
1.144182817250637418e-01 -1.187165176982507564e-02
4.621798249950026527e-02 4.000276744332763590e-01
-9.068849917585275477e-03 -1.445471515512042338e-02
-4.425295723926274682e-01 -7.545019710992861839e-03
5.654474935127040691e-02 -2.345009199280454482e-01
5.216996049016031645e-02 -3.273190587044103594e-01
3.598189008513422715e-01 -2.029569687997079264e-02
5.010105588387525621e-02 2.667310466438581606e-01
4.576379892905524382e-02 1.569514874188595588e-01
-3.573143789954297267e-01 -7.734557476494208217e-04
7.228719635394342813e-02 2.422510695798218983e-02
-3.072439568807349142e-01 -9.442605710499374361e-03
5.934749562305041692e-02 -5.219585299599038830e-02
4.229934334572004184e-01 -1.933339718170545840e-02
-3.990782197604340054e-01 -6.893698785607083046e-03
2.526970025329621228e-01 -1.967930700785003317e-02
4.413533250559753540e-02 -3.100757001939448143e-01
-2.408404937606662966e-01 3.344826244966125905e-03
-2.185716838992028954e-01 -1.077112790851253443e-02
-3.367682427191639460e-01 -1.096471670214427263e-03
-1.104301382603712911e-01 -1.094840144188424791e-02
6.225607750750150604e-02 -4.611862809266883412e-01
-3.077732139396996969e-01 2.279281613047245969e-03
6.081282964684653347e-02 -4.229865566523937082e-01
5.244292361628877241e-02 -1.501783523101097861e-01
-3.229452551179518016e-01 -5.315078299296005504e-03
6.546524662311714593e-02 -9.587133755863741502e-02
7.416983567939339217e-02 1.423342777124045888e-01
4.226667722243482306e-02 2.119607742897463565e-01
5.418225145983557312e-02 -9.056137067967107157e-02
-3.478765578648346235e-02 -2.846545345675299821e-03
4.317080874902956555e-02 -3.132399388137363516e-01
-1.283574099866983120e-01 -1.442728736480114460e-02
4.679376813124436207e-02 2.751904702990715101e-01
4.508581002730049914e-02 -1.098988786485055602e-01
6.480359052849160584e-02 -2.988873983746250795e-01
2.174103543620016232e-01 -9.161658816121853732e-03
