-2.412941531247159155e-01 -3.862962463019402604e-01
-2.499807192334279060e-01 4.075642875089047212e-02
-2.816816812429931982e-01 2.395166097322952714e-01
-2.445092464191764847e-01 3.293560036888587561e-01
-2.671838700240327658e-01 3.730392246412324031e-01
-2.849911363122801244e-01 -2.122331031251007971e-01
-2.473961447594013041e-01 3.842397578613805376e-01
-2.327369815822875054e-01 2.696312215967107129e-01
-2.252707273855540926e-01 -3.031664750040852230e-02
-2.194399340461933301e-01 -4.600345242929149148e-02
-2.155439881497540622e-01 4.517564289307052228e-03
-2.856112469740852422e-01 -2.108095613509699540e-01
-2.891685639193585233e-01 -2.412197358313215023e-01
-2.316036282960090009e-01 1.985673311344908765e-01
-2.836346809504034505e-01 2.426448014795422603e-01
-2.644124110527983351e-01 -3.234418541126730107e-01
-2.425188388162365927e-01 1.669389776220919774e-02
-2.620417312808743793e-01 4.394067869626503420e-01
-2.158579584675941465e-01 2.829840563178943613e-01
-2.193268688617686646e-01 -2.205593362134073976e-01
-2.639297354453852273e-01 -3.892386727171328609e-01
-2.672020509781736219e-01 1.158761361300481019e-01
-2.676675846738539866e-01 7.531544442328197420e-02
-2.380995973778252672e-01 -5.129279507637685143e-02
-2.936039877896350347e-01 1.806550684018243258e-01
-2.324975572909723232e-01 3.981138045019376737e-01
-2.191037663369623800e-01 3.768257987454355362e-01
-2.684485847589922480e-01 -3.886038881439047854e-01
-2.363976750450765829e-01 -5.786076320990685140e-02
-2.258077170053122140e-01 3.757413077307054650e-01
-2.551883697666360584e-01 -4.576526973875870707e-01
-2.615800385076978429e-01 -2.443614810181582442e-01
-2.889529215456363431e-01 4.280594199416213330e-01
-2.455838729469213000e-01 -6.329160991294724425e-02
-2.921731811819586744e-01 4.357605186557301780e-01
-2.529016452978744001e-01 -7.328008233763905199e-02
-2.216442645723758487e-01 -2.095559593137187315e-01
-2.932869877128037039e-01 -3.664135172391088657e-01
-2.279468976369318778e-01 3.708869038769682103e-01
-2.919386103197858517e-01 -4.990715830545273679e-01
-2.437292567325550774e-01 -2.947606926220687207e-01
-2.411919632836597716e-01 -2.349935495301426203e-01
-2.409555567259971109e-01 3.347834373893555648e-01
-2.812282132528451939e-01 -4.235667498513742135e-01
-2.909104821566639298e-01 -3.432543859611842940e-01
-2.755424319658297261e-01 9.298790943302148726e-02
-2.344312963413411888e-01 2.660286785413346067e-02
-2.412421511884078607e-01 -1.653809109306684233e-01
-2.902417770149806620e-01 2.846301153148389496e-02
-2.930772333615173642e-01 -8.535647348961528103e-02
-2.282872800403970004e-01 4.245349608013156972e-01
-2.162844248007902426e-01 1.867360193490075204e-02
-2.249866491633903953e-01 -2.840094317629986431e-01
-2.938807994237245813e-01 -2.748385887460405019e-01
-2.889712290440240583e-01 2.439397772526943342e-01
-2.705297525643799439e-01 -1.334900461325516652e-02
-2.245051671471416377e-01 2.228574480909005784e-01
-2.520664511789292295e-01 2.531625587076031803e-01
-2.897012765955522262e-01 -3.632520460788056793e-01
-2.192798441322145742e-01 -4.022874785134132880e-01
-2.231397501925539428e-01 2.554210837427650649e-01
-2.664365852747322405e-01 -2.751365289404904546e-01
-2.762059670023375713e-01 -3.566854895120794566e-01
-2.714043842741780121e-01 -4.727358437411453007e-01
-2.306316877145926370e-01 -2.559823175552169428e-01
-2.579495383636501993e-01 -4.485610061336744447e-01
-2.722078556717798525e-01 -2.223815664612323051e-01
-2.226091349504697448e-01 7.052060093544143538e-02
-2.388950788682259185e-01 3.939495978303123591e-01
-2.458392789630992059e-01 -3.551463455673437020e-01
-2.693984863591247780e-01 -9.035193512658024062e-02
-2.340489475494437199e-01 -8.733241179181172598e-03
-2.260281200806494306e-01 -4.359015045022238688e-01
-2.791434035414993575e-01 -2.522082948136654679e-01
-2.330422512025998039e-01 -3.964070725682888874e-01
-2.154393863664857411e-01 3.726040181011084362e-01
-2.589910460809891068e-01 -2.737725524297850432e-01
-2.439608508427612010e-01 4.230570190743982995e-01
-2.310466835251979711e-01 -2.398102336126519685e-01
-2.539440149982120642e-01 -4.707145295474722824e-01
-2.752522818778326830e-01 -3.312734975742965826e-01
-2.534999408399448706e-01 -2.027023597107300290e-01
-2.566672773192427703e-01 3.948709383371484805e-02
-2.308649924269101650e-01 2.221937658287588269e-01
-2.343056673811836355e-01 1.136048193960996766e-01
-2.882493614465247989e-01 -8.808025341885772352e-02
-2.692365291342994071e-01 -3.072053621013840496e-01
-2.369296603640111964e-01 4.351153734404012985e-01
-2.441258392392724463e-01 1.855401003405532379e-02
-2.879673065508537855e-01 2.239466931902696079e-01
-2.341673828133999935e-01 3.901472173492711581e-01
-2.224319847388817051e-01 -2.664167786162634499e-01
-2.719458424984090295e-01 4.127214786085734444e-01
-2.186763008992357316e-01 -2.496971060295256617e-01
-2.627805273613280646e-01 -1.285115359834606563e-01
-2.557725982774836648e-01 1.069697618957796692e-01
-2.203011787200550575e-01 -3.420734101978003538e-01
-2.573644105874223209e-01 2.592320619577148655e-02
-2.879163788700898063e-01 -8.551475796464247381e-02
-2.833609228005438130e-01 2.166331194130984850e-01
-2.314583326922237116e-01 2.971453271154467224e-02
-2.482760452735225387e-01 4.782565638298312827e-01
-2.880260438037780535e-01 1.847626942472098133e-01
-2.149228542196301994e-01 -3.382346322443909870e-01
-2.485964465372464405e-01 4.887732915430594849e-01
-2.724941413716279737e-01 3.788831126925166215e-01
-2.162247813886640779e-01 -3.939963921544956671e-01
-2.764289739043014338e-01 3.670777946357964838e-01
-2.885532909696056914e-01 -3.747255224773903270e-01
-2.559912138004178939e-01 2.908550972201295881e-01
-2.175791384834416808e-01 2.986084596771021449e-02
-2.571418459691487968e-01 -3.082795168355021431e-01
-2.429325729732187966e-01 -2.203573430948800871e-01
-2.737910515833398284e-01 1.715395477437805516e-01
-2.412577355310454585e-01 -4.833782229441456746e-01
-2.172687957216971055e-01 -4.781603246277233987e-01
-2.876978568931793934e-01 -1.879064950175244331e-01
-2.918100866030600704e-01 -8.574598184517223665e-02
-2.240597078573182133e-01 -1.069774209378087093e-01
-2.734095278708849053e-01 4.812171063958654571e-01
-2.715549750600030343e-01 -3.625532819409280627e-01
-2.756051566425949950e-01 -3.431409944113289479e-01
-2.285749392355103105e-01 1.305945393008768329e-01
-2.675360767509686877e-01 2.409400102699922330e-01
-2.163303835230839800e-01 -1.205929882550604848e-02
-2.900325201154428933e-01 3.906256254997592103e-01
-2.265660215495463037e-01 -4.048367386614206698e-01
-2.856481239030425057e-01 -3.813849087161014229e-01
-2.145211785734103538e-01 -3.315483964186597410e-01
-2.892522863017862322e-01 4.155084373552330179e-01
-2.445086974747443520e-01 -4.688618551749180741e-01
-2.271879855018072991e-01 2.772883162064543328e-01
-2.616472382848398226e-01 1.477352657573810513e-01
-2.229525495852969774e-01 -3.857027094911300580e-01
-2.367570947885613286e-01 -4.837030752499854591e-01
-2.553300929309531009e-01 2.312154848308952682e-01
-2.720430102554263208e-01 -2.114115491236175925e-01
-2.172461617786106691e-01 3.811080139648334031e-01
-2.357033457746684491e-01 3.929205415623994169e-01
-2.517927865670605003e-01 2.356206402819343015e-01
-2.686465413152132609e-01 2.971880493705495452e-01
-2.193917677492180918e-01 2.277394282490881050e-01
-2.854548664164392457e-01 -4.415846568250716420e-01
-2.704703447033708352e-01 4.560973687200085003e-01
-2.666953617856184788e-01 2.414827783074724454e-01
-2.806642295736916370e-01 -2.653526404244647141e-01
-2.176036058094735770e-01 -1.509165658229937312e-01
-2.609066633741999874e-01 -8.157735469580429388e-03
-2.900843527671284061e-01 -4.523037594352398161e-01
-2.386305954706858801e-01 -2.907906584031426656e-01
-2.676738639903762929e-01 4.238516648463808156e-01
-2.384986831092604787e-01 2.497876686674357360e-01
-2.603276811352575049e-01 -4.076308085166656658e-01
-2.956275603879170433e-01 3.859786812552462587e-01
-2.630368408868734020e-01 -2.649216080477967417e-01
-2.257543616918195051e-01 3.457396703272870297e-01
-2.415005182582196097e-01 1.034214697535362770e-02
-2.580264857620464536e-01 -1.209307439085922642e-01
-2.591346121671112002e-01 4.301631928946860750e-01
-2.869543016724895867e-01 1.994000160824073165e-01
-2.877374174964812958e-01 -4.997835817990631258e-01
-2.418292548519787033e-01 -2.151779006712704057e-01
-2.349052475018127417e-01 1.231787196190735623e-01
-2.766194194736576462e-01 -4.157161836123672849e-01
-2.804799298181336331e-01 1.102207831929198356e-01
-2.627568319443126521e-01 -2.860042683947427999e-02
-2.525407662204872672e-01 3.664956438916351367e-01
-2.741098928951377633e-01 4.799494967472186513e-01
-2.415356480918324777e-01 -6.104984178747241419e-02
-2.381814386207089518e-01 -1.396144984609674067e-01
-2.294460765789622103e-01 -1.451817136857157520e-01
-2.173109225650989851e-01 4.110051548075094319e-01
-2.751227522145783810e-01 3.146852672699076425e-01
-2.625543783834781708e-01 1.955031367065707126e-02
-2.146283989548152249e-01 -2.484557952385672008e-01
-2.386513058083922223e-01 1.215219714326498668e-01
-2.610605307193514246e-01 1.660899969349651784e-01
-2.530054517073715425e-01 3.902607797178959670e-01
-2.292806392037154417e-01 4.651307289352175633e-01
-2.358947007658457329e-01 6.136152725119092821e-02
-2.373368679371208323e-01 1.954734056418310217e-01
-2.688121103635006115e-01 1.922459980476118879e-01
-2.797575729889312246e-01 2.807400062460962964e-01
-2.253810144278745042e-01 5.065391828838805566e-03
-2.365852360390563458e-01 3.440280537014573925e-01
-2.387912251032223709e-01 -9.475026174879275231e-02
-2.193355352311083806e-01 2.627657813888222282e-01
-2.143751294417278741e-01 -1.077811755353622614e-01
-2.769578998890886989e-01 -4.943684174572037238e-01
-2.589127172853422643e-01 8.280446278301056839e-02
-2.162392443874121550e-01 8.089274857167783050e-02
-2.855814780996246416e-01 4.127921753590901854e-01
-2.796499437371446906e-01 4.839740063324661223e-01
-2.559095944667686418e-01 3.415381377264453677e-01
-2.155743939327438019e-01 -1.030512158942454848e-01
-2.379133516264961834e-01 2.303933088975873567e-02
-2.681490229536618308e-01 6.104756334179206601e-02
-2.287458821478831617e-01 6.884526523786183017e-02
-2.675926057891004906e-01 2.208757686071848303e-01
-2.665358099866315111e-01 -2.326850636091472024e-01
-2.622935560083645701e-01 -2.939268204293497000e-01
-2.393108729334355589e-01 3.612894206622045967e-01
-2.820124506058726555e-01 2.084212620223125922e-01
-2.356920274791823866e-01 -1.128211377258200310e-01
-2.371513030588076054e-01 -4.229600455502935397e-01
-2.701778884288682514e-01 -8.729551706927951571e-02
-2.962555873707042320e-01 -1.037397299574382981e-02
-2.914734173703755760e-01 1.820237390864987148e-02
-2.470554958815428526e-01 -1.471850107453051004e-01
-2.737665313630737174e-01 5.191233482557233714e-02
-2.325231184956276786e-01 -3.385417540173478734e-01
-2.771805070712697328e-01 2.190976022964296055e-01
-2.188110991787027837e-01 2.259000975961444890e-02
-2.636597205782419406e-01 -3.463348204602091363e-01
-2.620923218913597808e-01 6.892328243154222100e-02
-2.481829327349187597e-01 4.983560503018442667e-01
-2.897977557178955665e-01 -2.196471157408749209e-01
-2.480779964799544324e-01 -2.370967045770883130e-01
-2.150841408789867515e-01 2.201055210910242144e-01
-2.235295471795064604e-01 4.538450644142799639e-01
-2.407872476872983114e-01 6.256522065794589693e-02
-2.746897635652216785e-01 -8.057178488956939777e-02
-2.292397884942711794e-01 3.070930867599692693e-01
-2.298008340262505111e-01 -1.800252131726247651e-01
-2.538487266671045628e-01 3.107520425161980349e-01
-2.543180455092914904e-01 4.132003554979488680e-01
-2.751064139353115445e-01 -2.285498543112463032e-01
-2.649727960264846027e-01 -2.328303951299234287e-01
-2.384605931079940566e-01 4.954447041373983840e-01
-2.758424424234987571e-01 -7.389749249963084576e-02
-2.363596561192454759e-01 -4.705282700215903668e-01
-2.272388707256968177e-01 4.749899340016425775e-01
-2.492193090757123253e-01 1.598075200778492633e-02
-2.447190268506503896e-01 2.269079944193619358e-01
-2.634310757303701678e-01 3.716142795998554904e-01
-2.796663770742434663e-01 -4.305011968394284461e-01
-2.722074960480553862e-01 4.685408671126569669e-01
-2.692889752274909565e-01 4.476413597364264918e-01
-2.865130205655781470e-01 -1.293614860804691569e-01
-2.892705176950086665e-01 2.203870490821414618e-01
-2.910058802875887807e-01 1.779898620575642854e-01
-2.361978463897868030e-01 1.943814392246003830e-01
-2.629271454947064157e-01 -5.715158892963934090e-02
-2.472336852233616433e-01 -2.044261474187000216e-01
-2.960195737380408865e-01 4.691006718278769583e-01
-2.909552231140523082e-01 -6.523527174627674619e-02
-2.364461181839002668e-01 -1.541402977784467332e-01
-2.464202023306862888e-01 2.482759336749956747e-01
-2.250905233326140342e-01 3.617047607410533994e-01
-2.799132531326374851e-01 -4.359389879208297458e-02
-2.897082814385482097e-01 4.940102204653684659e-02
-2.899958552784450694e-01 2.997202070565463394e-01
-2.579408386643919915e-01 -4.050325254231260663e-01
-2.871595715322585729e-01 -2.244072124532441315e-01
-2.557217096819881519e-01 -1.800056275214608759e-01
-2.327974276411940435e-01 -4.809369505251545052e-01
-2.407528735859028046e-01 2.286086726946435776e-01
-2.893127829567131437e-01 2.966592159926978445e-01
-2.903176788608303749e-01 -1.742492373525279525e-01
-2.372231275727131328e-01 1.638770648823627551e-01
-2.391131890350967071e-01 4.248263673643409843e-01
-2.569927000115519444e-01 3.919723617672021820e-01
-2.807746560747150788e-01 3.343906355903597527e-01
-2.780106207205943480e-01 -1.148319286244978699e-01
-2.210570746824915833e-01 2.961839139133727317e-01
-2.699517037781933304e-01 -7.843487452524422476e-02
-2.679444294687820527e-01 -2.304278501150085479e-01
-2.337322734159315019e-01 2.768366025542879916e-01
-2.436075466319935767e-01 2.097857078549317800e-01
-2.567841411860395384e-01 -4.810563936096502458e-01
-2.151358184837832699e-01 -1.102136326955849288e-01
-2.157108033966250726e-01 3.106297406417534157e-01
-2.373530506345155056e-01 1.620687549541832695e-02
-2.383528189023437216e-01 -4.879947286269669116e-01
-2.146656974221144987e-01 4.615889237825973046e-01
-2.473909061623310590e-01 3.864999052349452624e-01
-2.865765281035930201e-01 -2.832721788869365653e-01
-2.591699106229961025e-01 3.592173742465540887e-01
-2.192363538935551137e-01 -3.719209677237262923e-01
-2.957357552759325436e-01 -3.748418170588091458e-01
-2.592873397335321295e-01 3.368692524815052325e-01
-2.413885121332211003e-01 -1.839139166670488157e-01
-2.855640930080430850e-01 -1.735307594130710562e-01
-2.336235293205627395e-01 3.340057038606614181e-02
-2.664101518746773145e-01 -1.803209488443839881e-01
-2.407424804843635302e-01 4.481017031009554286e-01
-2.405955710077916088e-01 5.532237234245895863e-02
-2.311116682188333327e-01 -2.566321937355474647e-01
-2.923495385025397519e-01 -3.127189588494906358e-01
-2.264946030633585572e-01 -2.969812850615691779e-01
-2.732283238870268915e-01 7.663919014889208903e-02
-2.841670709234694892e-01 2.458910951583093141e-01
-2.264250813284918173e-01 -1.375107013658445343e-01
-2.166387527654519696e-01 1.436047186114426388e-01
-2.945688439279082749e-01 -3.895908485197611126e-01
-2.267529322330411601e-01 1.282794103060096447e-01
-2.941231230256196039e-01 2.652823822594163605e-02
-2.435740588300643328e-01 -1.151182752553331357e-01
-2.922673099367542049e-01 3.840697391599183774e-01
-2.401217226204047650e-01 -3.424599818794512585e-01
-2.904077154475929179e-01 -9.144421777212463631e-02
-2.507855130891052386e-01 5.988353979714533537e-04
-2.154885213147635925e-01 -4.633399555820572058e-02
-2.383135298707916849e-01 -4.833650500674716577e-01
-2.952895724343813644e-01 -1.296367025650047022e-02
-2.848803452420031190e-01 2.976738435695921448e-01
-2.323674947241055611e-01 -4.268346556783830792e-02
-2.195310794737915794e-01 1.863690081401320198e-01
-2.304587920466392159e-01 2.772095216386947225e-01
-2.633035873421948336e-01 -2.077313026482899838e-01
-2.805035134311184564e-01 2.703987113514861873e-01
-2.857685542826703395e-01 -6.511408742183288911e-02
-2.533798607882044029e-01 4.743337417893308539e-01
-2.284560905099813910e-01 2.849938943806051839e-01
-2.598227288367498389e-01 2.292918758993477413e-01
-2.741073945009963042e-01 4.155450659653292522e-01
-2.919455033288915757e-01 3.809792743255721037e-01
-2.504170585876388522e-01 1.080922216612945075e-02
-2.644880072700398488e-01 -2.372219311247505402e-01
-2.916965527444201900e-01 -1.810962112018095205e-01
-2.949403991483332543e-01 1.344295709585213716e-01
-2.172665902977419794e-01 2.251861021677629138e-01
-2.360334344414998231e-01 -3.280833631709675346e-01
-2.490530060233041576e-01 1.585360966859576948e-01
-2.394470627250822048e-01 -4.490156088792891520e-01
-2.448124310661241587e-01 1.043606394251154201e-01
-2.560088594602260015e-01 2.143549214198527952e-01
-2.228916661652327047e-01 -1.740877706715612261e-01
-2.861045174378404887e-01 4.503171453243304256e-01
-2.662220675059432384e-01 3.383310875295350018e-01
-2.860476274708064759e-01 -1.448092639739420040e-01
-2.958516516521972894e-01 -4.304383692768578573e-01
-2.420727400979328925e-01 -4.509151410283074313e-01
-2.420705724627104649e-01 1.719602932163571962e-01
-2.194780751136187202e-01 -7.410534521145206721e-02
-2.180020442003962611e-01 2.062587237455655309e-01
-2.232703912441270644e-01 3.166192985788295333e-01
-2.824854113232839747e-01 -1.952627461574962808e-02
-2.545847035238149036e-01 3.879475017087854471e-01
-2.651954378562368930e-01 1.009282824008240764e-01
-2.199341085854514821e-01 4.159070923119764229e-01
-2.540421908743104584e-01 5.407661708995925576e-02
-2.800294318760196965e-01 4.891514943592899511e-01
-2.810667098070255276e-01 -9.213770652486419355e-02
-2.639187383694294731e-01 -4.494730121972130288e-01
-2.807057590271542225e-01 2.831284652341206076e-01
-2.893266913749534819e-01 -1.461543354691592356e-01
-2.311535193707003888e-01 -3.746775395854865520e-01
-2.621831442223503394e-01 -2.836956975453444052e-01
-2.882734221206445513e-01 4.212336649796561971e-01
-2.664508169625983136e-01 -8.915482971891053321e-02
-2.681172705683746438e-01 3.670460436244726843e-01
-2.956027117309500962e-01 1.699442738380040341e-01
-2.359794031388985358e-01 -1.350356826232284035e-01
-2.750132111138213764e-01 -3.763509736758191560e-01
-2.266745762134632081e-01 4.536236358149438042e-01
-2.836216699829028354e-01 2.894528704402064001e-01
-2.687365056581182410e-01 1.604884440486086250e-01
-2.416931679303985225e-01 1.416527369609754672e-02
-2.213910185564619271e-01 4.219328793105734388e-01
-2.837152395270574612e-01 -1.986782579241435087e-01
-2.267494531276457170e-01 -4.242665310983894100e-01
-2.476373993823814956e-01 3.108416189527415385e-01
-2.569940108318131688e-01 3.422588185197065203e-01
-2.211641379396418472e-01 1.272415781578216665e-01
-2.235518043196100813e-01 -2.751938710250282361e-01
-2.522328695004020238e-01 -2.507226878102287726e-01
-2.616278040982769060e-01 -2.155104981613762405e-01
-2.271687430318348744e-01 -2.523791399059116536e-03
-2.212430134093293921e-01 2.891955960581320539e-01
-2.891145419463876376e-01 3.893694971355424750e-01
-2.795445143849232261e-01 2.205766720352768662e-01
-2.876314309007532710e-01 1.409179633246570029e-01
-2.258466887035095461e-01 3.776002300786629462e-02
-2.304022423674342290e-01 1.570548842661046995e-01
-2.223546041848649679e-01 -2.750508241827910316e-01
-2.773261160966555838e-01 -3.194941096265392355e-01
-2.811136309998556460e-01 3.414829574013623636e-01
-2.527503417559892052e-01 4.872833637136814167e-01
-2.342028094270542926e-01 1.238851232569049277e-02
-2.882407290930403265e-01 4.017875449292477308e-01
-2.814812814369255234e-01 2.563626735779398480e-01
-2.849166499923512230e-01 2.831772550365418972e-01
-2.876086952986682821e-01 -1.618099421782264180e-01
-2.546457670179508304e-01 4.224859162973371163e-02
-2.553778724514186305e-01 -1.411911019541040035e-01
-2.922843179146259462e-01 -4.107980564853397354e-02
-2.374919527805240405e-01 1.395078677820199564e-01
-2.547864860468803672e-01 -2.399445929738552863e-02
-2.491171818349936506e-01 1.456703090852432547e-01
-2.431677062787817034e-01 2.673587924896729806e-01
-2.846584489644041760e-01 4.532566905923377520e-01
-2.861965295155215472e-01 -1.896277441933938990e-01
-2.458614350328122145e-01 -2.749971503106412030e-01
-2.716473641438833520e-01 -3.818390371354959401e-01
-2.822500387876458738e-01 3.823165132999594151e-01
-2.653505742011924573e-01 3.507336025985198225e-01
-2.300564104298746804e-01 -4.086174305672314322e-01
-2.596505027096469576e-01 3.716367859014226838e-01
-2.272614178560069531e-01 -1.683452591385146135e-01
-2.858921952343148609e-01 3.605021714805684008e-01
-2.288965708628313278e-01 -2.187988411248473763e-01
-2.166735652476218243e-01 -3.293304570468948977e-01
-2.880249273439975388e-01 4.739124719069441882e-01
-2.723962693108332722e-01 -2.511166748953307382e-01
-2.330859906543650828e-01 4.297785646080696242e-01
-2.338055288891642824e-01 -2.811119828791093234e-01
-2.514263149224881255e-01 2.747141907528027893e-01
-2.373257389772088777e-01 3.234763954462984703e-01
-2.216283658201656515e-01 -3.438664093894651108e-01
-2.638969667887138826e-01 4.591762691338534541e-01
