3.543518255176192344e-01 2.262549446473676173e-01
9.706199017044170319e-02 1.087986305658066311e-01
-2.964235445262874968e-01 2.002587842565526355e-01
1.124135633966307779e-01 -5.740755200037805928e-03
1.073891055003965977e-01 8.046524341600858055e-02
-1.844947726139705146e-01 1.980667244995132359e-01
-4.924860433970639217e-01 2.083431880543559211e-01
9.895880095384679276e-02 -3.481809920378897694e-02
1.130391728593986844e-01 6.997419096033619113e-02
1.123852500768215412e-01 4.265167544318739790e-01
4.090376132052320202e-03 2.128039443307025991e-01
-4.228049509499119951e-01 1.971631642646620719e-01
3.679243206470184102e-02 2.636525246478038653e-01
-2.238995822820688542e-01 2.465904459850307706e-01
1.345975398283829616e-01 2.573027457208016955e-01
-6.964480441433851254e-02 2.038766058185291774e-01
6.499052983810460482e-02 2.298898954830810304e-01
2.478629636955267390e-01 2.393708680194298610e-01
9.690299854332928842e-02 4.298183143630188718e-01
4.386368317922545446e-01 2.070137790835947511e-01
1.129653480811925181e-01 1.907417947744460829e-02
4.949605504109839682e-01 2.373115883310721319e-01
1.167426923536284411e-01 -4.939162953675269030e-02
1.039794533444058366e-01 5.485911968178158737e-02
-4.594080583889240676e-01 2.299272613234749629e-01
-2.177373575813146278e-01 2.073266482994144955e-01
-4.722460398395611492e-02 2.486950496663340449e-01
-1.419891251910716523e-01 2.533953530699009082e-01
3.372600596105372883e-01 1.968873740828800400e-01
1.121359447830209133e-01 -4.662204077896356935e-01
8.969040853294008020e-02 4.209424935517173116e-01
1.420858417615965541e-01 2.182186756320363408e-01
-1.692255645989090285e-01 2.547387201725677119e-01
1.260609857885163221e-01 -7.420853159206386440e-02
-3.040309727406951268e-01 2.328546814874467019e-01
9.560645189877226002e-02 4.507293207575000515e-01
1.016733416832973358e-01 -4.745913995669446273e-01
1.061786003484954666e-01 -3.999689447482590587e-01
4.492898344055719084e-01 2.022229169085124623e-01
-5.472497543573318080e-02 2.184337823015343183e-01
-1.240744297029346965e-01 2.650806370540084167e-01
1.120953842590177718e-01 -2.711908236765296909e-01
1.127289987739755750e-01 1.983405894997491981e-02
8.733531747883283014e-02 -3.379906466114529495e-01
4.145924676194939762e-01 2.502499164161947620e-01
1.151647881632090753e-01 4.155437749629997679e-01
1.474507562530557037e-01 2.145848028539916186e-01
8.435437601223683135e-02 1.704710851872951460e-01
-4.135283993110236977e-01 2.640343687949736617e-01
1.141142675711299681e-01 -4.477096498582531225e-01
2.051500325607612529e-01 1.963009582978414436e-01
1.204349637249069183e-01 -1.839447437310745004e-01
1.490311004831768038e-03 2.481423131721247621e-01
1.165406908295069099e-01 -3.173472901594824869e-01
1.055814326665138747e-01 -5.906287662283304929e-02
-6.753032297990890775e-02 2.203015014835650875e-01
1.570645316007640568e-01 2.155049989533527333e-01
1.186378408547134056e-01 -2.159391268457309110e-01
2.414206836130295963e-01 2.673821606403814499e-01
8.729004829650610642e-02 2.508655911325209376e-01
1.433969729838264762e-01 2.575862163504379909e-01
1.697814884236276134e-01 1.985137378858252699e-01
-1.260733376831011388e-01 2.376689593849750093e-01
2.093729342046403152e-01 2.519638234488121853e-01
-3.754026870656206327e-01 2.289678221176166817e-01
1.663931980235493491e-01 2.307657896847747914e-01
1.123212857984681179e-01 3.684968609996008837e-04
-3.423766019687524143e-01 2.104756253113179154e-01
4.943562229408193787e-02 2.398914693926599284e-01
-1.445704333313942991e-01 2.589130529453489427e-01
9.964276009642358822e-02 8.077873622269571285e-02
-1.285644789119098075e-01 2.026919017933671574e-01
1.139982799435377281e-01 4.186012592365410123e-01
3.660485113979183858e-01 1.970360671467097369e-01
-4.666902245846615838e-01 2.087153122898316449e-01
2.104533497663401143e-01 2.211386040526309715e-01
1.038972134977224071e-01 4.430454735559844481e-01
1.139083511920707670e-01 -4.105714302546772387e-01
3.455983697154288992e-01 2.446301431461294085e-01
-2.249538758847980935e-01 2.170573902345726003e-01
1.064838995396626409e-01 4.299734287233856200e-01
-4.091465972719329214e-01 2.309132603117628468e-01
1.134467276180709527e-01 7.581450337068695866e-03
2.886818784838625085e-01 2.449466405496711907e-01
9.034167793188341289e-02 -1.702493582023312246e-01
4.665590185161883063e-03 2.062287544647041226e-01
1.066972528438944190e-01 6.650740955053691117e-02
9.737853096199988734e-02 2.991773151791046192e-01
1.098468533818457438e-01 -3.621296536136476840e-01
1.056489294240109400e-01 7.879104416689630686e-02
2.206822854295541481e-01 2.059328328359361082e-01
4.652184472371797552e-01 2.233609904116500289e-01
-2.413477438714314305e-01 2.636992531595030442e-01
2.427194346815277903e-01 2.616724345539178653e-01
1.066297330510208585e-01 4.444296270012564332e-01
-4.164268535615700539e-01 2.355162760202678118e-01
5.166593205365932473e-02 2.372054788308057827e-01
-3.711622850054450140e-01 2.474966938767243496e-01
-4.373989691783567446e-01 2.404470445249425881e-01
-8.014388463729082979e-02 2.588653525265811606e-01
-4.236576242628015132e-01 2.486642345804916943e-01
2.923598999448143720e-01 2.355464040565309336e-01
-3.428836436293499768e-01 1.955260845321655783e-01
1.145301484272472914e-01 -4.867898879813723489e-01
8.867811077642850925e-02 -2.904737900190790256e-02
-3.998818261105753225e-01 2.120897534348730185e-01
9.444846303905085616e-02 -3.262436096229511806e-01
-1.928348319103395658e-01 2.243210929104841878e-01
2.241536115274989083e-02 1.999967905164218296e-01
4.211844940713213026e-01 1.964541008937202848e-01
1.164343753431873463e-02 2.525133841375036825e-01
1.142298564758283952e-01 -1.165375396211953962e-01
-4.426401246060686079e-01 2.164777529736705564e-01
-3.883964892609641506e-01 2.177555927571842576e-01
1.113125251315396635e-01 -1.833623891261394467e-01
9.349939775880700132e-02 1.544633481523739471e-01
9.637938392859746184e-02 -3.625556389186063155e-01
9.768544869660789054e-02 -4.676004835518468017e-01
2.881960610931211253e-02 2.175667909195436733e-01
3.281647302384437248e-01 2.613327169114898485e-01
-4.050223213578664216e-01 2.480343811018366207e-01
1.212856389135839041e-01 -2.363232318399812737e-01
9.710985959846718529e-02 3.495463126326799896e-01
3.132125916892664064e-01 2.013749382572452840e-01
-3.018178222389814591e-01 2.346322514067439302e-01
2.148196038528769058e-01 2.138538562793971254e-01
2.919558694089353645e-01 2.421131253513819637e-01
1.064529782930080382e-01 4.557290226643884168e-01
8.987566419812653695e-02 -1.008618156422131928e-01
-4.155007497017974005e-01 2.032397260548913787e-01
4.124163364128264897e-01 2.161681331957321373e-01
-1.261000501800396689e-01 2.566710563009472201e-01
-8.030064185528484888e-02 2.029965033325019652e-01
9.537438097808714765e-02 1.331553478832120385e-01
1.192042717498738025e-01 -6.579897100572795754e-02
1.034110520450787218e-01 5.068154399347868377e-02
1.005741638883800304e-01 4.746089343960167017e-01
1.070014075437646373e-01 5.492103152422078693e-02
1.112410742561553700e-01 1.271271179994675204e-01
-4.358292440249578181e-02 2.246422303477245697e-01
2.728810928332681129e-02 2.031556578301920712e-01
9.005879952932349664e-02 -1.202661750420457309e-01
-1.508005314444700318e-01 2.624902316442152550e-01
-2.464311641217327153e-01 2.500477678046286734e-01
3.191627991512309137e-01 2.176194531563035994e-01
-1.528702759867521799e-01 2.565357441566803454e-01
3.729074882025965598e-01 2.321187259403805214e-01
3.232222609302016769e-01 2.030114876209425656e-01
9.441050534298001118e-02 4.620646684950320271e-01
1.049976134993476640e-01 -3.332876413351295586e-01
9.823480293410025155e-02 -2.911521215410927121e-01
2.278387639561684219e-01 2.071594073478475462e-01
8.984881423129809086e-02 2.248459183744417889e-01
1.202144478750246659e-01 3.443539716400589867e-01
1.440606010554643657e-01 2.302955380532132335e-01
1.043547476818681430e-01 -2.593365193256452761e-01
-1.515010586613368959e-01 2.227286738472907812e-01
-1.097056053839903234e-01 2.645152917226637479e-01
4.881515297655444341e-01 2.022684719379694851e-01
-7.099249031049992276e-02 2.549965638802844659e-01
-9.893518369156950598e-02 2.505266964752891345e-01
8.721895281491265361e-02 9.813554097144172594e-02
4.526144489637529134e-02 2.364216465059731931e-01
1.062267771752283263e-01 -3.229365772944212676e-01
1.046840735317751125e-01 -4.099541314063340769e-01
2.494817765347776550e-01 2.500761650420778581e-01
9.180071541398882040e-02 2.449888756813106694e-01
3.130976232976426799e-01 2.330024910617148892e-01
-2.645456729999339229e-01 2.295074812158300892e-01
-1.871689840403800709e-01 2.101525186601719275e-01
8.935182143424036383e-02 -3.143967565272279829e-01
-3.683573572233015403e-01 2.474380198510157669e-01
-3.150888511349925203e-03 2.080239648959697485e-01
1.145204799614238933e-01 -2.293572441418888497e-01
3.531822217121760588e-02 2.288566069875562770e-01
1.087540182259504329e-01 -4.475498182948958181e-01
1.154920542171019582e-01 6.196948128284796020e-02
-3.781902670289261081e-01 2.485617792283802974e-01
2.222851974227260108e-01 2.352430192344288074e-01
8.996799185480297556e-02 -4.098603107012810387e-02
1.090791425551649318e-01 -4.599581632830180844e-01
-5.773017727301321678e-02 2.653426819684370219e-01
1.040297380929040560e-01 -4.465354317223547698e-01
-4.989873988371483771e-01 2.478058938222715835e-01
1.926552836684045644e-01 2.558739685340183367e-01
-1.646795848817483865e-02 2.519342346607892358e-01
4.743062160234793323e-01 2.071128517991162044e-01
4.048213592367839730e-01 2.401272845353592533e-01
-2.517205213624248428e-01 2.230842321764949787e-01
-2.805314260160431949e-01 2.256264361001206753e-01
4.220461411250798767e-01 2.659074032081425454e-01
1.169868315461424224e-01 1.342966243495845591e-01
-2.179441359030277470e-01 2.252548985328358677e-01
-4.208209441495539549e-01 2.460175217021810523e-01
4.144256129296135516e-01 2.000777878795423348e-01
2.837334220789438088e-01 2.128764421657201034e-01
1.065994567506698409e-01 -9.807378117467235867e-03
9.626536885591974180e-02 4.630455910716980705e-01
2.048547200600588925e-01 2.694153959341318849e-01
-4.995511235652527748e-02 2.041423215250925960e-01
4.350598004936910845e-01 2.086973066448678527e-01
1.113758769965916828e-01 1.181779719099090853e-01
-5.912423148115597549e-02 2.165366001098922855e-01
4.884978877425101285e-01 2.014896320519579120e-01
1.006125907572716915e-01 1.229099680442691245e-01
3.294980904755224760e-01 2.435651947874402090e-01
-2.294769158245750784e-01 2.560281171054979987e-01
-1.239067649732272791e-01 2.238620075091578565e-01
-4.076517851341454612e-01 2.029516994807171182e-01
-2.275566538142272943e-01 2.486990055860509585e-01
1.021116207546068910e-01 -4.943986300954297253e-01
8.421716870806394972e-02 4.919058618199778632e-02
8.473310422308044654e-02 -1.754858317441165827e-02
1.034289662492794415e-01 -1.818526320775859517e-01
-2.187273491234009715e-02 1.955270226699880043e-01
-1.677701374528605127e-01 2.269900347838220700e-01
9.866449514854680469e-02 3.688753336676902084e-01
-1.404095956677987589e-01 2.485853789285625837e-01
4.264804476324688398e-01 2.022112222761529576e-01
9.548557520081857319e-02 -1.177216474929864143e-01
-1.244909875684329092e-01 2.115853664718517768e-01
8.522845529286260380e-02 4.608754199689950593e-01
-1.955534048167325567e-01 1.963643314154703834e-01
-3.765530573940853998e-01 2.500197100535127559e-01
3.533715657128176924e-01 2.576954208371332600e-01
3.688941557465486021e-01 2.182579189894188199e-01
-3.965889059740836942e-01 2.051753465564268852e-01
8.881669615622811431e-02 1.116850958817842132e-01
4.463646131825306229e-01 2.526434859436326175e-01
3.401153340287889071e-01 2.319589853005379343e-01
-1.614444528347126484e-01 2.144223353703705870e-01
-3.622875040700936911e-01 2.042345153395220825e-01
-1.734576917113657135e-01 2.336650488561211603e-01
1.186823546433654064e-01 3.387504834286604316e-01
-1.366728885532203508e-01 2.322874640346626052e-01
4.976122843778584270e-01 2.043808133984835740e-01
-2.832205016135960207e-01 2.179700484640660907e-01
1.991602542347314930e-03 2.235501912364746824e-01
2.329388658619988561e-01 2.666431184890806216e-01
-4.235532226685878587e-02 2.055573293141788049e-01
6.970506970410350611e-03 2.299091038256343422e-01
-3.913843933174127043e-01 2.535735968645536076e-01
3.252850925877157628e-01 2.380968644440262239e-01
-4.629857257791973879e-01 2.220592187117850225e-01
-7.670504301058644891e-02 2.041187653661784562e-01
1.177905971409795027e-01 2.067822197164935760e-01
-4.226204135394687755e-01 2.563158603856440232e-01
2.961921399535670796e-01 2.623367994203308351e-01
-2.161823337056506533e-01 2.664045168709009426e-01
-1.075121272382010273e-01 1.977666361509772264e-01
-3.182773355906816093e-01 2.056440082795175650e-01
2.958067461133454534e-01 2.399684939034985032e-01
-4.841749003369584248e-01 2.223047629594134822e-01
4.563493002130974974e-01 2.646370189996105626e-01
-4.835490662245071070e-01 2.167026408464194365e-01
2.673590156081218083e-02 2.513060349648328362e-01
1.116145740008336329e-01 -1.322731328779828130e-01
2.363268880598377031e-01 2.557871304790162448e-01
4.981476606661100481e-01 2.052106690162738278e-01
8.859138818433764939e-02 -8.896538896317074396e-02
8.581570196970400577e-02 4.904768642105227228e-01
1.142158038343463744e-01 -2.161350922537065289e-01
1.493450274917309528e-01 2.286077843375132757e-01
3.665128724157974416e-01 2.203213207605388968e-01
1.249998626619356346e-01 -3.923182380479934839e-01
-6.731012497463262356e-02 2.473008971879990803e-01
7.255391647395892374e-02 2.171182347137263768e-01
3.647921475498592248e-01 2.234120620997999129e-01
4.774551763391921000e-02 2.303347194462083136e-01
1.165998893945715542e-01 3.008995255150294090e-01
8.566240676041048108e-02 3.692414039403295600e-01
1.489691961935434295e-01 1.958668822326450343e-01
1.009869090091997101e-01 -2.407106479264169430e-01
1.015910875843983874e-01 6.043168758488093317e-02
-2.484148588011504399e-01 2.322475630978679817e-01
2.403574919140820665e-01 2.684048792827444796e-01
3.165555291375484748e-01 2.585784964427949584e-01
4.329961284971565183e-01 2.071594150732092299e-01
-1.270102284060888875e-01 2.088326155525080940e-01
4.778482861643786883e-01 2.586862269530372238e-01
1.770359000726212662e-01 2.280290595528290387e-01
3.585123340722468077e-01 2.608584300084191288e-01
9.442375996687746298e-02 -3.370368139639287053e-01
8.544843567337923051e-02 3.397574366115442279e-01
1.088257944906232400e-01 1.907757890550079161e-01
1.239018496472112929e-01 9.706913490613000572e-02
2.846083010453615003e-02 2.676622387922633628e-01
4.379424190609423340e-01 2.355166881555789127e-01
2.929099412036553218e-01 1.971530392727470771e-01
-3.167627992507782153e-01 2.061229176249423922e-01
-3.309138683353833876e-01 2.335453980377178995e-01
1.013087377582033710e-01 4.339139708134157614e-01
3.380373998053780582e-01 2.452013439657619864e-01
9.984456216172543641e-02 2.718835558388026374e-01
1.589968261568216468e-01 2.033154641162264742e-01
8.348246701913164536e-02 1.126290324447638547e-01
1.557488748950989210e-01 2.352819026909530598e-01
1.778072381340644048e-01 2.521859778572845823e-01
-4.783903582638346919e-01 2.455745928413757273e-01
1.202959816609056043e-01 -1.964601989878576038e-01
-3.844419563309636745e-01 2.185516909683170583e-01
3.027668349872694176e-01 2.489691051464111293e-01
2.381235678251103494e-02 2.543982621778902997e-01
-1.697874884359938941e-01 2.655735084862028694e-01
-4.241444172342446750e-01 2.262215875853900160e-01
1.203032326758809445e-01 -4.648930018416925769e-01
1.164349080275373094e-01 -3.835474505815056334e-01
4.097800782346933124e-01 2.240374415545250963e-01
4.663084507320224281e-01 2.462890300627975648e-01
1.268932812852192615e-01 2.571370118001102822e-01
9.373391918863460681e-02 -4.042052343441049356e-02
-5.512126200218570027e-02 2.032133973788291526e-01
1.114070803157167777e-01 -3.110551176166884702e-01
1.086364950373654992e-01 4.699252200881347541e-01
8.570909125997938638e-02 4.070234780594815804e-01
9.450759595514524047e-02 4.455144200298177815e-01
-2.343002475159939868e-01 2.396028899094405640e-01
-2.737020542199770645e-01 1.978589733847001542e-01
-6.661526743415768781e-02 2.692851576402320868e-01
1.230861710083226424e-01 4.335587894467911596e-01
-1.303211931098315901e-01 2.232253011430958001e-01
1.179621096308731687e-01 -4.005669355701156897e-01
3.387719758327506492e-01 2.627437440453416206e-01
4.011984395817824733e-02 2.003970227600059273e-01
-3.200773629096335116e-01 2.337622533570387073e-01
2.497622434128921043e-02 1.950928723585308999e-01
-2.477293715286624787e-01 2.111082579309287999e-01
3.176659359720077624e-01 1.987728521596082709e-01
1.227093011557301994e-01 -4.837483689165804623e-01
2.308445827046989862e-02 2.061864276941475227e-01
2.589750972610588287e-01 2.147958410523328476e-01
3.580189834149473116e-01 2.436876543984616283e-01
1.160158284330151668e-01 3.588272905990652628e-01
-1.989034052819450560e-01 2.615043991588487104e-01
1.466542747453043471e-01 2.624143776096679037e-01
-1.472140636375302014e-01 2.551438239314225420e-01
-2.624336401760736237e-01 1.997459090883544341e-01
8.476007247720718230e-02 8.597495289840006993e-02
-3.465589321956213942e-01 2.682715741227178485e-01
1.030565171426496285e-01 4.530069042687795422e-01
3.534864264795197775e-01 2.148562914318632444e-01
-3.953078544475672196e-01 2.232137682573301918e-01
9.670834151427820657e-02 3.068874355208790483e-01
-2.589009721096861005e-01 2.279414587957232508e-01
1.025656562720617115e-01 1.606839976547838056e-01
-4.690816049451372871e-01 1.951817144324738962e-01
-2.162434545443768785e-01 2.654509940077950381e-01
2.369712787363503770e-01 2.459780879441961776e-01
1.077858399844242587e-01 -4.439929262363773166e-01
1.153509046634397794e-01 3.238249483240163151e-01
-3.170069412340121850e-01 1.996866931099429143e-01
-4.981890134864035424e-01 2.642189260398591921e-01
-7.048391478740356764e-02 2.548643352233536108e-01
-4.430422549749026828e-01 2.121916512835424484e-01
-4.701172028599810426e-01 2.561940962294833035e-01
-1.062112938473753765e-01 2.497602857904216433e-01
1.756410502266073648e-01 2.628224577649705962e-01
2.760193776716285408e-01 2.249095804482290628e-01
1.077919577746293545e-01 -4.893252682721407343e-01
4.015466927435491495e-01 2.642191300205229965e-01
-1.126896159634418471e-01 2.028458794448150249e-01
4.905283774317044099e-01 2.399298549920220180e-01
2.600050634989085063e-01 2.490184458718650573e-01
3.932019413503837768e-01 2.208255985146052591e-01
4.412586109704385029e-01 2.494407952400722328e-01
1.000060823477331162e-01 3.502130794870005337e-01
1.008203412917983988e-01 -4.586344584165426008e-01
9.177753225152107674e-02 3.905712730051061898e-01
2.092503880520858450e-01 2.365138271443896212e-01
8.855200166550158958e-02 1.475627163032200428e-02
1.020032470390532797e-01 -4.952403715919503346e-01
9.862807153147956640e-02 -3.500968352125661820e-01
9.389496253629658895e-02 -4.263937764643253026e-01
3.163372872925832580e-01 2.358475384602601865e-01
-3.780850138554803230e-02 2.323581019596928643e-01
1.000423950873172707e-01 -1.639162312217745665e-01
-4.394932317466948568e-01 2.162101957632905913e-01
9.873982012413551335e-02 1.890804030678281400e-01
1.153414975476221294e-01 1.663604627853062512e-01
-4.033599802172863624e-01 2.224622735211480018e-01
1.036052075061104638e-01 -3.141154783147938057e-01
-1.795513407557580710e-01 2.167445921423591937e-01
2.747677010256156516e-01 1.998546769680092927e-01
-7.162484460960738542e-02 2.380538947165241614e-01
9.060306772653914376e-02 -1.120915268821445210e-01
1.152613283767878194e-01 -2.166572183116328709e-01
4.582975218639482318e-01 2.545845751572890503e-01
-5.009848124075100273e-02 2.147842084511225602e-01
-2.861447423789905686e-01 2.478207147999370585e-01
1.603437414046107179e-01 2.585076415879594691e-01
9.480441175649723107e-02 -6.709272761138851404e-02
8.478685773081862109e-02 -1.294512983124707084e-01
-5.142931299415642865e-02 2.602222502421392969e-01
1.078681994544684608e-01 1.139961716854215323e-01
2.183345607237485719e-01 2.694520010167419377e-01
1.004242244866848655e-01 2.832755072312962419e-01
9.993232513512884108e-02 -3.240745736992096671e-01
4.951388116180588383e-02 2.283398888210338429e-01
1.019401334782297219e-01 -3.371754520303993363e-02
1.626596988440054403e-02 2.633582041498935267e-01
-3.155056021478256367e-01 2.600644306287545060e-01
1.843092440472217097e-01 2.589933952813389118e-01
4.955307602076470808e-01 2.204279991802391425e-01
1.062724430262355080e-01 -2.627964565116749363e-01
-2.887216027900721960e-01 2.218658140255611588e-01
4.289423792124070767e-01 2.344663645556963605e-01
-2.031474610250968427e-01 2.449025819187083952e-01
3.273467410544764755e-01 2.321777296263984880e-01
1.241802640133027325e-01 2.592233768802120197e-01
-3.170578817613410871e-01 2.582899186950439185e-01
1.005659841037359614e-01 9.892689824022882217e-02
-2.076155888417557938e-01 2.618424980373883493e-01
3.248969994822961116e-01 2.027103989550848029e-01
-7.639015023506312563e-02 2.697442225926425241e-01
5.028069312876137786e-03 2.337358378040373941e-01
1.177944833321021845e-01 -4.625795055352217577e-01
1.060839124667801725e-01 -2.809050684862106628e-01
-5.389741504822853635e-02 2.514261069916798874e-01
1.098936096626808023e-01 -4.898930731804466143e-01
-9.234584872694062696e-02 2.407253439775398629e-01
-2.629351257317664725e-01 2.460940483283117208e-01
1.163880647641112320e-01 3.978751744523932876e-01
2.773181664881385622e-02 2.633209387935697698e-01
-5.606088533026043486e-02 2.455977119820754728e-01
1.064055298744759348e-01 -1.094787683033415782e-02
9.087330590221553983e-02 -3.018606015932973063e-01
-3.978173045155797283e-02 2.573382804949105873e-01
2.135167105014701416e-02 2.467579300931135311e-01
-2.603737442520367429e-01 2.478703198986597078e-01
-3.810791789807780328e-01 2.566232935916060720e-01
2.195253769856801984e-01 2.118091614674774137e-01
-2.896982949345204839e-01 2.166536790591766515e-01
-2.729981210690137772e-01 2.412543617082487657e-01
1.122588213333597373e-01 -3.980175048329259724e-01
-3.237564821951245397e-01 2.005003315199526126e-01
-3.805134382990357222e-01 2.130628636691291877e-01
1.201812358941101166e-01 2.115003970599146355e-01
1.024904189111029984e-01 1.340936170283820728e-01
-1.040043782060182664e-01 2.011177869355872394e-01
1.224542825687766623e-01 -3.957358306042044749e-01
9.999286166262200126e-02 -2.141336060071519221e-02
8.564892803018542278e-02 -4.090812515887639611e-01
3.167696112761726468e-01 2.065598895880370600e-01
-2.017570463464212205e-01 1.946480984327889630e-01
-2.163672161846271758e-01 2.098165023996435563e-01
-2.375708721662395106e-02 2.015315835284232637e-01
1.187733566929942697e-01 -3.566192884356215176e-01
9.524713383063787564e-02 -1.668280031241353711e-02
-1.953970955113168984e-01 2.315336548584077114e-01
3.655626660142631268e-01 2.655158242284524350e-01
9.303394705634893125e-02 -2.137749516051096199e-01
1.185395143811547314e-01 1.677364492858867129e-01
1.661836173850402831e-01 2.477493764430632739e-01
1.169265624064633746e-01 4.119631929818307059e-01
1.247511411871004006e-01 1.787946299809120010e-01
-3.329609705822582644e-01 2.121912688387268542e-01
2.556355967365545601e-01 2.303047568627355490e-01
4.203650545864853205e-01 2.213422391631207908e-01
1.257447989897113594e-01 -2.279800029975074249e-01
-1.968089078695292038e-01 2.367307223519811155e-01
-2.332696419036270896e-01 2.089049617410414506e-01
3.877595490413185964e-01 2.265375922761367899e-01
1.111132386482889256e-01 -1.008689447560484620e-02
1.167642731770225373e-01 -1.544888917941764639e-01
1.235315715319197372e-01 -1.165829870273771274e-02
-1.784480641098462605e-01 2.171306046499255071e-01
7.417217408897502917e-02 2.046162464933475311e-01
-2.752118532850833521e-02 2.614341813157965433e-01
-7.749049732303459059e-02 2.552978385852041621e-01
3.265793195027495432e-01 2.490804157782543493e-01
-3.414624754254709238e-01 2.012646158243480699e-01
1.025369914405108718e-01 -3.809549470198779764e-01
1.081618734803355686e-01 1.830017883632827358e-01
-4.823177430476580652e-01 2.178286906405964007e-01
2.238528564746301575e-01 2.168814375570941033e-01
1.238038897954143458e-01 -1.682236765534985690e-01
1.409476566584589863e-01 2.055887616757781089e-01
3.596552244703520307e-01 2.212667051745815794e-01
-3.909576063367137255e-02 2.395019477085550408e-01
4.690520035096851226e-01 2.583665616146590960e-01
1.197302059648784889e-01 1.851825760073443350e-01
1.024586761167111115e-01 -3.510971089460890315e-02
1.229275799971324412e-01 4.314801140584851868e-01
-1.186754942583567729e-02 2.287826584977691313e-01
1.113662363254691590e-01 1.985197116994660282e-01
9.088760913214977144e-03 2.317902166665858354e-01
-4.529452261115860523e-01 2.416820312631456913e-01
-1.561935619269153586e-01 2.703202203225439915e-01
4.316189013543449970e-01 1.994804370731420029e-01
-5.542371231344767057e-02 2.350677919513143310e-01
1.137593439988682231e-01 3.698570693570297774e-01
4.886028646462772240e-01 2.527309269157789196e-01
-6.161623803580584813e-02 2.042921641769341878e-01
8.664834384989428262e-02 -3.506680512204178868e-01
1.259128169806705833e-01 1.899604520147015752e-01
-2.648358172733839000e-01 2.515095435565567472e-01
3.298216670829224872e-01 2.693931554381222560e-01
8.893253346135021609e-02 1.820423491085105816e-01
-2.871260367539019143e-02 2.086773267704521428e-01
1.033731700319411306e-01 -1.408640244454880674e-01
3.034143884207917141e-01 2.194912390648738887e-01
9.454633169095427725e-02 -4.329163430217575215e-01
1.590598655872946798e-01 2.363937577371700849e-01
1.478612379642407770e-01 2.047446481186344647e-01
-3.385530163166754480e-01 2.181962206978854679e-01
9.765801869096846222e-02 -7.650821231037330250e-02
8.885090172766096916e-02 2.281315627981492788e-01
2.063656738306922644e-01 2.137772058976062928e-01
1.192209245825488484e-01 8.707569635243972428e-02
9.721002972526582298e-02 -1.580264634461204798e-01
4.283291693578727966e-02 2.146759795533058623e-01
8.614155180405747014e-02 8.479507612501102631e-02
1.075763750344284064e-01 2.209974619556795972e-01
2.503249244482724789e-01 1.954215102544244465e-01
4.286389041646299081e-01 2.338736564887888836e-01
9.890901278342445480e-02 -9.946617734121465659e-02
1.009210014163868241e-01 -4.949858218385343456e-01
2.717139340769768596e-01 2.081030379654454920e-01
1.060126667587865112e-01 4.035106232885652400e-01
2.363628856569456316e-01 2.580032524479543010e-01
-1.656134813914224013e-01 2.467281788244919394e-01
-4.059951609493157587e-01 2.466756026779237665e-01
1.264776146607896612e-01 -3.551939109702801911e-01
-1.984569420261235173e-01 2.388977253066205675e-01
3.560671307459565282e-01 2.129657290892515986e-01
8.384762801981215929e-02 3.310779138294585033e-01
-3.496649207603922394e-01 2.527792574144094306e-01
1.263654003112812951e-02 2.220148766995848622e-01
4.568435117995048866e-01 2.410529496281873518e-01
1.005927653895294371e-01 -1.427145988472109384e-01
2.980419868520017834e-01 1.972645464521557424e-01
3.230812644702776293e-01 2.611727639273445645e-01
-3.514571346272493679e-01 2.578090079000178170e-01
-2.741684597088370756e-01 2.537114830799972465e-01
4.662682114461472738e-01 2.457047663503681978e-01
-9.671417578660324033e-02 2.528589231249499525e-01
-3.373338768625865347e-01 2.691899458467954531e-01
3.107128558718419420e-02 2.690015503310414502e-01
2.475658076624150938e-01 2.589928826495864200e-01
8.386879006018277405e-02 5.315722439663594923e-02
1.132382137812615319e-01 -4.076702017277625822e-01
1.131494074089727242e-01 -4.972094197320897635e-02
-3.025493606295460713e-01 2.214481258815848008e-01
1.149910320161621202e-01 4.839613975269108082e-02
1.476842601103692809e-01 2.250007600579682077e-01
1.056605091264752883e-01 -3.792226256242380300e-01
4.003017147562859535e-01 1.960024779041978915e-01
-1.903051844545463611e-01 2.017619534183474617e-01
4.123572268836528387e-03 2.016374826196641878e-01
1.935234410454317322e-01 2.378453611571487158e-01
-2.284718528532431181e-01 1.963770905431300173e-01
1.203273959026393003e-01 1.665625920268037907e-01
3.329860307114371754e-01 2.179456842877092182e-01
1.262762090101905432e-01 -4.502936602981510994e-02
-1.733447447371816441e-02 2.235695984084448140e-01
-9.400547545663029414e-02 2.004353429261217512e-01
4.123916694435536545e-01 2.630660984016240933e-01
1.219861722191620812e-01 -9.542548653412186166e-02
3.456594474473351220e-02 2.130322827338914093e-01
