-3.291403348132390105e-01 -1.288878568498860178e-01
-3.223842048953370343e-01 -4.304375629279287852e-01
-3.508436336964393387e-01 -3.509222524894104467e-01
-3.395711388966260458e-01 1.600427816375240564e-01
-2.901125840431344471e-01 -1.153056153938412098e-01
-3.462339735290321796e-01 -4.569108301652952120e-01
-2.821952648735828184e-01 4.703506006221590541e-01
-3.400407142034552743e-01 -2.881991271263815158e-01
-3.056171272003015416e-01 -3.553056401781200524e-01
-3.240156223529181423e-01 -3.505919124311784874e-02
-2.857770548916270803e-01 4.457094265866157201e-01
-2.779132831845059215e-01 -2.284120554432856887e-01
-3.064004673426307113e-01 -4.883082949572055131e-01
-2.854140513515580624e-01 4.582600112690186078e-01
-3.514287152516260004e-01 -2.046812116573007989e-01
-2.776557850488802215e-01 1.047043489251727744e-01
-3.327684424249569561e-01 -4.815349410137410580e-01
-2.917783748353627304e-01 7.708568393094561433e-02
-3.180846814152623603e-01 5.830429867014386147e-02
-2.897557221889515144e-01 -4.665725562760557610e-01
-3.381109155274580891e-01 2.535375785786865288e-01
-3.053538435889940894e-01 -1.918187582355694865e-01
-3.364904402798049032e-01 9.654908438130227477e-02
-3.562611311330966535e-01 2.775731620706018976e-01
-3.263660857481094357e-01 4.563665758814926532e-01
-3.558274649202191053e-01 3.040734017507773501e-02
-3.409239362369261839e-01 3.577655526380665307e-01
-2.927314974528295588e-01 -4.479296652588380390e-01
-3.500886783977242844e-01 -2.820632075489115653e-02
-2.995743020894687803e-01 3.145114529824424299e-01
-2.977700770885959303e-01 1.148459910995082156e-01
-3.213474468047353705e-01 8.656613106205035546e-02
-2.828789747483377859e-01 -1.971560472935754982e-01
-3.355371404805194135e-01 3.061416911912451244e-01
-2.799821698759855648e-01 4.318832524444202736e-01
-2.618024447699313084e-01 -1.189859616224938632e-01
-2.693590024814791484e-01 1.361060764046090332e-01
-2.743937304507517716e-01 -2.683737851482248526e-02
-3.075259818388760280e-01 1.458265905460349732e-01
-3.503101378750606010e-01 1.942778870747093878e-01
-3.200939460204896836e-01 5.184969360109259462e-03
-3.228736322232933498e-01 -2.873719236390392950e-02
-3.446026041228343884e-01 -1.649622834025332718e-01
-3.593130692233428292e-01 3.629892347986871659e-01
-2.944034542868511073e-01 -2.163356933455106157e-01
-3.463321646088075578e-01 3.280814878798041789e-01
-2.763907406013830226e-01 2.496683745914174413e-02
-3.410435689972015627e-01 -2.419990900920602206e-01
-2.971229933847336913e-01 3.082492281624535924e-01
-2.721698910713818975e-01 -1.244222687686979967e-01
-2.720097851835486802e-01 3.550206493779619610e-01
-3.037166037930774110e-01 -1.690823145334900968e-01
-3.015840106240781360e-01 -4.535921773401846435e-01
-3.215026699264378340e-01 6.197773234208980853e-02
-3.160315876105973532e-01 -2.684397903357312876e-01
-3.361468936539590002e-01 -2.875610906524994625e-01
-3.363136744536772138e-01 -1.838444720765941565e-01
-3.331894735684249875e-01 4.236629462593943796e-02
-3.352573424663658486e-01 -3.544546732982037929e-01
-3.513647210050988567e-01 -4.938296576844196650e-01
-2.717619181202329814e-01 -4.733683753558219909e-01
-2.617404491380940224e-01 1.029715048775107222e-01
-2.900157471612566651e-01 4.024262158371916254e-01
-3.249745462322565226e-01 -4.506356491777111506e-01
-3.389806541071220813e-01 -2.168475864121395258e-01
-2.683871453470616508e-01 2.237894119289116635e-01
-2.932987718727461113e-01 -1.968128395249932883e-01
-3.153228125298225271e-01 2.522939384425459952e-01
-2.951367904035088197e-01 4.268464540413128283e-01
-3.164661266850016252e-01 -3.745160661157931337e-02
-2.854335723949626979e-01 -4.278866232457523289e-01
-2.977398191012667894e-01 3.495121966292568105e-01
-2.749292230158297823e-01 -4.207313585200712636e-01
-2.693303340084785003e-01 -1.185109899505950581e-01
-3.524259010123083069e-01 4.801223843972168837e-01
-3.159783000160913957e-01 3.180193477627174525e-01
-2.925073849064339093e-01 4.263024714470758925e-01
-2.771159887761516227e-01 -1.941531234106410597e-01
-2.894590068169603514e-01 -2.276027957415464043e-01
-3.127816944473803540e-01 4.093536388951971583e-01
-3.062372284483237950e-01 -9.522238538003269248e-03
-2.860273708987539631e-01 -1.219805289078190746e-02
-2.922109854477286106e-01 1.033050027976831764e-01
-2.986990511584930452e-01 -4.280882108125507735e-01
-3.067194072596478582e-01 -4.293775744128506267e-01
-3.266654130180047799e-01 -2.472622975205721607e-01
-3.321304343127529091e-01 -3.651958169332990556e-01
-2.955919069907412267e-01 3.824446867686774887e-01
-2.976505927191356315e-01 9.430762815875259886e-02
-2.688215765511383637e-01 3.004827378269975258e-01
-3.146271103140725334e-01 -4.099117963079009774e-01
-3.125707100289085716e-01 2.056506505217204905e-01
-3.133307636003480612e-01 1.005900371631961443e-01
-3.423069792787842847e-01 3.436347141671649563e-01
-3.275862090147058092e-01 4.996685760236506679e-01
-3.537788913292378989e-01 2.001053120296790722e-01
-2.899471788001508621e-01 -2.046836833763718833e-01
-2.648165123618220207e-01 -4.820686334626700376e-02
-2.839341710724124779e-01 3.518041928386345107e-01
-3.042661003751375715e-01 -2.226570275862211901e-01
-3.160997139825315605e-01 -9.760521524079535105e-02
-3.246714292897159293e-01 -3.252308602954746553e-01
-2.660239136950249828e-01 4.090655128848603717e-01
-2.652089163365349833e-01 2.264477148133493545e-01
-2.760903968392567354e-01 2.927953174400451664e-01
-2.780154203632323462e-01 4.942256223087201361e-01
-3.077169551703706762e-01 1.565007790128853937e-01
-2.796277567473625103e-01 2.613477968697482945e-01
-3.467627695336217286e-01 -3.152760979754865023e-01
-3.252641074088635786e-01 3.134010486024074726e-01
-3.223981381518050693e-01 -3.302199179416615005e-01
-3.179143288267244349e-01 3.424748252663110115e-01
-3.215365591605067186e-01 4.006583263995855404e-01
-2.822097815776006824e-01 1.924961477509936625e-01
-2.851129289445084591e-01 4.732773743460259031e-01
-2.832630852479017802e-01 -4.144803941422526838e-01
-3.112444540173631147e-01 7.216992913216146999e-02
-3.331789673966085719e-01 2.903570908249447635e-01
-2.835736231040201227e-01 -2.657256353406290961e-01
-2.843446711244042024e-01 3.231965355204557966e-01
-2.747863808315802459e-01 2.522977224125598772e-01
-3.398057090522764723e-01 3.673812054071154964e-01
-3.465778465918840645e-01 -4.429024222257418320e-01
-2.982760407632248922e-01 -1.269319797136521100e-01
-2.984158587579150979e-01 4.375694438768366057e-01
-2.965603380535195566e-01 1.508962022789664958e-01
-2.831033805117809665e-01 1.723695311311591594e-01
-3.486165883082378292e-01 3.629265815644298065e-01
-2.917583370929076603e-01 -6.587027437119619133e-02
-2.792758667545882645e-01 3.442896414892360202e-01
-2.699320731736938317e-01 3.326457316733615333e-01
-3.434486451905713889e-01 1.056669255575652944e-01
-2.944406354017449212e-01 2.682733218334963921e-01
-3.256076114879589145e-01 -2.693176278800857304e-01
-3.265513123694193665e-01 4.686800830185015032e-01
-2.924015917642942552e-01 3.069149675054975157e-01
-3.544874986497282832e-01 1.989102162564736487e-01
-2.986452228176678103e-01 -4.200546242724256807e-01
-3.523538241648965785e-01 -4.479956386832566473e-01
-3.400914562927093154e-01 4.530037129314935518e-01
-2.827810485681625519e-01 4.874033261458350363e-01
-3.459642106529891015e-01 1.178031484458941236e-01
-2.912354999415762702e-01 -3.727652283837568081e-02
-2.717577738592727998e-01 -2.930499269894993875e-01
-3.272755646797906870e-01 2.352946641566568964e-01
-2.646376137533922313e-01 -3.202544640939799514e-01
-3.343177304273514672e-01 -3.374592275375900563e-01
-3.092585615029138646e-01 3.613272389081335634e-01
-3.506761088546935801e-01 -3.998308274264855688e-01
-3.426982934448438156e-01 -4.367552427192059605e-01
-3.021896313233842779e-01 1.799182721816972030e-02
-3.058797991080171030e-01 3.846994751050412109e-01
-3.194933918078146640e-01 8.994840568784934209e-02
-3.162156700941365362e-01 -8.518665176284301310e-02
-3.156172048185277301e-01 -1.874276839443433929e-02
-2.983229802556391919e-01 -1.196743781932093631e-01
-2.951301852142197424e-01 3.805945772268527483e-01
-3.500174940082981800e-01 -4.289303106795324672e-01
-2.850788390463272481e-01 -2.845841704835019303e-01
-2.960430730186252024e-01 -6.787314286700296684e-02
-3.455454474112900076e-01 2.327278155685231775e-01
-2.933140752828979902e-01 2.173262901262510427e-01
-2.693932388875189821e-01 1.593688196516986899e-01
-3.244990968314227509e-01 3.800247552148746655e-01
-3.041467483852495768e-01 -4.199725405504596276e-01
-3.185968851570634142e-01 3.498518579738584267e-01
-3.172067615580049793e-01 -2.205788508697767991e-01
-3.560651175428067861e-01 1.035640536745543461e-01
-3.003354963488621410e-01 4.520947829524402106e-01
-3.464308386559460384e-01 -4.145671596034207207e-01
-3.063929006893323370e-01 2.279722693672786571e-01
-3.530074495090743669e-01 3.062732921385649121e-01
-3.194448658657463858e-01 -7.321897610669292344e-02
-3.358924844741639770e-01 -6.659982798802654980e-02
-3.223628068064440244e-01 -4.283185772686172177e-01
-3.356734215328037729e-01 2.882949071625519055e-01
-3.373480655128122674e-01 -3.916780487296728230e-01
-3.458078021462127616e-01 -8.980167803906324853e-02
-3.213985623124632207e-01 3.145417134472290321e-01
-3.421098901655538205e-01 4.615015943446760804e-01
-2.787619303928893233e-01 2.915071540117191162e-01
-3.342811775300663646e-01 4.894109645515577478e-01
-3.418608760766235211e-01 4.012507424685521906e-01
-3.489001901463598676e-01 6.164778028615447436e-02
-3.089980786249465483e-01 3.172012640805865757e-02
-3.048843946171291286e-01 -3.964469939671695364e-01
-2.735023112976472381e-01 2.743247028012858468e-01
-3.561264537205907077e-01 3.256163075598937917e-01
-3.424639559341779993e-01 -1.963795136991774992e-01
-3.459088622946252523e-01 -1.684127246750434237e-01
-3.557809994841040213e-01 -1.961569688318723914e-01
-3.246734308706571426e-01 1.823019633412831242e-01
-2.760447348315956395e-01 4.589718404144175201e-01
-2.742244793595426389e-01 -4.068704324064857936e-01
-3.164166952293578916e-01 -4.470996413469374708e-03
-3.486922249970920706e-01 1.794597234118747719e-01
-2.658446401657608149e-01 3.048066909759480358e-01
-3.245157413521495560e-01 3.782448238905893323e-01
-3.276146291798315291e-01 4.896658812613624567e-01
-3.380065885253976665e-01 -1.542510186558238017e-01
-3.427473488598427043e-01 -6.057540236727831928e-02
-3.512361300283928234e-01 -4.588304209817458679e-01
-3.266727883581039826e-01 3.966889280828866937e-01
-2.840752570003427513e-01 -3.599993437156169263e-01
-3.488273999291929828e-01 -7.467204085635836819e-03
-2.903823260450907329e-01 4.084238930332676487e-01
-2.770124618108413816e-01 1.923727039112724801e-01
-3.107974198502919672e-01 4.424397929237463556e-01
-3.157284979464173302e-01 1.638503030033168217e-01
-3.055181607216443940e-01 9.984535934386551403e-02
-3.073468270624042376e-01 6.807967148224747245e-02
-2.917382226489292352e-01 4.677771224025240038e-03
-2.831070985467643020e-01 4.590336885549362034e-02
-2.855013664885882596e-01 2.082496640748029426e-01
-3.264723198293524309e-01 -1.453949512667160882e-01
-3.525754213022201933e-01 3.094427480603507696e-01
-2.729605010714428737e-01 -2.317882350738036390e-01
-2.840010517187040451e-01 2.105471997380741200e-01
-3.010281733895904255e-01 7.121370224259726545e-02
-3.031603729926506396e-01 4.184895950969395040e-01
-3.330632263165825835e-01 -8.039512586600316979e-02
-2.670872158196196944e-01 -1.023117099473360714e-01
-3.016148125906377153e-01 4.568208058574085850e-02
-3.204489287602330094e-01 1.581295201788299742e-01
-3.460609757125383545e-01 1.869333029518638334e-01
-2.902484077348381764e-01 4.013134025424448525e-01
-2.779428058866292295e-01 3.154898311615457196e-01
-2.813646703029134555e-01 4.269747890619713937e-01
-2.688996770151190763e-01 -7.900970068072998842e-02
-3.106759680985226035e-01 -1.559310993660255606e-01
-3.177594164327288695e-01 -2.947034564262681622e-01
-3.006650109291121309e-01 2.469952266400883278e-01
-3.052877028973847162e-01 3.552853372260746934e-01
-2.783940832183282588e-01 -2.989354120068236087e-01
-3.263076282418150287e-01 -1.068122162426023980e-01
-2.686321812926925068e-01 -1.010429411259068377e-01
-3.078999791383898454e-01 -1.242960869703159110e-01
-3.233774661174730891e-01 -8.053029102078690382e-02
-2.998815442483361293e-01 -2.418896330731856725e-01
-2.856657235099184788e-01 4.369226622184185782e-01
-2.932892187919584615e-01 -3.544806231795978313e-01
-3.209336458876660414e-01 1.930845594931627218e-01
-3.197247700545676752e-01 -1.473557471478482706e-01
-2.991990199030510889e-01 4.915979492789921412e-01
-2.912784366231666588e-01 -1.937376545257066818e-01
-2.974654135041756575e-01 -2.531708890476993545e-01
-3.233992533676339765e-01 3.217725215560853780e-01
-3.337181976914422865e-01 -1.120972952243689535e-01
-3.582766220805864155e-01 -1.514775045612200000e-01
-2.895737406924542290e-01 9.931523442227663256e-02
-3.064753567976271631e-01 -2.382267597469622800e-01
-3.413579414933282097e-01 -7.252437952125290188e-02
-2.926397073007092065e-01 4.180447352961800256e-01
-3.395919664852076192e-01 8.163268140649715399e-03
-3.219059675431942269e-01 -4.168776695196495519e-01
-2.971590011249035657e-01 2.879458282670729341e-01
-3.127683380934352941e-01 3.951667308012513091e-01
-3.332796725766938861e-01 2.056093658053765871e-01
-3.007676161606041010e-01 9.003015045451312481e-02
-2.902702342281596737e-01 4.149224010547842845e-01
-2.725139131762287503e-01 4.128148587034647932e-01
-3.272019925088502923e-01 -3.574226673864279169e-01
-2.968851741596203464e-01 -1.392497870061903953e-01
-3.430636060226311956e-01 1.900709209871840333e-01
-3.322067902386112159e-01 -2.323785973992921194e-01
-3.480825502060681531e-01 -4.906181065809778197e-01
-2.846451583696899545e-01 -3.656049000215851885e-01
-3.346104572287527112e-01 -3.004655809871635830e-01
-3.177137052503388182e-01 -3.877117282628814721e-01
-3.335536992879426510e-01 -2.140592517422342800e-01
-3.532564228725928457e-01 2.565687342342705124e-01
-2.991089398814162914e-01 -9.832715866720465048e-02
-3.047063565078478309e-01 1.665678902758629398e-01
-2.713225632429958623e-01 -2.462203710049946093e-01
-3.334287898062049393e-01 -2.417760842029869073e-01
-2.654490332256080887e-01 -1.755079754948035697e-01
-3.213146303210656640e-01 -2.372482207918211738e-01
-2.747248923398911691e-01 4.014280254071519449e-01
-2.662985454868491697e-01 -3.528055133884939742e-01
-2.960494278673854174e-01 -2.904978432314830883e-02
-2.733481937305258791e-01 4.761851050507455163e-01
-3.499007292128248903e-01 -1.584402944681687631e-01
-2.709107431040628233e-01 6.874796920107573150e-02
-3.277851008064204263e-01 -3.606129225342523670e-01
-3.227292462126009065e-01 -1.789707604278073516e-01
-3.464367208210364923e-01 2.169786528376982382e-01
-3.402654473622436226e-01 -2.123663961174994119e-01
-3.439885251766866547e-01 -4.375447008482412636e-01
-3.204519607578965035e-01 3.038332563817514043e-02
-3.533692444694761514e-01 -2.566441368261912492e-01
-2.969623834172644417e-01 3.664570196943949254e-01
-2.869945466941721257e-01 3.149166851534317413e-01
-3.118842437235528342e-01 1.276712520633216386e-03
-2.617413911708644791e-01 -1.993358003702844217e-01
-3.096889177545706362e-01 3.728391246925000235e-02
-3.164704728297484948e-01 -2.178465388221992871e-01
-3.113099667765062417e-01 -1.798918578932873213e-02
-2.631027854882744821e-01 -1.869681824874823706e-01
-2.868731552540625396e-01 8.226453060029026432e-02
-2.671853530028920343e-01 1.765857850738343782e-01
-3.249548811561049355e-01 4.831663426321395338e-01
-3.158843793559283908e-01 3.071227355219690036e-01
-3.238693239301426718e-01 2.708242076219014027e-02
-2.621007485626578593e-01 1.132481112108699728e-01
-2.817705190975154927e-01 3.200495029897403310e-01
-3.014125762920603080e-01 -2.224218949290310832e-01
-3.045614739808865101e-01 3.968840420990101814e-01
-3.280558806698204988e-01 -3.375096147690829218e-01
-2.685364028506653788e-01 -3.292772164866546447e-01
-3.314829894729461879e-01 -2.000516182301815826e-01
-2.760331071700471428e-01 1.166526344707023988e-01
-3.449221677731432179e-01 -1.641945276127187991e-01
-3.045087788107782023e-01 5.259831969295358789e-05
-2.993707799700892069e-01 -4.551697822285275530e-01
-2.690379209477266054e-01 1.833009681593585904e-01
-2.927706599721948688e-01 1.980876615145787945e-02
-3.337170030780475249e-01 -2.771351254687481891e-01
-3.445656683692821520e-01 1.399064503792836200e-01
-3.153052187758190739e-01 1.827591815471968362e-01
-3.240021639725083613e-01 1.000288289318272961e-01
-3.201678092581390356e-01 1.546592417329545333e-01
-3.452698718336207895e-01 -1.497845497705925233e-01
-2.901622307054492200e-01 4.615200666758083603e-01
-3.305716351132461650e-01 -1.822509905798150864e-01
-3.283840904149142315e-01 4.014155380451183142e-01
-3.535881525718335139e-01 -2.588147473406140486e-01
-2.976477355338074116e-01 2.671338597021171157e-01
-2.885083032508748424e-01 3.539763434013295518e-01
-2.869818177157565930e-01 -4.324729523193606706e-01
-2.789975632302857944e-01 4.292759930998825135e-01
-2.764398144786965883e-01 2.957916307401923239e-01
-3.515327461435253653e-01 2.654897230524053686e-01
-2.887930426694045316e-01 -4.436853260414371780e-01
-3.324371394255699608e-01 3.922916762315615813e-01
-3.531244915757375535e-01 4.728818182311974594e-01
-3.354730921850875847e-01 4.812252445545550650e-02
-3.065876545914829610e-01 6.650778770981413679e-02
-2.865636374930504715e-01 -1.337383223896234652e-01
-2.797913328888497198e-01 3.548776941636979654e-01
-3.250970259660306283e-01 2.823142235807640787e-01
-2.843252644794828088e-01 -1.433122016372275764e-01
-3.274381589728077024e-01 -1.850705048740648451e-01
-2.679081115179343664e-01 -3.035170756161678085e-01
-2.965526052641351828e-01 1.722138195408589034e-01
-2.822726349518166478e-01 -6.472838074583542323e-03
-2.668179779592002587e-01 1.236720593878323227e-01
-2.980299621247113340e-01 1.332569227096567221e-01
-2.942892187099170886e-01 -1.515337422950288060e-01
-3.590500756845826924e-01 -9.246479882295055575e-02
-3.544825751819024040e-01 4.830277624764911515e-01
-2.639243082694769926e-01 -1.663702672509632663e-01
-2.822200771596781177e-01 -3.155596614986433401e-02
-3.362918388426759941e-01 4.773673035683878574e-02
-2.798194492530881039e-01 3.182365018218308306e-01
-2.680596987623183880e-01 2.789707253977478096e-01
-3.096698168242201232e-01 -2.470318069186783205e-01
-3.588502670777166115e-01 6.518286808251450015e-02
-3.459219035389744512e-01 -4.982816322999590319e-01
-2.834346575072484997e-01 -4.733828091568370589e-02
-3.303114566176621469e-01 -4.620141560991171126e-01
-2.772945201417656991e-01 -2.938726741757095029e-01
-2.964394427069633187e-01 4.606420718304429229e-01
-3.547874776039354749e-01 -2.505455278167676436e-01
-3.579031302139151771e-01 3.526852500606576513e-01
-3.113933050956324555e-01 -3.069523264012007369e-01
-2.962896023386999422e-01 2.574942040260391751e-01
-3.028860824891733694e-01 4.814754736842951077e-01
-2.813392276645761969e-01 -2.321135362308814898e-01
-2.842897507438153504e-01 2.877538953579745762e-01
-2.765080863731770311e-01 2.327773244197588465e-01
-3.547097976052802082e-01 -3.551773255372032700e-01
-3.361622732368519939e-01 4.035648915268269521e-01
-3.341983301511111115e-01 2.975432181006246735e-01
-3.412911617927973928e-01 -1.809437772964735958e-01
-3.305252007956722693e-01 9.351600620471400838e-02
-2.964138641804592300e-01 3.940863300582262418e-01
-2.772552655284670209e-01 1.921308882632465354e-01
-2.883029420986460423e-01 4.590592764376177914e-02
-2.817988005333021961e-01 1.115829749880259403e-01
-2.932358263832312018e-01 3.557390967347050514e-01
-3.210923371777644197e-01 3.337064153134172706e-03
-2.718540581571493586e-01 1.788714902437491538e-01
-3.281665857856981283e-01 3.288904354998937185e-01
-3.189094302775643541e-01 2.889980691854961981e-01
-3.017107898254189902e-01 -2.716791659736494946e-01
-3.563046507863205647e-01 -2.982358812695985462e-01
-3.493247190512175360e-01 4.493352336426118532e-01
-3.073189364183501748e-01 2.852020153998062746e-01
-2.880335389526518242e-01 2.070927778422160248e-01
-2.979005759301261991e-01 -4.082137870051179007e-01
-3.090585579374567349e-01 -3.194262175973361373e-02
-3.477799494663005309e-01 4.147696056050439450e-01
-3.525089331844124541e-01 4.007473070609380850e-01
-3.054764227931339171e-01 3.475876191838686013e-01
-2.814529372595589995e-01 2.478651841119250410e-02
-3.303986160625714819e-01 2.037365578114380682e-02
-3.115679883052735466e-01 -4.113065767197118250e-01
-3.480007868085129852e-01 8.151650439933566528e-02
-3.306001695882389013e-01 8.136467817487980092e-02
-2.714850337444050243e-01 -4.752632601158236492e-01
-3.484902741616758837e-01 -3.022430048093638355e-02
-3.126808156867099120e-01 1.940183142182549947e-02
-3.104317690452963463e-01 -1.787593517909028540e-01
-3.028870196280930571e-01 3.968333052614338996e-01
-3.216001009744589023e-01 2.619670977627424069e-01
-3.571913928714608444e-01 -1.813687405981186940e-01
-2.946166236937798333e-01 4.367808779387760687e-02
-3.249697808033661373e-01 -3.487402773661404387e-01
-3.178495284540480137e-01 -1.449963165107818197e-01
-2.758880948671648126e-01 1.339272021309795280e-01
-2.652747580037613240e-01 -2.258080275218057320e-01
-2.759653459628579331e-01 -6.831442659933373296e-02
-2.748720619668489906e-01 2.541370457538140171e-01
-3.043130326096098459e-01 -4.093880731925461092e-01
-2.730492463822057347e-01 2.930670452228925082e-01
-3.513849976304024292e-01 -1.990189438866301064e-01
-3.359240444296088812e-01 -2.201160284747518681e-01
-3.209877466676138713e-01 -3.967564963316070337e-01
-2.812726707398626180e-01 1.430581600258759023e-01
-2.887193290574554538e-01 1.838283833402322154e-01
-3.016463922235255168e-01 -2.148581404584427590e-01
-3.371444025906660258e-01 -8.307571668573365820e-02
-2.740590936294329261e-01 3.599968355042083568e-01
-3.008035877263418589e-01 -4.593785568440836853e-01
-2.772714136372073090e-01 -3.347963116598007272e-02
-3.391531786195451925e-01 -4.904833216598718515e-01
-2.778641152569415462e-01 -3.936503506855133505e-01
-2.759585389289924695e-01 2.755174435641880581e-01
-2.734672554445243264e-01 1.083314240237419623e-01
-2.789199799803578905e-01 -4.435479536858677463e-01
-2.814579572348483438e-01 -1.305397919337133450e-01
-3.389230169560204509e-01 -3.683161661275354826e-01
-3.354768883930207002e-01 -3.455773428801306446e-01
-2.663997395939271540e-01 -2.523231169200688129e-01
-2.799205760481323635e-01 -1.136120812800481827e-01
-3.348144619422176449e-01 -2.260080400097537190e-01
-3.072573562729711272e-01 -1.578650311096495562e-01
-3.174909037208304419e-01 1.919105550532749227e-01
-3.370721867630008806e-01 -4.448880367778698108e-01
-3.318773363420627343e-01 -4.491921282936437443e-01
-2.659406718317338658e-01 7.013813639562949120e-02
-3.374811352596983616e-01 2.954115949936625407e-01
-2.638727241229822384e-01 1.118683202218828665e-02
-2.878396310276942760e-01 -3.060232141446692644e-01
-2.848070258424264534e-01 2.697502704446619326e-02
-2.906768580626372112e-01 2.232217666748137486e-02
-3.238551262105611173e-01 3.956060130626118942e-01
-3.584495252529980025e-01 6.857436447285480963e-02
-2.645305044288103202e-01 1.304752847506475133e-01
-3.101256010293618193e-01 -3.189929775479960483e-01
-2.984280849892606557e-01 9.653884678826119004e-02
-2.915918806542731057e-01 -2.268462999098034283e-01
-3.590825744494104965e-01 2.372431093888432985e-01
-2.708791685587127462e-01 -4.063980038387767779e-01
-3.107369810134613664e-01 -3.446771779640720457e-01
-3.073704613299608202e-01 -2.494755348093332659e-01
-3.386645547939058920e-01 -2.281337276048203133e-01
-2.658451863133990400e-01 -4.172538770113872753e-01
-3.034940946122416383e-01 -2.579946878547260125e-01
-3.171166512988939923e-01 -5.297091990464641853e-02
-3.376422225586253045e-01 -1.827195075011871506e-01
-3.202306614036308785e-01 4.039646264602244630e-01
-2.929747469798765769e-01 -4.999948229939348288e-01
-3.517932486949130189e-01 -3.595708664464059012e-02
-3.485636343890776701e-01 1.110874891168689427e-02
-3.099761643576128822e-01 4.743198117564558780e-01
-3.561412583340062277e-01 -2.126392677745567727e-01
-2.960811803737893877e-01 -7.205558651274368565e-02
-3.294809232836031221e-01 -3.480565014984904337e-01
-3.158480192035622025e-01 -4.589474275231769651e-01
-2.813394433759217605e-01 -7.257573196378031000e-02
-2.684012509718486372e-01 -7.364912210206531196e-02
