-2.400274999999273406e-01 -1.488139274139504975e-01
4.745667990279056614e-02 -3.852536280775405997e-01
2.466218362003358422e-02 3.919042603299923710e-01
4.613779566273312760e-02 1.836991144768090889e-01
4.249193227174141718e-02 -9.195040813686516934e-02
3.897200060525041199e-02 5.032182669876461567e-02
3.583450882329515252e-01 -1.210914908489125752e-01
6.041839540248516993e-02 -1.230952673224038341e-01
5.173407976404065245e-02 1.652900645705412952e-01
3.842069911641077251e-02 4.389764593139904303e-01
-4.055282022935787767e-01 -1.459710271521784675e-01
4.739969948885159878e-01 -1.610499442694165451e-01
-4.987045711888637989e-02 -1.153243535592963775e-01
2.329144377829328594e-02 -2.569639229717564088e-01
2.247509744346902760e-01 -1.610725543530430182e-01
-1.930879563831813250e-01 -1.410814613189743660e-01
-1.379713410167382470e-01 -1.405013333508489115e-01
8.221870267056552439e-02 -1.347532899335468493e-01
2.734251627773964799e-02 -2.499634994243232766e-01
2.663251658214338402e-01 -1.254437270311569153e-01
3.279279063533491190e-02 4.526761899327969019e-01
-4.193044191881152294e-01 -1.199394796283647091e-01
3.311111276870803977e-01 -1.408132362115052105e-01
2.417005638419678082e-02 4.235525499181697073e-01
-3.665405872386902075e-01 -1.205371881581964733e-01
-4.704025555001294379e-01 -1.113747696546389943e-01
-4.793035673772549909e-02 -1.549549130672099873e-01
2.412205405238398992e-02 1.705892601346856718e-01
3.550560461506353516e-01 -1.331352480095717716e-01
5.159865619962300531e-02 -2.279865922653590005e-02
4.983848094769549597e-02 -2.422065202283600893e-01
-1.461204644917768469e-02 -1.348373355499576931e-01
3.987116903358645104e-02 -3.247623064916983493e-01
6.954915367224123735e-02 -1.156129319147805035e-01
1.011948081437731295e-01 -1.534998503844217099e-01
3.805759394133678697e-02 2.505954095646395485e-01
3.711580470604497473e-01 -1.476201078107330922e-01
-2.526553390221686346e-01 -1.122967256516785861e-01
5.033632115675490404e-02 -3.232567503682975962e-01
-4.712943404387053281e-01 -1.306674180009367303e-01
8.414930422194488724e-02 -1.119873460750869798e-01
-1.883826814026001717e-01 -1.300703791044038882e-01
2.230788037398087065e-01 -1.213916334530211749e-01
-2.342719402429944697e-01 -1.551157519576277233e-01
-4.865808236708678569e-01 -1.408526735001343067e-01
3.891457701669851499e-01 -1.302484217038246683e-01
-4.438544269964161959e-01 -1.301867799131223302e-01
-4.934560223386427191e-01 -1.315388881735471971e-01
1.007221257536924375e-01 -1.306891438896178315e-01
4.857232523007537495e-02 -2.931691311593742633e-01
4.436228411432019403e-02 4.933232453556060104e-01
4.623816494792608589e-01 -1.426616422244209037e-01
1.822773587287744856e-01 -1.468440566162699801e-01
-1.705127354205648871e-01 -1.219251599647359630e-01
2.198862930597713650e-01 -1.569689351180639791e-01
3.811590628618288790e-02 4.258107665523973573e-01
6.398705132161208731e-02 -1.402750892372883751e-01
3.150968864087566601e-02 1.974698014479056019e-01
4.107790483912630020e-01 -1.609302936401896256e-01
2.672540588996044075e-01 -1.356688915594250755e-01
4.638621951730320658e-01 -1.596136359544325645e-01
-1.767675708343315888e-01 -1.360086503967047333e-01
4.818694616500197592e-01 -1.421989941468458918e-01
4.420156276577298371e-01 -1.335234495481677497e-01
3.155883224733702086e-02 3.768972576826246090e-01
1.930859800131460302e-01 -1.470980926157079427e-01
-1.312397557695772488e-01 -1.386290116933118766e-01
3.223176792489845788e-02 -2.192863241007733111e-01
2.726615739070770150e-02 -5.326331256347760501e-02
4.955155918903013657e-01 -1.512447604433452275e-01
3.142528239114383837e-02 -1.824376996834092823e-01
4.696931683911054201e-02 7.348926034790093098e-02
3.892824062601085711e-02 3.712413393394703442e-01
3.809633905757547900e-02 -3.078882106160731880e-01
3.536602962595801758e-01 -1.427126644706885328e-01
9.252401571455215468e-02 -1.409569859404442571e-01
5.217965791675716059e-02 -6.985013559004626948e-02
3.457748111854996864e-02 -1.390291983462350611e-01
4.994806815543428868e-02 -4.563614474002402055e-01
-1.880872188120474853e-02 -1.424885246523105442e-01
3.631021665361422457e-02 -2.981013683920592516e-01
-3.258544722613311295e-01 -1.358797117519575659e-01
1.165967692945981682e-01 -1.243972911356873157e-01
-6.971198186995486434e-02 -1.123908121085098744e-01
2.515665738167172094e-02 3.382269794123953233e-01
2.790115991675456986e-02 -2.527292311850921624e-01
3.719658519166457733e-02 -3.963247952608109914e-01
3.233737394866464943e-02 -1.127774127240654956e-02
2.085687841496161044e-01 -1.336860917908923030e-01
-5.987617984458681875e-03 -1.434901855268706505e-01
-1.116067630721875314e-01 -1.310057890938192138e-01
3.857660817929764452e-02 -2.634376996814281613e-01
2.303926245178222754e-02 -2.460315902763766660e-01
3.187925795149504360e-02 3.576553712594063850e-01
3.016089592840587308e-02 1.899985578797804830e-01
2.826007241924399782e-01 -1.431279850443752943e-01
2.506951509375299203e-02 -1.989699946047797097e-01
2.163401262136727121e-01 -1.344246689562336172e-01
-3.099109466391546386e-01 -1.243053255366447507e-01
-1.858977309351484974e-01 -1.482286333072390105e-01
2.362863893981126395e-02 -2.606791509007060359e-01
4.483389323061681697e-02 -4.394977189478869173e-01
3.744613062686019678e-02 -1.277421044471931388e-01
-7.002406668945959645e-02 -1.148285257108595525e-01
2.723257752355645600e-02 -2.752022329944977530e-01
1.958591512375640331e-02 -1.449393552092724802e-01
-3.179722772588167157e-02 -1.408984932926237166e-01
4.044502168316951307e-01 -1.203769773846208313e-01
2.222734165386275329e-02 -9.379791733521425368e-02
-4.480900915520538152e-01 -1.128008919275897970e-01
4.187394943781896917e-02 3.943426979557422829e-01
-4.176953472847314552e-01 -1.363911779661287627e-01
4.206296925145680543e-02 -1.215950960341587450e-01
5.197231746851460610e-02 -3.039287948722558808e-01
-3.481365064791408503e-01 -1.492027568767493317e-01
3.321072708909115212e-01 -1.335969493191023760e-01
-3.038835098712279192e-01 -1.411875817149047529e-01
4.629761157948409922e-01 -1.330058153758069128e-01
-3.713489280485651189e-01 -1.259650664669765829e-01
1.211473039256634188e-01 -1.410004780444105155e-01
4.810718613892017714e-02 4.500458331977316151e-01
-4.577319530112429202e-01 -1.166482388298193396e-01
5.210162941831408823e-02 -2.555568615698899926e-01
3.659981085246155619e-02 -2.835607451060895290e-02
-9.563234579794410717e-02 -1.587710508527448994e-01
5.322150585613716345e-02 6.812838351171823792e-02
3.949233300527388302e-02 8.272225914240705080e-02
-1.707185470243537395e-01 -1.496919616065208736e-01
-1.298828156489650887e-01 -1.478506323790902410e-01
3.530551907691581448e-02 -1.790408038775870292e-01
3.370686464428818141e-02 1.453908778876696894e-01
4.357233996763509865e-02 3.567345005261467472e-01
2.349125784317834809e-01 -1.532642851696160990e-01
-3.332657821404740872e-01 -1.588363352762822700e-01
4.548959729367698657e-01 -1.611006724083174912e-01
3.209233607916913700e-01 -1.603256461439899194e-01
-3.134158486243131536e-01 -1.177468700244916899e-01
2.867866424191166663e-01 -1.235065673113991958e-01
1.813930771468783565e-01 -1.214141749881567645e-01
-4.949168301190337571e-01 -1.318467411184636173e-01
4.368931752019811210e-02 2.089568440169715657e-01
2.498545452919834764e-01 -1.440317964131628825e-01
3.520807190622243787e-02 1.848816101873040907e-03
3.589268764846170745e-01 -1.398019000680168489e-01
2.251091541423022591e-02 -2.030854338980833118e-01
3.310119649567144773e-02 -1.394689615739592714e-01
2.553092999070860625e-02 -4.046337759450174820e-01
3.518828659794481784e-02 -7.105187982154370641e-02
-3.307152730062956625e-01 -1.594144054612696149e-01
-2.137670378706080232e-01 -1.139199428687323046e-01
5.135480019268723328e-02 4.036073126205951267e-01
1.792379694195201933e-01 -1.325990644947029340e-01
-1.306316074765511148e-01 -1.552924762822774918e-01
4.253361732651550486e-02 1.876428688432775216e-01
4.211195452781191229e-02 -1.883114753935762886e-01
-4.881537297462820169e-01 -1.422578814900402611e-01
4.897663144045724115e-01 -1.291429960069898630e-01
2.954385076722397807e-01 -1.614221470830292660e-01
-2.415043933534040121e-01 -1.590801945391400185e-01
3.554150091337082706e-02 -4.385301676832064066e-01
3.875675316940563331e-02 4.462929294023145754e-01
-1.741801077127257402e-01 -1.289958244967989165e-01
4.822075023116156878e-01 -1.175653320102549859e-01
-1.862179040039070310e-01 -1.283498020119097083e-01
3.316734472185501881e-01 -1.118019189680323766e-01
2.460612117880722760e-02 4.340734863979885949e-01
-3.425060549598357706e-01 -1.353803584656849690e-01
4.149099514670853139e-01 -1.486171749955955690e-01
4.348448727119491597e-02 1.349691386527587245e-01
-1.375861404224104634e-01 -1.413811725178247825e-01
2.954138928635419159e-02 -1.592696109237597968e-01
-3.365171431963038806e-01 -1.567602813589270561e-01
-1.641957880297129080e-01 -1.366207272877792978e-01
-9.434555920344700475e-02 -1.150659942140122016e-01
4.814593305046765970e-02 -3.526908213143936655e-01
-1.839188307799287658e-01 -1.526066820056297679e-01
-2.071339949234775046e-01 -1.531688754265533303e-01
4.013636773165677463e-01 -1.549229705657898526e-01
4.994436481376363091e-02 4.143938408683718322e-01
4.568720359637601369e-02 1.339587160928290555e-01
4.850706321648878827e-02 -2.434800116049472551e-01
5.027943247482657974e-02 -2.753443723493986806e-02
2.553386603605989347e-02 3.240739348808041598e-02
-1.520556366915393198e-02 -1.454828246460322383e-01
-1.956888501716679274e-01 -1.265240213180016671e-01
4.557878227587874864e-02 2.683268130929229445e-01
3.339382273331481521e-02 -2.410389879283412196e-01
4.644500999134038022e-02 -4.229375564022720413e-01
-1.428579138854894071e-01 -1.326206403485349350e-01
-2.703237916242192673e-01 -1.353124974799916336e-01
-9.320491764228788778e-02 -1.182931873771818632e-01
3.997685753530344499e-02 4.400403424097349969e-01
-2.488099070688510883e-01 -1.555113040524593870e-01
-2.645186106444419316e-01 -1.491333535201864180e-01
-3.672962138295376988e-02 -1.201022395736325299e-01
-4.584326450240294726e-02 -1.465815315589915624e-01
5.276871174354602623e-02 -1.517319964414012290e-01
3.668933337503132996e-02 -1.222881730189258054e-01
3.624206014667674669e-02 3.181966322934494107e-01
4.885352756215743941e-02 -3.164619476776728835e-01
2.179746892943645875e-02 2.483626004054874103e-01
4.706847503310662706e-02 -4.163822186550724114e-01
-3.467307840922472240e-01 -1.221066240006449810e-01
5.334692165489607341e-02 -1.938475452360330920e-01
2.731212549692962899e-02 4.234528890413115088e-01
3.856695906213883918e-01 -1.546695388221487333e-01
3.638030330800856582e-02 4.787902750686943154e-01
9.994910037715343254e-02 -1.392069569653584526e-01
3.034429855948916899e-02 4.080402275379092503e-01
-5.187622619871712359e-02 -1.211088004747524760e-01
4.743407564063339965e-02 1.286838590607902733e-01
2.282902649798712602e-02 -3.430208517296189363e-01
-9.014505214804025002e-02 -1.507139389200581325e-01
3.245933568188164031e-02 -4.227810516711592026e-01
2.167533339446419127e-01 -1.290865568188228618e-01
-2.451250311520253300e-01 -1.480644147840040059e-01
2.674829000090360731e-01 -1.604298423303243126e-01
1.009039325946181620e-01 -1.133660296003549117e-01
2.354496322641741468e-02 -1.515151563580077188e-01
-4.929243996295451513e-01 -1.258018917892821387e-01
-1.008900918959897419e-01 -1.189911165851672559e-01
4.943460899884277726e-02 2.631423234014543810e-01
7.670606673190971669e-02 -1.434597184492973909e-01
4.003066617574735364e-02 6.552242216206294323e-02
3.872876626566629232e-01 -1.153306606052194594e-01
2.187115306421105743e-02 -3.502814651403247659e-01
2.672748424974047410e-02 -1.551183643743022644e-01
3.794729994230783277e-02 3.927815903653972818e-01
-3.116666673832853007e-01 -1.121657376320698285e-01
4.522789084219180911e-02 4.017071361482539293e-01
3.577227180518949279e-02 -1.187536488075368046e-01
4.643575264299792948e-02 3.443934557001011587e-01
-2.510473567921888138e-01 -1.375041737436997202e-01
5.278511946628816620e-02 -3.831261916425704461e-01
-3.626324447442806909e-01 -1.212846976487682582e-01
3.329276773034902659e-01 -1.463798121145796216e-01
2.529425868436777636e-01 -1.489741252103025104e-01
-3.194329517446309330e-01 -1.386080537627530918e-01
3.942746599493840431e-02 6.028808446660027798e-02
2.817400333092168196e-02 4.897210642369587141e-02
2.645960457110755337e-01 -1.391576183413674173e-01
2.494823209850960399e-02 3.362637071279388490e-01
-1.244998227817689651e-01 -1.123157746473218976e-01
2.174444615547366233e-02 -3.096109317158719509e-01
3.340088071502245182e-01 -1.462344661275121194e-01
3.694626887756932154e-01 -1.505981727619454258e-01
3.858517039370505941e-01 -1.140114385139269215e-01
2.950688088552408939e-01 -1.588498859096719729e-01
2.138863676672398961e-01 -1.335291696690343866e-01
3.087088537821768286e-01 -1.423307843467405132e-01
4.202657451144886647e-02 -4.969798769903418512e-01
4.459033120893645119e-01 -1.434948289242874431e-01
3.443288918020472877e-01 -1.362814934881159123e-01
-1.506884427190229303e-01 -1.280458900363543595e-01
3.340746640589609129e-02 2.393204554439525289e-01
2.650374146299216971e-02 -1.515580259901446736e-01
4.239570431605343970e-02 1.154698036598423849e-01
2.528543101324076670e-02 -1.450670540026652855e-01
1.875858626621973446e-02 -1.439216328535541933e-01
4.735295122741201013e-02 4.912807459801661336e-01
4.635698425486634022e-01 -1.440600277871765256e-01
4.293000808313762739e-02 4.433186274129766735e-01
-2.147429497243075192e-01 -1.499418657388220666e-01
4.623280541190046833e-01 -1.466889018483995555e-01
-1.162402557624895305e-01 -1.373742666580732852e-01
1.741560355465646692e-01 -1.288376552448788903e-01
-4.072034448690592390e-01 -1.407527302608869713e-01
2.552986967210280067e-02 4.749534366697369947e-01
2.664186826776493433e-02 -9.830054146099498347e-03
2.706572831006190949e-01 -1.345381239800491624e-01
3.600600501324285885e-01 -1.247300183674047158e-01
4.728961369602924236e-01 -1.617140269856482959e-01
-4.691028241261219200e-01 -1.336008279424831802e-01
-1.946040427531480210e-01 -1.487202176318099811e-01
1.435316287193777463e-02 -1.564669322041674082e-01
2.705273065945568156e-02 -4.595544533167560397e-01
3.473904389541437876e-02 -2.227158736732315347e-02
4.142016695748440558e-01 -1.155214329332524548e-01
3.945584313633165863e-02 3.976307207525705545e-01
-9.338578763281868422e-02 -1.198758653420357589e-01
4.132654499664245584e-02 2.407203160751714144e-01
4.208936384879280457e-02 -3.858440545167673985e-02
-2.533724838071017560e-01 -1.382275243013793009e-01
4.737558296031973981e-02 1.849292275865588309e-01
-4.432242614348634868e-01 -1.418971344701979165e-01
3.975819580139217102e-02 -2.815488880213012912e-01
5.053303721961577288e-02 -3.709571185147096939e-01
4.385388503609666255e-02 3.305147146134305158e-01
2.407395212004315166e-02 8.594629784893492719e-02
2.328683085981446688e-01 -1.255958337805720415e-01
4.778673563350445130e-01 -1.211503685965945598e-01
-1.762275403748743141e-01 -1.352015960827819274e-01
3.006040218647276774e-02 -6.940576154403865772e-02
-8.947129102910500453e-02 -1.568784840304661143e-01
1.256744395355768873e-01 -1.525987829014975317e-01
2.654526056068129414e-02 3.771363305385919684e-01
3.709116828800129717e-02 -1.934654171234504449e-01
4.284764787178474421e-02 1.125101477537071570e-01
2.651652176424623697e-02 1.811702856931406425e-01
-3.190148067707121449e-02 -1.555950389454064942e-01
2.676465154413187886e-02 1.469200728270420031e-01
-2.888581848507043581e-03 -1.572554596525616022e-01
2.031231011316604329e-01 -1.227885680739613239e-01
8.772714193019259810e-02 -1.173680611071802327e-01
-1.501476249265576435e-01 -1.571033002733084327e-01
4.272961343932876188e-01 -1.125156939002447398e-01
1.873520512019158923e-01 -1.209669636523952319e-01
-2.577420788198738766e-01 -1.479837781900732452e-01
2.637828860726332270e-02 -3.174425576422126305e-01
2.562360949999712423e-01 -1.481913749864774976e-01
-2.027031984293834466e-01 -1.537667917334909484e-01
3.413339531389358861e-02 4.597315561251867910e-01
-3.450159625733693058e-01 -1.305985292787376073e-01
-3.012759369381804442e-01 -1.235281119977349462e-01
4.764439358145178272e-02 2.338908678678757180e-01
2.695948788537616547e-02 -8.455885464285162190e-02
3.123337509550905278e-02 1.613479632535746999e-01
2.936203418279614841e-02 -3.942341295469345974e-01
-1.326814743483861747e-01 -1.150447282555777662e-01
3.524674691723195252e-02 -7.011731436981416543e-03
-3.548670591181135592e-03 -1.546759592566155916e-01
3.678704877154503894e-02 -1.499373179615679508e-01
-5.598928431054717159e-02 -1.537480163557605195e-01
1.676657313322436060e-01 -1.506204239272425083e-01
2.141356279277695229e-02 9.400466640001181595e-02
3.657095510070573763e-02 2.916017413774681932e-01
2.411684650122924989e-02 4.970045382385422927e-01
3.953245566886975926e-02 3.196229236598029377e-01
5.246993060501259354e-02 8.384322455618142822e-02
-2.315548907729131356e-01 -1.610368058323226048e-01
3.740622401350746085e-02 3.005072984602499275e-01
4.341521335410547522e-01 -1.319591166086371281e-01
-4.729251119584899632e-01 -1.241716229450040565e-01
5.139634560121963958e-02 3.117938227415997243e-01
4.106297846240691829e-02 2.562926361246853357e-02
-6.413524258682179457e-02 -1.455894785778641953e-01
3.719307838173339098e-01 -1.191847685829456882e-01
4.253100927633746142e-02 -2.776941595970094934e-01
-1.445717518621872921e-01 -1.239939378163454897e-01
-4.155391790007871844e-01 -1.519472040401433910e-01
4.623041830230716354e-01 -1.482272359837909503e-01
-2.111375423763278691e-01 -1.123327270401162092e-01
3.419458643950891163e-01 -1.370920001701639857e-01
4.578333368878695353e-02 3.423052824323444820e-01
2.678128873424956424e-02 -4.872215856438055770e-01
7.486868005673430471e-02 -1.372033059449419001e-01
2.494219936930697212e-02 3.324557731201651656e-01
1.191320560130972872e-01 -1.583057919400477909e-01
6.032993353143512039e-02 -1.232958810824814622e-01
3.259105749275170716e-02 -3.383271328400400124e-01
4.903268755808387613e-02 2.718254665255326330e-01
5.065122396781907010e-02 -4.197932464335710767e-01
3.199488285609775051e-02 -1.549136388717322621e-01
-2.165509757294581394e-01 -1.267479130741903104e-01
4.774410471136558698e-02 1.356540779082431314e-01
1.792494773036161781e-01 -1.507193337918542042e-01
-3.738984161353220426e-02 -1.421938103709778911e-01
2.154264184371479374e-02 4.624663422529695644e-01
4.315944567597507220e-02 -6.418788392166296930e-02
3.627299326194169948e-01 -1.266783988688796603e-01
1.150125532140823248e-01 -1.291984990629383434e-01
3.035060461496030815e-02 2.921099068904983165e-01
-1.679661199606644617e-01 -1.280657123262950448e-01
4.031445261277005754e-01 -1.611230269598504794e-01
4.975412114262378616e-02 3.873792674438039096e-01
5.093604731035294986e-02 4.796208872766061226e-01
-2.712990574814428957e-01 -1.307005935480886061e-01
2.935815823467182728e-01 -1.553639138171094558e-01
1.470159727223433466e-01 -1.120301218734331972e-01
1.768197018202676274e-01 -1.209779757892496255e-01
3.056572963457293568e-02 1.712649063861727550e-01
2.185914753160411728e-02 3.630321131122178357e-01
3.161246327246947097e-02 4.854733123319572297e-01
-4.243601657987072784e-01 -1.124945193340420868e-01
4.267907692696115696e-02 7.798185962589876397e-02
4.222033629892696371e-02 7.082934894241521562e-02
-1.156189765285389193e-01 -1.335584746154701019e-01
4.741608767255944823e-02 -4.403707115761553714e-01
-4.691706162905618926e-01 -1.545121069976246320e-01
4.956549084874295463e-02 1.994607786988754627e-01
-4.614914348627210394e-01 -1.483799720132161770e-01
3.748671465774233713e-02 3.795995509291997250e-01
2.367375003815308521e-02 2.985236146931599110e-01
4.855493202873466529e-01 -1.408218147233272211e-01
1.353322825546863228e-01 -1.496628378485858057e-01
3.822287517699105575e-01 -1.525590884168875894e-01
-2.989626109952274735e-01 -1.293311325254299371e-01
5.165604612337293400e-02 -1.205510965769718279e-01
3.520926815058067483e-02 -3.333837154395329350e-01
-4.479210023869546475e-01 -1.426760152804894544e-01
-9.732659036561508437e-02 -1.195385404809506946e-01
2.768129320847345642e-02 2.293274982919416560e-01
-7.688142760949268073e-02 -1.349219132420133027e-01
4.641791986289256489e-02 -2.949078849442076100e-01
3.621618543347004948e-02 2.303957402246527009e-01
3.940890828937815282e-02 -1.933087022071638961e-01
2.280489765961901671e-02 -4.228749976219781104e-02
3.959184600187066749e-01 -1.113432136338017298e-01
-2.186590391712539549e-01 -1.361014399467803671e-01
4.681580116309880246e-02 3.915093860336242848e-01
3.042773271278289560e-01 -1.595303984245326490e-01
2.996679542860358758e-02 3.628338844258668372e-01
7.429275483374553346e-02 -1.405320377493578521e-01
-3.618563838835910929e-01 -1.485072270914785664e-01
4.869637263987888209e-01 -1.462728242478920082e-01
4.355770578421824801e-02 -4.893374606274534244e-01
2.517291596028512490e-01 -1.544904973135069470e-01
