6.321324607676437335e-02 2.383424738461900061e-01
6.010613316136870221e-02 -3.465851655348528570e-02
4.541328713461250111e-01 6.127015729372553565e-02
4.915629949212366734e-01 8.503151989994750526e-02
8.987534673367381099e-02 7.006396697226346948e-02
-2.784903412932322464e-01 5.837015768755304812e-02
4.546740475855659547e-01 6.200786105529365599e-02
6.692226779297671957e-02 -4.181554359396396636e-01
8.389414297857533676e-02 -1.743011625458673608e-01
7.553666840746386946e-02 4.482896415735035944e-01
8.475582416493410154e-02 -7.696264816320852464e-02
8.579301318933074683e-02 -6.495544922729334925e-02
5.795317157411083997e-02 -4.817609079743878642e-01
6.672931169222207082e-02 5.278742227599220183e-02
-1.458248248146468695e-01 5.986681580089181498e-02
-1.509633268432744035e-01 6.227778591987798151e-02
7.529675503099386713e-02 1.255353901226562430e-01
8.756491289685797152e-02 6.869896746552694999e-02
8.009348708102337344e-02 -3.175478130257743947e-01
7.121631183049170755e-02 -4.983540701120819927e-01
7.744364454098096040e-02 -4.725949913534099878e-02
9.213370622730010506e-02 -1.390101822137405074e-01
-3.008162467035859766e-01 6.297725823002164880e-02
7.331393146421250062e-02 -2.483060547456101830e-01
8.095965493855972195e-02 -2.753439446389398526e-01
-7.644060539914421248e-02 6.093481412845513923e-02
6.255898918575397705e-02 -3.495599447015600436e-01
6.837384180956274093e-02 2.884579895336271127e-01
6.222213497071416022e-02 -4.791230186243432554e-01
8.125413609304121820e-02 -3.843210728696265788e-01
4.476547590013009170e-01 7.176324594823435543e-02
8.959905520293376391e-02 -6.803462806653592931e-02
9.170316022650393251e-02 -2.616606822712673752e-01
3.695343243406594702e-01 8.497934403546703042e-02
7.511496942161954848e-02 3.924383353972045185e-01
7.557389800995006901e-02 -1.421209395896205763e-01
7.328403495361335285e-02 -2.992445696650641862e-01
4.557811384637091567e-01 8.536701345479447145e-02
6.264071618652056195e-02 -4.707729779429099537e-01
5.706249137955166084e-02 1.462512020558375259e-01
7.091714259814374532e-02 2.029595657733471725e-01
-2.314232801793387750e-01 8.394368133286822520e-02
7.828526715376959988e-02 2.635392868491204243e-02
1.406380070119339631e-01 6.661594234315315610e-02
8.270708342683907865e-02 3.081450337645194049e-01
-4.229386048871220938e-01 7.343904517383892383e-02
-2.024269450991986741e-01 5.900625208630971841e-02
4.560796077684120542e-01 9.021777208551196026e-02
-4.053076602732168521e-01 7.604901379314821241e-02
6.794436268049641736e-02 4.128289942104915733e-01
4.401134829366221135e-01 6.336679842547254804e-02
5.807036476392046787e-02 2.557847341561592103e-01
7.790219913076101843e-02 3.542657001015063756e-01
-5.500806361632615271e-02 5.740597181256212878e-02
5.665449052180560052e-02 1.165187267461520459e-01
6.655998584748257230e-02 1.433296126472597409e-01
-2.023192069454129438e-01 6.502088690387530789e-02
7.931938058763499111e-02 3.905190364963300187e-01
4.956032642645251673e-01 5.566317635810613673e-02
7.896043309841938029e-02 2.906935677664402862e-01
1.592367018587377281e-01 8.294692395669844842e-02
-2.545719388088109048e-01 6.164934382593645346e-02
3.765654143741831161e-01 8.339851684971499868e-02
-4.245207773004272545e-01 6.005973498161987223e-02
6.461791912148462380e-02 -4.420018475613095577e-01
-4.877327847222768797e-01 7.275140957409742537e-02
1.127893375071227222e-01 7.498977281274721296e-02
7.260632019944801563e-02 1.002976884193850227e-01
-4.499873062404801116e-01 5.806714450737793243e-02
1.283042630830558695e-01 8.896271143929335157e-02
6.214630987816982532e-02 -1.283311541935698852e-01
3.155137105666804276e-01 6.789857985490677095e-02
7.556118612518991640e-02 2.485038558374557116e-01
2.748748840194047416e-01 5.964577163236850499e-02
6.621318070283233048e-02 4.213664095122267028e-01
6.517332806712838877e-02 2.908761841936028381e-01
6.149325376689185330e-02 -2.004047289024073475e-01
6.205195178461908601e-02 1.977755504677559673e-01
-3.933290432933488345e-01 6.710011026731221850e-02
6.262372516919489929e-02 5.340049346808428687e-02
6.654448257228495756e-02 2.348895910277351007e-01
6.666647349376131348e-02 -2.357023730590072086e-01
7.730559721122753913e-02 9.374644284475752709e-02
6.729179100225546328e-02 -3.550446003323340927e-01
1.474391291537227033e-01 8.341416928660805308e-02
9.081995604727799432e-02 7.869552162543702600e-03
-3.287914340678429470e-01 6.133985084794746356e-02
6.553044779819616750e-02 2.833655855545749169e-01
7.177081289960951516e-02 2.782702231421896322e-01
6.563037924870174233e-02 -1.988439044226478769e-01
1.053259824533155919e-01 8.733366611227366683e-02
1.710968619766251031e-01 7.797316997913283920e-02
8.511816729905230527e-02 4.320946577857115445e-01
6.006468357161032223e-02 -3.322066464762096771e-02
4.465341412874578308e-01 6.272566490184094956e-02
6.111511948739400957e-02 4.750194781156455992e-01
6.343556831492525028e-02 4.626934420283410621e-01
-1.809283760970699095e-01 8.359029901263326234e-02
-3.299016468033832972e-02 6.656185482955501165e-02
-2.150875500518059091e-01 7.981236055003770868e-02
-4.794239519265669491e-01 6.858415572475451416e-02
5.666394046990386180e-02 -4.218747402523882473e-01
8.669007738490086545e-02 2.848879820161575038e-01
5.982032735772324639e-02 -3.880906482934154411e-02
2.520154538070695782e-01 6.840711334736149229e-02
4.773330987352412125e-01 5.646320094260237621e-02
-2.962986159038710765e-01 8.092091456713046416e-02
1.668023695536823281e-01 8.272433266993106660e-02
-2.471678136905756107e-01 7.584827235097846287e-02
8.921874627934323065e-02 -3.456361143123409807e-02
6.474587281965316077e-02 -2.645654758297779630e-01
-4.615772869190072347e-01 6.260491903745057929e-02
-3.366333616178313060e-01 8.199692499156463477e-02
6.052637214904765806e-02 -3.389663055206056930e-01
-3.058721068753427197e-01 5.759121718808057899e-02
4.159592656545848532e-01 8.990873988865588640e-02
8.309834524564951863e-02 -2.751854458189921804e-01
-4.385432296292205434e-01 8.417147355605658632e-02
5.600496705339963466e-02 -3.130128852759719305e-01
8.142928410923844229e-02 -3.172300178288584016e-01
-1.527260715821697756e-01 5.570409240762685954e-02
7.006234808115918700e-02 -1.844517310676769828e-01
2.087487453904662837e-01 7.766258948068016643e-02
2.696762077272130131e-02 6.924003852903282130e-02
2.956091865290041421e-01 7.272292162833315921e-02
6.967989592813228494e-02 -1.689034257960668750e-01
-2.860840018913527460e-01 6.566530431034389714e-02
8.997802124682652281e-02 -4.808766992654761596e-01
1.183678427429667446e-01 5.661498821598809350e-02
6.089328696678464325e-02 2.728188262076184367e-01
7.840780350323139913e-02 2.994858798627031415e-01
8.201148359778120955e-02 -2.643494897500008323e-01
-1.378732917602043528e-03 8.249765938564024292e-02
-3.778998012748224777e-02 8.671234248198544936e-02
8.102572630865190195e-02 -2.791917562329107039e-01
7.028696879028772937e-02 -2.505465164244483622e-01
7.871498186509906514e-02 2.486860886760903222e-01
7.022633537099043366e-02 -2.877259050524350048e-01
6.539993593801962657e-02 -3.893753662900337753e-01
-1.895181162092379745e-01 6.425852951154753523e-02
2.772549832530956104e-01 5.787390113285639792e-02
6.773494103605937067e-02 1.192386292322838992e-01
8.456432651914147502e-02 -2.334479733232813770e-01
-1.568629569043036298e-01 7.243378171728009907e-02
-3.460199561539597513e-01 8.338201521439292385e-02
6.597674310199708181e-02 -4.694553336173600266e-01
9.111147720832979413e-02 7.520985181695072352e-02
5.854450794838950145e-02 3.895857336825153672e-01
7.110021818072653765e-02 1.228012052009779254e-01
9.158834625745138069e-02 8.221734409968672885e-02
8.075788213904100399e-02 -1.682360962494766632e-01
7.332860316436007331e-02 3.163674289033574505e-01
-1.550482609791870026e-02 8.346550633637850325e-02
1.181730253988013679e-01 7.546599537760878551e-02
6.959892108796883470e-02 -7.186196161459990073e-03
8.345303126567193974e-02 1.962455949992553128e-01
8.941595761725096292e-02 -1.221586382732868792e-01
8.039693623912258502e-02 -1.464428496102135879e-01
6.524267033079389488e-02 2.320495936291615546e-01
6.474009768338162552e-02 1.661095089030130145e-01
-2.365203477063364534e-01 5.744515310446463019e-02
6.362926549286529454e-02 4.456333218447258160e-01
-2.904238038591205884e-01 7.740796201708111113e-02
-4.627717174832980396e-01 8.810900949564959284e-02
3.101124643478860854e-01 8.372226062425625059e-02
8.939238657851222847e-02 -4.566309025111199293e-01
-1.616143522883283223e-01 8.380141517652517358e-02
2.154299623695696830e-01 8.448657832441708315e-02
-4.765613098733755271e-01 8.467159156283832200e-02
2.936248047207994372e-01 8.771521879886967632e-02
-4.396880837212689963e-01 6.484221297278136564e-02
2.394263024595797429e-01 5.972725644685172863e-02
-1.248366262497424550e-02 8.412871733755178383e-02
6.910363161221255712e-02 -3.382248588238014886e-01
-4.118889740640309105e-01 5.918060685825454748e-02
-4.802601169231512923e-02 7.615734595645951011e-02
9.046194485233594040e-02 2.422102015462692659e-01
-4.290606994738156432e-01 8.646322987694643469e-02
8.907268669253842752e-02 2.764087172383584701e-01
3.229851226941526932e-01 6.951299177913217164e-02
6.625308145770092416e-02 -1.874476041467899590e-01
8.908818055258405089e-02 -3.684153072968167075e-01
-2.786655151460770696e-02 6.636544335921967797e-02
7.723218031329270872e-02 -4.545807153966231473e-01
6.280265838693999125e-02 1.336802170187009198e-01
6.328178908100656752e-02 -3.095753197360433528e-01
6.911773222358297275e-02 4.204800663049812481e-01
6.202601984388311784e-02 -3.573499304292160339e-02
6.163877593993072335e-02 8.368297687228687387e-02
4.506074680183003167e-01 6.771087820729593254e-02
-1.071895774971387549e-01 9.000685521819695722e-02
1.718191204091978896e-01 5.803439502557183882e-02
-5.978294256961724784e-02 7.141671546269490189e-02
-8.082336800358969064e-02 7.892893764923170075e-02
4.375127499470834458e-01 8.568191686511350547e-02
6.606013587129522246e-02 2.512468315236262573e-01
6.455246149767690511e-02 -4.037667017478175913e-01
5.592665261394524912e-02 -1.636532545752016343e-01
8.989601568306060386e-02 2.601393800172019377e-01
-1.562504722935846857e-01 7.629676693304465740e-02
2.821038143592760061e-01 7.028401897199920700e-02
-2.223341488890826501e-01 7.879715559167055350e-02
8.750495086889376051e-02 -2.170987105400969952e-01
1.242737794564207077e-01 5.993740751033305170e-02
8.578028888073274683e-02 4.353301433768278494e-01
6.081861219281603503e-02 1.743872337793131999e-01
-4.374883689019077870e-01 5.634034115443120605e-02
3.764307587162333268e-01 6.539057872163445140e-02
6.130421179549405686e-02 -4.262977200232530572e-01
-1.875638852597435458e-01 6.512079096038314585e-02
2.320537581360425650e-01 7.480672307616920147e-02
-4.689208274894273165e-01 7.203971313923263065e-02
8.066255877231298665e-02 -2.567862068502354544e-01
3.552572857741581602e-01 9.045037128633626189e-02
5.586519971151637787e-02 -3.401331484385646808e-01
5.999129222996879562e-02 1.759431329318972281e-02
7.028122287397065016e-02 3.902394604335899242e-01
6.170885624910771305e-02 -4.831105942300625289e-01
8.888152019305384233e-02 -3.895686550675669935e-01
-3.886178781080787958e-01 7.199511483482989860e-02
6.998674929462689320e-02 4.261630725401462927e-01
8.815699851578095991e-02 3.999521991885435224e-02
9.216682974385770333e-02 -4.576564484264064037e-01
8.353781917053537676e-02 -5.879778232690813233e-03
8.815776751552517609e-02 -1.325091724382573277e-01
8.014248224361075756e-02 4.116626452885694398e-01
6.901734218380739527e-02 2.814968743505460447e-01
6.067530302608836745e-02 2.393098439561369695e-02
7.565840506715171276e-02 -3.004358039682397674e-01
-8.717484871546765657e-02 7.243552333661273934e-02
4.147565143415944400e-01 6.796061436456224403e-02
7.126103026057828416e-02 2.941326729792860251e-01
8.377820657690882022e-02 3.966812741247616181e-01
7.189450079730830279e-02 1.667245204261348368e-01
8.676880145060827942e-02 1.342141060964251453e-01
8.488608079156745312e-03 6.782059601522416603e-02
7.553958709018249174e-02 3.737657872282076355e-01
8.827649653969549259e-02 1.563401721095184493e-01
7.963018088918283333e-02 -2.272423647613319719e-01
8.867188571170780964e-02 2.485131125352125769e-01
3.314910499411378719e-01 8.513958952855971152e-02
8.547871347806512698e-02 3.039289460498714179e-01
6.181148417713533405e-02 -3.126203046044947476e-01
6.879028925436059261e-02 4.438844367874877905e-01
-2.528875856694113855e-01 6.262934475237147414e-02
-2.705553567160493555e-01 8.086835770765565812e-02
9.262477750210351690e-02 -1.520778532913790171e-01
5.629726438815541023e-02 1.616394671007067574e-01
6.045261084687780784e-02 -1.227656558844614221e-02
6.050296122196152648e-02 -8.890444949631648441e-03
6.329094844879756820e-02 -8.436285551675204442e-02
6.371444568852058232e-02 3.226553531695200983e-01
8.242408550097501951e-02 -8.571908981698617147e-02
2.929360311240249981e-01 8.277186309551476384e-02
-3.211093187995429643e-01 6.231694536663834327e-02
1.710349038659588761e-01 8.344567107473788159e-02
6.898184615793923058e-02 -1.214280401745031490e-01
4.309246084590916404e-01 6.060155445376835814e-02
9.249708077386276095e-02 -4.727226658752325950e-02
8.842678421075134132e-02 4.387803270466958949e-01
1.877980123929049450e-01 6.526745037141234995e-02
2.058922087022836411e-01 8.790951728604956550e-02
8.658347322863191309e-02 -3.660763269399021080e-01
6.698282006479172601e-02 -3.027831309729553944e-01
4.514777096086777242e-01 8.256275422140357811e-02
4.135017034166654781e-01 6.005689998363672455e-02
7.711888858353832532e-02 7.646315524060720570e-02
-5.614282703258866025e-02 9.046457054824419419e-02
-6.782991178882202821e-02 6.018701199564735482e-02
4.423940841645697120e-01 6.940049340623632990e-02
-4.244752400470801490e-01 8.434910711764742608e-02
6.434496947206957973e-02 -2.730593289017408942e-01
4.279910485504196949e-01 8.503130509054157571e-02
1.912436714579283104e-01 5.549493591322385289e-02
4.466898392770025650e-01 7.413031850708073911e-02
6.081410947836995984e-02 8.207938697887529056e-02
-3.661131283927703262e-01 8.940854219984606388e-02
8.481307267604631939e-02 8.502241501418483782e-02
6.092248680062606336e-02 -9.269997558368803237e-02
6.851780739732238334e-02 4.756822311837650696e-01
5.993811407458227158e-02 -4.078052171573145479e-01
7.927233580657944145e-02 4.806214201517318152e-01
6.238914987984101046e-02 -1.374507791541321744e-01
-1.729377969597565290e-01 8.518891220301871847e-02
-6.205557201728884031e-02 7.650679541522031890e-02
-4.392756180253042375e-01 8.342438066827762011e-02
1.355464178029627265e-01 6.147631985686818901e-02
6.876269886973296330e-02 1.353380879522014801e-01
2.057299678867621218e-01 6.272110992853074940e-02
3.418654092321441462e-01 5.856978562495818164e-02
8.396102597868537742e-02 1.373616029435641428e-01
1.142096336312237170e-02 7.245617594679087947e-02
-4.290575976932599067e-01 5.667638073495506745e-02
7.852037032559411323e-02 4.464931556772870902e-01
2.576046847660898864e-01 8.804567842656674248e-02
-6.866503930433465186e-02 9.006989387839836603e-02
-5.367205238228145436e-02 6.935718603103047109e-02
-1.338453734447581089e-01 5.724574762887579826e-02
6.803744630743036037e-02 -1.713747184309442062e-01
-1.917438130773632121e-01 5.730963206128547593e-02
4.449828593899463058e-01 7.446405788076082555e-02
-2.472953741628478586e-01 7.693550407763516397e-02
5.934436972020817880e-02 -1.736918171836676628e-01
5.609181464549106710e-02 -3.093468962632217600e-01
8.835009859572495738e-02 -4.331675748231255119e-01
-3.101110210519464339e-01 5.526796759602503606e-02
7.673388688209126229e-02 -4.122791094895913444e-01
4.318088590458883935e-01 8.296775244344944955e-02
2.160708363179959512e-01 6.817842255767103676e-02
-1.326623536363847888e-01 7.467715102347094458e-02
1.983303691955373704e-02 7.579234919353106115e-02
8.354930765413448590e-02 -3.497258406231846806e-01
8.807292887295825601e-02 3.426097752413634900e-01
7.503917409558613638e-02 4.634533629842257918e-01
-4.851872219330684022e-01 6.346031687400410792e-02
7.302677992180517386e-02 4.393548214085741810e-01
6.780597551590605843e-02 -4.714597565658578127e-01
-4.228777252506620288e-01 6.624003939169298416e-02
3.786267609588028771e-01 7.802617055907701271e-02
3.732510595989396718e-01 6.627598700673287269e-02
-1.021502106605097770e-01 7.798500308601086228e-02
6.850331415739785434e-02 -4.622810545191384790e-01
6.814113230754348383e-02 3.232069581931451552e-03
5.960290186899697140e-02 3.500914620845441139e-02
9.170361567250229218e-02 1.197905645232342220e-01
-4.824402718527724954e-01 6.956631694075732231e-02
7.536638889595315138e-02 3.597114988998073581e-01
5.929876939918554690e-02 7.533569965697539672e-03
6.516645293762068913e-02 -3.323848182946221863e-01
8.877227875094195753e-02 2.366073492041252946e-01
4.996939948745188209e-01 8.065971424414009050e-02
5.626084523119367908e-02 6.622691205355790700e-02
9.038388416827392025e-02 1.361833891631508697e-01
7.847974959781445214e-02 5.541427470344562067e-02
5.743034155101411908e-02 -4.512307600271633357e-01
-2.235180221928034783e-02 5.920592003251357038e-02
4.237772086956633766e-01 8.341312065685713151e-02
6.662469264371662092e-02 -3.048661865010027228e-01
-4.349334415508636642e-01 9.112600768614598223e-02
7.686434712892531440e-02 1.154511054305336071e-01
6.950348640309622628e-02 -1.735186625540795502e-01
3.672186243361713620e-01 8.408597856614297150e-02
8.173449688576317484e-02 2.325424064142121994e-01
-3.273113429708178757e-01 8.079388515552166083e-02
9.025192388442782043e-02 2.657954428626234655e-01
-4.872993228305181335e-01 7.811341921945502698e-02
6.829824879985069153e-02 3.489767875654359308e-03
4.473215909691151682e-01 7.174395846915992969e-02
-7.675670831782521741e-02 5.972534721828859361e-02
6.728734504417521745e-02 -1.761150520106703476e-01
6.742403839158817025e-02 -3.249018643526534467e-01
-1.199720793231285887e-01 7.805725389825701743e-02
-2.217997343007971356e-01 8.872725372815182254e-02
8.994558424631515781e-02 -4.873235143205437714e-01
-7.612723812418409342e-02 8.475104458486792947e-02
-3.664770781107441477e-01 7.789359997637435029e-02
4.186436838543277084e-01 8.043067683424653946e-02
6.030478362899971412e-02 4.935887522006879857e-01
8.874960078933646912e-02 4.065661440274751515e-01
-3.131048680821894026e-01 9.043083016161490573e-02
5.626019327263354075e-02 3.819252323181465680e-01
8.506440829987382823e-02 -3.697850176702919267e-01
1.212598744159463227e-01 8.875679824056126321e-02
4.587528769491300284e-01 7.248904470291872570e-02
7.847447349147806950e-02 -4.644239787339524694e-01
-2.220692835028041934e-01 5.563951651611009908e-02
-2.841174085989162101e-02 8.559997253746665091e-02
