1.179964513874092180e-01 4.691328975372388577e-02
1.639716650226415995e-01 2.504650670318564476e-02
7.485897373302752289e-02 -1.686160328645135431e-01
6.293212389825741937e-02 1.454687807869374794e-01
4.724607687378667986e-01 3.166479561106516627e-02
-1.927301748255719760e-01 2.707165289147184239e-02
7.754669803543090545e-02 3.271541619057855010e-01
-1.579064385768036427e-02 1.952596056107658296e-02
-5.982669406260132661e-03 4.472976972310704902e-02
1.263657789083797445e-01 2.458771280958182981e-02
1.225839884040013095e-01 2.910553626770429059e-02
2.847653351571383107e-01 2.521481117748358702e-02
5.224654486710877954e-02 4.250280480625767687e-02
-2.653016189164758565e-01 2.617411484964182744e-02
3.211546724451415091e-01 2.206909943151169617e-02
5.057017334138513842e-02 -2.204854411529686420e-01
-1.894645854969237986e-01 3.480514448515070747e-02
5.951882347373427251e-02 5.699301457338834531e-02
2.667503301477864852e-01 4.593833929909119096e-02
7.802038940018196644e-02 -8.571307971122854585e-02
-2.381668147802279423e-01 3.160486439760479271e-02
8.460748074335189273e-02 -3.895261699585330639e-01
4.832861945991318020e-02 3.391181016360933498e-02
6.410784501316846296e-02 2.016755357677658678e-01
7.550919077849116423e-02 -4.563723577849567725e-01
7.418544837134766201e-02 -2.808287780313856175e-02
3.281393246378844220e-01 4.588048077046802398e-02
8.236411968404866446e-02 1.121541390923017634e-01
5.545115072465534034e-02 -4.059428497959727267e-02
-2.123022851363974839e-01 2.568185136857425999e-02
-3.306648608240437826e-01 2.819414038622791718e-02
3.462426384330643536e-01 2.127067395705095620e-02
8.971709237938796377e-02 3.943880150936440732e-02
7.292073320980307916e-02 -4.490956327058697184e-01
-1.894163623949784991e-02 2.752773983200995644e-02
7.336524333569005574e-02 3.580659137379753609e-01
7.190292446480117672e-02 -3.056523959177670502e-02
1.255222591641589336e-01 1.935197138472510847e-02
1.350897133440575049e-01 1.827800408392044051e-02
7.079257073580003112e-02 4.632900552642749137e-01
-1.535194655990554935e-01 2.279793577724054110e-02
4.000549927804473160e-01 3.689120573666504477e-02
5.906714304585003461e-02 1.602042249068709179e-01
8.043307736250848716e-02 -7.042391731163610835e-03
7.747043709539269685e-02 -3.706942832935667953e-01
-2.601605211597590728e-01 2.254413841582114664e-02
6.088254519350244642e-02 -4.486972506530195748e-01
3.918567099342646909e-01 2.312439967239021676e-02
-2.824861640014120212e-02 2.819489575915212765e-02
4.602810078899290946e-01 3.973547956718181950e-02
-1.318211863995235600e-01 3.077934219797950899e-02
6.671806063225937944e-02 1.397373895325553228e-01
5.073573210989168469e-02 -1.925303281821498791e-01
5.198119878996010357e-02 1.569806911294154839e-01
7.004078912469502427e-02 -3.637444202241613134e-02
5.182461292932205588e-02 -3.885572897204206955e-01
9.593003320415094404e-02 4.408854753519475533e-02
1.559539896640470547e-01 3.509508063976296555e-02
8.475945655449523830e-02 -3.661835478113684150e-01
-1.411947119571600462e-01 4.555253143784154801e-02
-2.042294959627929396e-01 4.257746281351504347e-02
1.083211344467149839e-02 2.448209176315085944e-02
6.433214771210826743e-02 4.230785590585635081e-01
5.414876457642847640e-02 3.345609022958998535e-01
7.745807151509653821e-02 2.712737235374425016e-01
6.005491451168165629e-02 -6.715640895180019498e-02
6.359518731188007479e-02 2.262981330154837378e-01
8.214273618041967318e-02 3.195244144908027106e-01
5.024464925879368327e-02 2.099178381190807130e-01
-2.269231316775206508e-01 3.276980272087637314e-02
2.119789069812613169e-01 2.739316630480315151e-02
7.666849003986853095e-02 -1.195567946369013868e-01
6.788075879499511078e-02 -4.207759862364600645e-01
7.431752007868785981e-02 -4.140831774727472547e-01
8.250678932317068170e-02 -3.720173809307840695e-01
1.815388758625904320e-01 3.484067036424609576e-02
6.057065917644244291e-02 -1.729149963242665455e-01
7.645412828864450727e-02 -7.870031277366462685e-02
-1.960008240887353148e-01 3.893355720910007811e-02
-2.919218711191046145e-01 2.993829479566589846e-02
6.308356022440264610e-02 -3.623111637552546282e-01
8.022153441750323744e-02 -6.268446692389573194e-03
5.684699955870853305e-02 -2.897676693179238594e-01
-2.960050530225473153e-01 4.520104043934736193e-02
7.818125034789646932e-02 2.081078920128931475e-02
-4.298662779350892471e-01 4.763004692722405675e-02
3.355941747022814781e-01 2.862741475461649809e-02
5.000867136192144180e-02 -1.274190829161403471e-01
2.334672326441716850e-01 4.369559646932086316e-02
5.028419403646500196e-02 4.564415938323777011e-01
5.909538395348812312e-02 -4.455237809363847834e-01
6.901543376367147431e-02 -3.130632636929754353e-01
-2.598643530418986991e-02 2.099692979938072579e-02
7.289683623347587016e-02 2.800722391114630616e-01
4.481942957096183289e-01 4.135339983145580600e-02
7.384629395491482118e-02 4.519399219873710960e-01
6.017983133820725694e-02 1.594361314484710190e-01
4.404470054303499804e-02 4.783982461149782761e-02
-2.355184479286170918e-01 2.841843426907475489e-02
3.495079488145075297e-01 3.496993423519112465e-02
4.399552824037566978e-02 2.028116406415825246e-02
6.135599389763157774e-02 -1.551296413328427937e-01
5.239580194860127271e-02 3.774714720485576880e-01
7.010321080637571534e-02 3.828462047816032499e-01
-9.423668900773563006e-02 3.561918556977983208e-02
1.303640642984197351e-01 2.504729060923971407e-02
8.247780103996105172e-02 -4.907716542012954264e-01
5.171520106189142485e-02 -1.360736596306066915e-01
-1.984501763254523654e-01 4.503691393961484213e-02
-1.581009379944695592e-01 3.159860027525662751e-02
-3.299368231448061017e-01 2.762767680659261593e-02
6.957300677115485499e-02 1.577288997392265468e-01
-3.175211944744195103e-01 2.031986626297543896e-02
5.080445692813595482e-02 -3.482672156683108700e-01
-6.292161661145312390e-02 1.881479427399113113e-02
-4.790481843645333360e-01 2.003526477304817810e-02
4.599072943192499263e-01 3.323153196713701796e-02
-3.005776975278083851e-01 4.382278695096486487e-02
4.690425980252894700e-01 3.370418783947914942e-02
6.751080661237718328e-02 2.102993289506261965e-01
2.404727644180275625e-01 1.901049264719745224e-02
8.381581176762387120e-02 8.727003045969949913e-02
6.820928579085394627e-02 -1.423553583698615732e-01
5.223768948282880853e-02 -3.100668115044504791e-01
1.881044016037179967e-01 3.936315872056761478e-02
6.471686502404982999e-02 1.480009972905864668e-01
1.202614595656934515e-01 3.597206056570634303e-02
-4.384408494446494498e-01 2.434196942411248621e-02
5.051302268339041834e-02 -3.051475177189737487e-01
5.955871400515200254e-02 -4.651079548961439825e-01
6.878043062077954239e-02 4.903405994302566517e-01
2.011179965377962731e-02 3.303605073632887024e-02
7.878422858733091783e-02 -2.017962079447505053e-01
1.833116012439612863e-01 2.103960929577863848e-02
7.979995586280408393e-02 2.901870376295631049e-01
-2.293023984885466104e-01 3.724274961852147570e-02
6.802643388486417919e-02 2.512451340102183073e-01
1.582736966845930127e-01 3.663304889684271259e-02
-4.029919672256047081e-01 1.937121231653249342e-02
5.831409315288216266e-02 1.815698871411552950e-01
6.746643987218448046e-02 7.509354810662061119e-03
6.078031336697642395e-02 -4.497421467731012035e-01
4.444382146745079476e-01 2.925817115481932351e-02
5.346439378996736824e-02 3.528519907166809411e-01
3.367103311667510868e-01 1.831684967633062655e-02
-2.062575311826674307e-01 4.417576965479863560e-02
8.004724584181432956e-02 6.106179863869642954e-02
-3.070290959687762555e-01 4.844780250779978648e-02
5.429500609718895809e-02 9.480548408425493179e-03
7.276143489641462292e-02 -4.874658670463577481e-01
7.510622187580184850e-02 3.401573547835802236e-01
4.195225995418327969e-03 2.652708784594071112e-02
6.043811558136191753e-02 -3.611052564239484175e-01
7.731711406754082638e-02 4.234623510581562167e-01
2.060338007624760159e-01 2.952140198296115958e-02
1.435433709032409855e-01 4.084921669855368087e-02
-1.246796977258162187e-01 2.699811807219376636e-02
1.624838011149543071e-03 2.974210445574121398e-02
2.111672571072376048e-01 2.890509737075841468e-02
6.173666295409141469e-02 2.450837195458495099e-01
6.480754042061875886e-02 -2.453683480907441483e-01
3.076925333693565356e-01 1.916888651417814060e-02
4.516989295723039533e-01 3.402359441667890394e-02
7.676603815093030470e-02 1.609586239682594400e-01
4.140881792507548065e-01 2.951058542266904450e-02
6.485657528434840557e-02 4.935424910253275455e-01
6.708184616038304071e-02 -4.355224189070909802e-01
4.903047083239364667e-02 2.143956086194035437e-01
8.483794089944463046e-02 1.268772995890077304e-01
1.380078070613747210e-01 2.990588473579314233e-02
4.403270112771994205e-01 4.844116188566394143e-02
8.007278760234159964e-02 -1.212848393840101346e-01
5.589949669481097949e-02 -3.798321209533696008e-01
8.174527495482108996e-02 3.904705910248156275e-01
1.842544219074315759e-01 2.447880046705219748e-02
4.910248975023596696e-01 2.744780213591591078e-02
5.366139487796572904e-02 4.237810494019297325e-01
5.816203672343911446e-02 8.635516859906711140e-02
4.744313822450070273e-01 4.954319935661233298e-02
-7.576593246121332559e-02 4.997378077846581501e-02
8.037255543756649523e-02 -1.219664564591915745e-02
6.804476950009197278e-02 -1.707235119997475570e-01
7.213967992918945971e-02 1.206427939536843796e-01
7.200968623675507718e-02 -3.240408506314450543e-01
6.006325445980575939e-02 -8.973705524450614757e-02
4.907993918337238970e-02 3.680084307688368250e-01
5.809696298372846179e-02 -4.521539764092233904e-01
5.425143132455556572e-02 -2.238535673022878925e-01
-7.258473484110106178e-02 4.757338721788662017e-02
-1.882474119629164999e-01 2.864546349706909023e-02
1.247802550589961479e-01 4.112960844139201821e-02
9.225409602177503388e-02 2.691548717802150215e-02
7.498825255664554046e-02 -4.249069508992106003e-01
5.128817797176865589e-02 -4.570392130133575925e-01
7.939208018554089197e-02 1.046799036723261578e-01
6.641162365231723097e-02 1.076182427859856405e-01
7.180202244148725654e-02 -7.724719658190437599e-03
-1.967484002512979169e-01 4.571461472851701124e-02
-1.341287742796768434e-01 4.656550807851511653e-02
7.978127194907869146e-02 2.429946786370696943e-01
5.325485902826854190e-02 -4.435596490990434404e-01
6.791899634166154165e-02 -2.891891365908694222e-01
5.046571128649790516e-02 1.855690791942898876e-02
-8.570288362695155371e-02 4.215561932359013220e-02
5.544435382680179547e-02 4.128278346688540879e-02
8.317169236775490138e-02 9.051752855628103500e-02
4.663030854315555196e-01 4.243705850404466684e-02
-2.892384256420884592e-01 3.171480731767328809e-02
8.177541725382375670e-02 2.222125109392922848e-01
-8.440065144423425370e-02 2.513575016023772424e-02
-3.513704276933391490e-01 3.879043360430722842e-02
5.274650123039181793e-02 -3.303725511072398424e-01
8.497719783133106386e-02 3.366140782538186160e-01
-3.992829957808214925e-01 3.733669329252375935e-02
2.545599442107017163e-01 2.780509323203383953e-02
-1.816743340489831438e-01 2.588289135130938945e-02
5.283774128744045395e-02 -1.082351896429822879e-01
-3.926350845894309716e-01 3.832764015714285044e-02
5.642818687307982195e-02 -1.781404828337970203e-01
7.180122600345018036e-02 2.541598248010916716e-01
5.109742680255047187e-02 -3.813161085489276125e-01
-1.448507225568932411e-01 3.075887772022400934e-02
7.145743679030669426e-02 1.467572526220323192e-01
6.835349454034100880e-02 1.128226609666509450e-01
5.603813270505009214e-02 -1.349089490191687224e-01
6.955806958856658451e-02 -3.187289463741767026e-01
8.234866277924479672e-02 4.309841676940698862e-01
6.688281194781631189e-02 2.641054107708724619e-01
3.954465463654701640e-01 4.269188688562808309e-02
-2.122792486325731920e-01 2.654820222976772559e-02
1.386306691587918527e-01 2.766498924298099737e-02
6.758424832932463655e-02 -9.513888092938405094e-03
7.892807441092575260e-02 3.502450326810964132e-01
6.251660733845787465e-02 3.734616017428471491e-02
5.429635811007604840e-02 -1.838515675464569288e-01
7.901045248382010389e-02 -3.775596121006420391e-01
7.031421281982153104e-02 -2.640448220222137987e-01
-4.201164381401807368e-01 3.634426030733473034e-02
5.966448902136667343e-02 -1.386585928791869149e-01
7.018004681097345099e-02 4.008358150652411300e-01
7.438666872384058770e-02 -4.104619446547391748e-01
-2.420187149198262944e-01 4.621892170903030284e-02
-2.454140420629059571e-01 4.024601587980303208e-02
-1.293661183439089868e-01 3.010004380897934873e-02
8.375620980206854860e-02 2.094544507602078554e-01
7.220141783718347916e-02 3.998125533802180387e-01
1.604663178623800812e-01 4.019269900929822725e-02
5.595105355759177890e-02 -3.661645818814509568e-01
7.576016202750768258e-02 9.688403388687005791e-02
5.875740925689920680e-02 -5.841022589984701252e-02
6.821207011592911318e-02 8.092883771172687535e-02
8.280430728547527597e-02 4.421836036922757174e-01
7.746013306348897842e-02 -4.405664900866301803e-01
5.595120221992244680e-02 -3.753921518054889050e-01
5.238750511990875047e-02 1.147309033301160408e-01
8.243982360053492275e-02 -4.953335318960490063e-01
-4.475294247417828108e-01 2.659461413750829895e-02
-4.010131433141211899e-01 3.834908285807703265e-02
5.587333823770368468e-02 2.917817635641568597e-01
2.256316465950404249e-01 3.898493365399058330e-02
6.933868258430497811e-02 -3.967689382202652659e-01
6.316345696085934325e-02 -3.329166672239997071e-01
5.372659294821557907e-02 3.588355880093170303e-01
5.361494262964394686e-02 -2.035873968078740770e-01
3.690867679437448423e-02 2.767181869259449645e-02
-5.515973385912698035e-03 2.429699055721457057e-02
3.884475801480743451e-01 2.981284295534492035e-02
5.229196290968518568e-02 3.357142366213895501e-01
3.636324547629105064e-01 4.094616490703661960e-02
-1.291724683413986163e-03 3.062091469342653749e-02
2.173924034761971491e-01 2.930894075014889300e-02
-3.804914182944284518e-01 3.916685720101775736e-02
7.244178139656187732e-02 -3.672980111193454578e-01
7.469047808503725960e-02 -1.009877489974218001e-01
5.833583566674660492e-02 -4.835984068112284540e-01
8.145957956825844448e-02 -3.938588489082434085e-01
4.757379466091016251e-02 4.460593481063146459e-02
5.687332380323106840e-02 -4.807281279106732086e-01
6.295715410632052311e-02 3.466196482361557640e-01
-2.294393958842575465e-01 4.785714080464376075e-02
-2.788451579477249087e-01 1.831675026663937000e-02
-1.684006538955956644e-01 2.555244569657266762e-02
5.046020844374232706e-02 -1.779174854041317699e-01
7.782554340822367411e-02 3.931064141304685400e-01
1.920160431525814726e-01 2.926983723586940034e-02
-3.704624492114737544e-01 4.757213877066102103e-02
-3.528535410234281411e-01 4.484440103711073711e-02
1.513738992710480513e-01 3.549044606225737475e-02
5.471812305780976438e-02 5.208535080415166441e-02
-1.818341505553962012e-01 1.960166585990319454e-02
7.689715876955438567e-02 -1.597088919003769591e-01
7.749285134908334705e-02 5.575731398005712158e-02
-4.970931297183026620e-01 2.203084054148751747e-02
2.453794561902306048e-01 3.775354454225088308e-02
2.703779548650540043e-01 3.105269350947292839e-02
5.133044474375902944e-02 3.118291488333624351e-02
7.410998365174115143e-02 -2.272601872479733665e-01
6.764939973453554245e-02 -1.787613930947301588e-01
8.145281437688545179e-02 -4.682387596775968719e-01
-2.218939402834493313e-01 2.381031778757147777e-02
5.037573420982954797e-02 3.597672822844026896e-01
8.532387213383807456e-02 4.541430508905430763e-02
8.165210130665589983e-02 -2.185569687279529383e-01
7.609628075431007499e-02 -3.183985910315063617e-01
7.252154386019948884e-02 -4.853126069422536437e-01
2.509349125099601396e-01 3.471210606850083646e-02
-3.015388539351068209e-01 2.086627954750730485e-02
4.674847237576296166e-02 3.756704737252325454e-02
7.690188774632367164e-02 2.791850646186900820e-01
