-2.530256511804793718e-01 -3.811958187989639146e-02
4.577964310588567010e-02 2.478619189754271979e-02
2.214207113629594881e-01 -2.984639342496309133e-02
6.891703981941055268e-02 8.456193925001720402e-02
6.221825634331068500e-02 3.011458485911298055e-01
5.225358833834181649e-02 -3.492310602103366746e-01
6.819124293503464607e-02 4.673416124863191135e-01
-2.331576560130588227e-01 -2.696484421834566270e-02
4.311189793239903478e-01 -3.021881625409128524e-02
-2.725950000948877960e-01 -4.492561581068965637e-02
6.856694695620313418e-02 -6.224880294947421344e-02
6.610113495384695170e-02 3.012346842576835160e-01
-4.312662093901553639e-02 -3.001151348130459695e-02
-2.821621276864564321e-01 -3.544657127961836629e-02
-2.668530815475622653e-01 -4.722792758768579180e-02
-4.269724692506803310e-01 -5.491154286448884925e-02
4.844291905680597754e-02 -2.612148908765431488e-01
-1.287750893896246751e-01 -2.933026952187145486e-02
6.637096688893129315e-02 -3.468802664887732368e-01
3.670527486359220770e-02 -2.123769084770935622e-01
4.852019140385910312e-02 -2.962172004645182710e-01
-3.299741215882481260e-01 -2.706546769831663646e-02
-1.670732491561540689e-01 -4.178994944522140820e-02
3.743272430203470336e-02 -2.908270193403128534e-02
4.713544631178770983e-01 -5.085824785020742755e-02
5.533890723874601569e-02 2.887366209008908058e-01
-4.896511153914129277e-01 -2.383992564560999394e-02
4.247542192674691464e-02 -1.662755345967996679e-01
5.375786582178476714e-02 1.931342045673091201e-01
1.274382472473963857e-01 -5.240893560215387215e-02
-4.925597747098025003e-01 -3.754447772840141528e-02
7.545822682048863861e-02 -3.342499554855205002e-02
4.033104534824571985e-02 3.664454314653388112e-01
1.203999223294698329e-01 -3.632501168420421145e-02
1.125943447384519791e-01 -4.867370345851629310e-02
3.469377423545323413e-01 -2.934338600701680289e-02
3.508107314172834723e-01 -4.263452042517068552e-02
5.433575873528240230e-02 4.247734970522675235e-01
6.625591067303471249e-02 -1.469201130591790694e-01
5.691589238060890121e-02 -4.945099695422766617e-01
-1.439126603276348337e-01 -2.557391074574966172e-02
-1.332031170642178353e-05 -4.737328821106423504e-02
4.784041124065063766e-02 2.182348151408463055e-01
2.946571294321400636e-01 -4.988079804541067919e-02
6.725115630359135288e-02 1.784001877719468832e-01
5.632248848392029661e-02 1.558259954051771645e-01
5.432902306359033151e-02 -2.311498188483850358e-01
-5.639523925406231264e-03 -4.038037076313383267e-02
1.978455007988138004e-01 -4.925967033539990769e-02
5.189711816814557288e-02 1.776240133455612158e-01
3.849849991557696693e-02 -3.589565119834072782e-01
-1.769881731186151441e-02 -4.864735693316935006e-02
2.568307402084920588e-01 -3.161549652142470190e-02
4.552653224008040844e-02 1.873375087372950443e-01
1.976915424992995440e-01 -4.453195000021048511e-02
3.587871997029039584e-01 -3.843965971551510652e-02
5.413805672050031603e-02 1.969851014453920524e-01
1.703287748539871194e-01 -4.420909247414650523e-02
-4.296858865595831745e-03 -3.296393155127597119e-02
3.353074427486313347e-01 -3.379939577082557989e-02
-1.271286366921849931e-01 -5.110178419164446151e-02
-3.918377899724370117e-01 -4.624755443777972541e-02
1.613181754056335349e-01 -4.537635007757023775e-02
-2.814818298885395365e-01 -3.501112557040098050e-02
4.499706574273276694e-01 -2.516576421890426296e-02
4.489970531841080970e-01 -4.392077034709362948e-02
4.242653732922659904e-01 -3.233973434154302495e-02
5.880775102291646572e-02 2.027693701877664179e-02
7.035857603148554240e-02 -3.380304632188202429e-01
-3.347131823782868443e-01 -4.655931657977763205e-02
5.389081147437047026e-02 -3.210321670525679849e-01
3.762298662183294340e-02 1.365409800177240784e-01
-1.489877850462746345e-01 -5.415641862905729020e-02
-2.959496161104662182e-01 -5.168322934881053321e-02
5.568481597220176216e-02 -3.139839827600865441e-01
6.064493240101764826e-02 4.793190156490604314e-01
4.685910530823030884e-01 -4.789760173159518519e-02
4.495759581163827345e-02 -1.940980531188516434e-01
4.215551942889805837e-02 -1.608723974854709970e-01
-4.451765004719582253e-01 -3.407576092883524144e-02
4.830134719436252055e-02 2.236279977882852377e-01
-3.285055197335162713e-01 -2.959128166819879890e-02
7.017736424889942093e-02 -3.119533420634574838e-01
3.853003873895659570e-01 -2.448733049533358130e-02
5.206275295172835271e-02 3.053168654774408575e-01
1.230793271557178992e-01 -5.548624071207530761e-02
4.415281871693521598e-02 3.842897052412355130e-01
6.128891996015828347e-02 -3.803140742002188990e-01
5.086325557151294419e-02 -2.409588568535334652e-01
6.669173820718587997e-02 -3.898337948461805258e-01
-2.898424104328476414e-01 -3.557126027781543076e-02
5.172965210789093327e-02 1.474722936202144119e-02
3.039777140236549213e-01 -5.207206565301270018e-02
6.240029975108318805e-02 -8.768304634394818997e-03
2.552288916961242826e-02 -2.823725740992200084e-02
6.127288562112098713e-02 -6.069148764033482912e-02
5.700819378052635056e-02 3.904184849778759014e-01
-2.374609028109220255e-01 -4.349323594965848194e-02
1.976606140612382490e-01 -4.165022136278373477e-02
5.740248854556384561e-02 -1.794504393473066450e-01
4.068170997197939620e-02 -3.922695053361715534e-01
4.032695596182112041e-02 4.581690269487619371e-01
-2.055720959183856555e-01 -3.723286960818672497e-02
4.632651728694348048e-02 2.532004254224269335e-01
1.158867187930414655e-01 -5.427259383539884130e-02
-3.014514656253217684e-01 -3.932313109734020262e-02
-2.356862772371068893e-01 -3.075204251082219731e-02
-2.742220685252768630e-01 -4.412501413234892755e-02
1.256950377650434270e-02 -3.661079694739954871e-02
2.298631828610196992e-01 -4.033768860917807952e-02
5.838789187738147035e-02 4.042521852267888516e-01
-1.696932887922042443e-02 -3.246407954396357542e-02
3.811849052276272687e-02 1.257258218964121266e-01
4.470837588034426435e-02 4.172956227126493056e-01
4.027426824261659544e-02 1.706014911480157048e-01
-1.145490813319232082e-01 -2.943583716270015138e-02
4.432615577462601930e-01 -5.176369597419427926e-02
-1.301565864787250781e-01 -4.524459012202686203e-02
6.050158266019578512e-02 2.322818147254737120e-01
-6.533488159233391546e-02 -4.877558730530984210e-02
-3.395619243964593803e-01 -5.447763882611411645e-02
2.592673391817650330e-01 -4.977391408855758037e-02
-1.028504999218042837e-01 -2.480190153026839983e-02
4.893087534927064164e-01 -3.426294871107815609e-02
-3.263718986909780462e-02 -2.649670200285025867e-02
4.335645651600872341e-02 2.901714317952137634e-01
6.654471572691367243e-02 -2.900824527537766429e-01
5.910561536781666625e-02 1.831552206334574606e-02
4.471383880969892477e-02 -2.194721155933498924e-01
9.029537397298892376e-02 -3.191076460373865054e-02
4.194554647915024193e-01 -3.642023071660005495e-02
2.116945697645296054e-01 -5.251728586594950343e-02
4.713246218767397355e-02 -3.808279036075463697e-01
4.233366926180911483e-01 -5.565301743098549636e-02
5.280540734069949504e-02 -5.918569208022583794e-03
1.543891122926316362e-01 -3.003768389851502185e-02
5.860808411904394610e-02 -2.673151003674939519e-01
3.580311329471153048e-02 -2.562115810349885336e-02
5.542973973842968416e-02 -3.479671175748877410e-02
4.474527039814768514e-02 2.771209273947820018e-01
5.038532353574043388e-02 2.291629667732144604e-01
4.609179486562753336e-02 -3.163389123220912147e-01
4.644426830954417884e-02 -3.799551167872623481e-01
3.928482997405247090e-02 4.714180635779495754e-01
3.358134134939766424e-01 -5.035392139837180370e-02
3.817981610878845578e-01 -4.515553970315400178e-02
6.961935450958234295e-02 1.395811097083243801e-02
2.622144235863210771e-02 -5.343225556857089664e-02
2.139455560003624690e-01 -4.469918758003810222e-02
5.805029378766091153e-02 -4.305314151868071537e-01
6.969412980406763936e-02 2.586630446793972693e-01
1.387720051984685510e-01 -3.293051696666193795e-02
5.990462974361931980e-02 4.562877598706993609e-01
3.471714430466172896e-01 -4.223507010981586429e-02
6.091146604774289042e-02 -4.229008948381579591e-01
3.072554218202731002e-01 -5.101945359314108419e-02
-2.979251466962821171e-01 -3.292635494713958000e-02
-4.418984572988876591e-01 -5.348007975670332481e-02
4.008858038155393988e-02 -4.158107986313234194e-01
5.965594367160653722e-02 4.366245916119106951e-01
-9.901786665549117128e-02 -3.152378909896302872e-02
5.429024406508475842e-02 -3.082920890248949108e-01
4.786879587726977636e-02 4.976299793493439427e-01
4.319293952874903031e-02 3.731025107755935322e-01
3.774554111410335366e-01 -3.875323147586073880e-02
-2.952354946548276793e-01 -2.365453480259094299e-02
4.446486788388315237e-01 -4.381877447505733159e-02
4.759756290189531835e-02 -1.215971021303986488e-01
4.901147113446535641e-02 4.816746575255259621e-02
-2.423174799220018105e-02 -5.234158376305952931e-02
3.161099267566037652e-01 -3.414184541508724635e-02
-9.009037462617375258e-02 -5.223160187259157095e-02
6.166559487726552824e-02 1.681210822392402715e-01
-2.869559134443664394e-01 -3.122868526015476487e-02
6.531973297404736201e-02 9.870801000509266121e-02
4.607479291836857893e-02 4.589849245479050710e-01
5.269254844583615149e-02 -1.623423729299868778e-01
5.508619618972310228e-02 2.410465795636818065e-02
-1.876479819001463101e-01 -2.610695201062751547e-02
4.040030237702895155e-01 -4.192560149013224713e-02
-1.629744554362505538e-01 -2.990555294600383274e-02
6.265329621049409159e-02 -3.733245994453918692e-01
4.147342114840812943e-02 -4.639350822749125358e-01
4.447587575729239351e-02 -1.490547074272654537e-01
5.695792984692249483e-02 4.415564855967579749e-01
5.951130134345716804e-02 -7.470240594177646187e-02
5.580707928208528124e-02 7.460272511934240569e-02
5.866098854339396595e-02 4.708475972910418639e-01
4.586621825701830968e-02 3.819499216966507626e-01
1.168111514913852123e-01 -3.346575443731192312e-02
6.422703744005864301e-02 -3.880859652576658103e-01
3.402704788821107051e-01 -4.416335624570166818e-02
4.286707862572214367e-02 1.854358878606465755e-01
-2.400908602533589065e-01 -4.830921221511108588e-02
-4.142742718568707128e-01 -5.394847460023577401e-02
6.972740456322057412e-02 8.762366059454884670e-02
6.797641397815357145e-02 3.412240969883163499e-01
3.356651026915439262e-01 -3.172477278184437921e-02
-4.116254362015103752e-02 -2.594527729339679567e-02
5.089103247941706432e-02 2.541174368695153785e-01
-5.789049284644276483e-02 -3.189398688906852630e-02
5.017563586746742743e-02 -3.254001963662402908e-01
4.524561076896638223e-02 4.199863278826109214e-01
4.150425503690213791e-02 4.283468569012687244e-01
-3.369993337098815545e-01 -5.258921109946723682e-02
-7.161084575148846110e-02 -4.189550633710648064e-02
5.051286270465393802e-02 1.292095200333670535e-01
7.057864622857878967e-02 1.308324675575683882e-01
4.196622346113143553e-02 4.009279707601746123e-01
6.793854209001704003e-02 -3.085034745073851337e-01
8.190787967646473433e-02 -4.163666278488564743e-02
4.962652724296945372e-02 1.651946470475907924e-01
-1.063851226104036707e-01 -3.886545629795135071e-02
5.895889039113355601e-02 1.881913549578015932e-01
-3.496496209337260908e-01 -2.545081247737457364e-02
6.148589969549489442e-02 -2.797694800396754999e-02
-2.107415585507743661e-01 -4.702972833153529209e-02
3.710241768597433154e-02 1.122479757396683819e-01
5.013008637319182892e-02 4.896529534235418701e-01
6.266807273583308024e-02 4.187451740347100104e-01
-4.631798163076524810e-01 -2.656004872771178249e-02
-2.204106538350650846e-01 -4.081563078203043204e-02
7.032130889653986916e-02 2.555573440159947252e-01
4.419830462613172362e-02 1.586932096440637485e-01
6.930712696280116880e-02 1.865503805259141057e-01
6.746444722081312850e-02 4.545930810741041217e-01
4.878920192506250864e-01 -4.061897228086175371e-02
3.286208641609227321e-01 -5.157865994492361050e-02
-3.862771396068643837e-01 -5.085249216038445486e-02
6.242548364614552980e-02 -6.292631079936916727e-02
-1.124871687320915248e-01 -4.549852483860206132e-02
-3.413902899921068546e-01 -3.654226694831697042e-02
3.671826122483734522e-03 -3.138808514015190010e-02
-2.770288955882227455e-02 -4.170800079947400985e-02
-4.594620275117703434e-01 -5.408416502782753543e-02
-3.484247942714099322e-01 -4.536380257820327166e-02
4.814678226313892084e-01 -3.968917769830782039e-02
4.678100287673925273e-02 -1.730945874568861065e-01
5.062948329642680267e-02 2.072882704511613827e-01
6.929938601573737422e-02 7.764228783889548513e-02
5.167943200619484756e-02 4.448963485302080967e-01
5.718707666033873149e-02 1.310062758842104325e-01
4.466174312022885839e-02 3.989762752551160307e-01
-6.511243302244396070e-02 -5.187979699025746516e-02
5.750609862293665220e-02 1.868457742606266514e-02
6.281253788346985445e-02 4.430840890777598684e-02
1.521976432780880462e-01 -2.358215084330406164e-02
4.618986642894196137e-02 3.673082882088707368e-01
-3.941622121085760488e-01 -2.496593805807523214e-02
6.271031230944845714e-02 4.462990330205462985e-01
6.946227665085324965e-02 -2.773773159957239054e-01
-1.620257565157825486e-01 -4.405902265608929724e-02
4.462176682961205287e-02 8.803159455710918291e-02
-1.766616121739522649e-01 -3.918307005018673017e-02
1.724909213817465981e-01 -4.609565243986601946e-02
6.544300649377687851e-02 -5.201889502966983159e-02
3.639624956451976701e-01 -4.123166232819419630e-02
4.186745124983470845e-02 1.820074405359081160e-01
5.147751293874092138e-02 6.679277330311261807e-02
-3.622101190930495651e-01 -3.772584962318026314e-02
6.319754439993374717e-02 3.537225544817178546e-01
1.228037374904775714e-01 -3.708430165128129286e-02
-2.032194205592067204e-01 -2.650484205832437379e-02
4.584360370577456045e-02 2.631714838516420185e-01
-1.036943630476805378e-01 -3.588259617094746723e-02
6.216735473382639654e-02 8.103957969383668303e-02
3.764179728970207250e-02 -2.398298844775500482e-01
6.451785431063294940e-02 -1.837599202561378542e-01
1.848130516555018810e-01 -2.692032339816896602e-02
6.434719942194266906e-02 -3.499210013969991095e-01
2.792277514223334700e-01 -4.498171888606805613e-02
6.820346663056398029e-02 -4.836183828940023854e-01
4.924403203930183270e-02 1.026004106228872725e-01
5.496846625352802551e-02 -1.726649700465302528e-01
4.902451180834137556e-01 -4.152681610674691104e-02
5.200108430483096900e-02 1.014070789036514153e-01
-4.401445302573298024e-01 -3.779800427267676621e-02
6.306875291578795117e-02 -1.507690419059356524e-01
2.283313621651122949e-01 -4.587207365274081905e-02
3.157382429430870552e-01 -5.428633536261084913e-02
5.110842838962859069e-02 -3.255251928269586870e-03
5.633250407168899354e-02 -3.898613516972659898e-01
6.008278691449098208e-02 3.917692767690237332e-01
4.084719503142519859e-02 1.967140046231630190e-01
5.101371381534003380e-02 2.961484081732741469e-01
5.600295282011924503e-02 -3.717611996590175494e-02
5.596260916212458802e-02 -6.453230822913735842e-02
5.447700651185394261e-02 1.510326802104833277e-02
5.177687296841326781e-02 -1.286115946161828782e-01
-2.296498495571546172e-01 -3.863770597819748964e-02
5.643295832244688004e-02 3.377096197502207353e-01
-2.381989011789422683e-01 -3.026824533132199679e-02
4.033689572173382309e-02 -7.204224238228140731e-02
-2.968543491054765893e-01 -3.378904765610823979e-02
-3.963210077558212419e-01 -4.097520811084010006e-02
1.739064569399972893e-01 -5.348874639258538455e-02
3.948679056232062834e-02 -3.263538688096740970e-01
6.162081006013564455e-02 1.227344362028415237e-01
5.185293887555408876e-02 1.606869665888107646e-01
4.561867505373973231e-02 -4.821613300038140038e-01
4.121970650525919044e-02 -4.455220042642036304e-01
5.821553695274050977e-02 3.470926721359998135e-01
4.887453044878975472e-02 1.262397339756274883e-01
3.887620136878044974e-02 -3.455188366559016622e-01
1.954174707334693784e-01 -3.143206242176410647e-02
4.688418015963010665e-01 -4.490613295751311185e-02
5.649200086915795449e-02 3.587349524374111587e-01
6.742732949650276364e-02 -1.541343371992218714e-01
6.017933846983203328e-02 -2.515830499228508543e-01
-4.928862353305817345e-01 -3.877162604160244719e-02
-4.546290484229138507e-01 -4.512834428172785017e-02
2.744139536795798806e-01 -2.710751915169151705e-02
4.395111546781094169e-02 -3.142092020300101263e-01
6.435635876887746409e-02 -3.781002717089220200e-01
6.063008890704690845e-02 -2.545418441406934740e-01
-9.403676149782691507e-02 -3.971243046828920598e-02
-6.615283987478604022e-02 -2.452755643041637512e-02
4.100549765977357097e-02 2.160458474585256194e-01
5.493769228525025028e-02 2.972213887143794198e-01
4.874530906099756589e-01 -4.361879621626019166e-02
5.560594514094741037e-02 7.237868215927378834e-02
4.343607644913394239e-02 -4.505443899278094300e-02
-2.874192674780956525e-01 -5.094327057907943601e-02
3.700810087411154914e-02 4.779587323258949194e-01
4.680592145160612505e-01 -4.267606652980837634e-02
-2.538213884075745108e-01 -3.761776326945232007e-02
4.805193075384806001e-02 -4.992975488052453503e-01
4.800526597475085477e-02 2.667675465446952554e-01
4.646029706183396613e-02 1.543915471922326921e-01
6.091312634851886454e-02 -9.598905179054584291e-02
3.739772907738359020e-02 -4.053736563772258883e-01
-4.005876571344239023e-01 -4.987669005320849447e-02
1.939872371404284257e-01 -4.542985114088993193e-02
6.983369443057996229e-02 -3.044931904687908641e-01
1.944785081035644847e-01 -2.962580694806282722e-02
-1.555422704690946345e-01 -3.172073140450015760e-02
6.630844501257071588e-02 8.068994299888421207e-02
5.539840094853343277e-02 4.547126026880765615e-01
4.410043093203863673e-02 3.857983557475060943e-01
6.596619642808621009e-02 8.434117327529611075e-02
4.589388029343177688e-02 -5.040330481107946348e-02
5.038306485896548725e-02 2.695725518369934681e-01
6.648570513220353195e-02 -2.351884534396649906e-01
5.590188199679757552e-02 -2.040886380379089982e-01
2.563506784083878776e-01 -4.687037771907509587e-02
6.842058821012975134e-02 -2.217988228171360321e-01
7.000690511307061659e-02 4.949419661364184986e-02
-8.270629645660798612e-02 -2.839131798798388839e-02
4.051268661562387186e-01 -5.285900358269068899e-02
5.475015147923900649e-02 2.523733715975158276e-01
