3.411082375631652175e-01 2.397909034644918336e-02
-3.106588295981573822e-01 2.643348627812569518e-02
7.532725422522901226e-02 -3.994986646632004978e-01
2.664087298809171278e-01 2.267142170406055701e-02
5.846774559530620863e-02 -4.338825137624529038e-01
-4.153464985033170631e-01 1.610731874838133848e-02
3.276342298182594037e-01 3.185449074212620690e-02
7.826521688317988890e-02 3.382595768775955580e-01
1.547025159103579961e-01 2.696725577059666534e-02
-3.602279910702805843e-01 3.107434869432312841e-02
6.859850254640142975e-02 -2.744900166787489493e-02
5.040905080431179464e-02 -2.774141124302734740e-01
7.928345362588828937e-02 -1.062947847306813243e-01
8.252232308685258921e-02 -2.722434531932507173e-01
3.411069419387887658e-01 3.798739265410755461e-02
5.816534850133892043e-02 -2.657921415384094654e-01
6.455821209853629394e-02 -1.199458019080057447e-02
7.573492585260532817e-02 -1.315759768263071727e-01
5.775505555446669437e-02 -1.660534621294552649e-01
6.894177705194404204e-02 1.343282924280340129e-01
7.202286171017158178e-02 1.852563915085239099e-01
5.410922684287899909e-02 -4.880234695612980511e-01
5.774903018656929454e-02 -3.888049498976791085e-01
6.058943275582795440e-02 -1.571367806684702551e-01
7.253017240587156245e-02 -7.519678358291481679e-02
-4.739036432671021037e-01 4.312358625942647183e-02
-1.934188373620002732e-01 4.060154465122944867e-02
5.007532078277321386e-02 2.502984729629067484e-01
7.833449849665297116e-02 -3.112974892939538440e-01
7.663398856047243246e-02 4.039820378599585649e-01
-2.758410694186448353e-01 3.381338619145113356e-02
-6.005603439761986184e-02 3.702113333444756460e-02
-4.403850791376692220e-01 2.145884867847180910e-02
6.421536360412760658e-02 -4.438475166076983891e-01
2.123865050599483828e-01 2.086828203822899130e-02
8.315344586488704337e-02 2.171704472337740999e-01
4.187802869370157444e-01 3.544671650787645234e-02
4.368961534640717348e-01 2.768434206187453395e-02
4.526662447221508900e-01 4.178680098678067001e-02
-1.771381790929216216e-01 3.560699482440021768e-02
-2.356819325380025143e-01 1.596043212611608642e-02
5.605117897243128144e-02 -7.601134482200189169e-02
8.071775278728887670e-02 3.688018551927391142e-01
5.670049821259126599e-02 -1.728625416987250585e-01
1.699613266302746339e-01 2.481473006393242198e-02
7.300172823941686318e-02 -1.788348821619573092e-01
3.664831704175246507e-01 3.006232431977995390e-02
8.261176169259465407e-02 2.342979419391602036e-01
4.936406752409174814e-01 4.203166793813306601e-02
6.215741449766831739e-02 4.977772932234606484e-01
-8.438138476262779797e-02 3.821702369630519680e-02
-3.288147434595021235e-01 4.497392891691753825e-02
6.642018886081568763e-02 -4.443707085194251727e-01
-4.664536577980298304e-01 3.967086542782649605e-02
-4.059672380623828847e-01 2.262139651047778699e-02
7.535638745197925648e-02 -3.557379913833619289e-01
2.315128775722079535e-01 3.526562500327512506e-02
6.769283802773184977e-02 -6.918199363312871331e-02
6.710044817405480533e-02 1.600709306490410988e-01
-2.117577154809783258e-01 4.222649365140740407e-02
-3.190801134418097540e-01 4.602175684018827706e-02
6.898686732190073556e-02 -4.802559190077629880e-01
1.746696982862916414e-01 2.163545799829869054e-02
7.395092052866081289e-02 2.397349686594507645e-01
7.961265058628252955e-02 8.977360205060036513e-02
8.320236839712347177e-02 -3.474964434720697604e-01
4.901516922496329531e-02 -6.294652393540767221e-03
4.310333154520411547e-01 2.650531996734994955e-02
6.389044741092742008e-02 -2.085768703626974530e-01
-2.591702860254520013e-01 2.689228079012706552e-02
-2.025705149091018287e-01 3.240559475802529121e-02
7.755712160139172084e-02 2.436324259559956573e-01
-4.091486723353410238e-01 4.009492010663018302e-02
-3.446107971061325159e-01 2.531545916960520337e-02
8.150964887204070752e-02 1.096086982385643394e-01
6.037586384096282899e-02 -2.740151540410562525e-02
8.036826429401433547e-02 -4.010458357393257289e-01
6.143277467532537450e-02 1.338342602335804710e-01
7.778333183299557252e-02 2.468720551330594315e-01
5.337977720735531673e-02 4.722272871751321821e-01
-2.980916596728639956e-01 4.433867526331591868e-02
3.491952526835290227e-01 3.718862900072306132e-02
3.372520752860697080e-01 2.813606558295633775e-02
2.024875437711601833e-01 3.655017452542985712e-02
-2.958695905183487129e-01 3.354238485341876075e-02
3.951858385660013129e-01 2.873864382402291362e-02
7.706674536005497789e-02 1.025147816913094534e-01
3.378550057179496857e-01 2.446506104705326035e-02
-2.746212179322863323e-01 4.545753215521108892e-02
-4.202960096560900416e-01 2.883194388179943779e-02
6.617624458549264954e-02 -1.683642448347204557e-01
3.652807350653466401e-01 2.586653907123770413e-02
6.779962071368839105e-02 -4.424441193765904501e-01
6.679005064361354105e-02 3.926740201782060735e-01
5.505776578707133329e-02 3.592931250211107708e-01
6.780333424744089399e-02 1.722596243606524524e-01
8.103348327043913280e-02 4.105010147553427302e-01
6.508210921304991015e-02 -2.868158886049532175e-01
-6.888499163521921709e-02 2.258030258139498425e-02
-2.332955733386228303e-01 2.919951904462381176e-02
-2.810281648446458780e-01 3.086545778426019737e-02
7.913387874211019746e-02 4.918954465851750335e-01
1.379777169458541453e-01 4.614457270504324082e-02
7.122583070271637506e-02 -4.570758474895341150e-01
5.784787647519962217e-02 4.320901818678545281e-01
5.131429460193781544e-02 -4.216062403201397135e-01
5.479401081641732674e-02 7.146876960263470746e-02
8.398636315765617422e-02 2.929909223396218731e-01
5.159964097649483161e-02 -1.898089535602215383e-01
5.858111955804123916e-02 3.079554079579260861e-01
8.274216768664344190e-02 4.308063703540322420e-01
7.429557346943305163e-02 -1.301964909719199870e-02
1.433799335485260729e-01 2.287108037830576368e-02
5.038188897246942410e-02 1.689537262080553770e-02
8.115421495089425452e-02 -3.007213106640381772e-01
6.833283129748934925e-02 -2.465780386096830812e-01
8.224772771315858044e-02 3.399949941183125768e-01
6.969416290928243107e-02 -1.526840458604751261e-01
-7.971326320424787504e-02 3.432485064079637826e-02
-2.181213498781935378e-01 1.824842110918523108e-02
6.757509847633869082e-02 3.131382012616624744e-01
8.005261853050171794e-02 4.678574902490311160e-01
1.053327485256698726e-01 4.063192855832176154e-02
-7.108784819259739152e-02 3.395797872176642418e-02
-5.638941536239894248e-03 2.589449536720100919e-02
6.683935589410816558e-02 -3.042552056232082913e-01
7.518358135886371585e-02 4.474363710644102543e-01
-4.433723339518618189e-01 1.740799004519089088e-02
-2.961344593601916708e-01 3.437652360679988028e-02
7.473236849244979663e-02 -2.636346408145174847e-01
5.302705776458604969e-02 -7.115419649898258037e-03
5.911212927012798879e-02 -2.083862949555708166e-01
4.453159270947555370e-01 2.956330852928656938e-02
-1.883920981413459428e-01 3.738401655546730318e-02
8.128514283233079230e-02 3.941580055638685964e-01
8.376770204951333731e-02 -1.356497141255847971e-01
7.114181742419678489e-02 4.384405055340701018e-01
-4.718234976379298562e-01 2.770551676602195368e-02
6.377360755210603749e-02 4.730150395146011100e-01
7.945685450093420421e-02 -4.122575821360974224e-01
5.746364696728056831e-02 4.838074330033118597e-01
5.575765198040749659e-02 3.673493973316478423e-01
5.531043239660682342e-02 8.613651773694175340e-02
7.614795763283943586e-02 4.467647753439404346e-01
5.202167618977793229e-02 1.241172269612473844e-01
-5.861178343535433655e-02 4.406528352041050312e-02
-1.606563273370659184e-01 4.314284695033054895e-02
-1.741780502048049240e-01 3.219049805745199944e-02
7.589286799433847541e-02 1.815412920168884003e-01
6.938932755298443666e-02 3.440598252717145256e-01
-6.635049350211719155e-02 2.153735511865262353e-02
3.884855874391514030e-01 2.564165507818871870e-02
-4.870548610640121900e-01 1.563606143278417626e-02
-4.225636981555462857e-01 4.557437387918072957e-02
-2.677849304288743015e-01 2.921893918360041198e-02
8.022154072440035311e-02 -2.584647062505452952e-01
2.276719540635985251e-01 3.453612539085171296e-02
2.360833792480405702e-01 2.288380437617199004e-02
-4.357726900455040075e-01 4.611985631549075926e-02
-1.061987268219655167e-02 4.130026985883161750e-02
8.421786136421260949e-02 -1.148776684967002248e-01
1.413027803699657969e-01 3.504207165383554923e-02
7.948080887363584424e-02 2.199353155839712803e-01
-3.705816176746605795e-01 4.313299950867399701e-02
-2.824809298539704416e-01 2.038841944889369096e-02
2.686433304264577160e-01 3.176220191737388898e-02
7.693870491060195160e-02 4.612567187781979605e-01
5.263942342588379120e-02 2.425734310280642791e-01
7.670980883847877685e-02 1.485599044162851934e-01
4.538801342506507686e-01 3.067101139090844253e-02
7.122358252543814494e-02 -3.082277746809729546e-01
5.572245238460715733e-02 1.534737357433335614e-01
6.347153132568128520e-02 4.330668225937238658e-01
2.032610371357745915e-02 4.057776686029568314e-02
5.817007793624939804e-02 2.165953259955251120e-01
6.719610546674970042e-02 3.291105968507419544e-01
3.374930423430660964e-01 2.358461388855193075e-02
5.081005595044507661e-02 3.512544332730016539e-01
-1.092878407095632110e-01 1.546538082702619832e-02
-4.335637516130295133e-01 4.308357356460479348e-02
6.336783036395909896e-02 -2.804755808135528383e-01
7.228261123533974430e-02 -1.555651147051319017e-01
-1.894645249635054096e-01 2.952936311863252339e-02
-4.621964253630459485e-01 4.509958001076674883e-02
6.654628964156417137e-02 -4.356577418887140896e-01
3.768352535609919007e-01 3.081228818842984829e-02
-1.975216924282418018e-01 3.985327369505609063e-02
-2.387428053353731761e-01 3.155274928153772862e-02
1.322112902534737788e-01 2.512925490812545348e-02
7.308915498276991052e-02 2.955305850128133738e-01
5.322049593452737870e-02 7.604772685941074695e-02
5.934727588484489669e-02 2.049980625405048995e-01
6.398580777747409076e-02 1.570024741499901344e-01
-3.864473158774943684e-01 3.246134017594293208e-02
6.804524218974183913e-02 -2.266744394203923374e-01
6.075726173602802316e-02 -2.172590828670689644e-01
8.361170265319528561e-02 -3.153925749548203150e-03
1.953806193155193105e-01 2.748397462519058809e-02
6.953739748578890989e-02 3.477195627007507728e-01
-2.904944413743220100e-01 2.234313686976208135e-02
7.619421512480795133e-02 -2.138818704537548410e-02
7.570451397170008256e-02 2.002194810143967940e-01
-3.671796659820233399e-01 4.188771498743570909e-02
8.140459654016785063e-02 -2.177611194773906300e-01
7.902549307754902497e-02 2.628475753709875740e-01
5.429404277704630299e-02 -3.620739504507732853e-01
6.847754080309220726e-02 1.383515428170267736e-01
-1.108882895230521859e-01 3.161211407577790844e-02
-2.096976161046107956e-01 2.869045990423024772e-02
6.703933195354461194e-02 -3.482017627420047612e-01
-6.483926338045620241e-02 3.047489119202662078e-02
6.097433475873459408e-02 4.346797525937569073e-01
7.675161951212805533e-02 -2.381692838360042197e-01
2.876265883497375331e-01 3.134471702119212555e-02
7.081844459279595938e-02 1.204766740957646798e-01
7.944831091481552310e-02 -4.073888194341402924e-01
5.365744172405506607e-02 3.288033475519565041e-01
-9.870505636402904237e-03 3.125746443683219411e-02
1.840939113207149536e-01 3.921627110547709627e-02
6.924860262849275028e-02 3.079313655996436250e-01
4.899167179614583034e-02 3.054405824224351029e-01
8.140828466335015001e-02 1.511074649186275876e-01
6.301232723856042828e-02 3.165185120026462462e-01
1.862240370645027454e-01 1.676676173582658524e-02
4.990497137826011009e-02 1.262601258783085934e-01
4.986575545730975723e-02 -1.554081607742008320e-01
6.829667867224242794e-02 3.179064134451144996e-01
-6.710313905845277649e-02 4.648673488617061089e-02
6.825447643065118974e-02 -7.503304953987333104e-02
6.651073642224691884e-02 -2.799055843102887797e-01
4.649127703602569106e-01 2.942378848533455660e-02
-1.983302512086760894e-01 2.744868362612962187e-02
5.136324239443768036e-02 -1.759005951742169671e-01
6.603651400815602202e-02 -1.738368246386964300e-01
-1.303418489593777263e-02 2.163865479128290747e-02
7.561135524079154457e-02 2.683265458983610241e-01
-2.236615631243122904e-01 2.301391591304902118e-02
2.221697418501196175e-01 3.197960876183614243e-02
-2.005638381319347907e-01 4.194863761023803761e-02
6.390632134986162782e-02 -4.559485863571217656e-01
3.409777028176760316e-01 3.415341122867254775e-02
8.248917003867006770e-02 -4.479472939343740467e-01
-3.877314677487032624e-01 2.037784975850154279e-02
5.491763536444671523e-02 2.941200415318135919e-01
6.749771215373701061e-02 4.066658100418437671e-01
3.897063312869583074e-01 3.103214203742699073e-02
-3.720320088185063989e-01 2.174946740229222186e-02
7.879639287718465113e-02 -3.720361220509685873e-01
-2.574781993347784459e-01 2.590301210260048670e-02
9.732311211135646900e-02 2.896679805907209637e-02
-4.130756101112985634e-01 3.209180855670490384e-02
5.540059521714313373e-02 1.889271195052035779e-01
-4.387343568583053077e-01 2.704051138083729544e-02
8.038395101019646383e-02 -3.193377225474058889e-01
-1.187117894807607765e-01 1.646510214776308878e-02
6.812071672233221964e-02 -4.693644045579664636e-01
6.349029855629317876e-02 -4.421984214494192322e-01
5.908866095342713010e-02 -6.005057103568911536e-02
2.651705413190892369e-01 2.133636931376314827e-02
-3.132518566384647762e-01 4.170782888008284228e-02
7.281877431634853348e-02 -3.301571819205220137e-01
6.837918061419356874e-02 -4.504965204481405916e-01
-1.055849942690378906e-02 3.809363085171180163e-02
6.860424173265944336e-02 4.011543921524015621e-01
8.028552534473465396e-02 -4.875137012926378244e-01
6.841111622741846698e-02 -3.610150065183361789e-01
6.959945157596802989e-02 -2.324254778838654723e-01
6.340937763259757443e-02 2.989737313997116175e-01
7.042881956181912262e-02 2.672241577146341474e-01
7.948357179804910189e-02 1.115283472138426379e-01
-7.626914976666010482e-03 2.297845967467315731e-02
4.096384727172993623e-01 4.257189758890400633e-02
5.955834207943455638e-02 -2.487688792446179908e-01
-3.985491898226105612e-01 2.351053351319509765e-02
-9.338590289441173198e-03 3.737902434991902112e-02
4.731638495924158638e-01 4.136794233172702562e-02
6.829264993091344049e-02 -9.576132058935371560e-02
6.868126892194370559e-02 -8.754696271495054916e-02
6.481755159170043967e-02 8.932708932953570269e-02
2.432090337672758729e-01 2.749841849373513281e-02
4.237315459770718551e-01 2.460582943165001701e-02
6.994329590846226630e-02 4.944084045602271660e-01
8.181520764204452956e-02 -2.123754965077172541e-01
8.798741179445312977e-02 3.181079436534961502e-02
-3.396555626948796203e-01 3.811377592890197175e-02
7.587872204305068369e-02 -1.222816153553933916e-01
-2.513909660794390044e-01 2.500969268087527286e-02
-4.166508097986381109e-01 2.492987836694349202e-02
7.477938015305474195e-02 3.259450479330741057e-01
6.398578790377640324e-02 -1.726321327210237344e-01
7.959810130677558160e-02 5.871329549090431588e-02
2.314675153795179297e-01 2.254265425643320331e-02
8.227284643745025328e-02 2.017965654867904801e-01
4.872233082049404196e-02 3.405440873589562489e-01
-3.257733811725054274e-01 4.276337476879088495e-02
-3.551803684535986827e-01 2.579833458055458273e-02
2.831475573808009960e-01 2.046932541655310800e-02
-2.383129464370103978e-02 4.276052284550746485e-02
8.438014209801558696e-02 -1.423305601075247617e-01
2.282995161830859709e-01 3.780734147706754644e-02
-3.547519406366395067e-01 2.012367538440618109e-02
3.990183814316463629e-01 2.840680994285127436e-02
5.204903810747074644e-02 1.887240110394492465e-01
6.837039092843488763e-02 3.952250012646141286e-02
-4.418956621500653714e-01 3.853284034420978443e-02
-1.928624374764366101e-01 4.602915260008666465e-02
5.365538982234652199e-02 -1.917577237473534479e-01
5.155486071334136611e-02 2.873168348103487535e-01
6.621444212588423195e-02 4.489787694583742272e-01
7.554021969132063141e-02 2.439123846298688614e-01
-1.194008352442905707e-01 2.113958616850908356e-02
-1.603957213610337496e-01 4.198213752510615571e-02
6.148865893544952499e-02 -9.657251559269741659e-02
-2.358762559719459473e-01 2.577162954671052830e-02
-3.252447435686858235e-01 3.542088541029353443e-02
-2.334297204334001563e-01 2.032034893257228525e-02
8.124924153157686568e-02 -2.693079385170794593e-01
-7.712338887803371623e-02 2.276095990660598201e-02
4.874217159790839027e-02 2.404079124388645017e-01
2.220395556933650871e-01 2.709131790310437271e-02
8.231383425761784611e-02 -1.587997864463038811e-01
6.480273842485928526e-02 -1.402107323543708706e-01
-4.248937724281280914e-01 1.833105465784989896e-02
1.169103505918784869e-01 3.262453077694826842e-02
-3.533067286326646572e-01 4.331783333154148874e-02
3.397699963921496646e-02 2.649559386841593422e-02
5.739992531282345212e-02 -3.039187257341524617e-01
1.131369160213230307e-01 3.274873275675271866e-02
3.364042202101839019e-01 2.149047769886069936e-02
1.088110681016933867e-01 4.657124889795738465e-02
5.995756966243204200e-02 1.268275619658983944e-01
2.965905154885030148e-01 1.924084552470983756e-02
5.536333523825720526e-02 -2.730045528209711359e-01
8.199555929769142271e-02 2.057904160269846683e-01
3.910384108518778490e-01 1.553699995276980328e-02
7.691148724899099509e-02 -4.216577291034739883e-02
-2.168305843730609084e-01 3.866204360489167158e-02
5.592948473493697392e-02 -8.200532839580443323e-02
-1.460394497572948813e-01 1.900861868945857847e-02
1.338058032909783535e-01 1.943196287572834802e-02
7.863263753602789397e-02 1.057433406059212766e-01
-1.210995489115263002e-02 2.135601482092641668e-02
3.608842737386595001e-01 2.917072929354991295e-02
7.392216263282469502e-02 -2.843304750570729844e-02
7.828269644616603351e-02 -1.078838052473563014e-01
-2.556982743575666461e-01 2.864945575376409703e-02
6.276482316327769428e-02 3.584268667202030745e-01
3.335214086672668721e-01 1.952294863257686419e-02
6.951889374232744778e-02 -3.213779745450595637e-02
3.619927036533999720e-01 2.659936788231964666e-02
9.883379512979795223e-03 4.200011349173182751e-02
-3.139106772197537421e-01 3.834782937347025467e-02
