5.837405339285883787e-02 -2.237974517497460791e-01
3.948304935240437574e-01 3.054625607202277049e-02
5.863806424383688487e-02 2.895587464006031952e-01
6.079498985079023754e-02 -2.879998180588397849e-01
-8.726475791473009558e-02 5.360664694776873240e-02
7.818477253252908987e-02 3.806817994006446160e-01
6.418517671408441316e-02 -1.794449038832638399e-01
7.224596606811717336e-02 -4.195573453622576388e-01
5.874731384181153260e-02 3.663716526944110763e-01
4.387004619247562021e-01 3.478706623601413028e-02
1.839277604242162134e-02 3.417808213363526804e-02
7.722443239760889977e-02 -5.137260304235158337e-02
8.273955108416974902e-02 4.151844062572290772e-01
3.222094542586501076e-01 2.646688200082469855e-02
2.265447264698950969e-01 3.382337619630271242e-02
7.554877377895929946e-02 -1.144812463395773472e-01
6.367654157167823570e-02 2.356876239165790476e-01
2.821189189405260977e-01 4.934572785390878291e-02
-1.096987882085276311e-02 5.347136513663908186e-02
5.359751579139626632e-02 -1.132776497774423685e-02
1.650137140601913854e-01 5.397548276041930215e-02
1.440136865660163190e-01 4.811610055033666011e-02
-6.109132651924265023e-02 2.836508920053215643e-02
8.440163428659508416e-02 2.863165062083610213e-01
8.195460123553222065e-02 -7.521105018797802355e-02
5.786875628304766206e-02 4.762788640479417301e-01
4.979758684439308247e-01 2.594907881010188877e-02
-2.449772576505830912e-01 2.634304192985947868e-02
-2.317039767417180540e-01 5.558079006628768859e-02
7.259540472524017574e-02 4.390611302148039741e-02
3.425453734985203225e-01 3.990859244696809416e-02
8.559954017506921087e-02 -1.292209801358344956e-01
4.637082319825881482e-01 3.099879799375593326e-02
7.111017613485226541e-02 4.678350109647663180e-01
6.519540742041463055e-02 4.109482968077267095e-01
-2.277523350861446749e-01 3.206113617395389692e-02
4.566830355773509043e-01 3.489372536720602991e-02
3.384623097049934692e-01 3.366865387644890628e-02
-1.621857299117337448e-01 3.003352548113080722e-02
5.975010326397256488e-02 -3.958554202647317499e-01
5.073074772167651680e-02 3.562988995685063554e-01
2.629461567101005759e-01 3.727138708356991792e-02
7.510075071142230385e-02 -1.354921128962067733e-01
-1.081910546512555582e-01 4.497941486120904386e-02
-3.442328155916970500e-01 5.145597023681836024e-02
7.151311743862553971e-02 2.078431302087471177e-01
8.388614366983282444e-02 -4.720044331219979128e-01
-4.999977254328193954e-01 3.014893226661774506e-02
7.856450366877409941e-02 -4.372790509983783824e-01
-3.759248404436664748e-01 3.308499450514978957e-02
5.003803511086979405e-02 5.602932251768788507e-02
-7.103358446914576074e-02 3.361495432421068852e-02
3.232192337413949401e-01 4.157695883184198138e-02
7.826272769213038494e-02 -2.498203249958520500e-01
-1.214818528560920319e-01 2.817812922676687926e-02
4.940631939365049963e-01 5.048462556594202066e-02
7.496142289760054922e-02 9.743585972352697411e-03
3.723379523105367905e-01 5.596911675264104602e-02
5.407072803405321704e-02 1.486062904485875302e-01
1.157895610562170718e-01 3.989247037155874143e-02
6.225405988057008955e-02 2.050096909615376495e-01
-4.463155999612122837e-01 5.362098177241170216e-02
-3.938431900854857393e-01 2.454929874353417585e-02
-4.829289869285243730e-01 4.253043419456681296e-02
7.151170034004261655e-02 -7.983309705557595226e-02
1.554405317262358421e-01 3.312390088952499312e-02
7.237206032786958065e-02 -4.450896859595404598e-01
7.246986329143412231e-02 -3.943773015066320831e-01
8.198484838219666226e-02 -3.894611607499829375e-01
1.534761978736983723e-01 4.124376601921053709e-02
-2.594631352923574275e-01 2.478466244139931884e-02
5.816930424315724935e-02 3.233359309388809111e-01
2.446262913252623683e-01 3.918867874021148001e-02
6.452771535921997259e-02 -6.183120209253234467e-02
7.089302976200084760e-02 1.604312864919321679e-02
5.736450589202579664e-03 2.761611562503807349e-02
8.300066988928223033e-02 -7.048312412865365140e-02
7.414412059696384727e-02 -2.858900108133988205e-02
-4.111250408442764792e-01 5.112296389194914692e-02
7.575244296674832345e-02 -3.330626159318232915e-01
4.047047681149497089e-01 3.599298513190529736e-02
7.768512177890929404e-02 1.009846691846528755e-01
7.314815546194697315e-02 -4.852633180249146250e-01
-3.263415557681548229e-02 4.072433001479269787e-02
2.833398299896658923e-01 4.415780737830998781e-02
-3.643834054737520312e-01 4.026439771076284480e-02
1.910380145012517961e-01 3.571403157673080919e-02
3.719964144103671266e-02 3.201877393113516934e-02
5.009984795974264937e-02 -1.789813169326937015e-02
-3.994189804894420215e-01 4.203400516751587546e-02
-1.562464689042195598e-01 2.628725128693454316e-02
5.030256939777921765e-02 -4.203429400814090444e-01
-4.028296424361718087e-01 2.475057856484597085e-02
-1.355024700623497225e-02 3.200990200232411986e-02
-2.824528302294676552e-01 4.446991269712319284e-02
6.858756218677553029e-02 -1.221118479973740678e-01
-9.492956337698144065e-02 2.673409665026593718e-02
5.928170600666304857e-02 2.209217623143244769e-01
-4.477179490890528246e-01 5.010456411141817057e-02
7.655617589812002688e-02 2.219380715852165009e-01
2.539483928823320635e-01 3.868938668555677030e-02
6.170554218323687223e-02 -3.124934672906368727e-01
6.790315497142462853e-02 -4.595895184272689171e-01
4.980989964436219886e-01 3.079020658064357541e-02
1.962737631551263462e-01 5.552073297937454299e-02
2.669334909330793870e-01 3.606872108569580959e-02
-8.218287567800375282e-02 3.528744279070061829e-02
6.440047688388228497e-02 -2.843253502750914263e-01
5.824520833558466393e-02 2.589891378968603997e-01
-1.206759035706501670e-01 3.959614245481468675e-02
-3.427395514792940245e-01 3.599825427507075126e-02
7.517328696832048518e-02 3.806310148549286732e-01
7.166938586170701342e-02 -8.553640932134110031e-02
-2.487911648756070404e-01 3.161481039844471486e-02
6.965709884552284681e-02 4.305870513445374526e-01
1.976818406227209834e-02 4.577654174721168534e-02
6.662241079171637992e-02 4.007692017272902474e-01
5.533933842564020544e-02 3.801109527319422865e-01
-9.805516808645542426e-02 3.801971476762688873e-02
-6.487657608800667663e-02 3.228931706737314666e-02
-4.676062851850742996e-01 3.457488883972081872e-02
-3.643181380995371699e-01 4.348576740512311023e-02
7.678556806329295270e-02 4.081012404316020081e-03
5.943903014471230151e-02 -3.570588049173966105e-01
-3.519295286510821796e-01 3.420201451336857268e-02
7.151181621313340564e-02 -9.573034117890510952e-02
6.239934520990197964e-02 -2.519258810043073504e-01
4.810414488078406103e-01 5.192149148676561410e-02
1.164253224834481681e-01 5.086772478626810923e-02
-3.597594351046538019e-01 2.767729439618404896e-02
-1.757132088733661668e-01 4.467304749462797098e-02
8.177898571134523120e-02 -1.927333007967535483e-01
8.310556147258618687e-02 7.833855684175672351e-02
7.233668214472943614e-02 3.014534343313881593e-01
4.581451049003824050e-01 5.233690188917283770e-02
1.764527806825147982e-01 4.064608905095845603e-02
5.607885324184869180e-02 -1.978558988352931980e-01
-3.529657362400109299e-01 3.538415819010665153e-02
6.681938166642820143e-02 -4.187735008183105512e-01
-4.738526407090781767e-02 2.826986172042478263e-02
3.801616056215916251e-01 3.185984408904196652e-02
4.114421340932868931e-01 4.650201862506220252e-02
5.366947108347575046e-02 -3.613171190031262414e-01
3.227519372008291754e-02 4.908715630412463504e-02
2.969842753783341616e-01 2.544928234289833835e-02
5.893523304496517401e-02 -1.613957497083117198e-01
3.067315252993138008e-01 5.479718671720268386e-02
5.749682468832906235e-02 4.335651841894310188e-01
4.072265415529637833e-01 5.219187115301948676e-02
-1.857920091578395549e-01 4.278069613263912885e-02
6.581770110370321891e-02 -3.192601905526912809e-01
4.836907248476509658e-01 2.976435904729490822e-02
-1.105278513539251772e-01 3.345795118807370905e-02
5.593700811552326790e-02 2.709463546044288407e-01
4.935735601636683789e-01 3.630387897957665366e-02
-4.576828254685779696e-01 5.407465350587103980e-02
-4.688565582372522522e-01 2.634706606237247062e-02
7.883181079004886183e-02 -4.759518790327119664e-01
-3.910486628919646046e-01 4.512571055744063475e-02
5.046071635262472377e-02 1.895892752387606794e-02
-4.996996681884735558e-02 3.018505806846261130e-02
-4.996580064976330338e-01 2.666809292258121022e-02
-1.425416212101406899e-01 4.794074366203571191e-02
3.890370674124405959e-01 4.397692428577593127e-02
7.597403822937187634e-02 4.145971716013315822e-01
5.644901718720085615e-02 -3.710844452634296520e-01
5.437298857188332946e-02 4.713137765252148892e-01
8.131158962777040866e-02 -2.706378465458352256e-01
4.591209380881073887e-01 5.619221384336736680e-02
6.717126944739959526e-02 1.795901580256304975e-01
6.641643629648308345e-02 -3.059748677754585700e-01
6.142150063861162579e-02 -3.595068121939242189e-01
3.259464610224859227e-01 2.989845750735764529e-02
2.282725981535461690e-01 4.827650447620046581e-02
3.444553634416541721e-01 2.721550893146318373e-02
8.214207965529496391e-02 4.935032341662518585e-01
4.033930826248854906e-02 4.399965299319197332e-02
5.619256956806184533e-02 -1.390653497223806045e-01
-3.585780967911622596e-01 4.818602940306648819e-02
7.974593476630198463e-02 -3.055260382378677253e-02
-1.498775266566261255e-01 4.737057819472956233e-02
1.287490585774934138e-01 3.981691411260646074e-02
-4.061502935842671302e-01 4.744069578106568930e-02
-3.475205420445723892e-01 3.565180989231442332e-02
3.946220833807779771e-01 2.975840961157660836e-02
7.640745734060405692e-02 -4.202818393418037424e-01
7.325429583443177073e-02 4.604597002836013919e-01
5.701097895597229126e-02 -3.200624333645957220e-01
7.149942225459349210e-02 7.813413702062610433e-02
-2.986572067520651963e-01 2.595457416581747889e-02
5.053028252319802238e-02 1.023632061764081502e-01
2.979978529619004002e-01 3.303723897072641247e-02
5.200291130893919256e-02 -7.270526576944269515e-02
5.341505705656535152e-02 -4.773747777611656584e-01
6.948539024173883139e-02 2.541329933017765219e-01
-3.281931657043689610e-01 5.084672565470904626e-02
7.468189509066236464e-02 -4.403905947232322760e-01
-7.514263977452295684e-02 3.761236561356706698e-02
-4.993946856375259813e-01 5.278689090639854253e-02
8.351387606309368383e-02 1.072016223489519193e-01
6.789730671047822241e-02 2.736137827490296992e-01
-2.050572845125631094e-01 3.514573866542436420e-02
7.885887704634253481e-02 -2.421204618819914334e-01
2.417564029787283575e-01 3.593127888875013998e-02
-2.057678475575808186e-02 2.680809330464417606e-02
8.327613688766755118e-02 2.321200596493486756e-01
5.926724186751941570e-02 -3.939493814223302692e-01
-4.011122405397483659e-01 3.552376483540964358e-02
1.198841104115352385e-01 3.250604792943212473e-02
6.168108115291481841e-02 1.820893958340803476e-01
3.547053248756705246e-01 5.676645920074208096e-02
-2.090283608332977883e-01 5.196590142430912440e-02
7.379781768872528680e-02 3.690316414128826938e-01
2.094292452985756503e-01 3.688934835889912112e-02
-3.417530464802359669e-01 4.026735464538500064e-02
5.556310654257334836e-02 7.239842251169481546e-02
8.236549453301411639e-02 -5.816485321331987812e-02
2.917081876903095949e-01 3.707669340594810237e-02
3.260662982900279783e-01 3.249739452382627292e-02
5.111582972907624534e-02 -3.620530593721852375e-01
2.975143046080253040e-02 5.058329723796328725e-02
2.987599568904324432e-01 2.818761911054767921e-02
6.878937539448504168e-02 2.017132272825048478e-01
5.062527853470211170e-02 1.256221023623176336e-01
5.156307494194023455e-02 -7.661090422055694127e-02
-1.775078103784032413e-01 3.905009888519350714e-02
7.052100193288246555e-02 -3.561545421087288776e-01
7.310932787324286863e-02 -4.223117229356970759e-01
-4.547422734145197820e-01 3.001080308349157733e-02
7.335638954818235469e-02 3.365633215139302026e-01
6.210779536091126651e-02 -3.812211667231868439e-01
2.290172248125526000e-01 4.377114903927625811e-02
5.147520400671956597e-02 -3.857941703838490000e-01
6.564644563715893444e-02 5.906858983377394345e-02
-4.255854723166219156e-01 4.005743699694330751e-02
1.320055752857085540e-02 3.353204989224434218e-02
2.739145521037034126e-01 3.428284184147967206e-02
-1.085967686751582173e-01 4.809195350190575979e-02
-8.421956907035743622e-02 4.682597487155137905e-02
-3.970254852911447863e-02 2.541784448001549457e-02
-2.403807209786605892e-01 4.499183331926726037e-02
-4.441641044285693507e-02 4.572714590477200414e-02
4.199334425420113703e-01 3.898834868359490891e-02
4.788235237030754599e-01 2.568531282948649519e-02
-4.676077231254345268e-01 5.327762188120477305e-02
7.565271921336114147e-02 3.033267679355035051e-01
5.358637060889770432e-02 1.806971997750101977e-01
5.782682216711498846e-02 -2.069697318969843103e-02
2.736229022579061976e-02 4.712468743575914942e-02
5.190062264976680328e-02 4.197328378381021130e-01
-6.505053730522381006e-02 5.671400189954445281e-02
2.225212655435457876e-01 4.483497344692310982e-02
6.533747306092119178e-02 9.406308691662446098e-02
3.280185611664832024e-01 2.801005434234693503e-02
-2.706633977324763851e-01 3.651213745669634747e-02
2.786689136361576447e-01 4.567083823233686335e-02
5.442378097421229910e-02 3.151012982472209956e-01
2.516814567092540145e-01 5.518114789274441989e-02
5.342168930849811037e-02 2.883363066341667613e-01
5.242043030976517581e-02 -3.353841131200760994e-01
5.853771603059032547e-02 1.628923183915550466e-01
5.725789743356302086e-02 9.732622498351994889e-02
5.086444573019277549e-02 3.631942142640776083e-02
7.537635017411759009e-02 -1.708773243735226544e-01
6.304673456491705075e-02 8.014840679001156154e-03
4.805903301330815003e-01 2.946188701737129101e-02
6.452107280240260145e-02 -4.424792093006644222e-01
-1.183373566599964510e-01 4.363281037896804548e-02
5.997726829172689289e-02 3.037842902621350483e-01
-4.701830319730340157e-01 5.039486134862947164e-02
5.794269533448082043e-02 -3.882793329479562461e-01
2.552178259563777640e-01 2.824426072807539878e-02
7.455016492706512121e-02 1.038916462445724775e-01
1.196692627736533066e-01 4.061263639142009829e-02
6.242164958049600809e-02 2.586608101263809800e-02
5.784537910143416894e-02 3.304551229055596728e-03
-1.961579142180072122e-01 4.037192998690630752e-02
7.964195111150340622e-02 4.957657537640273171e-01
7.597838574527349120e-02 2.329517774598999225e-01
-3.412906958046016959e-01 3.770055674617800445e-02
6.411257063587205707e-02 2.442936060344659266e-01
5.969778171114714649e-02 3.198320755319905562e-01
6.154235182428768880e-02 -2.124415416895162334e-01
1.731852103891717842e-02 3.034561443282490778e-02
1.337224500088498580e-01 5.427567983520920070e-02
-6.518849129443937684e-02 3.840468819973363868e-02
2.057206954761490181e-01 3.351124686201290004e-02
8.086799431810609562e-02 3.550019358363178945e-01
6.005742502374533665e-02 -3.085721230549559602e-01
-4.928947492059500002e-01 5.544677179122048383e-02
6.621950253916264462e-02 1.877795416576066856e-03
4.615438000112044303e-01 3.466945912621488546e-02
7.551110779958469799e-02 7.155821316004640220e-02
1.883820820549875208e-02 5.049051898509104852e-02
6.071977354322866116e-02 -2.388523689442180187e-01
8.331901016913401126e-02 -4.024176041085771871e-01
5.752813823267366455e-02 2.822053772374805147e-01
4.797914260202686965e-01 2.755072857037044187e-02
7.032279777478978033e-02 -4.639681524669654333e-01
-3.908441668580719952e-02 4.493571225894643639e-02
5.282403336170826691e-02 3.974711276382995040e-01
7.181186932661309807e-02 -4.221158741374293477e-01
2.730445061988826527e-01 3.526761795450406023e-02
6.825930759883236387e-02 2.914157671019840246e-01
5.450786852911815306e-02 -3.188673019240018114e-02
2.334725118470556415e-01 2.850429397927467523e-02
6.132123016512924796e-02 3.249902566799086623e-01
5.903053597292295951e-02 -3.005640039615063985e-01
7.536149147101334211e-02 7.088462145710050510e-02
3.415460656078579404e-01 4.926455440292532018e-02
8.437459030772742619e-02 -1.305247145147829801e-01
6.100432312477721553e-02 1.437527393601725212e-01
5.638071037595182577e-02 4.664152968126006327e-01
-3.213284179266708840e-01 4.533168413002075514e-02
5.145827954474790911e-02 -4.456378800700944165e-02
3.533280014394871715e-01 3.884657064326368925e-02
-5.121224489584264017e-02 4.874152985967628027e-02
5.409946015603750435e-02 -1.876824339415407161e-01
2.401227910498171525e-02 2.635387619572759910e-02
3.373821993507823969e-01 3.844235627874481587e-02
5.526881305228814600e-02 3.491418968913085896e-01
8.419214682696007923e-02 3.467855655193177178e-01
6.048733460395183670e-02 4.198244288015345882e-01
-1.645235153690002283e-01 4.271051463498143352e-02
7.724316056458035984e-02 -4.071326158636061621e-01
6.341344667254789069e-02 2.366694505271395021e-01
5.109536398167968674e-02 2.157150200900308512e-01
5.713284291556108840e-02 -6.023829030454841416e-03
-3.896396515180235998e-01 3.925521161346579024e-02
5.792681897099416499e-02 1.912879330724635007e-01
7.295551117458731749e-02 -2.112856446631655727e-01
1.636030312622188676e-01 4.250860611242102127e-02
4.460840161317971564e-01 2.944597496100453959e-02
-4.667991308901193737e-01 4.441436898464945493e-02
7.836120700380144743e-02 -1.117492055386197780e-01
8.226456160342099366e-02 2.303958514396198254e-02
-2.269614607684427021e-01 3.170115026129149971e-02
7.902337132180248247e-02 -1.830181535032093798e-02
4.213720887642602442e-03 5.079614184618419515e-02
-3.608548207810294839e-01 3.746037902055132651e-02
3.169370763900202226e-01 3.508219552699154420e-02
2.694857686823215470e-01 2.965108283020867486e-02
5.352511427077588646e-02 -2.611520709028367637e-01
4.352677224360379515e-01 2.778917517972512297e-02
7.343712653058709350e-02 -2.099300400893421292e-01
1.102846371410670656e-03 3.943630409133369596e-02
1.766009887227067976e-01 3.392402340588418497e-02
4.821820607385751689e-01 2.540573761588427182e-02
6.932039659485633720e-02 -3.246760664241615801e-01
7.784304786290630052e-02 -3.685821071741649524e-01
6.210249527077704723e-02 4.605065859990230548e-01
2.746499124125233449e-01 4.716076076104702697e-02
