2.975418638370778135e-01 -3.481116476525994985e-01
2.890964969109395266e-01 -3.182557991368327732e-01
1.790783366743986527e-03 2.740416916836322381e-01
-1.824594325075109547e-01 -2.856903918559642319e-01
2.116031732908087992e-01 -3.158994186513800484e-01
4.853342209932975937e-01 -3.658586668858848645e-01
1.966579605963090227e-01 -3.013836782154676319e-01
4.664755608923376595e-02 -3.500649184698408911e-01
1.189528228396752318e-01 -2.859308692838854471e-01
4.529001829250502986e-01 -2.987814587553641044e-01
-4.338489242539211865e-03 -4.365021574704491814e-01
3.469887833961389223e-01 -2.860900722139123609e-01
-3.224447308742375284e-01 -3.257554440228562775e-01
1.803651955017027131e-02 -3.648740099797724845e-01
3.134744441509068613e-01 -3.350301512848528063e-01
-1.204389814328860053e-01 -3.776028819001965298e-01
-2.021760005057440246e-01 -2.925384265389240346e-01
-3.003307927998750682e-01 -3.608969746635060094e-01
2.030944002518886293e-02 -2.964760335353757714e-01
-1.486251143445207479e-01 -3.665931035910555691e-01
-2.439347190281513367e-01 -3.584282141696248924e-01
-1.244654914691555314e-01 -3.597819813441389680e-01
4.977752650729928563e-01 -3.559429409770160646e-01
-4.904401243504821206e-01 -3.018197601990341150e-01
4.013683957008439274e-01 -3.684186460070023594e-01
3.173676874283721805e-01 -2.954546771053608856e-01
2.226147246199192686e-01 -3.038496051129074838e-01
5.851948059905975885e-02 -3.668983677595046844e-01
-1.807983318379736692e-01 -3.069143965954698183e-01
1.598663731390337350e-02 -5.173333078234620963e-02
3.443966112012494252e-01 -3.635953035458719951e-01
1.489244629022157262e-02 -1.957094735596226487e-01
-3.430568701325031888e-02 -3.781970083071024558e-01
2.124051804450803882e-01 -2.850980875521007540e-01
-4.274004328913773021e-01 -3.381276854755309591e-01
-1.479428071269796030e-01 -3.875625775271109852e-01
1.364236686357778172e-02 -4.227212245847106198e-01
-1.118091775081009320e-01 -3.795999027354982625e-01
3.544993899114778912e-02 -2.948460259451018972e-01
2.349880469334989508e-01 -3.378703788727048796e-01
2.922731446159732016e-03 -4.077036164746774549e-01
1.483895794831302517e-02 3.781276266321731416e-01
1.595984776127912230e-02 4.313350316924227101e-01
6.143296082191107566e-03 -5.091760486722785028e-02
1.288042716442761026e-02 -3.898998275146855486e-01
3.917630345800762193e-01 -3.360708534729230923e-01
-1.635518989102315857e-01 -3.054419847460373427e-01
-7.884740424097480549e-03 1.847555505188660518e-01
3.922179128643289436e-01 -3.229774061087388182e-01
4.168329307995242150e-01 -3.420721778566956361e-01
-2.209641988032787774e-01 -3.637214138891727844e-01
-2.526859644323317111e-01 -3.684821696823485926e-01
-1.020671657594229842e-03 9.332718977739395960e-02
4.432192605268092667e-02 -3.622415866154438113e-01
2.918759672815753881e-01 -3.711828253612170503e-01
-7.846801713522055799e-02 -3.139824439729839156e-01
-2.180938946608671491e-01 -3.780282016602080075e-01
2.015478994453560047e-01 -3.025139580594514710e-01
7.225797223411389858e-02 -3.247491524097180227e-01
-4.148245792864435622e-03 -1.310746660101390626e-01
3.642957172443377356e-01 -3.785809859056689097e-01
-8.620203948441040875e-02 -3.283300791526817530e-01
6.504526058954906986e-03 -1.399741282087146876e-01
-7.950614157082092071e-03 4.917121996478118762e-01
-3.191702198270084390e-01 -2.850482621518189985e-01
3.085320496404753143e-03 3.944147896093775918e-01
2.957083258717911889e-01 -2.866139581631323985e-01
-1.639035309893993597e-01 -3.876246823054741997e-01
-4.907314468374812666e-01 -3.862103575982269721e-01
-1.356150572389596132e-01 -3.115414667353363365e-01
1.358915160312401671e-02 -2.938770475054464093e-01
4.795941443130414816e-01 -2.907350880376320390e-01
-3.830537840641592418e-01 -3.425591889899444187e-01
1.455507966000690878e-03 -3.330476590892261779e-02
1.776090674266261882e-02 3.523934976431839505e-01
-1.253814594989188791e-03 4.440204281536769271e-01
-3.610409894349891902e-01 -3.310897769004710334e-01
8.367475546476466075e-02 -3.005670473174084645e-01
1.128420270454966179e-02 1.546340981421965299e-01
-6.910636666335512324e-03 -2.503497439951354320e-01
-4.351417898775650217e-01 -2.909944229109981961e-01
-4.498063902917374124e-01 -3.828883727581108287e-01
1.302743191832811398e-02 -4.638113377115252733e-01
-3.513290543286181622e-01 -3.182161393637443769e-01
-1.453145225649987715e-03 -3.848317423740843513e-02
1.809999121094119090e-02 -8.011631583268541412e-02
-7.127095114424331079e-03 2.982637115176919318e-01
4.641850122914605858e-01 -2.852355665576351562e-01
-1.612859745988601823e-01 -3.890989503597135357e-01
-3.182022810972414684e-01 -3.276533269429743322e-01
3.813341610262178660e-01 -3.427366140329158872e-01
6.566301883899838820e-03 3.632899630432682159e-01
1.329576656177988703e-02 2.622951276079428240e-01
3.879408029489450627e-01 -3.275357855728767698e-01
1.503995717245576458e-02 -7.370086508525774960e-04
-2.382918308203476609e-01 -3.237081116585265317e-01
-9.407144766751329712e-02 -3.800679426462147958e-01
3.160336977518480861e-01 -3.313183546181702743e-01
4.934976487447286786e-01 -3.664237351013175381e-01
-1.682068209457088237e-01 -2.885270120850162989e-01
1.141254739522131745e-01 -3.111128489572865252e-01
-1.975341191755715098e-01 -3.540674077803906972e-01
3.679965717977384809e-01 -3.459116521505358754e-01
-2.974495589215142566e-03 -3.268508898722144451e-02
-3.250979409703647072e-03 3.908421305108865651e-01
-2.404300660509499643e-01 -3.379944737670843580e-01
1.140402952288266381e-02 3.676349439280631737e-01
2.199065892541337552e-01 -3.777115686110738002e-01
1.446095020186103364e-01 -3.564688807580946861e-01
-8.183683084166193389e-02 -3.567163548759266778e-01
4.008032398001757368e-01 -3.770928946450394781e-01
-4.277553645009725125e-01 -3.333044702087950562e-01
-2.860303257240509600e-01 -3.869958557729011872e-01
-1.404855156646006575e-01 -3.327064868600136949e-01
-2.850124850239477148e-01 -3.153103300021062871e-01
-2.795038166561550907e-01 -3.156117478887682237e-01
-1.118545743773083911e-01 -3.322982900527199357e-01
-1.178169889609875787e-01 -2.863828824310701293e-01
-2.855463745072873705e-01 -3.019605121515501756e-01
2.390410584434695673e-01 -3.663735917381486518e-01
3.078903714026692828e-01 -3.309196274457302245e-01
4.915934563632612386e-01 -2.888946062645831869e-01
1.794737470298375381e-01 -2.944543403409735083e-01
-1.796173573373671672e-01 -3.031911517006546930e-01
-2.027794827375339892e-02 -2.944409934422740349e-01
7.732506848578424297e-02 -3.340178006857809079e-01
-9.422080186971959481e-02 -2.944666497104384550e-01
-3.376209316155845963e-01 -2.946207223043201262e-01
4.047097618090575999e-01 -2.985778318969478651e-01
-2.334091012558904277e-01 -3.690961996014039403e-01
-3.315062507158033078e-01 -3.199231695893460792e-01
-2.780907127119579547e-01 -3.289687306541645428e-01
2.030134456178959157e-01 -3.641999646645640576e-01
-6.527971365630436118e-03 4.546437931309431635e-01
3.051643321356619643e-01 -3.801551566513854397e-01
-3.005588881731182660e-01 -3.549691668557819479e-01
4.127772197165691104e-01 -2.994307165084338918e-01
1.902268502034468733e-01 -3.590237443568840003e-01
-1.553140896581068908e-01 -3.308206716452813945e-01
-5.179764813984855110e-03 4.059739072052812592e-01
2.246507684970477925e-03 -3.508930081700694092e-01
-2.517027095323121078e-01 -3.101264010253502734e-01
1.386200040639798958e-01 -3.383301443963958599e-01
3.343156079130552571e-01 -3.185037320032740871e-01
5.108603703084246828e-02 -3.352335343701907666e-01
1.985294524186592691e-01 -3.503635842597589978e-01
-4.128906325897856444e-01 -3.564492874531620670e-01
6.922926710080656854e-03 -4.047354911293161717e-01
3.352738359962122994e-01 -3.173232885416535920e-01
-7.275509153906023485e-02 -3.001464278044768674e-01
1.936467141330899810e-02 -2.114246144830317364e-01
-3.172901618373012989e-01 -3.554341832128431466e-01
-3.582410696011018025e-01 -3.188797809344361411e-01
-3.796496242956702849e-01 -3.362416598731112760e-01
2.892181113754253019e-01 -3.561517999779607591e-01
1.889917975336733447e-01 -3.439734039924357001e-01
2.006406581440779435e-01 -3.144569706225425199e-01
1.042547095261245893e-01 -3.212332335801746375e-01
3.472956125887923795e-01 -3.795934829047926673e-01
2.062445855091316060e-01 -3.565369923365625526e-01
-2.954760455089056048e-02 -3.046523667884596387e-01
-2.042510638644399190e-01 -3.422618966734347623e-01
-4.320024188719202574e-01 -3.113681622012239858e-01
1.100439164568567385e-02 -4.273948602874091396e-01
-1.384207846841295497e-01 -3.800108646415448765e-01
-2.791297780479758961e-01 -3.888162639332434223e-01
4.425479867725925498e-01 -3.691014948212960611e-01
-1.405696827807889626e-03 -2.304421422235325423e-02
-9.865603846184844983e-03 -2.677758864366410752e-01
-2.067832769414087446e-01 -3.446671440300630440e-01
-4.896836552169615553e-01 -2.845634607096514390e-01
3.591549633895027016e-01 -3.490464584538826021e-01
-4.321389805613777835e-01 -3.442541139833555919e-01
-3.090719906109429260e-03 5.894737249476744712e-02
3.157055432358047975e-01 -3.860990045599871356e-01
1.295156785905114960e-01 -3.409033883949750265e-01
-3.720400840489701544e-02 -2.975727917442566595e-01
5.668448189351027455e-02 -3.101307703726614573e-01
1.339639159115388889e-01 -3.048681146538955167e-01
-6.372407299996440955e-03 1.631262424407707856e-01
1.816559233078418600e-02 -4.256859814902940187e-01
2.572906598385327204e-02 -3.189832851652617540e-01
1.073383236517033712e-01 -3.779667186201698392e-01
8.454463668074674310e-03 -4.742611875722227976e-01
4.717291507320049426e-01 -3.282509670910833677e-01
4.879711595556287529e-01 -2.972038043485331071e-01
4.955196062254833000e-01 -3.243869844994605733e-01
-4.626323139235262172e-01 -3.838346039472799731e-01
-3.228009117218265667e-01 -3.633230246693482934e-01
1.847569063045703119e-01 -2.851300746642085882e-01
-1.880495465119902398e-02 -3.334377180806634700e-01
3.629654366572657720e-01 -3.413547953653159883e-01
-4.190927327556356330e-01 -3.604750478307444661e-01
-3.728078430150352229e-01 -3.035524867257066717e-01
-6.232913774377402127e-03 -1.690714999564763010e-01
1.594500163925682834e-02 -1.623643233363819549e-01
9.105463464734064871e-03 -5.230687407026546332e-02
4.308136606444932237e-01 -3.706720374639620452e-01
-4.698864601397015894e-01 -3.200295304290186049e-01
2.062225832436291872e-01 -3.829014579282467023e-01
2.942389121225199577e-01 -3.132986855777172286e-01
-2.081196258252884235e-01 -3.397866043249274659e-01
-3.712442307381829121e-01 -3.635170297626533209e-01
2.238496868892710934e-01 -2.861208025126413812e-01
-2.333312234173848809e-01 -2.879880177615669057e-01
4.759026338981623416e-01 -3.217580396051135105e-01
-1.479850010179349917e-01 -3.351508154028598474e-01
4.076576763865953357e-01 -3.651155251096862564e-01
8.008869719608457949e-03 -2.340235464147674138e-01
1.373654108745647751e-02 -5.203496755579717359e-02
2.044175630266334975e-01 -3.415344437876751682e-01
4.398883979464646155e-01 -3.378092385927716768e-01
1.160463616922826624e-01 -3.802672370859551121e-01
-4.893153063878863396e-01 -3.356727876122050924e-01
-7.586370285750676512e-02 -3.817172763985620110e-01
1.521063546559509039e-02 -3.066889991128874948e-01
3.352347286262233883e-01 -3.780726189399729043e-01
1.182768792420385573e-02 -3.881918154679381283e-01
2.877082679983270497e-01 -3.327843428077230659e-01
-8.970808976079935881e-03 -4.174888935467057083e-01
3.770840313106096353e-01 -3.741538195979131620e-01
2.903293737388956686e-01 -2.929309570247142780e-01
5.726501302677156069e-03 -4.766950245236224459e-01
-4.244591371604535812e-01 -3.227802454400416909e-01
-1.331353043493803678e-01 -2.997501012708406742e-01
-1.094825825299676758e-01 -3.636308847086952012e-01
4.781770080671509104e-01 -3.502732622456655731e-01
2.398697239714809859e-01 -3.420863979663280041e-01
3.257986750938370868e-01 -3.829978451292873620e-01
-4.010628682072368001e-01 -3.069618554337197880e-01
3.929409633359797205e-01 -3.486740505774917898e-01
3.097047336876531665e-01 -2.935816290941831719e-01
1.350638103961976366e-02 3.327284140551328706e-01
-2.768233118481027155e-01 -3.707733808678529419e-01
-1.238396137755859439e-02 -3.676202687243451672e-01
-6.586633890867044094e-02 -3.847726971785556671e-01
-4.978477336502573625e-02 -3.853393332301069396e-01
5.566601763649170476e-02 -3.798082065979261346e-01
8.930660618415509067e-02 -2.901518150341111379e-01
-2.552983952430933901e-01 -3.042192045800616862e-01
-3.556656951058204674e-01 -3.520442147299928104e-01
-3.354498505041165757e-01 -2.879094544853590953e-01
1.131296513214080646e-01 -3.563720405821824144e-01
8.834000523088469947e-03 -3.002964949249807836e-01
-1.634295507001921610e-01 -3.612514118378430394e-01
-3.265188182873801637e-03 -3.467875904183299607e-01
4.259881517214704205e-01 -3.657322825269565536e-01
1.483717573715603866e-02 -2.994626647367090166e-01
-2.510866475987416635e-03 -7.260395410758468948e-02
-6.706055411325473337e-02 -3.526554496520386550e-01
3.159801437279502467e-01 -3.140930016029155336e-01
1.524176036042157456e-03 2.043469225783710597e-01
1.414325693488516222e-02 -1.964212360434000049e-01
-5.302094950857760836e-03 7.311862081671449687e-05
-1.417404595963355218e-01 -2.900879097595027156e-01
8.045311213406569628e-03 -4.319775660535725148e-01
-7.591679532913508943e-03 2.396640964937557516e-02
-3.561247682490688016e-01 -2.885145032786256003e-01
-4.654910588878525823e-01 -2.953172753038317833e-01
-1.435744162390427681e-01 -3.386447468131056349e-01
-1.621129874359406031e-02 -3.399245701939151987e-01
-2.561330025816044298e-03 -1.841967045034794692e-01
-9.478913365152830117e-03 -4.833730521455237295e-01
-8.818011259663083301e-03 -1.821398295075045137e-01
-9.224013089322691261e-02 -2.967697826953117346e-01
4.767854003831007992e-01 -2.974500814502442081e-01
-1.499820710088415332e-01 -3.657642014932476204e-01
-3.286010011300400935e-01 -3.028128207125148075e-01
-1.333726860738341236e-01 -3.735777688501016325e-01
1.451665299984761237e-02 4.862532900307264816e-01
1.712598444638123718e-01 -3.840744454704505539e-01
1.013707680693092250e-01 -3.039200765119142167e-01
4.186810816348465192e-01 -3.627737219634554755e-01
2.017886086244345956e-01 -3.179120308945947437e-01
2.269912726201097630e-01 -3.732507231145165694e-01
3.259260605365722485e-01 -2.973290167347446555e-01
-2.520480719620341592e-01 -2.844383784463471176e-01
4.282590548837017508e-02 -3.295580394059797191e-01
-2.036320052577655915e-02 -3.208631599683589020e-01
1.124372207734106732e-01 -3.653012424634022315e-01
1.412910585931155261e-01 -2.872457788789871680e-01
7.103428391669630582e-02 -3.714734977012909001e-01
-3.052578785637365399e-01 -3.167715932530241751e-01
4.503193417352396866e-01 -3.871372448097984975e-01
4.544448835863044156e-01 -3.634626983630317998e-01
1.301100621508755051e-02 3.467388688824749599e-01
-3.638736288993452694e-01 -3.479430873995500439e-01
-1.412648317287380495e-01 -3.448150246672679886e-01
1.525449391249023012e-02 -1.424684602476976591e-01
9.152540842996215176e-03 1.083779591060514136e-01
-1.569965123541111618e-01 -3.296301102811555195e-01
-1.777296027097787778e-01 -3.848661184615312925e-01
1.156625523896892549e-01 -3.751131542801754426e-01
1.863551716322087159e-02 2.664591358013747024e-01
2.662925556334320154e-01 -3.764906357041293283e-01
8.878645926659545218e-03 4.184886183406363314e-01
3.584943671781396501e-01 -2.960861172563029609e-01
6.656449450178514304e-03 -4.085636531304349672e-01
-5.781140990748911968e-02 -3.086662344338048092e-01
-3.709018992038375373e-01 -3.381130986013368700e-01
-5.001973909660539785e-02 -3.398919584583973696e-01
-4.421130994126915015e-01 -3.561299389549827943e-01
4.998419012543584561e-01 -3.788044328216962908e-01
-4.330588649809818946e-02 -3.004093775293735780e-01
-4.527067754428973911e-01 -2.945816912209348049e-01
8.220583332673614407e-03 -4.998338732677609642e-02
-3.893767474834256559e-01 -3.109390018757369756e-01
3.029812223463876908e-01 -3.463207945866937365e-01
2.517346430760823983e-01 -3.603543666938785472e-01
1.613303990957725143e-01 -3.405194868455058144e-01
2.949832533077795249e-01 -3.148136965142139809e-01
-1.511953137870981623e-01 -3.106958762219597103e-01
-3.244468393146180407e-01 -3.605923716093741849e-01
-5.167270109333210737e-02 -3.048776812890582333e-01
4.385351379189973420e-01 -2.873590924404656466e-01
-2.663357409510769269e-02 -3.735090953925750412e-01
-2.983175454992551545e-01 -3.017931172785398575e-01
4.587573702398406450e-01 -3.780754323420196794e-01
2.295668475132688346e-01 -3.162895233448147492e-01
4.782402706115982394e-01 -3.516227938660719810e-01
4.549922733177185208e-01 -3.703289048133339145e-01
-4.323101706154797164e-03 -2.380714831093957429e-01
3.286085608156190663e-01 -3.090936441498454146e-01
1.434271205249290082e-01 -3.391712910221910127e-01
2.435823082487799107e-01 -2.995941475754539951e-01
-4.433123230274494952e-01 -3.132128414644254066e-01
1.911210209498181989e-02 -9.843454896290348977e-03
2.083637348668403444e-01 -2.882687189852409793e-01
1.534911187482057571e-03 -3.129999769100172413e-01
4.480786984218437796e-01 -3.315287344878968812e-01
-3.706516335700947851e-01 -3.388732718310376590e-01
-3.468000724578168548e-01 -3.085648979816087989e-01
-1.049635435285158902e-01 -3.430595718272466677e-01
8.715411896400970804e-02 -3.442081525428191124e-01
-4.972635494327093397e-02 -3.267635885394016837e-01
-1.746467270546050443e-01 -3.439921813201436418e-01
-9.457288992274937023e-03 7.682393132405551661e-02
3.659195181714289813e-01 -3.332058831644019170e-01
-2.319206487348980383e-01 -3.713077831549330687e-01
1.808115000845005316e-01 -2.920971516404413659e-01
3.801340184185186821e-01 -2.936569801925983381e-01
-8.091600044109026335e-03 3.364957856953618709e-01
1.249185287826937163e-02 3.585223619710221632e-01
4.832188053787347393e-01 -3.657689676252782185e-01
4.357196897677246827e-01 -3.227329642255027942e-01
-4.974627150550636756e-03 3.724404497839364225e-01
-2.592906565295952648e-01 -3.220117809857016011e-01
-4.402186975922042222e-01 -3.328567627483564051e-01
-2.792233725570132385e-01 -3.133584678316909677e-01
4.195941701316985295e-03 1.962657189260241797e-01
-4.410090160346863408e-01 -2.950617497507019849e-01
-2.402296338793085129e-01 -3.506933614344215355e-01
-6.363262003540315348e-04 9.779768414508005492e-03
-4.729302636595251741e-01 -2.999407397987098323e-01
-4.804980446048185971e-01 -3.255227263519915315e-01
-1.526106369166690957e-02 -2.913511544309280721e-01
-4.859672385381441639e-02 -3.253652197601240026e-01
-2.446388676503086224e-01 -2.860283013492327386e-01
-2.270520506850652875e-01 -3.509145971554710197e-01
-3.940627322020047174e-01 -3.413216203754011469e-01
4.086753157766328526e-01 -3.260054843970973115e-01
4.464775336802641048e-01 -3.729323883102914072e-01
3.617744671854649097e-01 -3.559209250477276543e-01
2.356764074978596746e-01 -3.851887948627384928e-01
-3.383204347972913473e-01 -3.646154623159474362e-01
-2.905629003862278958e-01 -3.342521940751415066e-01
8.881756837264476179e-02 -3.112901584241927200e-01
-8.815973904626106528e-02 -3.524289231718928939e-01
1.238887142060707269e-02 -9.269038541597462988e-02
2.804074463242178794e-01 -3.297462995046090972e-01
4.395522627079954114e-01 -3.559639549209239195e-01
-6.529920181442050442e-03 -1.766574412620190992e-01
-7.554677303839518743e-03 3.765536660604575925e-01
-8.883984965191160654e-03 -3.749119160481131363e-01
4.286273503158311016e-02 -2.961330815618665735e-01
-3.556783431252097394e-03 -8.574820669514460203e-02
-3.597735354103055450e-01 -3.420136891914314914e-01
-5.515742874337703494e-02 -3.146864197445335964e-01
1.037139780813993717e-01 -3.397893664418157877e-01
-3.174660360109089474e-01 -3.644950839986852431e-01
4.367765384204379542e-01 -3.848400402267323495e-01
2.379968743698888112e-01 -3.037088691698689447e-01
2.189193504350983588e-03 -8.211551224898094858e-02
-4.318484276204885841e-01 -3.176704634288196605e-01
6.885814395365064122e-03 -4.133020759907601871e-01
-2.761422652553918722e-01 -3.581770888522723961e-01
4.161651222804793049e-01 -3.670113086727095908e-01
1.446633075511204458e-01 -3.205103048664914578e-01
-1.495898757234747078e-01 -3.108340064742959319e-01
4.234505136414092874e-01 -2.902178948985251195e-01
4.131660469968947424e-01 -3.466382562000430712e-01
-1.830754177493163493e-01 -3.534268870032556409e-01
3.073034832157396368e-01 -3.330783710033736744e-01
4.178730091008601155e-01 -3.391496719637417945e-01
-4.894064941204966379e-01 -3.767482669242574467e-01
4.160551416500408717e-01 -3.208596573140778396e-01
3.224145832597468120e-01 -3.711991415631168412e-01
-4.673480690919551428e-03 2.417524288078291006e-01
-3.613518826715023113e-01 -3.854707263968220055e-01
9.009804877693317060e-03 3.261809393747404640e-01
-6.673090637453693574e-03 2.500517532748732785e-01
-2.878105225214869778e-01 -3.745552478849162314e-01
-1.013071498595546904e-01 -3.464299252824304398e-01
2.388045563245912994e-01 -3.259694590985513507e-01
6.824522446527048203e-02 -3.262279428955395799e-01
-4.898135048949314729e-03 4.627368656814343506e-01
1.450350649927734104e-02 3.357784907670883223e-01
-1.465397175907073857e-01 -3.393823919898030228e-01
2.107921029406109037e-01 -3.875658298584889749e-01
1.040992230488513304e-02 4.465160558725689288e-02
3.600445350822479851e-01 -3.802222660599828830e-01
-3.009744190096889094e-01 -2.921659830147087522e-01
8.867230922447455477e-03 1.690936553307426093e-01
3.876022633075626445e-03 3.369719213976877237e-01
-1.020196214722302042e-02 2.379002964795972064e-01
7.684030745264125439e-02 -3.350798898946849569e-01
4.106485703519199282e-01 -3.094299039961355691e-01
9.842989816951419613e-03 1.176682986761852234e-01
6.451965553555538690e-05 -3.449314519271824420e-01
-1.071928022070445241e-01 -3.340049650284667715e-01
3.934787067615612699e-01 -3.120133630267444280e-01
-3.250819790815517862e-01 -3.493294014542939196e-01
-1.520185057822487362e-01 -3.012551641969323235e-01
-2.195382645409654776e-01 -3.601047157537398125e-01
-2.861389797648259403e-01 -3.754860240822278650e-01
-4.598160736326328824e-01 -3.470127653078515229e-01
4.812183654758122042e-01 -3.318572886039879988e-01
-3.320552403171458389e-01 -3.523631894047999369e-01
3.771971548045058853e-01 -3.800272194095961620e-01
2.683626595157007078e-02 -3.740219148581447328e-01
-1.548761829807936419e-01 -3.430585872564946293e-01
-1.386325971019286563e-03 4.886704103176843228e-01
-2.420063918344987908e-01 -3.332038714930036782e-01
-3.768230712488137568e-01 -3.092169255283520046e-01
-1.215188114677203668e-01 -3.481131690769079245e-01
-2.822511167748991134e-01 -3.220043402993638670e-01
-2.960520943580990938e-02 -3.617479947762578529e-01
-2.377668777226829011e-01 -3.128308320658821362e-01
-4.368864067634770088e-02 -3.606430871508348179e-01
-9.154654634071390795e-03 -3.161455233977064072e-01
2.326228872240740930e-01 -2.949574073147883668e-01
1.355712953888591477e-01 -3.619468441599246189e-01
9.188473087670412376e-02 -3.112875483400767695e-01
1.188901072821191285e-02 -8.591846347377174453e-02
3.715780491948671438e-01 -3.774022769548414091e-01
-4.127249125019627485e-02 -3.768548883868001464e-01
9.011293354939775568e-03 1.496352137710829089e-01
-2.687705204756395405e-01 -3.754474242568097697e-01
1.937088775643658334e-01 -3.784195419445565145e-01
-1.023882778735458743e-01 -3.841292390530754997e-01
3.186349543806478168e-01 -3.724937135454409187e-01
1.284211206219501022e-01 -3.371195639023109036e-01
-7.506503503127426313e-03 -3.149550638370198774e-01
-2.312864128896374716e-01 -3.066055015267689088e-01
1.235284965962790693e-02 4.314806651914041558e-01
4.143951006784356572e-01 -3.260487698815093260e-01
1.821986225969377537e-01 -2.921225427750020476e-01
-3.424838746815349610e-01 -3.436440251484883524e-01
2.531531719698554284e-03 3.487191197990255898e-01
-2.091883334206258160e-01 -3.054980678779959380e-01
-1.435883525695801355e-01 -3.060661744105289683e-01
5.423406224332683045e-03 1.644447563121375078e-01
4.811023303137711427e-01 -3.105077626254434398e-01
-3.835763445619017054e-01 -3.482052362251114586e-01
-8.389159974931947872e-03 1.501996648815140389e-02
1.071225441925701682e-01 -3.779697777957787830e-01
9.703096745387396194e-02 -2.881753878038789685e-01
-1.533421830500953931e-01 -2.935733121594075179e-01
-3.791111590247144836e-01 -3.047167516064780424e-01
4.940674334204383511e-01 -3.636746160063035749e-01
1.026962264753061849e-02 4.872240956243713006e-01
8.642161852960072999e-03 6.959070124674382463e-02
-1.862334614600223981e-01 -3.524732945691723129e-01
1.318137851403589078e-02 4.754858422379442118e-01
-2.138679555396372223e-03 -4.112776309173831191e-01
-1.381557316984536321e-01 -2.860005940433212324e-01
3.628893375111523767e-01 -3.800010016569939086e-01
-2.015087621061728562e-03 -1.927358504930642980e-04
-4.483598956868573016e-01 -3.125580396942063688e-01
-5.802231619038034083e-03 1.948952998433365336e-01
-4.274632033148262344e-01 -3.007430889052303824e-01
-3.942357510372279661e-01 -3.842740061360300219e-01
1.953147480654127133e-01 -3.884071464734345502e-01
-5.724053156817021648e-02 -3.745389168368563615e-01
-1.817807010657646050e-01 -3.062920730445376494e-01
3.090688135523546043e-01 -3.338262478354375729e-01
1.904285617391143770e-02 -5.051971659233145395e-02
3.477627523740643989e-01 -3.076879094330011721e-01
2.199421002909556222e-01 -3.219775906507944541e-01
3.322590368962569096e-01 -3.182339724416798354e-01
-3.401048610928677496e-01 -3.433379014034073640e-01
3.024391666101061693e-01 -3.178145832251377811e-01
1.622583071273986377e-02 -4.049724022827153602e-01
6.892965929164884820e-03 -2.381979755206475868e-02
-5.923789215381358719e-02 -3.238926217766613380e-01
2.925419167365782558e-01 -3.763969808482632295e-01
-1.819807895972829215e-01 -3.384386046826621808e-01
4.018046436437141544e-01 -3.235378412790353986e-01
-4.245617559158865184e-03 -3.053712065665094011e-01
-4.798696286032368974e-01 -2.954164130502281438e-01
4.153285137825116768e-01 -3.266727268934329631e-01
2.371186638619180442e-01 -2.896487455305208902e-01
-2.490485842003031802e-02 -2.987258094998399560e-01
2.812559618365095826e-01 -2.967230277943558869e-01
-4.726456700465743177e-01 -3.052851573963293319e-01
1.942022165210099960e-02 -1.296811068126333399e-01
2.895403348874253657e-01 -2.926656894141075327e-01
3.125900419313409895e-01 -3.632761489647972075e-01
-1.665287547879951147e-01 -3.335467687275454063e-01
3.629866599341704525e-01 -3.016022508389802903e-01
-2.509403676012589290e-01 -3.834985130859034363e-01
-1.401352616391293715e-03 -2.667606555439286931e-01
-3.639169245536603148e-01 -2.940077865749805008e-01
-1.063888028419943677e-01 -3.043748410259284887e-01
1.206644426858989316e-01 -3.594651379365059185e-01
-6.766555226025205982e-03 4.570661319192325101e-01
-2.830872162163079464e-01 -3.852102471486799073e-01
-1.190704805981824821e-01 -3.002754378683147873e-01
3.970532035153028216e-01 -3.374397855768593857e-01
-4.502216033415840091e-02 -3.875510144799606538e-01
8.986113096497605479e-02 -3.862741963749866114e-01
-4.918020232819064752e-03 -1.454790970534347583e-02
1.434171441118329282e-01 -3.140655024119868299e-01
-2.268921793140129539e-01 -3.860859754539671673e-01
3.556747242505804429e-01 -3.241809193260860589e-01
1.353131633253079613e-02 2.880024383798048815e-01
4.962036187774921947e-01 -3.166931183107997150e-01
-8.445170969747928247e-02 -3.866583051332667109e-01
-4.832918774702471554e-01 -3.308674092592515104e-01
5.878185117361600653e-03 4.049352519047236809e-01
1.384873000732588233e-01 -3.860683463724057241e-01
4.205304467021344639e-01 -3.174438273769656371e-01
-1.843959246994213430e-01 -3.169400993140342182e-01
1.946261023355048136e-01 -3.030452831436459826e-01
-4.196142232819166651e-01 -2.890722610146746474e-01
1.115011632725626534e-02 4.346651633154730021e-03
3.191429847164815037e-01 -3.138773916349586468e-01
-3.855948191390456969e-03 1.339878652413983851e-01
-3.928467326649103253e-01 -3.354096006381496187e-01
3.990895579153619366e-01 -3.680124465091804131e-01
-8.375297814414706110e-03 -1.124117422742924033e-01
3.373304947774132811e-01 -3.571800392440386274e-01
-4.595977404771255381e-01 -3.520105294053345046e-01
-2.549737129380810208e-01 -3.394653020044575698e-01
1.796880099945823428e-01 -2.850412909877819700e-01
2.355596292381966217e-01 -3.098982906421720029e-01
-2.548073767030341052e-01 -3.646811440139589022e-01
-7.543195051118556371e-03 1.180929213638375330e-01
4.556550273910442428e-03 7.559576692202596426e-02
1.876111551861403548e-03 -4.361390625846056635e-01
-4.579975940572156290e-01 -2.843615525150164913e-01
-2.596020284591528116e-01 -3.048483995330006913e-01
4.983472840206149002e-01 -3.011832625625833204e-01
3.214612706102297768e-01 -3.632833308958974827e-01
2.848876418523094145e-01 -2.959082952658923515e-01
-4.544926871042436201e-01 -3.801552995820393077e-01
-2.795013858098227555e-01 -3.720561808979954144e-01
3.685192869200193400e-01 -3.122553758759423204e-01
-2.750743071873784640e-02 -3.006505230792451133e-01
-5.134295206912220522e-03 -2.202846694063312905e-01
-2.999274498625966734e-01 -2.978428504551218214e-01
-1.070576206468462077e-01 -3.559227464626386617e-01
1.706394927599652611e-02 -4.910549766829043206e-01
1.678926081502363221e-02 -7.259234646261591983e-02
-8.496602520799312330e-03 -1.291648429964179501e-01
4.318300954620305498e-01 -3.749757915201188396e-01
-2.359487646082331080e-01 -3.705052764158590639e-01
-4.510296742873176612e-03 -2.289846075150914206e-01
-2.590078780553177751e-01 -3.709018025119258377e-01
-8.381936109980281380e-03 -4.053483227946652612e-01
1.187951040941032099e-01 -3.093090279386181418e-01
-2.924553298243914856e-02 -2.890694002443821020e-01
3.294039293347816866e-04 -2.605358891056183124e-01
4.551254462225046149e-01 -3.848234370498240242e-01
1.390895182924500872e-02 2.084505041318086560e-01
1.344878191667844280e-01 -2.984228112311305692e-01
3.918922581487910284e-01 -2.910908956327949992e-01
3.268633451342385365e-01 -2.913578714915529000e-01
4.099897513006171001e-01 -3.397996700530574454e-01
-1.267220633145664799e-01 -3.246174951059217495e-01
-4.061590175088336530e-03 -1.296400247167310837e-01
9.853744401117092711e-02 -3.115167314140476762e-01
1.327560447745013139e-02 1.842766365970739395e-01
-3.624653131339723444e-01 -3.551555865389948163e-01
-8.406154477681782033e-03 -3.427407543115856825e-01
3.932173784471040268e-01 -3.062962709361464197e-01
-2.786227113755830320e-01 -3.586648865816153275e-01
1.053381531538089000e-02 -2.573925977210189675e-01
-6.287144914751308100e-02 -3.204440499060646763e-01
9.199767845027406743e-03 4.290119989450180693e-02
1.825257593590109417e-01 -3.503742702687028254e-01
-4.258834033290761489e-01 -3.512569356991728231e-01
1.025295927354830106e-02 -4.310257137033132180e-01
1.103508381846058928e-01 -3.615162640745773759e-01
-6.855902261380664164e-03 -6.054417560639824281e-02
-7.734982224937292372e-04 -9.761659106563536081e-02
-4.967250740871737014e-01 -3.393982294449235937e-01
-7.383059204080466564e-02 -3.566141313410229330e-01
-3.207942082196546529e-03 -4.375524628285160089e-01
-2.373813229374113210e-01 -3.383649491109276264e-01
1.913140338938901230e-02 2.282253822703868007e-01
3.365374112783765526e-01 -3.115564862080140163e-01
-1.447879008045883653e-01 -3.713948866177888553e-01
1.725923268756202056e-03 -1.626401786551856521e-02
3.270503084548541661e-01 -2.904847244901055392e-01
6.692627890937619117e-02 -3.865632237049709818e-01
8.814452590273802457e-03 4.609546744611172642e-01
-9.951813858292912762e-03 3.025272807051643253e-01
1.093567205381629215e-01 -3.083996846586906093e-01
-2.858537488267290927e-01 -3.275934572619905172e-01
-3.841244326434236633e-01 -2.925389124334616398e-01
-2.775860108214178723e-03 3.142982329737687985e-01
2.591530055983314318e-01 -3.363045227454157793e-01
-3.216849935648150582e-01 -3.118274666278878504e-01
2.130107173929775000e-01 -3.180340706949026375e-01
2.291486113917828860e-04 -3.630889508779683306e-01
1.856769140699132681e-02 1.382938780895693887e-01
2.845511913195766240e-01 -2.985414195139157734e-01
-2.992700960101890573e-01 -3.763690875718833651e-01
3.016035985476809289e-01 -3.480850955364791499e-01
2.590192803210483730e-01 -3.018260295043471153e-01
2.436409675828689059e-01 -3.183045575826622953e-01
-2.880349678388541834e-01 -3.517284480426646764e-01
5.745047581703133233e-03 -1.289020919261125719e-01
-3.916447741861653897e-01 -3.742823817076273984e-01
3.256795018629511373e-01 -2.888585014068357770e-01
-2.671984244174471224e-01 -3.874900922452536589e-01
-8.947652031454211841e-02 -3.196752594916001389e-01
1.435965785705244357e-01 -3.189515131825056971e-01
-7.357263048275775041e-03 1.596785041038087938e-01
-4.737582862566386277e-01 -2.989543483995216189e-01
1.598276404316645305e-02 -1.941556660927507005e-01
4.204933278372946504e-01 -3.046561427492525675e-01
-4.016307113972050757e-04 4.340931919280783813e-01
6.609740579539835625e-02 -3.468419336278055765e-01
-2.161369057834905405e-01 -3.860869041729841911e-01
1.358936317168686347e-01 -3.738076458809287406e-01
7.710323431739851685e-02 -2.888452737868096865e-01
-3.980166390926649367e-01 -3.604545875445401837e-01
1.214577546988571122e-02 1.153976802039425875e-01
2.311553100952393747e-01 -3.158435892223662167e-01
-8.908468265587998758e-02 -3.141493308548832797e-01
4.005061601418912209e-01 -3.709101987541267853e-01
-3.595715377190886741e-01 -2.990525890283919352e-01
2.326815173903375999e-01 -3.016435315936398798e-01
3.893587686255126634e-01 -3.521835608979757559e-01
1.565017576470311145e-01 -3.460794578920914910e-01
-3.640958811941035211e-01 -3.084942948667936946e-01
