7.632808101270904810e-02 -3.734734976578765187e-01
-3.691034518445399648e-01 1.925225049166844338e-01
1.029372053962629430e-01 1.485907381615678702e-01
4.045125496427490752e-01 2.133283352464971916e-01
9.212160115082845824e-02 -4.907736993019041760e-01
8.056124775020612194e-02 1.283252698739221209e-01
1.760340120509185091e-01 1.777945328115219104e-01
-1.398351602039940023e-01 2.124466976205847679e-01
2.569442026506940646e-02 1.956244256560698558e-01
-4.064029891567920716e-01 1.600794559506263370e-01
5.491443509757132357e-02 2.177529680075426244e-01
1.001766225508871067e-01 3.855046438739482273e-01
9.869645941784199739e-02 -4.683680318295342371e-01
-6.824105414170567041e-02 2.196768436088251120e-01
4.451352136978931062e-01 2.201025607866128331e-01
1.121325146330210965e-01 1.701545384501917946e-01
3.518542437565291836e-01 1.846812987380200832e-01
2.970527949855361616e-02 2.194823986440579411e-01
4.405232404257075629e-01 1.741221171616975649e-01
-3.571382936866237534e-01 2.097834651324628208e-01
1.176220176313187427e-01 -3.731715114130833566e-01
-1.253665049810388510e-01 1.990967203181215339e-01
8.342246948753206937e-02 -6.191400102751132284e-02
-3.388544580074315249e-01 1.733527136792142320e-01
3.766146102126790574e-01 2.035097257602862530e-01
4.925955647955644334e-01 1.782229773258655614e-01
4.353428819709593833e-01 1.813726294267797856e-01
-4.496650033224280918e-01 1.991937377164100242e-01
1.102202989091476404e-01 -2.711642109205203433e-01
1.140820914158221511e-01 2.490169733548566189e-01
8.413183499114806896e-02 1.141039413509451483e-01
-2.949811008173029991e-01 1.955987638159072395e-01
1.708050151103782666e-01 2.023483015251471562e-01
4.343426006078071611e-01 1.714009809186106681e-01
8.836082711234261033e-02 -1.001104273935373712e-01
-2.456206962727081056e-01 1.746790781687518335e-01
9.387734931213165268e-02 2.869659794061889535e-01
3.844316771181056636e-01 1.719337445303377176e-01
9.475729958386580609e-02 3.561236108890117880e-01
-2.446001375035637970e-01 2.170507879776663041e-01
-2.534339097882970515e-01 1.893871138813316701e-01
4.891617416415904307e-01 1.748705270009854873e-01
-1.691303708231860492e-01 1.881777208379664668e-01
-4.354476861278178124e-01 2.008770187103279259e-01
-1.548129950609464789e-01 2.097862140970163658e-01
-8.635485458627834010e-02 2.213271999461463579e-01
3.988104451841903986e-01 1.925003901370208048e-01
9.194227670743126968e-02 5.057891287697913185e-02
9.709280080927573664e-02 1.667835889314828179e-02
-1.752938154547853955e-01 1.863858976108470067e-01
8.061795433599661109e-02 3.081956571894565178e-01
7.990686919652101317e-02 1.569864219811542005e-01
1.076032020643925557e-01 4.650247113320890024e-01
1.618479290568979323e-01 2.199487153196146849e-01
4.555082357438067220e-05 2.092499744941217488e-01
7.664362435510208016e-02 3.800503414923119827e-01
1.171516227365787532e-01 3.258157351475389207e-01
1.009220643248379679e-01 -3.785862930939629667e-01
-3.509455083239928497e-01 1.808988384271977834e-01
1.153522791284822269e-01 -3.239874551901259503e-01
4.314740783290981208e-01 1.843443825702756333e-01
-3.776428197634212891e-01 1.750259455378621043e-01
-1.839482882491033644e-01 1.782170993435744366e-01
8.509935655546396749e-02 -3.082237070867249740e-01
1.199179711502186274e-01 1.717105851097171509e-01
-1.744302441961665950e-01 1.915463218821492619e-01
5.119018537560449111e-02 1.811093045946804425e-01
8.356022310634647621e-02 -1.099772521017591265e-01
-2.088372358897609971e-01 1.834446271649233795e-01
-1.761656050237170312e-02 2.196141937482837259e-01
9.271619083306381626e-02 2.769295629610225573e-01
1.014124927290075417e-01 -1.449507549351437552e-01
9.376473651999051029e-02 -3.741372523739122657e-01
1.173202652277158808e-01 -2.617983691272633973e-01
-2.838011963354608591e-01 2.063531663472751854e-01
-2.638640321079759321e-01 2.069728026244880281e-01
-7.990943454250087896e-02 1.687610861473662904e-01
7.744282288235915246e-02 4.009920865592797590e-02
1.120730907360240058e-01 2.858423110562289260e-01
-7.235938516834161671e-02 1.759214232378717435e-01
8.893632825730168889e-02 -4.822748772559696251e-01
8.955290193519149788e-02 3.411396842846323718e-01
-2.872894340363452148e-02 1.785501399177934490e-01
1.074735460920573926e-01 -2.822651388366744785e-01
1.057831078658827417e-01 2.388586493599472727e-01
1.492501617906073497e-01 1.941990057824002358e-01
4.899942564635151321e-02 1.710548408264418452e-01
1.121336882819522485e-01 1.901777764062534404e-01
-2.545096546960445849e-02 2.071247880420891141e-01
-3.430673912013195714e-01 2.091127628845930175e-01
-3.008174796291216424e-01 1.796773902642013754e-01
-2.239038594852826858e-02 1.902750034771677479e-01
7.718495778869249868e-02 -1.165160873542523401e-01
2.628830601543608037e-01 1.775996172724790823e-01
7.796154671171529049e-02 4.584479405271385533e-01
2.383961220797902181e-01 1.701702758641074897e-01
3.612503242266659198e-01 1.776244428846245338e-01
-3.629169828429168465e-01 1.871324889772740807e-01
1.080256596983918405e-01 -1.021295836848777894e-01
-2.216330111082251975e-01 1.726956864624699106e-01
7.762255754111391237e-02 5.500246536870212477e-02
1.145352907830663458e-01 2.919811397039875356e-01
1.047701425454616864e-01 4.596378065287741732e-01
1.101889597284099187e-01 -3.811575072980964984e-01
8.216696463815109652e-02 -2.188609346173366887e-01
3.009414029752239816e-01 1.770729208092277629e-01
8.480393395596164119e-02 -4.000837692007148672e-01
3.917596744320572810e-01 2.060004505861091628e-01
8.269217366882253284e-02 3.274950429567650145e-01
8.719934824939090667e-02 3.697876254060974421e-01
-1.540066448037006319e-01 2.084321960579279542e-01
4.430920710879073798e-01 2.188160879334776210e-01
1.941302157762685443e-01 1.900463707374563382e-01
8.836075878429483499e-02 4.451925694764844454e-01
3.352515385839236473e-01 1.878818366773007398e-01
4.183647064620685807e-01 1.670956574127279159e-01
-1.493559891176829968e-01 1.843384566568797567e-01
1.106726062137617372e-01 -3.305623391051620841e-01
4.798372532474860508e-01 1.868668154585036989e-01
1.078942392010855400e-01 4.309069785808264941e-01
7.679041779365647358e-02 -2.950485446858159833e-01
9.961141073578994032e-02 -1.797915361411587254e-01
-4.299002721503439872e-01 2.012235056667687205e-01
-3.003479738205759864e-01 2.052678293373190188e-01
2.418917735040375661e-01 1.815789131415808111e-01
1.735250988933991767e-01 2.193211890794227736e-01
6.768291421681382758e-02 1.806096071657932178e-01
3.600392650027496311e-01 2.169218958063633407e-01
2.793130075482294083e-01 1.665604115176291256e-01
8.167842634622013431e-02 4.312492301111867654e-01
-2.196267135281873006e-01 2.033257382749825704e-01
8.272490990586722770e-02 -3.499981977019781532e-01
9.914625622289940932e-02 -1.811313614604488365e-01
-1.880798576172337810e-01 2.016079392653639113e-01
7.784697074577617837e-02 9.775625555374800602e-02
8.685525736451282786e-02 -1.407272987960249688e-01
1.147090294705672697e-01 3.038062948212485459e-01
5.859733644748121861e-03 1.780232433881506759e-01
3.872939437039486510e-01 2.069306319954529183e-01
1.187218533488177963e-01 1.962382811990961429e-01
-1.596316224079630253e-01 1.931325389619948929e-01
-1.934628801159745670e-01 2.148740824827586327e-01
-2.536015806661441330e-01 1.717385534631185040e-01
-2.205033971759813305e-01 1.741271525630856409e-01
-4.305493368327113490e-01 2.046513417008236635e-01
1.563048836480951387e-03 1.966259775854922731e-01
1.102680530216630927e-01 4.688313493376262686e-01
-1.143450131584079488e-01 2.109006740424707038e-01
1.033930862757450608e-01 4.095980108218644222e-01
1.051192485232668172e-01 -4.945305229266536706e-01
8.266741262756305275e-02 1.163596233268959779e-02
3.275240047152033762e-01 1.603158226728359503e-01
8.653932749456516582e-02 -1.365527607520761189e-01
3.385788402306555422e-01 1.999770379602403558e-01
3.425421517775376623e-01 2.092607231563848869e-01
1.174434125136917251e-01 3.176515611394823413e-01
1.029575844272888618e-01 1.544609841087407620e-01
1.053257431461875893e-01 4.594461994311813680e-01
4.862936753410430635e-01 1.832284958207903713e-01
8.217049862570535712e-02 -1.138040306228527143e-02
1.057388045839250390e-01 -4.129979906873595397e-01
-2.226795720094011388e-01 1.720689667662811395e-01
2.744430952017418157e-01 2.225251788809424758e-01
-2.599514511385131454e-01 1.697090617645491406e-01
-2.216298729288451730e-01 1.879739125636545882e-01
2.093271899644261191e-01 1.727696770069407917e-01
8.205675805913070775e-02 -3.862036902829020235e-01
8.091691815942936294e-02 1.681578392053311166e-01
3.504510681209082046e-01 1.894955835172642544e-01
-1.582278590319113887e-01 1.665178347499388645e-01
1.048927265596329983e-01 2.827375052666151189e-01
8.719302454067945352e-02 -2.169333689064747439e-01
8.125325660143023487e-02 2.753844723468001909e-02
-3.973807533801454461e-01 2.022670347915818123e-01
-8.120715410808765355e-02 1.978670666848624249e-01
5.421243027881972321e-02 2.119603201411813798e-01
4.597841465203962308e-01 2.053759799205878700e-01
8.644371007414852759e-02 -2.903821429162420920e-01
3.253844075722204243e-01 1.711384037795092850e-01
9.532493263948726980e-02 -2.472637960313550654e-02
4.376871335676044694e-01 1.768997598800375881e-01
-2.324666870205530644e-01 1.715625467178282237e-01
2.039850271740978327e-01 1.704462612481274508e-01
1.053396992798912857e-01 1.936851136549472274e-01
1.011635876087680908e-01 -2.192394217276779633e-01
8.827576418094518207e-02 1.870123325026094019e-01
-3.853585540856740987e-02 1.977113880657797029e-01
1.005983984462631708e-01 -1.007972540936701300e-01
3.577680722018469206e-01 2.210138389918586688e-01
-2.747057415002585046e-02 1.738069658440096754e-01
4.800719078220561098e-02 2.030283990534235139e-01
2.698248717767832705e-01 2.057614800753453377e-01
1.017624052842490689e-01 -3.510935514353379361e-01
9.610592028567732648e-03 2.063096136815126824e-01
1.112281117673974418e-01 2.439319789580780551e-01
7.877976769816164015e-02 2.117655211854516661e-01
-4.966635403896868528e-01 1.851707132561076774e-01
-2.949948540443725342e-02 1.748424272302744331e-01
2.393598397931262500e-02 1.604941863950095637e-01
2.093209218626576051e-01 1.680326880431937120e-01
3.778532651393166075e-01 1.712721542045217982e-01
-1.442245647363317174e-01 2.023987860498368541e-01
1.180223312436452510e-01 1.774699756873686640e-01
-2.152308168854657477e-01 2.007164128406359049e-01
9.695578736681542686e-02 -1.254261900498697679e-01
4.747359366628537414e-01 1.625813381566338922e-01
8.467273919430184925e-02 2.686463373266324561e-01
6.341921701218111718e-02 2.180358433126449169e-01
8.519336592790360818e-02 -3.157942385594081358e-02
1.172035760245633274e-01 2.575290611494430726e-01
9.986080477072756256e-02 -4.010491865843582859e-01
7.721170137326605065e-02 4.014258501905705323e-01
-4.405840452313375399e-01 2.038730154740214795e-01
4.983902767900657560e-01 2.136427739518330648e-01
1.063011568690445108e-01 -3.522706899785917889e-01
1.057471974880854759e-01 -2.147502018101384857e-01
8.544375994797859253e-02 -4.398497540391931304e-01
8.952530574443751110e-02 4.226054596531747531e-01
-4.442964802954110226e-01 2.090400311982150150e-01
-3.021421268328835508e-01 2.027585916564175195e-01
-6.266181383905911062e-02 1.711880134525958219e-01
1.041483910205237562e-01 -2.050637936353428836e-01
4.884519255929030690e-01 2.066896983315522629e-01
8.621185684186294385e-02 2.648061607125916650e-01
8.111224773770242535e-02 1.887948499323275353e-01
-1.522232656475809298e-01 1.973474233537357847e-01
1.057402284376424140e-01 -4.515453393019845940e-01
8.147584692982767773e-02 3.981603999901317525e-01
7.898442257151727652e-02 -3.181094201250892484e-01
-3.247206647352633979e-01 1.713080603813792457e-01
-7.792134460774180482e-02 1.601827294102796673e-01
-4.677530273950994966e-01 2.169694626535608739e-01
-1.904003011006771828e-02 1.740790575733784928e-01
1.141534947161131353e-01 3.282730629200139028e-01
1.051549831300573334e-01 -2.457853672374166187e-03
8.272243433580384053e-02 1.440468024978706074e-01
-1.065424923232727306e-02 1.838056469631639267e-01
-3.939578299422885621e-02 2.179733754940957891e-01
3.008687478455895903e-01 2.142133951782838608e-01
1.137346330187389842e-01 1.310713006437693728e-01
3.799344970265934318e-01 1.861478555227243925e-01
1.154278431033379793e-01 4.653402067428588085e-01
4.527829038715766030e-01 1.980150134895374281e-01
-5.751363320364688558e-02 1.802855211963909632e-01
7.010737952093126779e-02 2.022540223492798050e-01
-2.543099929678919180e-01 2.044446121612406575e-01
4.774971033744610516e-01 2.143432669434907067e-01
-2.507732669271250936e-01 1.942846409486157500e-01
1.077012496938203334e-01 2.198670161762119601e-01
-2.817873223073752431e-01 1.720300511816689193e-01
7.838763910604817919e-02 -2.668555755466557322e-01
1.104343320498702985e-01 -1.996520706712411330e-01
9.798220360070553081e-02 2.947373436090712229e-01
-2.102981621392612244e-01 1.654595145303948689e-01
-2.426683268984942687e-01 2.076984821370925216e-01
2.579945816915871770e-01 1.627273682207055483e-01
-2.950839509017946227e-01 1.739882551161814339e-01
9.221887606708223384e-02 -7.927713527454272047e-02
3.391641909383594777e-01 1.784253906888610963e-01
-1.391797321758807549e-01 1.666108571548005068e-01
9.023024311108340800e-02 3.021677562554279106e-01
1.006977059603607616e-01 -3.269120113965040542e-01
3.455348516183770480e-01 2.180316882908898135e-01
-3.171478570834507238e-02 1.852797360211552169e-01
-1.988721922579363977e-01 1.771123343358707025e-01
1.107572679813811911e-01 -6.626563578872479710e-02
-4.551917110995888915e-01 1.973394818806457618e-01
3.039124114107343289e-01 1.710498684024764904e-01
9.398854041013193772e-02 9.195491795143484470e-02
1.324650189204884532e-01 1.932262323876855481e-01
4.021403872832217674e-01 1.636939292134903523e-01
1.063981134897556968e-01 3.843162731004905464e-01
8.472433368164911105e-02 4.570383654796831285e-01
4.111226332661572780e-01 2.022652040221069036e-01
-6.426875843801704846e-02 1.917168469726037161e-01
1.147308974869594156e-01 4.950265595816430997e-01
8.996564910985194174e-02 2.615850635073607711e-01
2.086883855505115015e-01 2.184995719821968274e-01
-3.182353558642669888e-02 1.589088745583842055e-01
1.067691149133027650e-01 7.925686789399644105e-03
-4.094604323900296050e-01 2.214198793404837939e-01
7.737405121368490235e-02 -2.761685487028182617e-01
-4.022093715968242389e-01 1.725636331916315935e-01
-4.699848041141672095e-01 1.616238147462281116e-01
-4.254520078121104554e-02 2.092661967996110040e-01
9.494322541632860268e-02 -1.248963663779166788e-01
7.780421088829747589e-02 -2.605014941575015675e-01
-2.977644985129342947e-01 1.667735340104626873e-01
1.168937525265243416e-01 -2.946597781944686467e-01
2.932841385183583283e-01 1.629720565747360128e-01
-1.233424981712017976e-01 1.931838243354927487e-01
1.064045054509522581e-01 3.755026669767298486e-01
9.589271574521096575e-02 -3.000269658772993786e-01
-4.858301629010715050e-01 2.202099375706364492e-01
1.054949102959682472e-01 3.074591668129367239e-02
1.042733863455778121e-01 2.829249821811752330e-01
9.135680170478377438e-02 3.314650459330517052e-01
-4.209796137621271139e-01 2.028148732245175223e-01
-2.889769242859527854e-01 1.954000487269649255e-01
-1.453983517255689195e-01 2.030777783765558286e-01
2.853657816184024254e-01 1.783205542881221017e-01
1.049473316958984270e-01 3.447843941546339108e-01
-2.087445814034323277e-01 1.786824839070543236e-01
7.864363137470309351e-02 4.613323006568134099e-01
3.694619263537557430e-02 2.103249317395666784e-01
-1.135418240839365378e-01 1.957335340759076558e-01
3.867092797754455580e-01 1.731107550378389037e-01
-3.833493230372256866e-01 1.858705167875486230e-01
-4.810769457773234059e-02 1.808360659849781449e-01
2.339130372772710853e-01 1.889087173264478725e-01
-3.251666573276277283e-01 1.940791740975527091e-01
8.605930736157407779e-02 5.077884295886436750e-02
3.872157983091046862e-01 2.111909446640644061e-01
1.028684980780282254e-01 2.675211187184755035e-01
1.109251879907279248e-01 4.688514372497403215e-01
-9.412809803714328183e-02 2.003767456143589198e-01
4.931776104090783708e-01 1.595059183541136516e-01
3.613674028434590291e-01 1.685252581680899420e-01
-6.286443907533956210e-02 2.216462535347790697e-01
1.002830927453532972e-01 -3.893405087825398958e-01
1.252212928350115995e-02 2.164850824897263104e-01
-4.836541545517846208e-01 1.825020347645038843e-01
8.985197434377134584e-02 -1.642077853822228040e-01
8.339765626132289444e-02 -1.048284232963153650e-01
-4.536983272136019263e-02 1.798887197886019917e-01
-1.299612130877036975e-03 2.010139856627647381e-01
1.105838443819224803e-01 -1.850128444280858542e-01
1.096970454019482455e-01 -2.197549227545438910e-01
-3.840279875997202330e-01 2.216834115139760808e-01
1.093467065889999201e-01 -4.765100174008010114e-01
2.452306590520322294e-01 1.817423346126231243e-01
-1.180490630583622691e-01 1.940268489424846754e-01
3.567742837658419708e-01 1.762687507921897323e-01
8.500789447108825225e-02 -1.333242832944493417e-01
4.205905328148892286e-01 1.928425849921080459e-01
-3.708835393137415171e-01 2.141320749446545824e-01
4.665978963937126300e-01 1.963914427997985879e-01
-2.833490322618426038e-02 1.807896904620793777e-01
-4.865197320710066275e-01 1.989018214614906022e-01
8.670849543607483945e-02 1.122145599542980765e-01
9.014787917982447496e-02 1.071467670616524925e-01
1.110536434258366789e-01 3.099136796003368888e-01
7.972354606782261488e-02 -4.156081300855432037e-01
9.001467232368320914e-02 4.648722724623088887e-01
3.415129235559229981e-01 1.991589812914530411e-01
8.731502218494102685e-02 -1.480728789083073371e-01
-4.627859676966205038e-01 1.889368391551151660e-01
-8.462504604294573962e-02 2.043638287033773260e-01
8.565158926204852197e-02 -1.612611780137591655e-01
6.316082705344805426e-02 1.795208832101011787e-01
2.334040314372226588e-01 1.833981576331997765e-01
8.671835316613607514e-02 -3.423699272339908450e-01
8.312204934960421010e-02 2.529078959461575904e-01
8.296904715103137207e-02 -3.278707243198523136e-01
4.416263655514180986e-01 2.104157643719866133e-01
9.439561315068945024e-02 6.155636965738331412e-02
6.733306313475573290e-03 1.963937205737490421e-01
1.115231658504629575e-01 2.316718082621121999e-01
4.454562440545082325e-01 1.632635544318157272e-01
1.158795452760998934e-01 1.888644724800236929e-01
9.472558492414118181e-02 1.049442928806136877e-01
8.193402556140438886e-02 1.638354478324459684e-01
5.328406945619790225e-02 1.635105012749837883e-01
4.555668759981479354e-02 2.201980416905737759e-01
9.974698477109222861e-02 -4.274539817150886378e-01
-4.447663252797360300e-01 1.644232849547039299e-01
-2.345306518941039364e-01 1.978313739467730814e-01
8.268281996213477925e-02 2.088708394715154126e-01
8.155902364791645098e-02 -2.200292178598149961e-01
7.727873854592193226e-02 -3.126526660787737333e-01
-4.497054787019358901e-01 2.111475154475204175e-01
7.774670937873529031e-02 -4.908054621734148082e-02
1.164807416529797246e-01 -1.613041795058265393e-01
1.024013386577137252e-01 2.169090074226122100e-01
8.717553327147953279e-02 1.075015916649441072e-01
9.581936724482353895e-02 -2.102970762996166920e-01
1.163711671687159832e-01 -9.933721062354450293e-02
2.954927054648877061e-01 2.109066864943889286e-01
-1.713999276971636121e-01 2.049296321598359505e-01
1.148544959503666751e-01 -1.526802305294437945e-01
1.068908964134069883e-01 -3.238520188567229896e-01
3.555054549840860334e-01 1.965099603890682056e-01
-2.166621997538615840e-01 2.149170931278533425e-01
1.056471665258992276e-01 2.666042690697709716e-01
8.573339251881184619e-02 -1.378477125599438802e-01
-1.438128810601335683e-01 1.790686691877846348e-01
-1.907809860260598622e-01 2.063687439574674043e-01
3.046315827835804901e-01 1.892044549209029869e-01
9.432166084680315699e-02 1.070157063983578904e-02
8.886034394691455507e-02 3.967156073311890463e-01
1.093473524515838902e-01 -4.215747460640095756e-02
1.112808862847517455e-01 5.841558458179774149e-02
1.001168673088476124e-01 -3.145820862691215414e-01
9.192915115671218551e-03 1.686204237116055715e-01
9.709793788367682144e-02 3.685796894873325513e-01
1.142318298420741396e-01 -2.516441572943423077e-01
5.698289725232819070e-02 2.052557315750814793e-01
-5.037279876331768325e-02 2.175383413576318370e-01
2.703362440176180215e-01 1.683462200089222982e-01
-1.990608651500203052e-01 1.758333687844448878e-01
8.583596577268681749e-02 7.492244636756262288e-02
-4.192662304665518702e-01 1.812216453615163037e-01
1.134981462997838308e-01 2.927852104028474400e-01
3.172143327881986608e-01 1.659062521578735794e-01
-1.449740738399959428e-01 1.621277342777415198e-01
1.239746962887082748e-01 1.910168728873957722e-01
-4.802824227473487806e-01 1.679364270651703128e-01
1.105402249005713600e-01 -2.879748566654090070e-01
5.302855389748972748e-02 1.879575507679230872e-01
9.856213924140666549e-02 -4.681094916586086008e-01
2.778091982518706704e-01 1.860287455642652965e-01
9.074752093584181889e-02 2.211588082679314393e-01
-4.808663140543180115e-01 1.758065610510310961e-01
1.020714051533712086e-01 -4.189928679697293434e-01
1.090553636135538351e-01 -3.163463177315654073e-01
9.637707005262352578e-02 -2.383619785557267168e-01
3.597181820862518364e-01 1.989219086266325043e-01
4.006939712013597443e-01 1.589697681641520921e-01
1.154022028900452135e-01 -4.890797515267235607e-01
8.941923637946036507e-02 -1.766415313189995118e-01
2.381609301694656011e-01 1.582997697375135848e-01
-4.794995129685086788e-02 2.135582585458765115e-01
7.674622802598840554e-02 -2.024001545965118387e-01
1.017146877721395448e-01 2.531497692271144073e-01
-8.718442679903204429e-02 2.050375945016820189e-01
-2.177378393521348654e-01 1.602847140290690753e-01
2.760505639089664287e-01 1.614013469514061772e-01
8.863052515990621494e-02 4.079622263565617635e-01
-4.708430283661877436e-01 1.966671131796829952e-01
1.023160020564884976e-01 1.521986934355193943e-01
4.450800076642371650e-01 2.055044088538395819e-01
-2.563884194793293325e-01 1.808250724783158070e-01
-4.294063751675202267e-01 2.113657755676506822e-01
-2.449185073319815054e-01 2.036958063369891381e-01
3.971771011084356262e-01 2.062183531895435129e-01
2.975299953684887866e-01 1.831048442305246438e-01
8.761013071680734399e-02 4.557043000250982079e-01
1.678972516785435243e-01 1.652619608259413564e-01
1.775101568130702523e-01 2.104049744642353392e-01
9.184984185460010053e-02 8.259839395037027465e-02
8.011932432707102869e-02 -4.150138105332182858e-01
8.248495365923336209e-02 2.123659468997042277e-01
3.779135147250278770e-02 1.947849690339256146e-01
2.475902247987344929e-01 1.977817746256055331e-01
1.040883009724584696e-01 3.329870961310865685e-02
7.698105374017638614e-02 1.707631458549019321e-01
2.023608945012869142e-01 2.210600225756810255e-01
9.790561689480969942e-02 -4.947447823895292363e-01
3.154178536681284672e-02 2.138515328524717152e-01
9.105381679604696021e-02 -3.290310852235456274e-01
-2.741513592250666154e-02 1.583819041420785334e-01
-1.251859324237791782e-01 1.777279606911603693e-01
-3.434809179056502737e-01 2.165807574746062558e-01
8.482274750451834766e-02 -3.008547355585320382e-01
1.119205379511765130e-01 4.462940793627527825e-01
4.372812973232788059e-01 1.829236115421073450e-01
9.643170052329697040e-02 -1.859253488100895968e-01
9.874999486997071418e-02 2.031559438394470174e-02
2.505438698373826378e-01 2.141253016061901437e-01
-2.961506164970694188e-01 1.959016504968595918e-01
1.088226427984785305e-01 3.425971760913555375e-01
1.131850249607366798e-01 4.077430443414187256e-01
4.927460678686264028e-01 1.658626285115555321e-01
-3.382309057310459721e-01 2.224347884888034921e-01
-2.626436342900454468e-01 2.110444340681109088e-01
1.100625228121763222e-01 2.273232452243760804e-01
-7.692880348407404867e-02 1.836305649810511254e-01
1.079071406731482163e-01 1.290151416993847722e-01
3.610830152228383660e-01 1.930781525260810705e-01
2.461837435701086374e-01 1.857401903879249971e-01
9.206895529952019430e-02 -1.891101285248141251e-01
-7.869787438007080915e-02 1.785162082375311154e-01
7.708742325872963708e-02 -1.006389704979908650e-01
-6.993585591446027649e-04 1.705159625808946311e-01
-1.618714673028952555e-01 1.839076589844966803e-01
-1.223954259750397178e-01 2.016664222130408746e-01
1.005579549633779379e-01 -1.267541230589521728e-01
-3.211414268553730578e-01 1.829543266203927931e-01
1.095400753641090352e-01 -2.269801452721584845e-01
8.525629016968994112e-02 -9.162101915749465419e-02
7.890685011633069568e-02 -4.537081436743245488e-01
1.169435126112341461e-01 2.148828954512421729e-01
9.787198015303644194e-02 4.556624587332255283e-01
1.062168993414626117e-01 4.536423806476236331e-01
-2.246480658491357696e-01 1.774774975688067080e-01
1.052563168851236020e-01 7.127914927394740641e-02
-1.714378724757348316e-02 1.826572394118415321e-01
4.501048571313340796e-01 1.917099957607913963e-01
-1.508695927736969367e-02 1.630102045779343589e-01
3.383630665195525022e-01 1.706376922303685095e-01
9.999292183823504931e-02 -3.834829803587066488e-01
1.196918968577804776e-01 1.813439815669370958e-01
1.084142237980193491e-01 -1.117566528335383058e-01
2.850667110596322162e-01 2.209807010850488584e-01
4.930083968643161896e-01 1.990039554947500289e-01
1.042065123972344409e-01 -2.107674281239937386e-01
4.720219953964476245e-01 1.721491067990880142e-01
1.156318180003433893e-01 1.783280277242452749e-01
7.992377300310538057e-02 -3.703758768848498528e-01
3.744938533627780730e-01 2.201653519477329013e-01
4.141424352910785256e-01 2.096558773017261901e-01
-4.317634637644665041e-01 2.091351470623545872e-01
8.321892681200682151e-02 1.553718280277440744e-01
9.842166788515904763e-02 -1.564101119585126209e-02
9.934645215439985577e-02 3.406872923028170241e-01
1.176382707499983304e-01 -2.260170795976216285e-01
1.078981523629740646e-01 -6.315180455783908631e-02
-4.118537908527644120e-01 1.721626828232974971e-01
1.110266317847520279e-01 -1.257813379333473369e-01
-2.171796602605648996e-01 1.800085433812506075e-01
8.901995996861045146e-02 -3.374177409955829710e-01
4.115742800567403492e-01 1.704599455204741654e-01
7.792646469134656417e-02 2.940307612610000287e-01
8.514572266814490753e-02 1.006235296323370054e-01
-2.409038762438534542e-01 2.068335039792811303e-01
-1.434109588550559478e-01 1.921095299779975729e-01
1.101885925522576581e-01 -2.481620168823730488e-01
4.256781124212234424e-01 2.020367008359033045e-01
7.876897073878563749e-02 -5.434132301518379560e-02
-2.663629418378945513e-01 2.011832774467255947e-01
3.106658050975115160e-01 1.806334395369934009e-01
7.716392380527881123e-02 -8.385504413295896686e-02
8.425180752881644697e-02 2.486282233490265670e-01
2.448216284957935862e-01 2.200248807573430554e-01
3.511601910212548416e-01 2.144504149773006629e-01
-4.339958078647589979e-01 1.636321657466383028e-01
1.036112600472831602e-01 -2.732355676019453394e-01
-2.094524062713589707e-01 1.985551229147840546e-01
4.967069890223281270e-01 1.852704463909082833e-01
