2.184286958118784039e-01 3.149633475236310876e-01
2.215588532433632185e-01 -2.049994678995582520e-01
2.696730556795471356e-01 2.692767474225001845e-01
2.209639555960596358e-01 4.632543059847846756e-01
2.769335407749820011e-01 -2.633599896982219413e-02
2.823448056196203870e-01 9.022449448143343709e-03
2.122712263697934532e-01 1.065739231307391011e-01
2.363295942367860114e-01 -2.586015511234701636e-01
2.138160327978191333e-01 7.947002755267318364e-02
2.401374501069867273e-01 -2.057868151911942389e-01
2.785214523271647424e-01 -3.091369254431393099e-01
2.305150840108924903e-01 -4.460008318905114288e-01
2.113236922484466040e-01 2.562661289743637383e-01
2.439956691822939838e-01 2.872465319768675585e-01
2.857331275540809790e-01 3.850337583273516495e-01
2.335738904791504478e-01 1.147223062311018005e-01
2.700338277939675624e-01 -3.553284645566612276e-01
2.692188364138273782e-01 -1.263424526515386503e-01
2.856010691578302341e-01 4.502388371170784609e-03
2.370980791688453992e-01 2.929896123906410299e-01
2.179571081489185547e-01 -4.501854775033446998e-01
2.084197608352105213e-01 -3.123231483404634856e-01
2.211786230083485627e-01 -2.850744079825415778e-01
2.178236999702203303e-01 4.474788184925145851e-01
2.587955195803522956e-01 3.062687334058086241e-01
2.252579156302955132e-01 -3.213692131910613758e-01
2.353453332256157937e-01 -9.847008922160283007e-03
2.626887325936492212e-01 3.333196117708211448e-01
2.313811286553013602e-01 1.415062259826658231e-01
2.678342100611444954e-01 -2.834960259067338395e-01
2.205297156559369309e-01 3.428959214405324918e-02
2.076595958754163807e-01 6.613706860828238998e-02
2.223874336772571070e-01 2.610918157715093058e-01
2.850048211549488508e-01 -4.650618566516767638e-01
2.683321983936566291e-01 -3.695376000691918961e-03
2.801772415428371854e-01 -2.888375078151763642e-01
2.770729996031756626e-01 -2.346420278107070878e-01
2.328962414902355782e-01 -3.769177138207061573e-01
2.443870190261905329e-01 -2.700594235983696523e-01
2.432748908988228154e-01 -2.745101770007838393e-01
2.713070303591824661e-01 2.062587452347530714e-02
2.647339108073005765e-01 4.944794166261649027e-01
2.553041791434286223e-01 -4.897949639341540040e-01
2.081679791775536970e-01 1.579446906514920812e-01
2.530519604183278926e-01 -4.755025550367405485e-01
2.234534640883220069e-01 -2.030461317218883455e-01
2.449177702772810106e-01 -3.544963915066681182e-01
2.176429042883314402e-01 -6.825554345675943768e-02
2.354598575619061274e-01 -4.007970680061069269e-01
2.212887753152547043e-01 3.785748348241754213e-01
2.326994998160496486e-01 -7.211131404119042188e-02
2.476486577022183333e-01 1.929576532104992914e-01
2.692873925434571269e-01 3.043877266129341175e-01
2.185150955730241762e-01 1.095257556935713694e-02
2.463032347042380943e-01 4.322730557060542322e-01
2.141984877508603669e-01 4.453208543129297814e-01
2.289319648248306915e-01 3.848625978196401620e-01
2.461010648039533288e-01 -1.529010071624254952e-01
2.607186530407856750e-01 3.291658385669212761e-01
2.298162940178001268e-01 2.754253455601903822e-01
2.693830543787724130e-01 -4.760503335004696579e-01
2.426747351287142918e-01 -7.055638995071156216e-02
2.790322260587404513e-01 -2.788933205433419271e-02
2.315629518225604810e-01 -2.656255975758833321e-01
2.704110099886090079e-01 -2.459052820375018378e-01
2.073620177269194231e-01 1.099288279116150679e-02
2.589050523253754177e-01 -1.896042926738209511e-01
2.327075409485208635e-01 -4.480243006060720123e-01
2.137831754650092453e-01 -1.776846885495411144e-01
2.680194852190750376e-01 1.058550268977282993e-01
2.132305491414194787e-01 -2.487141343184751108e-02
2.853849059672195487e-01 -1.258788858053824233e-01
2.283550197860541031e-01 -4.160015828541796523e-02
2.093679182283789686e-01 2.459644069026211133e-01
2.439040391612968817e-01 -2.312498909563431848e-01
2.402822492765852580e-01 -4.288535086836096077e-01
2.834113993803908382e-01 1.110961265322847336e-01
2.336791841145506865e-01 2.872990206028162019e-01
2.446200883599375375e-01 -3.275857617405567579e-01
2.740007231147552069e-01 3.540920376590355190e-01
2.796512607986507692e-01 -4.688952411527298469e-01
2.560092849578087248e-01 -4.155939151439088652e-01
2.322758404355202977e-01 2.843677459646355432e-01
2.480334333516738266e-01 -6.810851913462545593e-02
2.186991397516716562e-01 -2.172799133397002036e-01
2.785328693345485718e-01 -3.434548682786729978e-01
2.715314695971905445e-01 2.629356903812829493e-01
2.167532255986371892e-01 2.619330639356285406e-01
2.093398231487931804e-01 3.458304361497965829e-03
2.764964171578071506e-01 3.396767248620371493e-01
2.318793390671386456e-01 -1.573485834177090759e-01
2.361934238884707549e-01 -1.070187671567436327e-01
2.701386629328583755e-01 1.613330099143384100e-02
2.683825643701485131e-01 -2.572001494252876830e-01
2.182377604467404808e-01 -2.595364597929484818e-01
2.656670154950386831e-01 -3.355007544018171473e-01
2.236470076880432423e-01 -1.364420249175241073e-01
2.778654277485039792e-01 -4.629860159959757748e-01
2.159904832213941361e-01 2.109800020573906476e-01
2.081199879681701059e-01 4.641837505081568560e-01
2.647474491233222649e-01 -3.973817595563990945e-01
2.589734160079171232e-01 -3.926329444188784157e-01
2.634944353052580679e-01 -4.495476971930008059e-01
2.747959790126578428e-01 -3.481336521787181670e-01
2.213001643753448322e-01 1.285290108558998501e-01
2.337256844440516179e-01 -7.254070525246947287e-02
2.723574722200124976e-01 4.257203082365434987e-01
2.712823521563070273e-01 7.323895196439145217e-02
2.350718955581383440e-01 -3.375194658320831431e-01
2.254649031713297225e-01 4.230357430282144504e-01
2.499804728549646082e-01 4.515137349483822060e-01
2.629279428210467007e-01 4.876940479627775993e-01
2.628195158310199231e-01 -3.164204600024064229e-01
2.352001038472824046e-01 -2.583994277935394157e-01
2.081241527036923333e-01 -2.867475964251240406e-01
2.413568387693763029e-01 -4.584107159712214052e-01
2.508933061175536716e-01 -6.768273736606933433e-02
2.364579972281342091e-01 -4.741567854720101227e-01
2.371663517754687422e-01 -4.394011322111365248e-01
2.752530915282266344e-01 -8.640335872437288067e-02
2.115376081246943540e-01 6.000590588385734669e-02
2.225121071648210602e-01 -1.938838309524593129e-01
2.745662730622739911e-01 1.177551276112140943e-01
2.223231153510040192e-01 -3.394411300327416781e-01
2.676307724353159667e-01 -3.849442556470583643e-02
2.169903876977362644e-01 -4.654786583287584545e-02
2.441844550927574353e-01 -1.484269125329867878e-01
2.517961601354555823e-01 3.447807815891077432e-01
2.756396769138174108e-01 -2.726083958869136570e-01
2.500454063950999783e-01 4.412543274059265164e-01
2.124865063398533316e-01 2.800832280562248755e-02
2.147813920865326853e-01 -4.682857160088620407e-01
2.500174099688481366e-01 -3.163074221143477027e-01
2.616858882499055738e-01 -6.212817262139569419e-02
2.700896380003241504e-01 -1.461799917029477092e-01
2.244372013831196222e-01 -2.857385622519490465e-01
2.554856548360776580e-01 -1.722414031766943410e-01
2.365802851244299676e-01 -3.400917361647588510e-01
2.263660536538344425e-01 -3.823522127096942169e-01
2.783404072555888398e-01 -9.203079299776595334e-03
2.262165335596523219e-01 1.160780938590540989e-01
2.144798931132406716e-01 -1.074973295692335240e-01
2.156541723005436229e-01 -3.132392288417928938e-02
2.290064794016823946e-01 2.904724983444756381e-01
2.239937619610472552e-01 -2.521565710059261445e-01
2.082609052376558356e-01 1.269562159933106393e-01
2.508980568784027199e-01 -4.185569702402528458e-01
2.233933203150995084e-01 -1.483437108717333697e-02
2.611429263813572765e-01 -1.884143702203189275e-01
2.550032934240735738e-01 2.104748342823444807e-01
2.474815274047807989e-01 -1.602302680079094044e-01
2.206659438533837836e-01 4.487392764819998492e-01
2.289243052873191075e-01 4.244945526887002885e-01
2.461183581945877163e-01 2.623379401579839509e-01
2.334859687136353612e-01 -4.248531438838164531e-01
2.619021457309630430e-01 -2.323915474247844060e-01
2.701939331009570733e-01 -3.466802398321722212e-01
2.319604318805995602e-01 4.820788841974775751e-01
2.658245832516610285e-01 -1.640960529958999103e-01
2.714414804472765619e-01 6.147689812545376054e-02
2.628296890280984455e-01 -4.333008423675768217e-01
2.444852959682251026e-01 -4.813448544225106263e-01
2.519779290492428769e-01 1.070462690182417687e-01
2.467826802425691080e-01 4.573713745249342599e-01
2.562855159933717930e-01 -3.782633422339096718e-01
2.739962428895424962e-01 -1.410646063977348819e-01
2.248701632041688603e-01 4.236363194307958269e-01
2.695946294232219875e-01 3.951918785454433536e-02
2.289806649978776143e-01 -3.604867433608338612e-02
2.355570643732518565e-01 1.474870896496602857e-01
2.426337926930166589e-01 2.510596877766797519e-01
2.263704916648484611e-01 4.955914063408781711e-01
2.786730240105030898e-01 -1.582212890766736546e-01
2.317342302499751927e-01 4.548323319855589464e-01
2.757979838847048892e-01 -3.102608925905399051e-01
2.494479956848982827e-01 -1.874487025109795590e-01
2.384678566799849353e-01 4.531527660102957489e-01
2.099186116579149219e-01 -1.856509260788876681e-01
2.465871375614240302e-01 -9.432168983781874516e-02
2.220158128424408739e-01 1.208155576834349931e-01
2.388329396608465105e-01 2.328297963008955085e-01
2.100211196027510496e-01 -6.113134216165838630e-02
2.215323023832402871e-01 -4.700700558587056488e-02
2.600528224781235576e-01 2.772618700407212255e-01
2.472100878393176382e-01 8.618675065449821204e-02
2.204475594503452207e-01 -1.789966703466245868e-01
2.418127210186508114e-01 4.177595812414616194e-01
2.545680710436698524e-01 3.823508425730504090e-02
2.496401460661042959e-01 -4.266295483600400784e-01
2.492904832872750998e-01 -2.211323081939223778e-01
2.509021840560589078e-01 -2.526316184589805225e-02
2.665264589976192866e-01 -4.560233102992775622e-01
2.770408153950806307e-01 3.043230788254654984e-01
2.482418336440989082e-01 1.485424734589269047e-01
2.373417914864969225e-01 -1.628459200003505858e-01
2.640650426264898876e-01 -7.930463331116333059e-02
2.610598340310005261e-01 -3.801549756761235521e-02
2.318270495144455490e-01 1.073824544957246996e-01
2.656736600925183600e-01 -4.210940082622671721e-01
2.744293097635492895e-01 5.946940087620899984e-02
2.346890810069658384e-01 4.285921538924868379e-01
2.526626275193892823e-01 -4.819169732838111120e-01
2.345596922360942971e-01 -4.862669313030102414e-01
2.350886377490647439e-01 2.698084526423781826e-01
2.294857243974403049e-01 2.700858019398866272e-01
2.381480691526957072e-01 4.586391852459590357e-01
2.868798574814747093e-01 -2.688921427310065893e-01
2.853634955399432238e-01 -4.695466420250866690e-01
2.410605848291075270e-01 3.205781141401596868e-01
2.624133810600018935e-01 -4.403178020088731603e-01
2.745137481687204284e-01 2.497757960050106529e-01
2.194841892679474382e-01 -4.439081068566557153e-01
2.240628511582842819e-01 -3.128314496354859253e-01
2.421869746878881902e-01 -3.844866442788631433e-01
2.807514505051541542e-01 1.573883840365950526e-01
2.684795225949775377e-01 -1.869097952603463453e-01
2.518845996215557381e-01 -2.028117193989183997e-01
2.771549767575683942e-01 -3.045314048289684550e-01
2.473620780703429389e-01 -4.578234323073030465e-01
2.400430380979039491e-01 -2.195731139700942691e-01
2.338621063512281717e-01 -3.656281575095663428e-01
2.634023716794537950e-01 3.988085776225506196e-01
2.447251230451603643e-01 -4.810857018330798596e-01
2.666171650284950845e-01 -4.413484736066952685e-01
2.579696579264557643e-01 -3.194100006251423540e-01
2.512717763763328005e-01 8.662928924929125252e-02
2.096866442754260484e-01 -1.376308235414180903e-01
2.531450825748241540e-01 -1.371316867667197181e-01
2.519467709318675697e-01 4.023641401898789827e-01
2.110743037012404733e-01 -2.362711039076984543e-01
2.700570976923641897e-01 2.819167548377280452e-01
2.759316398708561158e-01 -2.561000112925193584e-02
2.197522787571514202e-01 4.294485850517698600e-01
2.467054917977238304e-01 4.235181968822426812e-01
2.102807429191001498e-01 5.648314551333044609e-02
2.586465617448264753e-01 4.053710783883167634e-01
2.837621667838317041e-01 3.922042328862146432e-01
2.621363163457235412e-01 -1.621992481584604295e-01
2.581728269106863261e-01 1.301649590832358871e-01
2.706807107587111405e-01 3.771552177504466918e-03
2.866385088607942278e-01 -3.330398128173687189e-01
2.544738714093696119e-01 4.884045727308464757e-01
2.280320479914447196e-01 -2.704139045558832111e-01
2.264700958105395623e-01 1.584078896159650807e-01
2.741017363383756456e-01 -3.502348206928469487e-01
2.773991291385208280e-01 3.910838759191715974e-01
2.131308258430379965e-01 4.409982553262872251e-01
2.758082421157672659e-01 1.853136991438917303e-01
2.326057949424908955e-01 -3.036608860007597999e-01
2.580564634386527390e-01 3.406126476821487170e-01
2.353968966826879283e-01 1.323532198134402815e-02
2.129912782516875103e-01 -4.646395594414894914e-01
2.643761023544629607e-01 -2.424083025147933945e-01
2.773878426517211171e-01 2.130782681729703754e-02
2.309822629791913329e-01 7.545463706763422262e-02
2.633011064902692766e-01 -3.487642352941421331e-01
2.211676485715516893e-01 -8.147027152126595784e-02
2.717666280562079928e-01 1.541250859554099684e-01
2.505572785125362856e-01 3.563581448861655732e-01
2.344242833026478623e-01 3.081961852933233770e-01
2.712043454080242944e-01 4.164096211906507250e-01
2.478344118550704911e-01 4.769102964981986048e-02
2.640867206905426201e-01 2.242700421312600056e-01
2.279075781634983811e-01 3.225720819215487367e-01
2.633831098718468766e-01 4.977152591534278470e-01
2.225866516241575832e-01 1.061100045572941353e-01
2.752978451072504162e-01 3.585982797526393595e-01
2.491231958099813237e-01 -2.494957278157591274e-01
2.734125617941540742e-01 3.421982749355322317e-01
2.173953431207301668e-01 4.594116395009273379e-01
2.163061001632472502e-01 1.694689877653920984e-01
2.177694897086005499e-01 -3.545079178674466203e-01
2.463473955273605132e-01 -1.106871620019855840e-01
2.508076737236085707e-01 3.352357556733058797e-01
2.547879338949946559e-01 1.638440067030759728e-01
2.576833474179371919e-01 3.289354146405090162e-01
2.088346299919903171e-01 3.335710024532506646e-01
2.449729120081285405e-01 4.473579165579092409e-01
2.289747922106111222e-01 -3.386732485597921949e-01
2.424027297915413159e-01 -3.294250593315080078e-01
2.577082565784667434e-01 3.156168973246268328e-01
2.396369587511270050e-01 4.988334932821704149e-01
2.685925395861881171e-01 8.080644573567230537e-02
2.146019876725567821e-01 -2.950733101564617655e-02
2.153496018587586214e-01 -1.228532670198673182e-01
2.333335652724608522e-01 -1.200178463669668849e-01
2.554122705287633632e-01 4.049746221357377607e-01
2.740260075979232823e-01 2.589455445943609213e-01
2.211974282393204261e-01 3.526265119887002086e-01
2.326528413348544211e-01 3.838209686516429464e-01
2.641169080466786445e-01 -4.478282009225330595e-01
2.773986089259747878e-01 3.342097347477186453e-01
2.621091999198490452e-01 -3.218707220619529963e-01
2.180916225378914941e-01 -4.968855119792526809e-01
2.421774884282313911e-01 -1.032191796046363352e-01
2.842997649478895550e-01 2.000136631461513215e-01
2.208511826148756851e-01 2.605013018431021621e-01
2.413211540076140027e-01 4.516611461162134411e-01
2.263053295678008059e-01 -1.711587391246093270e-01
2.391940964681376069e-01 -2.707889966150254235e-01
2.643877843571037500e-01 2.027721734252965202e-01
2.435320708095829456e-01 4.898324939806243394e-01
2.338878916080213699e-01 4.703284567757379797e-01
2.803880983006579175e-01 4.096373492743188294e-02
2.138441829885694423e-01 3.730261122837900123e-01
2.133156444883194114e-01 -3.119332031885192480e-01
2.379894576263433814e-01 1.542376560881127956e-01
2.706217109783332075e-01 -5.202180193462535573e-02
2.178659047796779324e-01 -4.016565975594952320e-01
2.391040054538638993e-01 2.195291607929167332e-01
2.710117055738695546e-01 -2.117880058382337616e-02
2.293706402780276710e-01 -2.386840263578227095e-01
2.796612273986965880e-01 1.558374046033478288e-01
2.516116787805441346e-01 -4.563252140985358807e-01
2.594978601565175458e-01 -1.577521764775431379e-01
2.264173171231099735e-01 -5.521548142140886295e-02
2.251361407437468820e-01 -2.949447306921556544e-01
2.467756376219790715e-01 -1.325049254720541692e-01
2.204191158619169810e-01 -2.603215687294435643e-02
2.355858009223260607e-01 -2.380326664040145479e-01
2.673373780582222192e-01 -4.162347451215960836e-01
2.608861391155086196e-01 4.215217048995251181e-01
2.545973936386166647e-01 4.452497475304330043e-01
2.591897583380394776e-01 -4.497975763685995165e-01
2.448699375364132846e-01 -4.121204001576461717e-01
2.291865650060516124e-01 3.195450946833995332e-01
2.132703431957312379e-01 3.852937395413578159e-01
2.298910395409119456e-01 -4.441849330547547048e-01
2.352578693060184412e-01 8.481349860514431072e-02
2.538845564876860417e-01 2.619167347555976244e-01
2.736385311533012787e-01 -2.109284070157302349e-02
2.403155120630589003e-01 2.967366379974595292e-01
2.745736029900941455e-01 2.314258996775372390e-01
2.520083222079003704e-01 -4.991552589397254547e-01
2.672790253897799895e-01 4.853379553359461474e-01
2.646919682949455677e-01 3.977903387614952768e-01
2.303545436826421877e-01 1.613720672270321232e-01
2.385669569689573555e-01 4.748098578941841730e-01
2.294433763534232673e-01 -1.024029127424943564e-01
2.184397303775703625e-01 4.997792587553061550e-01
2.472534824461115610e-01 -2.450764352847574212e-01
2.459780069441623862e-01 2.218765496687644667e-01
2.144303661137569872e-01 -3.758173259305086500e-02
2.416835138329992416e-01 4.844072771228673524e-01
2.342534104915201532e-01 6.734601821601116090e-02
2.504548329159952402e-01 -4.761874362177003217e-01
2.587751608085052668e-01 -4.150325069246342258e-01
2.756753547091670420e-01 -3.130204724935226057e-02
2.266340507115129910e-01 7.778546693683463520e-02
2.691882795375896142e-01 1.464684222465661989e-01
2.593552541222406971e-01 -7.841820005645172564e-02
2.318466779875785200e-01 4.370907483882155997e-01
2.355095410141033740e-01 -2.741507408608905294e-01
2.367742647640210807e-01 -3.237253447637230552e-01
2.614865725716644107e-01 -1.592768408592389884e-01
2.839968700824146985e-01 -2.033283050322399754e-01
2.515757551265193070e-01 2.359980447252328917e-01
2.511701152401702997e-01 -3.357605267412044903e-02
2.096663253824608830e-01 4.145372309108723563e-01
2.577921927787222289e-01 -2.054445409107904519e-01
2.737010973450624274e-01 2.117164161971833991e-01
2.725972445976206915e-01 -4.523720678014672147e-01
2.214870053882167511e-01 3.768065428253117854e-01
2.373771350359753507e-01 4.432172451172816663e-01
2.806952184773073844e-01 -1.183936999563406367e-02
2.187708207317231590e-01 2.705702242753851294e-01
2.437220896560848837e-01 4.798588842024551493e-01
2.676101818874982996e-01 -3.550587962798082975e-01
2.091727321315945964e-01 -3.710345112578284921e-01
2.110070498509751813e-01 -3.704241220652747524e-01
2.075820460356145869e-01 -3.311191681629485073e-01
2.780578259390839024e-01 4.739215826361190542e-01
2.818304603237794526e-01 -8.123616819428880476e-02
2.128129653800501231e-01 4.701697676005422988e-01
2.750858307242612932e-01 3.557158876084778321e-01
2.524281757925240788e-01 2.991110306571995725e-01
2.275465451482667767e-01 1.457002596034363551e-01
2.158977044207405216e-01 4.952373166192627352e-01
2.797062242134482624e-01 3.214854370186159827e-01
2.244551710875334338e-01 -3.191905555750640389e-01
2.847247776740670089e-01 -3.983722135087184313e-01
2.125904368697301150e-01 3.018123000491796937e-01
2.152573674495177336e-01 1.549245794171117963e-01
2.702535622647407321e-01 3.716131242933700118e-01
2.384661837365058545e-01 1.711176192589580758e-01
2.395923530846756355e-01 1.742765935599889238e-01
2.405907733153603845e-01 2.145867990856316077e-01
2.198320491478037431e-01 -7.130865643808670384e-02
2.360239845227288802e-01 3.668402685770997262e-01
