4.394023160514048953e-02 3.779795253117499421e-01
-3.455159205534588107e-01 -2.328239698544432024e-02
5.003883402625530774e-02 3.155534995098253637e-01
-7.230234887560949009e-02 -2.746801556642031183e-02
-4.830154592023944149e-01 -3.236114186240435231e-02
2.159827704844726748e-01 -2.400621847191253266e-02
5.443694971150292439e-02 1.941107919169424711e-01
3.477965362210193589e-01 -3.006808899186830253e-02
-9.436199339512851836e-02 -2.146140501762250352e-02
3.156055203874920112e-01 -3.371187549049614596e-02
6.881197709831299303e-02 -1.636950198062246953e-01
-3.750285415481462437e-01 -3.295662316449532447e-02
4.084589106831770788e-02 4.157405020573670118e-01
5.643983890579695739e-02 -1.365919696610343737e-01
2.678647425932569881e-01 -3.435160814904814064e-02
4.982893534223797882e-02 4.069422475038577680e-01
2.327628849088954066e-01 -3.265457355499912229e-02
4.039627304497993565e-01 -3.597211872778616204e-02
6.878170387746440628e-02 -1.365027866655534883e-01
-7.872876257857164273e-02 -2.126170917474323740e-02
5.877874417498185622e-02 -2.320902084214067074e-01
6.332945270699130713e-02 3.838859244653975988e-01
6.998401313430624437e-02 4.309046367840355662e-01
-3.155451431671011386e-01 -1.826611612465378620e-02
-1.340866568005485426e-01 -6.549901076934316890e-03
1.916694981642402817e-01 -3.113863710058395462e-02
4.810642210658599982e-02 3.093548883370500491e-02
9.079219978509500688e-02 -2.203119483390036937e-02
3.168416178579362974e-01 -1.804515372155868214e-02
-1.496269927569623404e-01 -2.897924140724195130e-02
6.827756090627967733e-02 -4.354634956270431179e-01
3.222786030396560530e-01 -3.533516037211337224e-02
-3.054737949316321810e-03 -3.389753411359075486e-02
7.255776976848771209e-02 -4.104023540295020922e-01
6.979777712847246018e-02 3.422909064323702566e-01
4.469182924745884744e-02 -4.544095604392190957e-01
-1.933397748757921253e-01 -1.948010470510697090e-02
5.094933015555169753e-02 -6.520187509693076144e-02
4.100208058246779252e-02 1.337018951914995535e-01
5.751815641561142112e-02 -2.356395225497609491e-02
-4.107342883405979972e-01 -3.364244110225211859e-02
7.124540276064417199e-02 -9.289782491487774685e-02
-2.615435963036738531e-01 -1.347970754872418464e-02
6.216483805691497277e-02 -3.330016862421936175e-01
-4.484307766545664320e-01 -3.130237679577030363e-02
2.813398893187886163e-01 -2.281181420754707645e-02
-3.157421364876908942e-01 -1.144994139620980622e-02
4.157661879303331531e-02 1.567005871449315135e-01
6.927053753084833065e-02 -1.357988366760644050e-01
5.427848978195615182e-02 -4.870455245848485104e-01
8.458119771576633195e-02 -3.257204991864004473e-02
-3.834887316163764215e-01 -2.666493544606585164e-02
4.486873938758123570e-01 -2.873415135014212307e-02
4.311038985893356212e-02 -4.472244290656732790e-01
7.073445906486652834e-02 2.621105252278284059e-01
-3.786130365171562762e-01 -1.914932267892077711e-02
6.256552039983143132e-02 -4.703938976373501779e-01
-2.848590554714025558e-02 -1.503108706626465896e-02
5.396956545236974989e-02 4.384406798151141427e-01
5.947462565657435363e-02 -4.782291401618488091e-01
6.847147785978813239e-02 -3.864286677915408363e-01
-4.407381730160563338e-01 -1.841614253871193263e-02
6.177625575511425104e-02 2.252516007316396340e-01
6.293257816134767424e-02 9.870058118304936290e-02
4.657908049284276153e-02 -3.778837703995457931e-01
6.192705651440866266e-02 -4.887568979273207992e-01
1.471281354021931609e-01 -1.315017828637476960e-02
-2.023988750460340436e-01 -1.826957647064098023e-02
-4.072470561595198379e-02 -2.474418206601858294e-02
-4.003359007588347396e-01 -6.192935919816733303e-03
7.000075856556275955e-02 4.884617024419176667e-01
4.029267816423731663e-02 4.665768982901496997e-01
-3.710171174803432725e-01 -1.592070997762662365e-02
4.843451512821417282e-02 2.859673988029726166e-01
5.256010792105814122e-02 4.097910016510164510e-03
4.412765772092352989e-02 1.391477425279527003e-01
5.222232957636829820e-02 -3.104457985364116324e-01
-3.044150419319531231e-01 -3.557316694108103583e-02
2.869909660582886657e-01 -1.223388391838176048e-02
4.591658385357244576e-03 -1.545084585069589345e-02
2.519563084393415808e-01 -2.036557332374433482e-02
-3.360321266720237565e-01 -3.271156977891376272e-02
1.619843777045923972e-01 -2.502119821221404639e-02
5.169012329846178755e-02 9.509360759465823598e-02
5.171010029212663728e-02 4.613392475246406166e-01
-2.350500383977204288e-01 -7.265741111737056279e-03
-6.016993967270933830e-02 -1.270421420594047834e-02
6.362727602154472084e-02 -4.114174908909487005e-01
1.667122740939128711e-01 -2.121103691364256694e-02
-1.031708981278733894e-02 -2.819950354773603785e-02
7.209134959513718854e-02 3.055953282021095507e-01
7.403810401093735560e-02 2.451727785548920568e-01
4.044558589538654880e-01 -3.182238517397584232e-02
5.349501467293327206e-02 1.073287668105756820e-01
5.091894435470378788e-02 -1.672961716274522503e-01
-2.827277804610542900e-01 -1.025332700296543997e-02
3.999418786774200374e-02 -3.391968935529998674e-01
4.234379561234768996e-02 -1.851915187248387440e-02
1.685760840323724530e-02 -2.420539149386091715e-02
-5.007660059213914217e-02 -1.523704599958664030e-02
6.365711022164721733e-02 -1.377082756719835155e-01
1.430012317303558378e-01 -3.110919641864895446e-02
2.233683928679668362e-01 -2.456827501974090389e-02
5.100229680389811726e-02 -1.014780901556200376e-02
7.303630449252040968e-02 1.606790317196935547e-01
-3.474058839284375200e-01 -2.172431192388180055e-02
6.158020626278026821e-02 5.716881264016560049e-02
1.798927502670606415e-01 -3.042810218591396332e-02
5.388161648483547062e-02 2.990451095468855680e-01
4.545218930595051887e-02 -6.050063867843025189e-02
4.713995230246255108e-01 -2.642054171810792607e-02
7.230428475312744574e-02 -4.370377458780501101e-01
1.221134147567012329e-01 -2.142852116387938821e-02
6.090308464074978279e-02 2.390479306135450122e-01
4.150752843131100267e-02 -4.250587648579871036e-01
5.790439796219615243e-02 -3.100763054819506426e-01
2.534312408516338211e-01 -6.417675330151806357e-03
5.623238269636210429e-02 1.212589436414324151e-02
6.656863241772215112e-02 -5.020534826387690330e-02
-3.812049859018094011e-01 -3.439739603794012002e-02
6.047686135050411860e-02 -4.477017039896270534e-01
6.831828172214793327e-02 4.928444061134562570e-01
4.647918075450196973e-02 -2.338802007001239414e-02
7.376160809209486580e-02 4.104102373325665409e-01
1.902013108091705762e-01 -3.546795582894479715e-02
6.250996729255597906e-02 2.764416430781413414e-02
-3.701939727454557350e-01 -5.840646666048554536e-03
6.094299620110232851e-02 4.799510581242711904e-01
5.623412586010478886e-02 5.076260785202668657e-02
4.122609350459787159e-01 -1.200778990275019886e-02
3.000199886170964447e-01 -2.132757147835351308e-02
6.722550001030913602e-02 -7.417582886469198389e-02
6.772616566164058050e-02 2.588838098878966099e-01
6.312905435680704613e-02 4.576090644165557997e-01
5.966870744487984268e-02 4.923498384950295570e-01
6.125470037064972839e-02 -1.947588529187498363e-01
-4.836458021153055009e-01 -2.782771078569290513e-02
5.496534387919649323e-02 -7.470669392288042943e-02
7.230760543882486235e-02 1.279375758561297483e-01
5.200558908834573835e-02 -3.415934435466557728e-01
1.306972496925058458e-01 -1.264104170214774836e-02
4.385380864296695158e-02 -4.687612880133454896e-01
9.936021237584313770e-02 -1.699842909922955059e-02
5.170249112773017686e-02 2.157548582334444243e-01
4.312831732012591957e-01 -1.807449064788935189e-02
6.206128137483268858e-02 -2.280401472290560783e-01
-3.468833831724305039e-01 -2.106457304388209550e-02
6.502765520403364086e-02 4.629325923835945211e-01
7.364894294117863005e-02 -1.790650478863767825e-01
4.738072534738602126e-02 4.624888130927357066e-01
-1.136186297947294754e-02 -2.311057591375165199e-02
7.297478224795628243e-02 2.704476166805580561e-02
4.521131866770434771e-01 -2.730458331817764428e-02
5.952440204081588249e-02 -1.065803333047306012e-01
-2.191152056754840372e-01 -2.304597508567252095e-02
-2.787285002830729441e-01 -2.811564301425284462e-02
3.020650325001706937e-01 -1.526602334986459919e-02
4.290447018013401337e-01 -2.006289257187976460e-02
4.239721279877906035e-02 -2.538399344001593949e-01
-3.395984005243878334e-01 -1.373310017275275463e-02
5.267485455095832769e-02 -3.694236682793745619e-01
5.082384580363941140e-02 -4.614247880693088666e-01
5.874801978064225771e-02 6.713848154533097468e-02
4.220773844559300159e-02 -1.892348542849160431e-01
6.208384528059462948e-02 -2.352690544523823313e-01
-4.028662510228373517e-01 -1.960791708482023665e-02
6.121701594224371323e-02 -3.649083771347298999e-01
-1.121972123703720570e-01 -2.662990174085977380e-02
-9.782347479063435713e-02 -1.263556215239658442e-02
5.327733604033968451e-02 -3.185580306981293797e-01
7.133955257689106322e-02 -4.703397468908593337e-01
5.596736339930563631e-02 2.010386005257935871e-03
5.804279071155238334e-02 -3.191919188816039199e-01
4.472251825548578807e-02 -3.201136472230137198e-02
6.900862859104373026e-02 -2.840227729821722669e-01
4.448505629689702978e-02 -8.120114040081416462e-02
4.763730263430843159e-02 -2.572192825700492236e-01
4.299625898568293358e-02 -1.796439436773458187e-01
2.452782992901458847e-01 -2.583366911426476786e-02
4.527432906813300129e-02 3.231083917669042016e-02
4.458715817770364520e-02 -2.589550090861447718e-01
4.892028276954496491e-02 -1.677890884373030023e-01
4.486550450596760165e-02 -4.771343299540786731e-02
5.152904652126300000e-02 2.791256648523019468e-01
-1.100735919474030711e-01 -1.015740173810508740e-02
-4.692886761893493297e-01 -1.757959432027889068e-02
5.596502748623732870e-02 -4.591249783143139807e-01
-3.928754156402857189e-01 -1.760734453207768446e-02
-3.306271100942680397e-01 -6.198564096280612112e-03
5.867906634372899166e-02 3.336070510787939591e-01
8.212781613088915300e-03 -2.197971469549075962e-02
6.698067804852914087e-02 3.630179096412341488e-01
-4.959343710893489021e-01 -8.089866185444494207e-03
4.967034046894203136e-02 -1.001215897959062406e-02
-3.001657654118323748e-01 -2.213027134348533043e-02
3.457214849655717570e-01 -9.149368441822236520e-03
4.603542506965120351e-01 -2.850478316550153490e-02
-4.972753146698604132e-01 -2.424079925591282603e-02
6.881121776013732205e-02 1.228716116606592967e-01
6.715320444947059375e-02 -3.405464673953246812e-01
7.177473292307767760e-02 -3.737163621692964899e-01
5.647364793430187380e-02 1.384105392806366241e-01
5.913994494298258076e-02 -5.009240549468574333e-02
-3.230612694873513657e-02 -1.296631211408405537e-02
1.554393868137643464e-01 -1.951827663489014153e-02
4.073896503438793060e-01 -2.876809852780159993e-02
4.450195079851693158e-02 -4.506957243038972605e-01
-3.260472948914481250e-01 -2.076207107767980009e-02
-2.053006137132763476e-01 -2.649357967867371766e-02
4.441149274765198163e-01 -9.666607006406313651e-03
-2.434161803782253219e-01 -3.604395697308160340e-02
1.244045355745205805e-01 -2.063589787459185754e-02
7.238707161998347850e-02 4.962585101166399060e-01
-1.730681655262100715e-01 -1.385287064534967971e-02
3.883542596908725608e-01 -9.425853361414660014e-03
6.536587712287877938e-02 2.526247858231692733e-01
5.174836463134857567e-02 -1.115847720195385362e-01
4.286162689154752181e-01 -2.918423561606764416e-02
5.419483031688898667e-02 -3.180577111342751673e-01
-2.290165255563598734e-01 -8.429398603601478968e-03
-1.867246118034000535e-01 -1.816648614213922652e-02
-2.839134786208111771e-01 -3.011232966726007376e-02
6.916322018233034274e-02 4.353058625231609469e-03
6.942712998714806183e-02 4.007935299635989601e-02
3.742187646204099272e-01 -1.736224565929467278e-02
4.191880480707754764e-01 -1.405911331441422885e-02
7.409377632086322496e-02 -4.634695340379709760e-01
-4.963123406698084494e-01 -2.762101309536135751e-02
6.649183448957163289e-02 -4.074948395550279656e-01
5.175665656342132159e-02 3.474280446471453843e-01
6.194280311822963903e-02 2.084551428907682746e-01
-8.654284495989150727e-03 -1.537502109877753043e-02
2.618274250733809705e-02 -1.944825757187274018e-02
5.766122419862507176e-02 -1.433921289835352608e-01
3.148137528837583465e-01 -2.646937113790237550e-02
6.098093298562579090e-02 -1.435811165321911886e-01
3.600891248653425025e-01 -1.273844399277568318e-02
3.982730242487297900e-01 -1.570740996652997268e-02
6.997042977177692080e-02 4.127077594011796524e-01
5.276953452188803961e-02 -4.461735953774537133e-01
5.919728651880484804e-02 -1.271943473543424297e-03
-4.059479260151871438e-01 -7.995323109293073216e-03
1.468690098725106141e-01 -1.731911684265796669e-02
7.096957879392506996e-02 -2.549425637842982484e-01
5.179450003353613941e-02 6.301015567494705483e-02
7.341187586948849653e-02 -2.198813429995771784e-01
4.049586803381621802e-02 7.012472252007184714e-03
4.893035651626920224e-02 -4.988099746954509639e-01
2.119202604446627225e-01 -8.240415458048877539e-03
6.917275776065279214e-02 -1.240549527732665025e-01
-1.708470456387761738e-01 -3.537608921812229745e-02
2.168254291851745563e-03 -7.603122868015677049e-03
4.070047201671966874e-02 -2.626692468584241880e-01
-3.381926246559274762e-02 -9.186914077383256938e-03
2.740747247205487236e-01 -2.797466137425119737e-02
1.338908300144493468e-01 -3.606602759810439984e-02
6.490901545780281001e-02 -4.157465815810964527e-01
2.912076118700976934e-01 -3.553600239583976084e-02
-3.410184753453809892e-01 -7.262703300433548392e-03
-4.833386618291591885e-01 -8.561289077679057336e-03
1.087581201962617428e-03 -2.473901571114223152e-02
2.626378103308457668e-03 -1.519278129953705037e-02
-4.488885986716009135e-01 -2.726021893014429764e-02
5.060505608224141749e-02 -4.125551840684436034e-01
-2.192240415580586355e-01 -2.223487613497709958e-02
6.062701173870110871e-02 1.177732467854296639e-01
4.835930020418133246e-02 4.202266274409302005e-01
5.729017731035523919e-02 -2.065200987605489980e-01
-2.122720772088718677e-01 -2.208571152289162676e-02
2.169059405662318030e-01 -1.876148651645836996e-02
4.681123461746461434e-02 3.659171722828542528e-01
5.616045776431499714e-02 1.406036535590785563e-01
6.688136710838576970e-02 6.871689119410306912e-02
7.046677925105371276e-02 3.294501468141579625e-01
2.650115980260361326e-01 -8.813111924316108237e-03
4.160700868035316358e-02 3.825417360674931988e-01
4.632611478642434388e-02 -1.731793122065147239e-01
-2.471231427347684306e-01 -2.128868966349806158e-02
6.454393750158082810e-02 1.762985944147775763e-01
2.344329179878635872e-01 -8.922831895848415407e-03
5.725945983597280353e-02 -2.654095093703816577e-01
-2.554224582807960164e-01 -2.525190791021769687e-02
6.264591765561156045e-02 3.198606205071069519e-01
5.445330386072133599e-02 -1.685796747891267211e-01
4.738295261673997061e-02 2.020431238156951137e-01
6.652248622733181183e-02 7.281728940490173052e-02
6.600471799358476055e-02 -1.344623070691819411e-02
6.238204167954342072e-02 3.558743809466213825e-01
4.103185529160413569e-02 -4.893386057185477034e-01
6.526547604207655340e-02 2.497861145485175127e-01
6.359864307355367341e-02 4.037518754528170994e-01
-4.002009895314176946e-01 -3.172973002661527708e-02
4.368502035446653053e-02 -2.796324791648521213e-01
5.971527292370237827e-02 2.721591165763477260e-01
4.883002365034849745e-02 4.855607137527627737e-01
-3.956769505154245081e-02 -1.766411108389187579e-02
6.163954290262130264e-02 4.446702496268798432e-01
-4.441810452447672031e-01 -2.707037959111080472e-02
4.671757140627286198e-02 -4.728749946737303977e-01
3.758879227824530878e-01 -3.392929939094135872e-02
-4.123356419105006498e-02 -7.494681579245487946e-03
3.965968680749333286e-01 -9.168265962932742319e-03
2.265885947872043893e-01 -8.254684134246015326e-03
-2.285253626918096748e-01 -1.104833071710187298e-02
4.090345003428308424e-02 1.483405230052026180e-02
5.839315320848159629e-02 9.182603219598428623e-02
4.867709207443736696e-01 -1.466925461792789598e-02
4.746324356479401096e-01 -3.640984489810117353e-02
-1.944025747629828382e-01 -2.691833751418037934e-02
4.301828485561598470e-03 -2.991685069762450855e-02
1.848473391818021838e-01 -2.330161267251429358e-02
5.602061761977572552e-02 -4.679727666163535638e-02
7.104665788323483167e-02 2.431870397186631783e-01
5.249710097733706338e-02 2.081539258608657850e-01
6.105353279308756154e-02 -3.841659754574674457e-01
4.066737385161895979e-01 -1.983593178118325806e-02
7.806858967227658930e-03 -3.431655693153023989e-02
-2.260224004642136242e-01 -2.024569241833318323e-02
4.566357282444588606e-02 -7.226854130890003614e-02
5.510760907854517221e-02 2.803867454038149187e-01
2.344394649569349065e-01 -3.416679960961188645e-02
5.342984836000230775e-02 -1.055043702159463859e-01
-1.465968146398956007e-01 -8.719836140499093169e-03
-1.327273196750508033e-01 -1.029778909584799784e-02
7.098422827567862914e-02 4.106466634079783962e-01
4.751353729192228093e-01 -7.658769314772273518e-03
4.040991819292305554e-02 -2.350089779952769797e-01
1.502635409709452974e-01 -3.234113710755048832e-02
6.855933083873066991e-02 1.871167121196894989e-01
-7.123622756566683201e-02 -8.849051645840377844e-03
4.681308282066976023e-02 2.087800403996661336e-01
4.560256447275490288e-01 -1.532435626855055411e-02
5.716996373868310499e-02 2.075804486030615736e-01
4.421331456022403739e-02 5.981179059936592157e-02
1.221450430211672433e-01 -2.641488552042769999e-02
3.211015536187397101e-01 -1.118686047709060993e-02
6.249536882932738013e-02 1.451103508627791250e-01
5.772064141438748575e-02 -2.163500647731786408e-01
6.198559612450882383e-02 -8.959503773576682484e-02
4.291527058153932206e-02 -3.930167278487962657e-01
