5.184595173514383593e-02 -4.311627225936739416e-01
-1.698747021068508500e-01 -1.112717533423432936e-01
-4.473302017920578466e-01 -1.049063049141871762e-01
3.423382710001354745e-02 3.069433740834079938e-01
-4.452733489218902996e-01 -1.425232315401843142e-01
3.782063961305303090e-01 -1.015786414729558107e-01
4.159369778286148289e-02 5.370673522559332724e-02
3.444023134854430346e-01 -1.195470504524527300e-01
3.309022778673581522e-01 -1.245966209816747883e-01
-2.743072926070092565e-01 -1.303306649415312268e-01
-1.963747031953810840e-01 -1.440276924358177002e-01
3.825379759910974009e-02 -2.563217712232828127e-01
4.980184642502594183e-02 -5.797431861278412590e-02
9.144108743903101022e-02 -1.355827009565553354e-01
1.640702793404700266e-01 -1.228220067208325439e-01
2.739425702011588637e-02 2.827800923680452438e-01
7.276743565467269637e-02 -1.358516814061929701e-01
-3.022554572960478581e-02 -1.158432544237284478e-01
4.165183582999820722e-02 2.404073055866785547e-01
-3.056426005656488476e-01 -1.394797213435423622e-01
-1.568369597735929100e-01 -1.194731773429136279e-01
-2.885987163861839511e-01 -1.363407010179551460e-01
9.128054949665209694e-02 -1.282679579296834849e-01
-4.788587330832755340e-01 -1.335220785097449570e-01
-2.595638559980633087e-01 -1.149855023558381539e-01
3.898355391206786980e-01 -1.459690772842278106e-01
3.572133679487599078e-02 -3.483338221507895627e-01
-7.961837658947368279e-02 -1.249226223596350271e-01
3.607191265002368530e-01 -1.260613324844824801e-01
3.721115060856883261e-02 -2.664960216750337230e-01
4.328009063515492194e-02 1.498716249277988188e-01
-4.520006443476004554e-01 -1.352834100178652577e-01
4.378513831615415963e-02 -4.968333798094423104e-01
3.801880949802316501e-01 -1.315641279235963967e-01
3.989140925261269732e-02 1.932154923261286683e-01
-2.628161587568740298e-01 -1.186347990725221679e-01
3.877595103158038015e-02 -2.108417506565553046e-01
4.597828852849228376e-02 -1.829079399394401007e-01
3.844217351722936105e-01 -1.442203857623204355e-01
-3.870210425639520890e-01 -1.370554790728280015e-01
-3.984662261653848514e-01 -1.439460806445028718e-01
1.272443999977321827e-01 -1.179213925774348359e-01
3.712828278688241612e-01 -1.130467874292846453e-01
1.263211607156018434e-01 -1.083106080976058427e-01
2.925127484870193584e-02 2.943455518416401295e-01
-6.499688755281141095e-02 -1.448175009128375157e-01
5.385763826851563962e-02 3.105047108832348357e-02
2.860802571161324970e-02 3.259739546619779826e-01
2.045583868243623371e-01 -1.350728014565448776e-01
-5.183612832140815918e-02 -1.441992085597166851e-01
-2.321404437535832255e-01 -1.243872929911277181e-01
-5.440975355119603840e-02 -1.166365727849260070e-01
4.310388208822546474e-02 1.935999677975414057e-01
4.015571207131951592e-02 1.348943511548045260e-01
5.749572734917707262e-02 -1.020281016301675114e-01
-5.367826281236331987e-02 -1.064986906536694589e-01
-1.421675680906303585e-01 -1.146678637000466683e-01
2.219558086673800723e-01 -1.270065664408059902e-01
3.054570972284542663e-02 1.026378785142408878e-01
3.174263122237608314e-02 3.287998805212778430e-01
-6.645877749855610972e-02 -1.193076977597367083e-01
3.625248960577265311e-02 3.376132565984313327e-01
4.366607558641177889e-02 -4.423698330494367781e-01
2.612274926995161728e-02 -3.546551624943695691e-01
2.808761590355390858e-02 3.708384983713557403e-01
5.513949696225228791e-02 2.514046069139512785e-01
-1.202482864581344568e-02 -1.189395108980111360e-01
6.832572554618354665e-02 -1.120229610226050054e-01
4.518950002069734850e-01 -1.398392244986708111e-01
5.285735120368029172e-02 6.533623928312115581e-02
2.834594414970548204e-02 -4.907198353184817341e-01
2.171461950507322936e-01 -1.201420444008599597e-01
-4.730750660471331193e-01 -1.444363584826817704e-01
3.795543215745633692e-02 -3.020479870151321355e-01
-1.060070204282030915e-01 -1.028046127260868747e-01
-1.460378686576304652e-01 -1.319626740407580101e-01
-4.619593336792336968e-01 -1.268187153625173202e-01
2.990531776424421029e-01 -1.233016835659277444e-01
-4.223140801060887295e-02 -1.444601418969946316e-01
4.919678564107121677e-02 -1.463011541470787824e-01
-1.663488556685803754e-01 -1.064411159186959832e-01
5.173571259952214341e-02 3.913577104248866512e-02
3.316459730332632638e-02 -2.981059939646895085e-01
4.925314465177911272e-01 -9.973299310627004033e-02
4.014563400683179850e-02 2.887380581896491494e-01
5.054192864210926839e-02 4.022757260991117745e-01
2.417996439769797279e-01 -1.381275932930068340e-01
-2.724558267334739048e-01 -1.352195306440102662e-01
1.190807921504722922e-01 -1.110795793990744240e-01
2.777598871886942655e-01 -1.124973784825600287e-01
-3.023875416704661090e-01 -1.215357360949438359e-01
1.420223389846608786e-01 -1.331327249000361368e-01
2.786000429737844897e-02 -3.166050128693446153e-01
5.388725831744078931e-02 -4.875111281106735417e-01
4.294969296239470324e-02 3.923250222678894561e-01
-5.771325935488358372e-02 -1.174390622463641343e-01
1.909448838385432445e-01 -1.194352130587604810e-01
-7.064435259125778632e-02 -1.191196197691573033e-01
9.825746973220517155e-02 -1.306398201566684181e-01
2.827155059266583947e-02 -2.518528976881377890e-01
3.657167648889859679e-01 -1.106494449498821586e-01
3.066813793603795357e-02 -2.515856149209574344e-01
-1.343403817181139104e-01 -1.022074720974313067e-01
2.989323119254749805e-02 -3.823556581997070714e-01
1.272433731005551127e-01 -1.075786432863325981e-01
4.419603477523220691e-01 -1.336888485875921129e-01
1.171525168632504554e-01 -1.285821284772075135e-01
3.124781424205969049e-02 1.498736521495435126e-01
4.974847359946434899e-01 -1.097352734173181465e-01
-4.871489779126559894e-01 -1.223283751805859243e-01
4.915976613170836007e-02 -4.681772805530404202e-01
-2.453868159199112942e-02 -1.291620462097307076e-01
-1.960480636061983084e-01 -1.115990699857611901e-01
-1.527016066582137510e-01 -1.320490980033997008e-01
3.416665374963312463e-02 -2.708092336582748061e-01
4.083695381077445674e-02 6.614468775918402876e-02
3.921198746775396149e-01 -1.077332818475745801e-01
3.411526739928050223e-02 -1.283954632869949153e-01
2.704465158674207448e-02 -3.320745635894510883e-01
4.023795720027358858e-01 -1.363544451010847425e-01
2.513961182959205676e-01 -1.359108593691336075e-01
-1.183296968858137399e-01 -1.094339616924216996e-01
3.349315981389910934e-02 7.329022885643310392e-02
1.792398787237472479e-01 -1.431922747293603582e-01
3.715078400015907611e-01 -1.011223772738785165e-01
2.619826700791016982e-02 -3.779305096487679538e-01
2.984123813189422103e-01 -1.321125910542992887e-01
4.614510752014633344e-02 -2.607711418936151659e-01
-4.250632713190148904e-01 -1.394516578185400757e-01
3.397641425890318700e-02 2.540973001169756218e-01
4.905369532074473904e-01 -1.459531096812941575e-01
2.906120699239072014e-01 -1.146307950677373233e-01
2.440973147463776360e-02 2.090245959769982953e-01
-1.325401562649357601e-01 -1.271761954422568897e-01
3.881983287553357753e-01 -1.174569587259435277e-01
3.061452096304784209e-01 -1.224193155095397723e-01
-1.021336855673421473e-01 -1.320474919113164836e-01
3.943427352892255877e-01 -1.388984991113237921e-01
1.523805188100101349e-01 -1.273930777803327086e-01
-3.067845578787893324e-01 -1.026526065244494079e-01
4.140922297066151891e-02 -4.673603388288494198e-01
3.313399514441939253e-02 2.110909653964916366e-01
-4.717018065861521281e-01 -1.076272975739710480e-01
3.891208129573464625e-02 3.200869006968439789e-01
7.196612020119141917e-02 -1.276117091921865621e-01
-1.770928268792610893e-01 -1.145354973065277893e-01
1.629817221008421635e-01 -1.346218131502578963e-01
1.992641223429861830e-01 -1.132296252882144527e-01
2.788462522588797121e-02 4.621882596967787915e-01
3.072770552390757803e-02 -2.491273896501243756e-01
1.193476635633926586e-01 -1.432478353915930258e-01
3.616240872676348417e-01 -1.083752495093072143e-01
-4.204099114908321777e-01 -1.343655395317567836e-01
3.593972400789458010e-02 -4.242879905414599362e-01
3.403114246939831222e-02 1.141138196530117055e-01
3.185949009108859364e-01 -1.339181930867123782e-01
3.437916946580197308e-01 -1.206493791094013224e-01
-1.691561837467212559e-01 -1.240484580997612829e-01
-1.624908705387009267e-01 -9.975351270245291779e-02
2.621386135723935418e-02 -3.170735234914495715e-01
4.660653366969992328e-01 -1.407513751803568525e-01
3.432975859093057025e-02 4.079064989547637188e-01
3.736287483709543888e-02 3.563334452380316764e-01
-8.184508352154451494e-03 -1.160951497810441824e-01
4.307945428598181081e-02 -1.995486000266555315e-01
5.197017632079536931e-02 -2.635819245215262896e-01
-2.478612474144324951e-01 -1.097213749363832314e-01
4.155583569306372516e-01 -1.411493307688521659e-01
4.601566720422589629e-02 3.677769622573129338e-01
4.481950923523370101e-02 -1.940028426982607357e-01
4.779012514869018791e-02 -2.766488476247656036e-01
5.539609824607172328e-02 6.394857546984999974e-02
-2.448164518399192913e-01 -1.110303293951522274e-01
2.602225561823207078e-01 -1.298625416542170674e-01
4.686978827019914196e-01 -1.098769549389290168e-01
-1.026256248241749214e-01 -1.142990791931083328e-01
2.367294056189439555e-02 3.564292186340881630e-01
-4.337567453072910251e-02 -1.385530884942617336e-01
-1.807081781239611162e-01 -1.105897813230437565e-01
-4.112488185420196674e-01 -1.293653869013722257e-01
2.653516058452787263e-02 3.402061118435008025e-01
3.219890843865969021e-02 3.252339296730443197e-01
-4.442649702239942489e-02 -1.340113755872623935e-01
3.526858002788859636e-01 -1.398516192634844391e-01
-2.936439956087071312e-01 -1.455040953126383041e-01
4.128263227643813593e-02 2.430393696059310882e-01
-4.324386807543946221e-01 -1.067378735656324684e-01
-4.073608295950534863e-01 -1.029570046144384632e-01
-4.173234064292096201e-01 -1.200022178121973315e-01
3.389160728785911569e-02 3.299807994446023462e-01
-2.097086706247336396e-01 -1.013114069925079574e-01
3.035407694875591478e-02 -4.067515842332639631e-01
3.270264845714632163e-02 -4.661251804830193191e-01
-4.138458205623458674e-01 -1.313580714868247679e-01
-1.267070886498933291e-01 -1.088495215130085292e-01
2.673741950424080027e-02 1.825853504371912628e-01
5.303851191414632460e-02 -1.907101126528868429e-01
4.427949325583535600e-02 2.674595063905234049e-01
-2.533367286105502325e-01 -1.336819424669911660e-01
-6.260242603978471987e-02 -1.187455315638346054e-01
2.892406679833414707e-02 -3.373374318083488532e-03
9.349178125842572129e-03 -1.255247493465572184e-01
2.787820978170718611e-02 2.194391395630123087e-01
-3.822159195106913376e-01 -1.241978503276074397e-01
9.951203816098530552e-02 -1.392267250896153108e-01
9.387082744406338719e-02 -1.380658749993137757e-01
-4.181479796558987827e-01 -1.142133410894102807e-01
5.279932100301987230e-02 -4.492286908003897405e-01
-2.970801577790341819e-01 -1.376253286864919101e-01
3.132301800363834765e-02 1.801544660147532673e-01
-1.577142106807697397e-01 -1.354947428403575627e-01
5.271734093176505542e-02 4.740991920189844278e-01
7.029694974585209977e-02 -1.146284385947261564e-01
5.111789571296188051e-02 4.559125076455579073e-01
5.017695129229882145e-02 2.154077306338827436e-01
5.083890403320723284e-02 -3.442534463486925933e-01
1.051416070544871628e-01 -1.003020360088804352e-01
3.475346588863248432e-02 1.760435794492338779e-01
1.719739905004057379e-01 -1.064509815069726306e-01
4.503314532371305301e-02 1.872709039614849358e-01
-6.916081730735479383e-02 -1.190341345929216699e-01
2.519680310823368963e-02 2.947479042741489863e-01
2.672517530483131676e-02 3.645697154256556383e-01
-2.557171589487274854e-01 -1.283278777306763319e-01
3.097883407102319797e-02 -4.136253734985176900e-01
3.284010398747201354e-01 -1.068153098447526261e-01
-3.581882718862597903e-01 -1.428186642665201234e-01
4.180989643329071637e-01 -1.373799964669276674e-01
4.906491807590807053e-02 2.619975265752574334e-01
5.496038681295400963e-02 -2.787639244819636319e-01
3.925032942024897498e-02 2.832968110498845782e-02
3.467676770020367005e-02 -2.402848168985228794e-01
7.670174700561060988e-02 -1.149537014451103012e-01
1.818885048241887237e-01 -1.200613812319935025e-01
3.003325663320000061e-02 -1.223488298987106537e-01
-2.647899968001641291e-01 -1.068063231658694656e-01
-1.753181036218915967e-01 -1.159574676869664644e-01
-2.751462378170986822e-01 -1.286532682074200684e-01
1.986144680406525254e-01 -1.306423838897619039e-01
4.540758454825466472e-02 2.568617678429865325e-01
2.661549756099901298e-02 3.092929340899730484e-02
3.323591597123358721e-01 -1.301000915289581839e-01
4.713764629007188844e-02 3.142152126718027461e-01
-3.005584052487508817e-02 -1.140245374739604634e-01
5.423729691245005036e-02 -4.411881788065700194e-01
1.997183285139092490e-02 -1.218619428671938731e-01
-4.540320940715313336e-01 -1.377199594963187668e-01
2.174409291111257803e-01 -1.250250058780020268e-01
4.891304677186203431e-02 2.697230531457228686e-02
4.994505332206383708e-01 -1.236108449902331152e-01
3.462105258341374725e-02 -1.125690074587173406e-01
-1.427193026631409234e-01 -1.010079080723877976e-01
-3.666791946490427501e-01 -1.092346842622733405e-01
-2.366669684776253613e-01 -1.246039132728998799e-01
3.676123634545539476e-01 -1.184297232636848385e-01
1.419467640399064701e-01 -1.310465775805819133e-01
-3.984635415574035999e-01 -1.096385565083863867e-01
-3.548247828813222426e-02 -1.272150304336306936e-01
4.770248348296002305e-02 2.962766774285993110e-01
-3.815573155538509731e-02 -1.103948210923912931e-01
4.375040270721830549e-02 4.808354243196650835e-01
3.520957109385736139e-01 -1.026654226246208612e-01
3.220658506305795754e-02 2.390389390555776039e-01
3.154127572797382761e-02 3.345294747812489478e-01
5.465280617927792406e-02 1.380057938803328499e-01
4.466700992735084252e-02 2.426465447451187085e-02
5.079337057106525499e-02 -2.656218634117123445e-01
-4.955166678391934587e-01 -1.242478678544564064e-01
2.863160370342787697e-02 9.147591363676732534e-02
3.074019058782291314e-01 -1.206871117519389136e-01
-2.410398930369618276e-01 -1.147050125585304947e-01
-1.899660031189398524e-01 -1.048258872904830330e-01
-3.925059224414068071e-01 -1.360425994369762748e-01
2.208551052970593176e-01 -1.176638769990555611e-01
2.766782991444062256e-01 -1.161945649817156534e-01
2.550166163913203388e-02 4.851864976828736964e-01
-1.034726099387145437e-01 -1.382956025012485046e-01
5.032683557098749372e-02 -2.047416561599529894e-01
2.504047338502946030e-02 4.566321394765521235e-01
4.012668144636366563e-02 -3.322790597445055560e-01
2.585192795312218905e-02 -2.325156951728346577e-01
3.605000260666378908e-01 -9.965807323659803263e-02
2.626609545204986462e-01 -1.063985812919850948e-01
-1.645726825479920663e-04 -1.332786296230782375e-01
-2.254833212893581074e-02 -1.414083717700457266e-01
3.911223213229486628e-02 4.984072942058126454e-01
3.452970790321863159e-02 -3.421809626331731025e-01
3.313697680466720641e-02 4.027328797651240633e-01
-3.951581738957443690e-02 -1.274403261566572354e-01
-3.412417667130993593e-01 -1.340416561034866172e-01
2.491965988772371077e-02 1.841706976083342662e-01
3.068179051231856302e-02 2.631322826152471261e-01
3.284503261124516182e-02 -1.118512136906247845e-01
5.559591721891432581e-02 3.802931999907247507e-01
-2.840477807484864670e-02 -1.285409455271059320e-01
4.146575913196670626e-02 -4.872449786311586761e-01
2.292442012846023225e-01 -1.226002011028521910e-01
3.864942241777435950e-02 3.248910168468862603e-01
-3.850907787402082505e-01 -1.024222980828677354e-01
2.846044449411633259e-02 -3.973689471754980884e-01
5.485258963911210373e-02 -2.536799093009742823e-01
-3.535573156298555952e-01 -1.173623796111694650e-01
3.476188895892018405e-02 4.231172334516363209e-01
4.957102587827777462e-02 1.187315206739890661e-01
5.348716595015645670e-02 2.658066365372399042e-01
-2.432511339574607856e-01 -1.329711437289500253e-01
-2.832353457549841025e-02 -1.268912268245193653e-01
-4.999349844193223813e-01 -1.131337944634541737e-01
4.180031564649588915e-02 1.331980112430403151e-01
2.470446172430753595e-01 -1.134457547813114697e-01
4.519778884040354106e-01 -1.067230984168887620e-01
2.403430992883026640e-02 -2.630108483355854121e-01
5.292059459723519321e-02 4.787080367259864966e-01
-4.427589643731589808e-01 -1.223024931691916173e-01
3.221887596575967461e-02 -1.476299978273571956e-01
4.864474401190443942e-02 1.750881228400489320e-01
-2.203740479707325672e-01 -1.006768761456308114e-01
5.575381465385587099e-02 -3.625196179785397099e-01
-2.609307003827757709e-01 -1.369322549510267883e-01
3.167376432641044737e-02 -1.116314683302900290e-01
-2.074642448182191234e-01 -1.356562192408036216e-01
-2.663195807379860058e-01 -1.277077217676683141e-01
-5.737285347137155433e-02 -1.123707111429510519e-01
2.254395671054915118e-01 -1.273918950110685122e-01
-3.211638810666672672e-02 -1.280586661074972765e-01
-9.989669739744566623e-02 -1.403981182257735272e-01
-8.262626701813713392e-02 -1.053864109181327224e-01
-3.660063205363136563e-01 -1.160162370966937306e-01
4.785954638885351331e-01 -1.172199383943605122e-01
-4.105070933266226074e-01 -1.298832732602801521e-01
4.951794506397655393e-01 -1.114649335655056861e-01
2.987415593364572963e-02 -3.149877188414589302e-01
5.521112332735123029e-02 -4.846507409295819357e-03
2.681011630353058450e-02 -4.549622345113760735e-01
-2.615613051042705584e-01 -1.158982440095849276e-01
4.973080155992537499e-02 -3.580160091481018325e-01
-2.666753396330999726e-01 -1.255927084614304468e-01
4.062703997352812291e-02 1.875603179915895646e-01
4.005887572526378726e-02 -2.194437811335784305e-01
1.317486377705926470e-01 -1.434449099730409349e-01
3.449995154604446057e-02 1.791202284913352427e-01
5.136964680137512396e-02 3.908946099568655352e-01
3.809352080931019957e-01 -1.019800774254180364e-01
4.069681249664680589e-02 3.413250618543606230e-02
-4.718755057431661681e-01 -1.259626998972933620e-01
1.075900358315124983e-01 -1.310670887397888951e-01
3.399670221144313054e-02 1.081082616484656533e-01
-1.149522570610772565e-02 -1.247922860416580404e-01
2.649108972767491021e-01 -1.361251009908520659e-01
2.716011951695882498e-01 -1.395121219876470642e-01
-2.340605440011196414e-01 -1.374518724885526177e-01
2.890962104618294282e-01 -1.162108545688503858e-01
2.244277832804683070e-01 -1.394337720668951119e-01
3.622496950802767124e-02 4.656707286259321732e-01
3.560540239658238626e-02 -3.144300356439166944e-02
1.618315374405514540e-01 -1.125339157925149269e-01
5.309190564834642689e-02 -1.933238312533105407e-01
2.654899308775957589e-01 -1.339642817020754162e-01
4.277336439419324732e-01 -9.926030352865322648e-02
3.352465702176732343e-02 -1.787337192459670376e-01
1.441299475398333252e-01 -1.365678154425684632e-01
4.223336825630619185e-02 4.749028799491347153e-01
-4.630259653986645851e-01 -1.130667288212814370e-01
2.997299974515854615e-02 -2.112040072325099827e-01
-1.887745001813475598e-01 -1.270142995507058670e-01
2.678952694806731039e-01 -1.132397019106848868e-01
-4.399176190474900494e-01 -1.243964814232285665e-01
-9.278979875073800621e-02 -9.921928389781642377e-02
2.886431744456587900e-01 -1.434441450578386457e-01
2.021369146977978204e-01 -1.239174559432488776e-01
4.232815130107614454e-02 1.542056538572493807e-01
-8.928228185536291051e-03 -1.264184349067311031e-01
2.396416659312827768e-02 2.728707452900865915e-01
-3.781120529141902553e-01 -1.238204420809542183e-01
4.155544768084591389e-01 -1.231711050347242820e-01
5.081724069374926600e-02 2.867648344509703406e-01
4.462725476972674299e-01 -1.061954636165850507e-01
4.291242620229480664e-01 -1.275811933824357869e-01
2.151283377270567509e-01 -1.293479957609016129e-01
6.421240627408175694e-02 -1.191072724836830243e-01
-1.750515098660949675e-01 -1.225552492513819480e-01
4.011465729564456240e-02 1.991028009905122520e-01
3.712923012933969646e-01 -1.180732233786538909e-01
2.431710450271418189e-02 -2.906684767755244314e-01
5.236033517099858425e-02 1.951808473864052873e-01
2.614280371516586321e-02 2.820581906066599309e-02
-2.258280658865461366e-01 -1.214962025227035447e-01
-1.855116115898067797e-01 -1.329810163557022529e-01
-4.608727961797929318e-01 -1.391786159803619638e-01
1.304748924276263322e-01 -1.458206683698987094e-01
-2.344881982428330680e-01 -1.088038241920503690e-01
1.324494318133124793e-01 -1.368065000237638218e-01
-1.623829308631434820e-01 -1.442335906375840082e-01
4.623661874841544783e-02 -1.689397876959723988e-01
4.952334782714451489e-02 -1.671688069383847619e-01
5.319924515369833795e-02 -4.524917041445274402e-01
-4.924521142020221731e-02 -1.288966463292304798e-01
4.130514077553550933e-01 -1.167915476675871478e-01
4.265378225229832232e-02 -3.872614939249228172e-01
