6.758630127138243182e-02 -2.992488735533764821e-01
2.418918258389407550e-01 6.375347020983945789e-02
7.015475225661726988e-02 -3.851581320309896972e-01
4.469510470470872132e-02 5.234782986583264019e-02
6.321080552929958518e-02 -3.366429190559923068e-01
1.068569316814604875e-02 5.674981345924801079e-02
2.466497951813365619e-01 7.547241990954167701e-02
-3.548854953111153510e-01 8.653307497048234875e-02
7.342257353565040390e-02 7.481680410493896094e-02
3.141587479882390621e-02 6.080163518585790516e-02
8.327228303432177015e-02 -3.390471221576204508e-01
2.628423529531939140e-01 5.739106680137895378e-02
-1.520980270619183283e-01 7.028740838711799999e-02
2.638367127912391030e-01 6.563439728625342084e-02
7.697566008978662389e-02 -4.977681155748687747e-01
7.885367616818805825e-02 -4.413193929208720778e-01
-2.752545361635370114e-01 5.789046880312254117e-02
6.413971888414538025e-02 -6.952184963058438694e-02
5.973599476589896984e-02 -3.698932587060874688e-01
3.852166401462363554e-01 5.252411525632239009e-02
-4.310064162116579167e-01 5.992572555314901184e-02
5.868472144890735098e-02 2.521678412631598309e-01
8.124711218007352187e-02 -1.144244825608151661e-01
-4.812224072287454302e-01 8.608412319787617228e-02
6.454805619627812519e-02 2.177569768671758776e-01
-5.562348331757838160e-03 5.638669446709754229e-02
5.711833138285404843e-02 3.972287035546877565e-01
7.312953657789456052e-02 -1.451894485640161658e-01
5.535029014701509098e-02 -3.418382899714479395e-01
7.574794095653103465e-02 -7.654814429661760400e-03
8.675590849569114749e-02 2.771858839097520733e-01
-3.843766948232694158e-01 5.476238886663165051e-02
3.168574711268421495e-01 6.699657971703854020e-02
6.254457328803120220e-02 -2.435703090447706165e-01
8.260580982383980420e-02 -3.280081817622775286e-01
-4.118623384592173808e-01 6.156561628616663562e-02
-7.292066583493173049e-02 6.780291606627020240e-02
7.616275140535022636e-02 2.751166576981238787e-01
6.162705306619764567e-02 3.499902431393894231e-01
5.889068558763510541e-02 4.400069075400491192e-01
9.117963897494174574e-02 1.468026611201078691e-01
8.488741865972315725e-02 4.078274703273052637e-01
-4.349772233729098936e-01 5.111507954135230403e-02
5.656874576049175651e-02 -2.709957186426144027e-01
9.302944785676747763e-02 8.393229308966732027e-02
-4.198355087737135616e-01 8.402798633621211266e-02
6.765636645275763250e-02 -3.627532636624900553e-01
7.930959885920063623e-02 -3.403862697547912486e-01
8.795292896345641154e-02 1.687336235341637680e-01
6.619335829272199323e-02 2.919645309017379065e-01
5.597989743878339919e-02 -3.044554341165781608e-01
5.506446504376005802e-02 -3.359928017818643031e-01
8.685459619830870892e-02 -4.901119523997334859e-01
-5.891778398114722037e-03 5.960991199940646190e-02
-3.805725404677808843e-01 8.479361116067185566e-02
6.142271092736750759e-02 -9.597481990291623077e-02
6.444343073790970156e-02 -3.236830097655910565e-01
4.758272843334099278e-02 6.987084977639379524e-02
-4.645397960370414303e-01 6.872264170193309596e-02
5.829744033611483633e-02 -1.656494995362268741e-01
2.559613549761902140e-01 6.817134988797757256e-02
1.956294333211566761e-01 7.526675312321684519e-02
-2.756079703530993630e-01 5.258875636262605457e-02
-4.568278743400407960e-01 7.259311409166235851e-02
8.203682067023465585e-02 -3.693891332635180769e-01
8.076011679254946340e-02 1.791498954232489949e-01
7.308440027223217506e-02 1.441246470496038157e-04
8.390670244078024531e-02 -1.775533345917350569e-01
2.171598933124536668e-01 7.925761672865283547e-02
6.985980429969096406e-02 3.556139985606318055e-01
1.191048266377563447e-01 5.936919041529087337e-02
5.826477771812133000e-02 -2.647432580394758483e-01
6.231138732432295324e-02 -4.186181760975234978e-01
7.333017821926979263e-02 -1.244614627703255483e-02
8.718343293407304628e-02 3.773257692855682688e-01
-4.460977828639833831e-01 8.086008140782530162e-02
5.990249164262373416e-02 -4.029510360860623086e-01
7.563552042678611809e-02 -1.610551008915093174e-01
6.618330386016824107e-02 3.257252984891123582e-02
-4.134695468651997663e-01 7.342991918684271813e-02
-1.120435009622091638e-01 8.679066240247967912e-02
3.312499274604591148e-01 5.668472569269111805e-02
9.204777289133914131e-02 -1.641971730072324664e-01
-3.537416281828779097e-01 6.206354243953138283e-02
7.728425409311234784e-02 3.265935055219519878e-01
4.629993661650985137e-01 5.874031623454178952e-02
-4.378406329014572496e-02 6.060720318889512015e-02
-1.723967123985170602e-01 8.470923017482967499e-02
7.803509607736824893e-02 -2.775278246663992476e-02
-9.689015818625479337e-02 6.935146934434388566e-02
7.572361639622948726e-02 -3.283454881946513693e-01
6.428711196751346613e-02 1.148836052166375410e-01
7.673767767562766906e-02 -4.375207393359245023e-01
5.690186494001736595e-02 3.937606621860566536e-01
-3.936288400876157834e-01 7.950069382532476414e-02
8.655418601937603373e-02 2.252366056671523120e-01
6.220208562605067382e-02 -2.989005811246592259e-02
3.900217997307853235e-02 5.976002635466559632e-02
-4.892639638644006306e-01 7.550849577012963554e-02
7.961685277955943274e-02 -1.913317446457414306e-01
5.982880322839523313e-02 -6.579494050042655751e-02
5.845905242575333283e-02 -4.210495408290292341e-01
5.935817379038232922e-02 4.874041639437276530e-01
-4.043373759575534798e-01 5.675880498103502703e-02
2.616412016065338131e-01 7.295939598001410786e-02
6.805328711734881519e-02 -4.107788021916836119e-02
5.503114553001020592e-02 2.987950295985574156e-01
7.667518792942940031e-02 1.500767913989019542e-01
3.977195321210678092e-01 7.176653743708849564e-02
5.732256374275479516e-02 2.095296279025022912e-01
6.603424290998138879e-02 -1.246177898815953311e-01
-4.140158322167949434e-01 5.402370551266311161e-02
8.120139873931420116e-02 -3.130175446766122471e-01
6.970560168313688632e-02 -4.278153203780510339e-01
5.505075243140522545e-02 -2.379318724444881017e-01
4.016796226958652127e-02 6.787391416048460524e-02
3.784712876117386493e-01 6.834774326475112627e-02
1.449171777287514562e-01 8.136644933895875731e-02
8.455704242795381020e-02 -6.064810708385459659e-02
8.738947567932120464e-02 -1.103315580489216963e-02
6.879472540359354849e-02 -3.241044087695501563e-01
-3.535670747939926306e-01 8.481349253861325543e-02
6.801707476081053638e-02 3.353400641266646165e-02
7.909806490511017696e-02 -3.863924146248054470e-02
6.102924397517084376e-02 -3.855796017193668934e-02
9.134194056839828324e-02 1.599627313063511913e-01
7.679367242109635949e-02 -3.495961915818738275e-01
-6.946294869541358441e-02 8.171711309671547685e-02
7.924628701715707990e-02 -2.547921775491656105e-01
8.782786092354444296e-02 -1.623812205880943438e-01
4.301914193294449351e-01 8.528519891260744057e-02
-4.151220641926524069e-01 6.658925519977665353e-02
4.250220254307276457e-01 6.515670359147240909e-02
8.795059926626846991e-02 4.597728182148181908e-01
9.091553328513835019e-02 2.951399596056391017e-01
5.510392187325519053e-02 4.021000556842034834e-01
6.037091454517651279e-02 4.233248410188089617e-01
8.072270941214165774e-02 5.542801143084874482e-02
7.634765837456380932e-02 -3.047882744487075968e-01
8.576542712314561001e-02 4.966394190533846009e-01
5.845617944394509991e-02 -2.797800270478165707e-01
6.310441412003675588e-02 3.127044321914315139e-01
8.362673894480876502e-02 1.131507954695808449e-01
1.244523549874828605e-01 6.734890166981422066e-02
5.794983429590261359e-02 -9.251481435002517628e-02
-4.100196159065099266e-01 6.133004810942577212e-02
-4.987329560266446915e-01 8.212667401418527469e-02
7.170338494930150741e-02 1.597990955191912477e-01
5.503646622483948647e-02 -3.629366918530020358e-01
-3.192760451517360210e-01 5.897874036986938684e-02
-4.372236586280111581e-01 7.643225871955694473e-02
4.285762731508476753e-01 6.139336935404715589e-02
6.296460654097224552e-02 -4.634050858283144114e-01
8.922432868710716836e-02 4.039798840923273238e-01
8.673331977068821086e-02 -1.870410043342098927e-01
4.222457168204338807e-01 7.296778481505583613e-02
-2.624634317038923026e-01 6.767791741584672227e-02
4.788816615483412198e-01 7.830866129582925161e-02
6.008230989975926750e-02 1.483331577877287089e-01
-4.138208472219274681e-01 6.951750831567393707e-02
-3.246829570777851615e-01 8.004714114185051965e-02
-3.227370674112411963e-01 5.263985233532830765e-02
-2.626824817096845566e-01 5.841571882503748814e-02
8.358733052732514324e-02 -1.523337783317257887e-01
9.523839946405787682e-02 8.197238444641308242e-02
1.419099746847466426e-01 5.842239842964480623e-02
6.610565879643726106e-02 4.909450334041509656e-02
-7.408577754176381980e-02 7.974989201971227626e-02
5.585754950473087455e-02 4.750526320457024720e-01
7.082245578447698975e-02 1.217510295940815723e-01
6.344322712885730464e-02 1.391226378985256362e-01
6.096961230188324699e-02 3.296312526375995144e-01
7.177319893077582780e-02 -3.699499911879622349e-01
8.373280599606491847e-02 9.286141850713325319e-02
7.063948707631417800e-02 3.754958099123480997e-01
4.681638505154813723e-01 6.047325359743904727e-02
-3.404364977365160749e-01 8.599837930105846961e-02
-3.375120606126916778e-01 5.245878136406700865e-02
8.954243156422891925e-02 1.632742030228584440e-02
6.503155853552045063e-02 3.920127349325548405e-01
2.656460373711961864e-01 5.999307134791698193e-02
-3.663458876043949042e-01 8.406730850722343718e-02
6.197909124247236168e-02 3.880541317211910757e-01
6.277446823765087114e-02 -1.966261747582788155e-01
6.760117049262437394e-02 -2.934598183385138670e-01
7.336045926137202411e-02 -2.785181962458725957e-01
6.139824586005016016e-02 -2.772698624187716065e-01
6.284611037184739679e-02 -3.572971881558625329e-01
5.855193941890013409e-02 4.943360276413084620e-01
5.935733556624844809e-02 1.934853368770095283e-02
-3.246060841823574794e-01 5.494124830997348941e-02
8.227082398214125014e-02 -3.183886623584918363e-01
2.245473278485278223e-01 7.100486351543999763e-02
8.130656626092891415e-02 1.305389327913406561e-01
-1.204960666873493569e-01 6.055710060450836263e-02
7.306292056577068372e-02 -6.814314271268906431e-02
9.403708160726698129e-02 5.203715320362345409e-02
8.203733792310918815e-02 -1.265950396490604923e-01
-7.568495945120590207e-02 6.611462255862143866e-02
-3.956364559613643195e-01 7.988768193229911496e-02
-4.066525776785532287e-01 6.266978857613558773e-02
6.098803610725656021e-02 1.328305553476135659e-01
6.833903169805422007e-02 2.703779955411903524e-01
-7.149733445416317501e-02 7.202759685072346318e-02
-3.320024209064068588e-01 5.266993923921059473e-02
7.964453128205517540e-02 1.331667136961754982e-01
6.018240675258068606e-02 1.897074141528720670e-02
8.767983455487105005e-02 1.488380370542780051e-01
7.044486532813909463e-02 -2.414848556320819961e-01
2.977090143726646154e-02 7.478217113620910794e-02
2.765194312016995282e-01 5.501840955073689088e-02
-2.242113020105370724e-01 8.581691436301652764e-02
8.143979603359197128e-02 -3.159933744594335403e-01
-4.376249301370283007e-01 5.652234395327748739e-02
8.787337858161115012e-02 2.405971710871408487e-01
3.805969556031408851e-01 5.810135733605359398e-02
7.644263163710407483e-02 -3.481467164680714932e-01
1.974195325398653278e-01 5.273616288165672294e-02
8.571074229147934709e-02 -4.984958600312492383e-01
1.114733965191605503e-02 5.668235398393228763e-02
-3.780682955516678767e-01 5.693249625355389920e-02
8.556540588207517395e-02 -4.141514275144030366e-01
6.745604192023357815e-02 3.639968511630260473e-01
-4.985237258948210792e-01 6.566978818636637349e-02
-1.473743046441750026e-01 8.199098647627345304e-02
-4.880444814383626539e-01 7.126168047789172011e-02
-1.753476219249592294e-01 7.809236025377386259e-02
8.830228833424980106e-02 2.343387633950555493e-01
-4.869072671563270394e-01 6.697465841152283605e-02
8.768181561925669776e-02 -9.840761761779748262e-02
9.098292345225855726e-02 -5.225816983011699612e-02
2.243041320533609717e-01 5.687396657557242108e-02
9.088562236061736854e-02 -2.511071368524665504e-01
1.642063623214284895e-02 7.797990383335928755e-02
8.267913509176294529e-02 6.845131729526932052e-02
-5.232527730293368151e-04 5.898081202808491685e-02
7.110747968598885027e-02 4.091222284081884597e-01
1.899834699900370127e-01 7.259360073903942112e-02
4.601130776316372240e-01 7.792132279054719834e-02
8.173533804025812088e-02 -4.503157796772371269e-01
-4.730266558560010104e-01 7.718745732281762084e-02
5.541046369051216836e-02 -9.907068191986512229e-02
7.520092690082524900e-02 4.546430542464734437e-01
6.745562341490274338e-02 -5.240557473403173461e-02
-3.319867891236742974e-01 5.321135983291425120e-02
6.349340109667089838e-02 2.872335539618731115e-02
-3.618328283658168720e-01 5.265203402626150719e-02
8.770207971353216614e-02 3.356644358641096559e-01
4.515704385840395574e-01 8.583496156098135987e-02
3.061712952328364823e-01 8.046942586634320271e-02
9.159168820930962962e-02 7.694656619274387044e-02
8.435149351820991903e-02 -9.906492762868701618e-02
-5.949466788883461810e-02 8.002422618194593440e-02
3.540327221632555421e-01 7.383550179286768600e-02
6.212618134447089879e-02 4.518596827265927152e-01
4.742362563039626000e-01 8.696203699945270760e-02
2.944062646989341614e-01 5.890850072816511407e-02
-3.741641184492289218e-01 5.476455074622998964e-02
7.750345719672246947e-02 4.079992708588808803e-02
7.138433891595519221e-02 -8.785405901993204036e-02
-4.935419240344134373e-01 6.673500491548023383e-02
-9.738959045698591943e-02 6.501691058264824630e-02
4.437777111240085448e-01 5.483529764556127617e-02
4.301775704904655662e-01 7.050576349603876469e-02
8.953075615019179256e-02 -2.239771209163542443e-01
7.228531085362321917e-02 5.700778157323749262e-02
7.094865268603267605e-02 -1.679062341948632797e-01
-4.900283223061839832e-01 5.611308000365955451e-02
8.606418751812916490e-02 3.780737497136110736e-01
7.163666156773640381e-02 -1.314158579593569520e-01
7.474205443516146463e-02 2.326739746849060264e-02
6.396974943154165594e-02 -3.218188687106265933e-01
7.865846147678290379e-02 -4.038837214765440553e-01
2.770251207695303419e-01 5.537835350539710433e-02
-1.679562503439510079e-01 6.805174673916547512e-02
1.002870646418595468e-01 5.967786709542732826e-02
-2.593812333999068187e-02 7.728303324168228627e-02
5.611189392025761613e-02 3.564742949459729360e-01
5.965624157536364436e-02 3.550174574343312184e-02
7.475151544356362088e-02 -2.514239537171881755e-01
5.778399165385872394e-02 -2.662013585353939504e-01
5.870963295902020818e-02 2.194986920702013400e-02
1.885488799114878322e-01 6.375219917527930047e-02
-2.257514624764889177e-02 7.538030875123713503e-02
-5.332827274264739792e-02 6.350932136392672955e-02
-4.201839275978217492e-01 5.588107967748923155e-02
7.128085518994864422e-02 -2.287496025711971415e-01
-2.601968962525058604e-02 6.056402658000070716e-02
6.222820509462556604e-02 2.429555270611203355e-01
6.065760448996526666e-02 7.300899358876022927e-02
6.697738548996623464e-02 -4.655786098818983643e-01
-3.126437420077834428e-01 5.635710520251002720e-02
8.992963134127396341e-02 1.553302758049510679e-01
8.322402534666084595e-02 1.768754784891197751e-01
6.915731568511940264e-02 2.708648620922887718e-01
7.317458903593421216e-02 -3.959046126149101674e-02
8.333716551150871510e-02 -3.990942214149065803e-01
8.202907058700104059e-02 -3.650821034439506452e-01
-3.872055682481851946e-01 6.619545694208461839e-02
7.630876826178467631e-02 1.766710579761884281e-01
4.542249252522695402e-01 8.114905490714319214e-02
8.443489836150708250e-02 1.555891073002120262e-01
8.720606816043929843e-02 -3.240514780297901742e-01
6.987964877678520814e-02 -4.993258754746099370e-03
-2.510808269546729310e-01 7.508933806538709010e-02
8.506996852816972599e-02 -4.548202532228540207e-03
8.608507236360485315e-02 -2.194537574706021399e-01
5.696513762455579499e-02 -2.770101580088216719e-01
9.722507237116317924e-03 5.945365219199005846e-02
9.018932934619894315e-02 1.396540500770099280e-01
7.033034657160786018e-02 2.925022454764312219e-01
5.634645506153190819e-02 -1.147831204710005881e-01
-3.573193407445842684e-01 7.593118350137484374e-02
9.487978808603636516e-02 5.223244854326458686e-02
-2.366517549408002630e-01 6.159632756329247449e-02
4.956361148269794459e-01 5.819374501788132648e-02
-1.316507079854842832e-01 5.772669579667988327e-02
3.420037717539097244e-01 6.114599437555412464e-02
8.636289386562900905e-02 4.467580774095624152e-01
9.108381179474189793e-02 -4.345858073908168695e-01
4.840591167299846953e-01 8.663434676665360268e-02
9.201331741132567910e-02 2.314465818566363575e-01
6.309850864545074600e-02 -2.887053364483346263e-01
6.975324691619111395e-02 -3.667124261780646544e-01
-4.202127426549161493e-01 6.182140910167399639e-02
-4.000922528620010077e-02 7.563287728758905093e-02
6.241490211360090079e-02 -2.432954261334966395e-01
6.013588962255722592e-02 3.974433300962254556e-02
3.942977282324710009e-01 7.366056734627046687e-02
-2.826936885932929133e-01 6.602514161618200372e-02
8.385661237711250493e-02 2.423297386984542001e-01
7.261754346365856261e-02 8.896940783503315409e-02
2.725891141077899649e-01 6.127358088630885380e-02
8.530526003906557797e-02 4.203790312858667333e-01
7.476671401281276275e-02 2.924308866611303737e-01
7.978487991015370540e-02 1.065316154760036493e-01
8.054660217125797494e-02 2.423984403705752300e-01
8.666661061996694393e-02 4.203295179043635699e-01
8.609413196480231178e-02 -1.913614740827085381e-01
-1.311337107804049218e-01 5.740237097166056568e-02
-4.586698453846179691e-01 7.855921064545157151e-02
9.835513157247322003e-02 8.445966291846751517e-02
-4.649917633875246814e-01 7.546834292609516659e-02
8.420920460694758525e-02 3.760618600618044205e-01
-2.281338499175465939e-01 7.552948800929559781e-02
8.597506683791700244e-02 -1.427939980837193978e-01
8.315387084634973114e-02 -2.345196450936666288e-01
