-4.135350770509861329e-01 -2.299055737807230715e-01
-4.992940577604254582e-01 -2.268743543386444461e-01
2.558673586334203609e-02 4.161210904302884428e-01
3.434610506622575166e-01 -2.630890650442569978e-01
1.593925345231539392e-02 3.175539663205287910e-01
1.404233651417190476e-01 -2.294647355636372232e-01
2.662498104421133771e-01 -2.981337918501436590e-01
3.466049822987722351e-01 -2.538049292979794869e-01
-1.627818009731119009e-01 -2.491672125261386039e-01
1.874622060940076551e-01 -2.426469249627918323e-01
2.515268137605197740e-01 -2.349924447522737658e-01
8.327494279695601964e-02 -2.562404133243799675e-01
-3.868927427275162811e-01 -2.601877216939043613e-01
-1.069949882373190109e-01 -2.885063792707214247e-01
2.167548180420744153e-01 -2.550047467483478325e-01
-4.307428553655334724e-02 -2.362128248472531444e-01
4.711534311097552719e-01 -2.561411848414077985e-01
-2.615922199147266980e-01 -2.722076899294838537e-01
9.208464348749667572e-03 5.047002319153215399e-02
5.137099941705058903e-02 -2.274332545554976770e-01
4.671077079506772423e-01 -2.857514151087109378e-01
2.569635014530787798e-01 -2.820720235062823544e-01
2.870164388858487126e-02 -2.629875031933945895e-01
2.719177602459044163e-02 2.167560616223069836e-01
3.543567978734042390e-01 -2.652258433240841651e-01
1.344631066662826946e-03 6.167537525753830074e-02
1.433281788370899257e-02 -1.425543261706198050e-01
-1.391964335975818257e-01 -2.678079352436820715e-01
2.188073820439861983e-02 -9.582947786873752261e-02
3.894770371183797764e-03 -3.428152582130451487e-01
4.595999498598235533e-03 -1.102657366770407599e-01
-3.675432395878548419e-01 -2.901964895136056599e-01
-4.969388916125672129e-01 -2.545096756609019906e-01
4.732689443260136297e-01 -2.900253054547191622e-01
2.860056637910524113e-01 -2.461903807429624003e-01
-6.061297259996045739e-05 -2.638481477757999016e-01
-1.123618245483253286e-01 -2.243903904737958310e-01
4.620729804795981055e-01 -2.453310822851025863e-01
2.272349929386118239e-01 -2.748682221119385094e-01
-1.356767882601863651e-01 -3.012142782083805370e-01
-4.609341787989948980e-01 -2.848128110545139480e-01
-4.211698568220789696e-02 -2.674127873693952218e-01
4.276107802433266603e-01 -2.436008036820610512e-01
-7.446001370064680991e-03 -2.708489575714233544e-01
4.263257822579840095e-01 -2.934986377118145029e-01
4.941876327535020819e-01 -2.773922301651938760e-01
2.382321797999675805e-02 2.182148479277059572e-01
1.487303406556068630e-01 -2.741550117029447620e-01
2.739020356283283775e-02 -3.977663969982595527e-01
-8.380157890080619509e-02 -2.443820672487863055e-01
-2.524518482972213373e-01 -2.451354694284686442e-01
3.150879714412077037e-01 -2.747296823299948398e-01
-3.782787691345311787e-01 -2.709280516741580103e-01
2.203746382515137103e-02 -2.985111941094986676e-01
4.830060830454971921e-01 -2.534015214987402898e-01
1.951827622662993811e-02 -1.755190518345848272e-01
-1.494922572448029729e-01 -2.830027920273567865e-01
9.950739414256182247e-02 -2.521914924520446410e-01
-4.580333193660368618e-02 -3.013281551400345259e-01
-3.738800447139135619e-01 -2.513289449657358787e-01
4.384587452379784533e-02 -2.689025203248573970e-01
2.980829428143161319e-02 -4.432623660024491707e-01
1.207343890635836914e-02 -1.689704718323218335e-01
4.795834870988613385e-02 -2.410123636169224648e-01
-1.411364921540291251e-01 -3.004256428331011364e-01
-1.794529710217014351e-01 -2.790342115974560055e-01
2.759596195018221287e-02 -3.728278934098239183e-01
-2.242398325271356407e-01 -2.896842079320784968e-01
-6.354241482457678725e-02 -2.997514962813255801e-01
-4.923489722825047377e-01 -2.385897173354267764e-01
1.031835260248979980e-01 -2.455995014698237888e-01
3.137651034623984980e-01 -2.228630889282777749e-01
3.679085126313296206e-01 -2.562433871108175110e-01
-1.652155382253214233e-01 -2.772217965452895561e-01
-8.296123101191987814e-02 -2.329059804140010126e-01
-3.799182989936151777e-01 -2.390715821235118721e-01
4.499431157426375671e-01 -2.275525802509485995e-01
-2.045115985879225606e-01 -3.017791787865286013e-01
2.692538417244855209e-01 -2.463915274577744841e-01
3.404428133828621972e-01 -3.032930586968833886e-01
2.542401582326573317e-01 -2.855393457537357405e-01
7.339127354764385380e-03 -1.226678283070359310e-01
1.883200766525461312e-01 -2.912854032374527780e-01
4.004028099428896814e-01 -2.916868881117082868e-01
-2.077288895378516242e-01 -2.563301961206413404e-01
4.084208634567275675e-01 -3.058096257052044242e-01
3.446721883739622960e-03 2.401305418725299123e-01
2.470514217981345517e-02 9.604566949980619661e-02
-7.356962567741620607e-02 -2.771378901720891186e-01
3.681842491208378032e-01 -2.480608207327700265e-01
-2.619411104055772155e-01 -2.549640892959711413e-01
-3.997092375310710155e-01 -2.522939278440515798e-01
1.019468159349501413e-02 4.197567573988287837e-01
-3.554053402087141711e-01 -2.712086998386038506e-01
-3.625143103272946421e-01 -2.998916103006488143e-01
2.838391019386854452e-02 -2.355522609885010166e-01
-1.440772613896212917e-02 -2.587638608265909745e-01
4.956147915506631252e-01 -2.548208437645085311e-01
2.676304788377397159e-01 -2.586074986166527756e-01
-6.368722752214572846e-02 -2.545170466872953563e-01
2.809978088164231114e-01 -2.949060009510530156e-01
-4.779257773612787252e-01 -2.585852106197189526e-01
2.663180117364518651e-01 -2.483057404080580843e-01
-4.136737814705350180e-01 -2.474138828233680698e-01
1.037866643048723780e-02 -2.375731458452902123e-01
-2.188100187208189551e-01 -2.488319274958450400e-01
2.514293888780495534e-01 -2.676739313233114093e-01
4.517726594310881305e-01 -2.694717508194524047e-01
-4.108822114657827429e-01 -2.539598643681992840e-01
5.037216085285789458e-02 -2.233585805732393181e-01
5.068567228709408568e-02 -2.650060039462407424e-01
-2.090977244508112065e-01 -2.365525488256114972e-01
2.462765099142389946e-01 -3.016129548173034358e-01
6.711357142216933802e-03 -3.343955707249102183e-03
3.077624456908323314e-02 -2.251435934176666542e-01
-3.416815218004136678e-01 -3.050341704904523388e-01
2.793828660366041161e-01 -3.049686802200222147e-01
3.129464240426050869e-01 -2.885984055668435744e-01
2.811312995208422594e-01 -3.062321605558697701e-01
1.993240172132870747e-03 -4.239470973833546763e-01
-1.340307839848485782e-01 -2.974123769705001585e-01
2.632694312942930326e-01 -2.595984628127896432e-01
-2.651641306513790042e-01 -3.044197206981499315e-01
1.596914242734969180e-01 -3.045325715937725608e-01
-3.282894375808907972e-01 -2.647701410180338666e-01
-8.788916431224624848e-02 -2.911854181276003484e-01
4.852244331715623860e-01 -2.774747310093835795e-01
1.919565066545758647e-02 4.508933670410419925e-01
-1.959955160321221745e-01 -2.369283318650636794e-01
2.157082769083085161e-02 -1.723007894133604667e-01
3.822197373888064353e-01 -2.891661264626463890e-01
2.167223433648489683e-01 -2.387244665525848353e-01
-3.146207529473685760e-01 -2.626064367896746576e-01
1.464947949136352623e-02 -4.781289804311914526e-01
-2.795090950873798663e-01 -2.220565895761178465e-01
3.308125337085120465e-01 -2.451127311999795610e-01
-2.228890138130980025e-01 -2.467961546286977503e-01
1.877960811617851444e-02 1.655700430247022403e-01
3.321852387481594171e-01 -3.041180518886638096e-01
-4.234984112009144708e-01 -2.652017706237392858e-01
-1.769155100466661690e-01 -3.030224160133380140e-01
3.158414047421724824e-01 -2.684543932485893292e-01
2.698819342149305633e-02 1.049933179704826136e-01
-3.663801425751116447e-01 -2.734714363760648581e-01
1.844814731790955786e-02 -3.518595333675658132e-01
1.007508848376603705e-02 3.048634714971709680e-02
4.021460345531020497e-01 -2.363626604944033538e-01
1.355116030345548950e-02 -4.829687171512070387e-01
-2.694017134184608642e-01 -2.544446822956618615e-01
-1.516771068639674036e-01 -2.257691479846863913e-01
-3.097007132752959135e-01 -2.625559827529552193e-01
-4.519304889725643815e-01 -2.436547193326730198e-01
4.594601595950442707e-01 -2.478566205920058607e-01
2.420917394044421744e-01 -2.567715449893392954e-01
-2.990797938565270542e-02 -2.973213898665667543e-01
2.074070323495443846e-01 -3.018535942290457852e-01
1.639284458902088293e-01 -2.557137931148141252e-01
-2.889030244726402685e-01 -2.460650956681200707e-01
1.805487513181658343e-03 -1.203983050426781221e-01
4.452537736639322619e-01 -2.642521136113676894e-01
7.039832438951787452e-03 -1.711797725411867699e-02
3.517722374355680692e-01 -2.898988149225334432e-01
2.809931254768593956e-02 1.611993929219674992e-01
2.531215720766702981e-01 -2.975419431623993471e-01
2.999589603287330375e-01 -2.712063798360696554e-01
3.149458466180554694e-02 -3.495107181945251718e-01
2.030994639343086661e-02 1.818129640971761773e-01
2.281530615399718354e-02 2.127315535988895112e-01
8.093421026264180362e-02 -2.406627925489461806e-01
-4.697619369607298756e-01 -2.999681438418826396e-01
1.274556129319216469e-01 -2.753752720259938780e-01
4.244286908178757090e-01 -2.393053078235112263e-01
5.220715585852686580e-03 3.476893860459321361e-01
-1.533544553406764877e-01 -3.032605180534239109e-01
-3.603029491549071262e-01 -2.783491273095982654e-01
2.580412121987407659e-02 1.093907311986965780e-01
-9.989683761199363854e-02 -2.679526550607705948e-01
4.149150401480999895e-01 -2.994550437707312884e-01
-4.693843585060208934e-02 -3.010894098309885303e-01
2.132300494325667373e-03 6.029811088143188780e-02
1.375452075209047109e-01 -2.953923008049671450e-01
1.308607130909017480e-01 -2.344184417051807801e-01
2.713318540182829697e-02 -3.248100390829148365e-01
-9.600145522273417775e-02 -2.317116037435046350e-01
3.674990023287816321e-01 -2.369028055941289068e-01
-3.669167404160067480e-01 -2.390014329064633625e-01
-6.789618094989424701e-02 -2.266162800881800221e-01
2.300777615621127925e-01 -2.662325241552323529e-01
4.629533945834239939e-01 -2.699249909573331330e-01
1.832480922924095701e-03 -5.438647691322562316e-02
-5.479641459575024243e-02 -2.276863801652155850e-01
-1.277631925485959163e-01 -2.428067959442018475e-01
3.894604444544310651e-01 -2.811329319519120240e-01
2.958605467547945622e-01 -3.021801418586204102e-01
-3.205955626761047839e-01 -2.533872179567618899e-01
-1.134006690165262343e-01 -2.484443257437960462e-01
4.167602291539727055e-01 -2.787732295931277804e-01
2.374135631954331638e-01 -2.601146837316542504e-01
-3.676653188065172051e-01 -2.682517802714221578e-01
2.280006669767814520e-01 -2.762106596797934133e-01
2.180787309132179441e-01 -2.388880734785421289e-01
-3.900224809405755666e-01 -2.432924255755680720e-01
1.807123837835211688e-02 -2.635126684720291435e-01
2.576381162256946578e-02 -1.104087419575779938e-01
-1.464524491420255981e-01 -2.369418952387795096e-01
-4.837073996548409971e-01 -2.735117752472223662e-01
2.599236449420999628e-01 -2.393333579642878961e-01
8.408079271092772089e-03 1.463614260453064420e-01
2.858549407608431681e-01 -2.916605191248859974e-01
2.022667511350846326e-01 -2.625165538667153520e-01
1.778486977625104437e-02 -2.677735098563907012e-01
-4.610015462007873710e-01 -2.448713411665174311e-01
-1.817915961965099747e-02 -2.688822323991673091e-01
2.638166339113268144e-02 3.198592487224827252e-02
-1.111182291693649793e-01 -2.731813008008932009e-01
1.439592067603500114e-01 -2.406542788156604828e-01
3.826612936869449033e-01 -2.974093368691520523e-01
1.164340644047181517e-01 -2.765780093313359167e-01
-1.210109816980075026e-01 -2.859083320667684669e-01
4.902582073893092529e-01 -2.401599049935880803e-01
-4.724085781336291312e-01 -2.735942306642711319e-01
4.456172350170338747e-01 -2.656769812048559443e-01
-2.590975528441054054e-01 -2.529261007485705814e-01
2.994432863519536081e-02 2.696580388087388425e-01
1.759867740916876144e-02 9.408297863748427137e-02
-1.563292080356819547e-01 -2.641111944028391445e-01
-1.526514966721181921e-03 -2.862199282305488701e-01
1.165040046098753113e-02 2.092972660426998255e-01
3.621454993270502021e-01 -2.884767954158511394e-01
-7.226529309068774332e-02 -2.785886876478881335e-01
1.091317073519260106e-02 1.981366208854968836e-01
-4.266614530641933412e-01 -2.591980709833026086e-01
2.562087828728565331e-02 4.593094004921466356e-01
1.919630358063989517e-01 -2.521072542918166848e-01
1.305701370642299297e-01 -2.920230327535543458e-01
2.402360572863204702e-02 4.805177965773785864e-01
3.335616426671327295e-01 -2.253199142232197305e-01
4.474285938134329177e-01 -2.304504061103713752e-01
-3.344296608551168282e-01 -3.000341878878259871e-01
3.611157347895780356e-01 -2.367333161018813081e-01
-1.200423864699865506e-01 -2.371029795380195093e-01
1.340514391844892517e-01 -2.955712448497861411e-01
8.997646441237350246e-03 2.854178016986770317e-01
2.619101888987152016e-02 1.626673150052077021e-01
7.867687888976182542e-03 2.155087425784372179e-01
3.143050346062303824e-01 -2.396796711592736884e-01
8.475694446617620947e-02 -2.444484737273487918e-01
-4.894256757894140941e-01 -2.652132988959089444e-01
2.228183909808703067e-01 -2.536886802856572753e-01
2.671738361646014415e-02 -4.790189478819206759e-01
7.136907360267530365e-02 -2.220910552271696536e-01
9.842777732508967148e-03 -2.006353413436314792e-01
-2.809018423059042036e-01 -2.873895806439970002e-01
5.089465646293866996e-02 -2.346719172105437012e-01
-4.564398146485002528e-01 -2.396840469101612081e-01
-5.102067760426598486e-02 -3.039107537316988461e-01
2.511578436956529714e-02 -3.145787435417146671e-02
6.837077656124401770e-03 4.655086512131936249e-01
-4.133597372214660171e-01 -2.711053684881544745e-01
8.951519930249673962e-03 -3.011211470361833120e-01
9.721270633313294773e-03 -4.603659754383661040e-01
1.645898540511986363e-01 -2.421463149370354229e-01
4.486745130221210243e-01 -2.548511451391559657e-01
3.662514938552198229e-01 -2.771794068853491444e-01
1.107907569709598583e-02 -1.187097327007733405e-01
-1.298275006396606424e-01 -2.841270898421911495e-01
1.563594606908624840e-02 1.298337944671754673e-01
-2.188081369318450875e-01 -2.904752663426127812e-01
1.152890212874557729e-01 -2.493913404840867321e-01
-1.078848044757146907e-01 -2.367205280583362104e-01
2.328097589744293483e-02 -2.593630360175424032e-01
4.382253008063078381e-01 -2.458531021931066318e-01
2.424590516466168522e-01 -3.008626138005248141e-01
3.983962977697955710e-01 -2.402800846518347022e-01
1.586822647830377075e-02 4.329711998110006288e-01
3.785890714596041873e-01 -2.965822725690823169e-01
4.168320918317273138e-01 -2.595775979164650638e-01
1.225540784311607290e-02 -4.611374716347649283e-01
1.762683940875334754e-01 -2.586260140767088211e-01
2.390107533896868031e-02 2.873298159888848513e-02
2.433093950295575070e-01 -3.027501508967025412e-01
3.353908792998088195e-01 -2.832200188724406376e-01
-1.251468520519768424e-01 -2.615907355832961523e-01
2.311537290674237077e-03 -1.163645639529181652e-01
2.102795454100877537e-01 -2.496978165027231578e-01
1.934775990911217214e-01 -2.804222990505487179e-01
-3.092412788403124946e-01 -2.477858027467402247e-01
4.497658360522270860e-01 -2.425171634152226696e-01
2.194952733116838361e-01 -2.452479942880385622e-01
4.600925132470227163e-01 -2.993399910830200072e-01
3.686323269000173486e-01 -2.472126418266471504e-01
-2.486810854500071111e-01 -3.019169745761871582e-01
2.403878337445308766e-02 -3.113429273057387592e-01
-1.836588992155525624e-01 -2.398043196433944368e-01
5.724196320732843901e-03 -8.663871595100403056e-04
1.213251996525088749e-02 -2.040426178144075786e-01
-4.852183004009891221e-02 -2.692938262339680255e-01
2.099240143730817243e-01 -2.495914606068732056e-01
-2.888608366241554037e-01 -2.312015849563638925e-01
2.919934586397199272e-02 -1.334299481202020354e-01
-2.159744696581989976e-01 -2.347164257746132687e-01
-1.553276774218862455e-01 -3.036046889706143226e-01
2.400701113007375209e-02 -2.622095508518540452e-01
-7.337369294965823130e-02 -2.308811619173795071e-01
-3.311384168579220022e-01 -3.004187637921753584e-01
-2.642918626656984848e-01 -2.864741259127775441e-01
-5.315315256882491290e-02 -2.690301855673754572e-01
4.619916866115358900e-02 -2.724708297615895392e-01
1.267845750502671898e-02 -1.252288822007592284e-01
-3.798362490590290186e-03 -2.883168751797973162e-01
2.632344812229749920e-01 -2.975841919613124720e-01
2.470743977894329646e-02 -1.803077410487244903e-01
2.585248901036152347e-02 2.899373364172276313e-01
2.365616440561418843e-01 -2.557553129626332078e-01
-3.244097480432307501e-01 -2.251293005652110768e-01
3.977637026636736683e-01 -2.998498198502027590e-01
1.080716656055555891e-01 -3.005735228018255878e-01
3.089758326293456925e-02 -3.226548311886688891e-01
-3.095647982454090563e-01 -2.972071035664827221e-01
2.369674194393822653e-03 -4.496160043973213005e-01
1.219726270894951892e-01 -3.055002143752090227e-01
4.378393369671055302e-01 -2.833729087238767708e-01
1.079869366893748683e-03 -2.459506276766801891e-01
9.415488908845470739e-02 -2.564793538269509732e-01
-4.078920701025435802e-01 -2.536982528230524725e-01
1.727726562790188325e-02 4.318940351468555372e-01
1.448706329039136653e-01 -2.334195958807948612e-01
1.807360401660004223e-01 -2.423632983441171840e-01
-9.131267695597400369e-02 -2.670978464046082079e-01
-4.611106873164793063e-01 -2.351779538823626226e-01
-4.244851859080640555e-01 -2.805193983154996573e-01
8.122365876863102407e-03 1.096054883261856627e-01
4.844809145624193736e-01 -2.288116467276615218e-01
2.083163350545546022e-01 -2.430725702767074781e-01
-2.089743079390661284e-01 -2.284635856025830636e-01
-4.879649137068005071e-01 -2.271968196939380125e-01
2.056187543086451797e-02 4.776777314883009495e-01
3.266612712686072229e-01 -2.470445407607486654e-01
-4.294870008251615578e-01 -2.700690335837738765e-01
2.514884727796173891e-02 -1.134497679880638321e-01
3.309055671589754555e-01 -2.904602440549438613e-01
4.050602522521762339e-03 3.855365086922563078e-01
4.255248673533884585e-03 -2.830174192998644589e-01
2.017634462934750905e-01 -2.614672858036981573e-01
-4.424745050506189159e-01 -2.957651780239983763e-01
9.900731712270227636e-02 -2.953050074476417652e-01
2.520319686712254592e-01 -2.858261654994141976e-01
4.845666658133045424e-01 -2.982034281152801114e-01
8.229081796666259940e-03 3.598564417747206479e-01
1.957851646716224359e-02 -2.605375166151072674e-01
4.872283894994408060e-01 -2.949862995264266319e-01
3.738184937445593325e-01 -2.610500728847193752e-01
-4.884255356667324133e-01 -2.265148929014620949e-01
-3.405860735586538901e-01 -2.850250061296547566e-01
2.220332316570826636e-01 -2.250338456535437848e-01
2.733307520469068219e-01 -2.906789075100945086e-01
7.391652320033914592e-03 -1.402144802351639186e-01
-6.106522974544681404e-02 -2.552710360749493868e-01
-4.484578022603247227e-01 -2.752999473206140246e-01
-4.317121980494527111e-01 -2.222656944949890079e-01
1.004339861520942012e-02 -1.953590404769250943e-01
-2.360969941803414685e-02 -2.858978640178344577e-01
6.093405030835108427e-03 -3.934949198425810035e-01
-4.489639855695995996e-01 -2.987613764949287321e-01
5.610794065970869937e-03 -3.502205219886029841e-01
1.578847506104141818e-02 -3.953979594112845275e-01
1.266562601881848771e-02 -1.845123316941708058e-01
3.365721712766033269e-01 -2.974450735072212693e-01
1.523028234825518634e-02 -2.444063792405694047e-01
2.010236185292412214e-01 -2.900452591193257712e-01
-9.856436517710154277e-02 -2.860058129617614187e-01
1.642535066432915247e-02 -3.856622209415929703e-01
3.550114552586369765e-01 -2.312127031577936309e-01
2.001760516156836367e-02 4.279078567108574038e-02
1.534239090743316769e-02 3.367821767982963621e-01
-3.514237749677530109e-01 -2.752204524073620373e-01
3.920399146729236506e-02 -2.919088439398790369e-01
-6.458349538413010738e-02 -3.005786729408576052e-01
-3.844302617476558215e-02 -3.061886812298484362e-01
3.682301090862889481e-01 -2.342368934726134500e-01
4.283670438342415121e-01 -2.676499127332998551e-01
2.895266998363007493e-01 -3.005651805373938945e-01
4.771040690371789461e-01 -3.048076239054581249e-01
1.975220479887924707e-01 -2.335275755681595067e-01
-8.825875457768994625e-02 -2.741925516081836767e-01
2.494833873943074209e-01 -2.827363770158092260e-01
4.328007990444618924e-01 -2.392269525017404197e-01
3.330766149059671832e-02 -2.220603205445808026e-01
1.859549702013962857e-02 -4.826145461664469449e-01
3.900261512888365534e-01 -2.648268057237057604e-01
-2.919207447142104783e-01 -2.752794138264217372e-01
1.908529429343430728e-02 4.461466635927043844e-01
4.429011276620995474e-01 -2.268106748863730759e-01
2.670363368825401373e-02 -1.015519173619765514e-01
-4.843962641635797262e-01 -2.310054055390468042e-01
4.250794067625185413e-02 -2.896949158664773316e-01
-3.004020979693976523e-01 -2.921900136163605444e-01
-1.344538025098709344e-01 -2.947516702673229627e-01
1.365210430680130482e-02 -1.709489773537419266e-01
-5.810463351224981476e-02 -2.502335780854023639e-01
-2.881728133141090442e-01 -2.840599705376830597e-01
-9.455749167767113494e-02 -3.023522634246599283e-01
-2.658726992753254192e-01 -2.305022422694344986e-01
-9.128845883814107331e-02 -3.020745505800310760e-01
-4.635690997841107608e-01 -2.875712656512319221e-01
-2.523855127443104251e-01 -2.863516485503713183e-01
2.219838990478386620e-01 -3.018428344591610468e-01
-1.753720430902113714e-01 -2.865742212783881637e-01
2.966843434387093081e-01 -3.023229611717854759e-01
1.944171242548276002e-02 -2.008971790125572143e-01
1.368865119638601469e-01 -2.980560410922032943e-01
5.030497672529643527e-02 -2.643564920803460616e-01
8.659729141033167821e-02 -2.301603271464172096e-01
2.232476206842943789e-01 -3.011164527279497349e-01
-2.490100088387219301e-01 -2.303210773704011949e-01
-5.706522864852681121e-02 -2.763530999939425303e-01
2.112556115333164009e-02 6.496069160129036568e-02
2.980726286699231231e-02 4.056345142566694095e-01
-7.142548145249660863e-02 -2.508686351315352336e-01
-1.494240988752303378e-01 -2.666154665205235919e-01
8.770017080907521745e-03 3.656818914855231029e-01
-1.449198724875281341e-01 -2.549389366423951975e-01
-3.992111792060351050e-01 -2.364187832818407387e-01
-2.414783821158663635e-01 -2.896405674517105178e-01
2.029967948830480040e-03 -2.839698665259428045e-01
-2.455616284470730770e-01 -2.368705950098071167e-01
3.955978487213357431e-01 -2.633597344955427300e-01
3.319037823650741181e-01 -2.666581341139132588e-01
-3.769813213192407808e-01 -2.948774266860444415e-01
-3.821305818078231109e-01 -2.837339120402619930e-01
-1.771273235588575190e-01 -2.907768049330203830e-01
3.270627916522842460e-01 -2.441429448309423433e-01
4.870967720252320499e-01 -2.258451239524027487e-01
2.202553779225661090e-01 -3.035315435833745301e-01
4.023914504400890602e-01 -2.805555700755398840e-01
1.150403129868929897e-01 -2.662082173530607720e-01
4.555866625350959431e-01 -2.884554792390613409e-01
4.575393437172836641e-03 2.510641373407944688e-01
2.277148073302848186e-02 3.780106767174918891e-01
4.455928047218503663e-01 -2.634581082858002965e-01
-2.715549947573047129e-01 -2.702334149795663221e-01
3.157504431725977057e-02 4.807866072425660553e-01
3.972110153507545371e-01 -2.465981911908197155e-01
2.337687521131273094e-01 -2.773560111188144717e-01
-4.798714609986869384e-01 -2.579561832747653272e-01
-3.556007864175189104e-01 -2.738630608870985528e-01
2.030014083515685464e-02 -2.622130131545941101e-01
1.380834881703724148e-01 -2.484656453866794790e-01
-4.862037783339324681e-01 -2.478451244869661618e-01
-9.811357368591999695e-02 -2.547105511287759416e-01
4.120795912851269449e-01 -2.903741471725576062e-01
3.272531132798214282e-01 -2.656913493808240601e-01
4.282503430297568414e-03 -4.733600419951971006e-01
4.127640532945486829e-01 -2.835905684011444938e-01
2.653979494694114205e-02 -3.949790816057052734e-02
8.231049688818381505e-03 2.032011578335666258e-01
1.600716085674125377e-02 2.984498195861962078e-02
4.895934679996334360e-01 -2.540068086036474382e-01
4.789335049684608769e-01 -2.375536701164815412e-01
-3.766897540827431889e-01 -2.971323563882322105e-01
2.843010699410560838e-01 -2.452237128042981107e-01
1.221353750620934875e-03 3.947429172053892321e-01
-1.285839890834685750e-01 -2.693284431867877249e-01
-2.203064853684116864e-01 -2.866285469375166040e-01
4.319468114567613926e-01 -2.794969017423911684e-01
3.034029123194748045e-02 3.180564952356700337e-01
2.147795776991501260e-02 -3.814638703227883898e-01
1.932255087661394199e-02 -1.848891444559299657e-01
-1.941455063343011656e-02 -2.271039328707974425e-01
1.396098977113169326e-02 -1.239938341624383655e-01
-9.213042770249513236e-02 -2.736091220878738017e-01
4.046373968806242782e-01 -2.598966338885080329e-01
-1.459270171346604972e-02 -2.716349578058681047e-01
-1.055337414148557196e-01 -2.689979647260456463e-01
-8.122145646119338647e-02 -2.849505858680601023e-01
3.693035638617270244e-01 -2.430726918376970858e-01
2.603894795342753810e-02 -6.844652898386383022e-02
3.757487452109131709e-03 2.023892017484097972e-01
9.207938456334829880e-03 -1.017815390990259861e-01
-4.655485780689452291e-01 -3.004721805958521230e-01
-4.649698682441495423e-01 -2.288632295625930846e-01
2.020574939196380093e-01 -2.286804650942413364e-01
4.429145747403547828e-01 -2.474525246379106758e-01
-2.984482757447955992e-01 -2.424480746323869340e-01
3.007925228227829040e-01 -2.955061415503281719e-01
-4.399413087246093479e-01 -3.062534273915317184e-01
-2.187334479534723819e-01 -2.558528963491447650e-01
4.640230490910450811e-01 -2.539650502383244968e-01
-1.460102555973632477e-01 -2.647807953010710147e-01
-2.055137240940946297e-01 -2.397318744023104742e-01
-3.907362976091339757e-01 -2.507139795326009946e-01
9.070551432392215396e-03 1.473852808324183083e-01
2.040371129195439615e-02 2.115139156628411676e-01
2.152681932502797935e-01 -2.296783837400977468e-01
-1.828877673166662277e-01 -3.014752885640107349e-01
1.467891720883685025e-03 1.205163003592016890e-01
1.460344148506823592e-01 -3.000431338810340964e-01
-1.740760151643613307e-01 -2.760586794126075327e-01
4.316783337133952569e-01 -2.956659127738260340e-01
-4.924346149928766625e-01 -2.427973710537140173e-01
-1.091954430930043296e-01 -2.541338530354919634e-01
1.724131435347560082e-01 -2.464098078200147590e-01
3.982701510745534357e-01 -2.746349073770146809e-01
-1.696288691503876622e-01 -2.814212077829733039e-01
1.099896896507821520e-01 -2.353556551466812197e-01
2.182805397031717387e-02 4.802927239871382925e-01
-2.820972807605558463e-01 -2.709068529093423550e-01
2.939418633350754373e-02 -1.333701491916878812e-01
9.981724425929150435e-03 3.166901937521884314e-01
2.619817671958057925e-02 -4.994801333465519466e-01
1.898158673608096869e-02 1.610466005356111507e-01
1.678924919559310336e-02 1.971365363958514916e-01
2.846794430612200610e-01 -2.822168739609219879e-01
9.115056717444747214e-02 -2.558345739715885969e-01
4.830013441820195652e-01 -2.622342505806185553e-01
-2.747338488430958181e-01 -2.666157402873531312e-01
2.401546768033757662e-02 -3.508174128645535905e-01
-3.707861393251354887e-02 -2.306259937937386040e-01
2.761898764672126028e-01 -2.465711993217581943e-01
-3.844367603128678867e-01 -2.580520634574566818e-01
2.203989258342642366e-03 -6.514241204305126764e-02
-3.838994393907235736e-02 -2.382157597260572413e-01
-4.916888710402411711e-03 -2.950302323070417287e-01
4.580802015634919400e-01 -2.873210440834284007e-01
4.347910883335315280e-01 -2.816060588611927207e-01
7.300717615871921140e-02 -3.002129929573288392e-01
-2.622719583531859522e-01 -2.543076037423156466e-01
-4.140691101680378239e-01 -2.988092635331831559e-01
2.371540283917616954e-03 -9.175489366456957008e-02
1.971358075512774644e-02 -3.640316324159124095e-01
-2.517593796990250654e-01 -2.320660563894514361e-01
4.838978193753673551e-03 -6.398878504456773086e-02
9.231742325596659082e-02 -2.524017550332171567e-01
3.105360287342739944e-02 2.952913043134346438e-01
2.630647701766325453e-01 -2.511379462090891357e-01
1.681028859634536854e-02 -3.631335228878865840e-01
2.326585840788597537e-02 -9.138775821004108124e-02
3.803209726540200952e-01 -3.008914740873757099e-01
2.951702571850434165e-02 -3.845848595630858568e-01
-1.187051940966266095e-01 -2.313880547069864235e-01
4.584263014082947674e-01 -2.810645118064245551e-01
1.833591747358942481e-02 -4.051738993751926587e-01
-3.805043488620156733e-01 -2.401572813488991320e-01
-1.326411050705651462e-01 -2.596164980037494185e-01
-2.918177287040470969e-01 -2.548240373256716040e-01
2.787323005919561947e-02 4.049081731935122441e-01
4.979199115914594298e-01 -2.963895643181113648e-01
-2.585148115530271351e-01 -2.522699658568413605e-01
-5.763583486931966871e-02 -2.794852357543091692e-01
