3.015504853554140663e-02 -3.809366360923182038e-01
3.688799334116303896e-01 -9.983770323211205167e-02
1.796535397981522397e-01 -1.319357893969060891e-01
-1.534652262842575166e-01 -1.338054113386120125e-01
-9.086367674687734208e-04 -9.795126503210715985e-02
-1.773054615266155265e-01 -1.105563967206689702e-01
4.348449518023023153e-02 7.477713783589512442e-02
3.133891714811598561e-02 4.348820132293442775e-01
-4.047753172703294489e-01 -1.152674908126622988e-01
1.992663854320915195e-01 -9.992109612048638567e-02
5.776766533016564065e-02 -1.377731946167640720e-01
-4.601790546320011499e-01 -1.056190024996850330e-01
5.504836471679086518e-02 4.224537277255364653e-01
4.227938443274903424e-02 -4.646480441039622100e-01
-1.124339877965140344e-01 -1.165061520709986809e-01
2.270353617937208579e-01 -1.228244665643304367e-01
3.450631229791386589e-01 -9.891221341191325234e-02
-2.345914463999655419e-01 -1.327205234912618437e-01
4.136123511047007373e-02 -1.437980490038203163e-01
4.555492612525502416e-02 -4.775848405617718617e-01
4.852079912751083857e-02 3.327144913057670239e-01
3.501768995871623602e-02 4.594456806978119978e-03
3.619977051647427224e-02 2.405597298934333272e-01
2.829283842937965199e-01 -1.024659362094150206e-01
4.658664404255685731e-02 -3.534490934775039728e-01
-1.959525115761873160e-02 -1.269945821761647720e-01
-4.702792544119082097e-01 -1.323860376764626201e-01
4.325670289250301837e-01 -9.566406701135843349e-02
3.131811447246632962e-01 -1.224056727305731229e-01
1.790546919497615352e-02 -1.126301811622790749e-01
3.590293431230665577e-01 -1.347739446365096017e-01
4.631081323550778617e-02 -3.364304087535762156e-01
-4.317828063961151042e-01 -1.382681372372518425e-01
4.595894508103470777e-02 -4.644550679449789277e-01
1.803285890178297768e-01 -1.108005598963187621e-01
2.595169005307210730e-01 -9.768017876280910006e-02
-4.205111716350455886e-01 -1.171852539017380623e-01
3.494897712808220369e-02 -3.460369994981116193e-02
-6.517150005625804710e-03 -1.104932232822035676e-01
-2.328336218656440471e-01 -1.222615502275292698e-01
-1.111818325605151703e-02 -1.186628766753354824e-01
4.959285762288435651e-01 -9.655335495464545392e-02
5.510184972043552509e-02 4.669264334856157994e-01
3.913428671268992520e-02 3.151321187373296029e-01
1.722996238592047202e-01 -1.276797174288868408e-01
-1.082723291645413255e-01 -1.249292254421086046e-01
-4.890270437458825725e-01 -1.096069494038923731e-01
4.245598399533679901e-01 -1.268375598322970532e-01
1.229069151966202256e-01 -1.373811687497610290e-01
3.339711804892209202e-02 -6.885572916533622134e-02
3.707068949329154206e-01 -1.227585788507936648e-01
2.061341789299409033e-01 -9.792017892207216523e-02
4.845966895978626177e-02 2.358015800776654958e-01
5.101396585781914350e-02 3.853577818552762491e-01
5.384370379152314534e-02 -9.684027365822123201e-02
1.622917560563398309e-01 -1.094937740094431566e-01
2.339908978248937954e-01 -1.363034667215599072e-01
-1.279244445493725735e-01 -1.035383529201686637e-01
-4.910184910044746998e-01 -1.300984873127478680e-01
-1.084483097035257027e-01 -1.184876482716460400e-01
2.443420786098671194e-02 1.974353596714972792e-02
2.699572449509934913e-02 -1.138376121593487333e-02
1.800205862626074182e-01 -1.275526994032144534e-01
1.544885118127258261e-01 -1.019915620851066240e-01
2.443365444756273597e-02 -3.064290998390849508e-01
2.877767153090793339e-02 4.394153575655784794e-01
-4.569069596638704045e-01 -1.111142239208581239e-01
3.322893016966099733e-02 -2.021107063492366684e-02
3.679234545621651309e-01 -1.020848093204989038e-01
3.110163612926120091e-02 3.195486312895539083e-01
3.764637317711105879e-02 -2.721152652834361030e-01
3.996241566775360354e-01 -1.117868161580408692e-01
3.659439537325466230e-01 -1.343351070201156405e-01
-4.770248771840904789e-01 -1.016999242199168041e-01
3.793809002109296280e-01 -1.093643331817740760e-01
1.848371881896395674e-01 -1.291237999126365610e-01
3.375227221958227997e-01 -1.070807340413788555e-01
5.387197201099691579e-02 -2.784750273679811317e-01
4.843765695960861040e-01 -1.254758426086258760e-01
1.906892794020219606e-01 -1.235398592948462326e-01
-3.365806089192737716e-01 -1.128477238669178817e-01
3.894177971693352225e-01 -1.202746229416881141e-01
2.242578395226048071e-01 -1.003008614656214492e-01
3.389023028874615928e-02 -3.137075648094140856e-01
3.350767407517146745e-01 -1.089154719410522221e-01
2.518148550576293498e-02 -4.138114084998641973e-01
2.683155782910420228e-01 -1.162363994458566196e-01
3.830567589476391310e-01 -1.034861085029287198e-01
3.279802420201790580e-01 -1.014590169130078490e-01
2.967678829130115936e-02 3.085382209765574757e-01
-3.207766605710571373e-02 -1.409142850572110417e-01
-1.121907850381390626e-01 -1.176763370313594903e-01
1.406062348141904339e-01 -1.267499218675354200e-01
3.210982141240503740e-02 3.424725009546117915e-01
3.519995481097696333e-01 -1.012003538396001323e-01
2.935514534798896458e-01 -1.224039137278545297e-01
3.931926219079695528e-02 -2.258180043834991935e-01
-4.147457072219108420e-01 -1.393231519132145380e-01
-2.686273454825568452e-01 -1.072695232759444117e-01
3.855270103753349886e-02 3.347370302360790362e-01
2.617549966600962730e-02 8.192471593389338835e-02
-2.098778005371838562e-01 -1.064597204298538546e-01
-4.839997405452926005e-01 -1.349353039996847858e-01
2.957212178186630069e-02 -7.491213413754094219e-02
-3.056802864729871727e-01 -1.406504771078876947e-01
4.156347379746194726e-02 -2.540170211166522529e-01
5.170061567367389976e-02 1.177885194677147362e-01
3.371512636007334418e-02 -3.104996901636825068e-01
5.124198501016419272e-02 2.756057116744842217e-01
-4.889939462949716154e-01 -1.403944004034560766e-01
-1.242737386511365560e-01 -1.226948995618392102e-01
2.564830064305256840e-02 -5.488989485492257181e-02
3.467897929381802413e-02 -1.250095441277062625e-01
5.128537029583968287e-02 -3.539095445508965154e-01
1.264867223644988714e-01 -1.183586938848772974e-01
-1.987147169752599973e-01 -1.249156920124699921e-01
3.695273229015572092e-02 3.365474303192187433e-01
4.016232260380540042e-01 -1.293590691789534564e-01
2.736504238197001726e-02 -3.559794508785396605e-02
2.960619678373488384e-02 -1.792260108731742463e-01
2.603537432352909242e-02 2.670228714576107221e-01
4.093200274597190713e-01 -1.248139020064125138e-01
4.358805978623170319e-02 -4.245541900167277838e-01
-2.469086874549485389e-01 -9.513782930345093813e-02
3.220078632250111816e-02 -2.598857740393001325e-02
5.654738039452300580e-02 3.346954401806938595e-01
3.320796538382213559e-01 -1.390656551229587645e-01
3.366127928519047074e-02 3.595535846404650515e-01
5.500299819571441429e-02 3.338332022348952099e-01
-2.172092409874080143e-01 -1.014252741375079037e-01
-4.069741241546109833e-02 -1.123100858766415966e-01
4.845046852323963149e-01 -1.008372202609238988e-01
4.114876658826497335e-01 -1.018045508138176736e-01
4.318644088915646329e-02 9.819359981971464979e-02
3.502945563463566447e-02 -4.675090894283190357e-01
1.876617622780640815e-01 -1.353562856478888188e-01
3.489315618859006873e-01 -1.061719470738582416e-01
4.546080350331660469e-02 3.003843804173911280e-02
3.519052644702850285e-01 -1.357704683246834243e-01
2.858582837677436927e-02 -2.458045482263522263e-01
4.301138192727247400e-01 -1.378028426397733819e-01
2.922364412215239238e-02 2.908216306263379236e-01
4.710580342532444398e-02 -2.208273777635743063e-01
5.538328193967878565e-02 1.174959620136597493e-01
-1.521772227917547182e-01 -1.187833351640467106e-01
2.187561750619272383e-01 -1.010772699381201623e-01
3.510786425764819141e-01 -1.229073420780293358e-01
-6.120556209959437943e-03 -1.130359034903261062e-01
-2.172139479922235994e-01 -9.554640998799035501e-02
1.370431207908209270e-01 -1.342814601348805148e-01
3.787572751382584091e-02 2.585005359285200699e-01
4.079920962930502215e-01 -1.050643255417360589e-01
-1.085516435527910106e-01 -9.625318602836063775e-02
4.561625423449455763e-02 -1.392829551962859735e-01
5.314977018414723808e-02 2.333187549298298968e-01
3.900567072958072146e-02 4.703265541231959057e-01
4.857821114230687076e-02 9.496967886110774248e-02
2.801888540027104302e-01 -1.259646446133655395e-01
3.557717660305814711e-02 -2.768830274720385232e-01
2.967474573176698271e-03 -9.958874547153651058e-02
8.653431266576661063e-02 -1.339402113289869245e-01
4.424383917944609834e-01 -9.879326821942280290e-02
2.266307627259650515e-01 -9.685859076802316725e-02
4.297777569967720090e-02 -2.855790315259542078e-01
3.791537634975916671e-02 7.521797561755472206e-02
-4.456588114812385371e-01 -1.067000697079500959e-01
1.320605076896532726e-01 -1.256854201048565045e-01
5.246402925971416220e-02 4.915860127602581509e-01
-3.155141037538899962e-02 -1.049261318759874273e-01
3.924584623977067643e-02 -3.510817644539080407e-01
1.654954203828536974e-01 -1.104036752726641479e-01
5.092680670141891408e-02 -4.622729696530680776e-01
2.408900181583119027e-01 -1.316655172224605597e-01
-4.328717089641057614e-01 -1.114906643527455721e-01
-3.904076348057666790e-01 -1.000909897456739861e-01
5.419379782780409105e-02 -3.963765463517214815e-01
2.510241311615668547e-02 4.263723188169765699e-01
1.634800346982103747e-01 -1.110090939399127619e-01
3.152184359434265781e-01 -1.207978070460926645e-01
2.916965577875563209e-02 6.373038962359933723e-02
-1.211980322194788906e-01 -1.144128596174274204e-01
2.693526532301770970e-02 -5.707851428874921584e-02
3.405470418562136503e-01 -9.681722775926482338e-02
-4.654287002573335164e-01 -9.926386210970428170e-02
4.107193449764923177e-02 3.331152544090035805e-01
3.730008029079090459e-02 -4.528981046366884478e-01
1.086961925677190077e-01 -1.296934155089892737e-01
2.522677959934738201e-02 2.229518636457656910e-01
3.943211644155517615e-01 -1.117317577042499233e-01
5.068678777314439277e-02 4.609273239111280063e-01
2.659338674084799070e-02 -4.193434118849235226e-01
5.124189061979422810e-02 5.978565048520012581e-02
3.336088320246233252e-02 -1.912149297117504698e-02
-1.500354960606355981e-01 -1.107046172490214753e-01
1.379398197192052145e-01 -9.479654920536073615e-02
3.591650491085496277e-02 -9.239049429845080930e-02
4.626424290586693688e-01 -9.747165444647842847e-02
4.521690658632582238e-02 3.097380842331776130e-02
3.724186503422621808e-02 -3.446622486298108745e-01
4.492204518447798778e-01 -9.797922464600339332e-02
-4.455088416844645849e-01 -1.054279896823103746e-01
-3.249194400800470284e-02 -1.252741259516683137e-01
2.578665175483652039e-02 -1.076417110869190008e-01
2.862093982386415547e-02 -1.449451491861678543e-01
3.476133810896031573e-02 -4.346207229703153985e-01
2.452809231312542693e-01 -1.291097546064610135e-01
1.236200259409405700e-01 -9.537403684691236894e-02
-2.562548909302955202e-01 -1.326398548249354548e-01
-4.763235759573505312e-01 -1.377600758091098720e-01
2.973240258042589845e-01 -9.730196050606132463e-02
3.997498403629706765e-02 -4.211410981045207169e-01
3.960973227866093627e-02 2.246689450884221673e-01
-2.715003285139727662e-01 -1.313126478980333189e-01
2.952111855295369569e-02 -9.769449949047381843e-03
-5.187595150108093023e-02 -1.142981930100060994e-01
1.404400357944309841e-01 -1.376508057828241816e-01
4.294469117416188642e-02 2.776349117691204738e-01
5.229231260109734603e-02 5.002543009589244249e-02
3.816619193363324225e-02 -3.159978382929795604e-02
2.762304416587602063e-02 1.816255185924775528e-02
4.295671334804107566e-02 -2.243553515143440480e-01
3.038431549563413991e-01 -1.249607041968731069e-01
3.154879598688375975e-02 9.996031911355895971e-03
2.346251126750217297e-01 -1.144794528141264145e-01
-1.177544919413602287e-01 -1.271515298877595734e-01
4.387632548041331404e-02 -3.284340455232797051e-01
2.503955606208418949e-02 -4.200036354889350454e-01
-3.091368931458373659e-01 -1.091461461207723360e-01
3.868056092335925289e-02 -4.633622703480692051e-01
2.788728996433043061e-02 3.639356913965915430e-01
-3.079429243227419510e-01 -1.056454020727809473e-01
-4.845641865700108797e-01 -1.374544632360783503e-01
2.964746415141772395e-02 1.433282129691336726e-01
-2.331988457919043078e-01 -1.109142908268687666e-01
2.097067858241126181e-01 -1.373638765502291914e-01
2.780612292895490167e-02 -6.236180318326534078e-02
2.872836031465786366e-02 -4.862226561975074857e-01
-2.835715689828270936e-01 -1.395721245028720414e-01
-3.544846772495229281e-01 -1.241593060997598919e-01
2.832935725375862468e-02 4.083455435286709179e-01
3.267754641433825435e-01 -1.294647076662504004e-01
-2.317700794646438966e-01 -1.014371021267030937e-01
-4.507189022760282882e-01 -1.096438504378207668e-01
1.256729474599336260e-01 -1.000002303895881628e-01
2.103889783663400737e-01 -1.267953168931452712e-01
-2.191594954940087048e-01 -9.751858897950238525e-02
2.715090129007291520e-02 -3.690239726070524418e-01
3.100440657531922106e-02 -2.759829747714315218e-01
4.950048433751463861e-02 -3.632282854476834855e-01
-1.869580497988760914e-01 -9.934134875106104268e-02
-5.908370473223345520e-03 -1.198079895900404646e-01
2.066000811738966103e-02 -1.353716210048868662e-01
1.757475575695219838e-01 -1.316592704349950349e-01
4.369550926372067767e-02 -4.041394561596719504e-01
-3.927831187015898839e-01 -1.010220033628560499e-01
2.543363173412938050e-02 3.645988528857185829e-01
3.492451856577682978e-02 3.184492167855579314e-02
-3.646097064963812473e-01 -1.168879818292265504e-01
3.175345214690805662e-02 2.089014946943360540e-01
4.804692520305087200e-02 -2.497778512891446479e-01
5.452951279994111555e-02 -4.466905534482917828e-01
-8.923304377038732138e-02 -1.210292431488795284e-01
3.663060796921180362e-02 -1.548646349417802659e-01
-4.402295584276217921e-01 -1.057497157881234218e-01
-3.817713947183358769e-01 -1.171576539997982724e-01
7.418407011920735705e-02 -1.083225177726966360e-01
3.773638349242183221e-01 -1.109460935374501078e-01
4.086113978080896381e-02 -4.193657373412038591e-01
3.391459892950735577e-01 -1.081008541830116298e-01
4.098737189063850206e-02 3.943780360399932183e-01
4.867891079466046822e-02 -2.614542582974965779e-01
5.615766690660872751e-02 -6.662845973605113770e-02
4.807298273408147082e-01 -1.227687800536304552e-01
4.412524529719968891e-01 -1.012119808476970029e-01
6.490998291673155673e-02 -1.071589992441154271e-01
3.149069757726075114e-02 9.825668228632211676e-02
1.959141094851982734e-01 -1.238844285897777731e-01
1.551166658746803151e-01 -1.350615612229620899e-01
-4.294540331893130780e-01 -1.266514208373751282e-01
4.945251964513608378e-02 4.666585141108977597e-01
3.627545052871028464e-02 3.768546963640960756e-01
-4.499768588092367683e-01 -1.150157830619672472e-01
2.833505034540939604e-02 3.807419886783088847e-01
-1.305043948121886732e-01 -1.102978889686597741e-01
3.338844000763652176e-02 -3.950323532375368263e-01
-1.585160665669622659e-01 -1.173967235054009794e-01
4.825547131390883759e-02 -2.351056431592852825e-01
3.032606715085162108e-02 3.647793352267560962e-01
-1.863118469074337424e-01 -1.310533714223259816e-01
3.093232409284918383e-02 3.760254086413430397e-01
-3.040648399298485627e-01 -1.240440802853763902e-01
4.023192695484578696e-02 3.217229997754378346e-02
2.477047162452961082e-02 -4.698092142466090415e-01
4.164317948290241489e-02 -3.712557962840459247e-01
-1.669258846322179135e-01 -1.326485345573586994e-01
2.758962446014523451e-02 4.452784131574791804e-01
-2.444888790412805823e-01 -1.256460973719243368e-01
5.299953490175923765e-02 -3.475765317611595462e-01
-3.346096015873600837e-01 -1.097134752766039112e-01
-2.642831091087146644e-01 -1.109482612350231046e-01
5.581145095159489866e-02 -4.441154015227947172e-01
3.427925577170443106e-02 4.605896669609554905e-02
4.590876133493981825e-02 -3.851137886381219566e-01
-3.328146203556221483e-01 -1.168380525183723151e-01
-3.483813255596748260e-01 -1.153267183116369887e-01
1.349591083138690362e-02 -1.180158648558636836e-01
2.788585625635586762e-02 -3.500638363490456983e-01
3.914474804307033207e-02 6.443655886674215516e-02
3.819997260981663478e-01 -1.248325280924362790e-01
-2.587960206326775925e-01 -1.240085518128291042e-01
4.752818651573822439e-01 -1.275526006013454339e-01
3.164284867419697722e-02 5.775704650790025596e-02
4.606286578039620050e-02 -3.594459971025754097e-02
4.321920135580524791e-01 -1.182752467955299203e-01
5.507351422982620370e-02 -1.149400875792411236e-01
3.275593184288094761e-02 -2.748546325294086712e-01
-3.044298576286624813e-01 -1.351034307332495965e-01
-2.508416468835943380e-01 -1.048728096806640364e-01
4.104526492056215226e-02 3.363375604593095147e-01
5.128370783469671235e-02 4.772448872138101983e-02
4.552326143227714006e-02 -1.237779566630250461e-01
-1.842683372535016684e-01 -1.149774960571698923e-01
-4.575508803891947807e-01 -1.218864325113070413e-01
-2.104387240473400977e-01 -1.252989794272546531e-01
4.699696864926838913e-02 6.549021876279825793e-02
3.539444068995195591e-01 -9.683115612338288880e-02
2.187170487149296960e-01 -1.329575056472734884e-01
3.968346684469722385e-01 -1.120944080925181385e-01
5.236994476725875813e-02 5.196033887363016301e-02
4.318418104630361576e-02 -3.720495577130737974e-01
2.627700895363616063e-01 -9.729687641929085640e-02
1.298324902134551095e-01 -9.726645797608868271e-02
-1.293629104651264905e-01 -1.265457177681923451e-01
3.186009555034785556e-02 3.007568403388429790e-01
3.405689237661402302e-02 4.979095327478950672e-01
2.450926847260492814e-02 4.799631813316893592e-01
-3.050806754191045522e-01 -1.107528459065733051e-01
-3.704688496056908198e-01 -1.081959556805813794e-01
3.945765894472297308e-02 -2.152298247590236357e-01
3.025016419662374112e-02 4.716434310841984834e-01
4.045579429504830848e-02 -1.601773258347906070e-01
4.899009269090481844e-02 -3.351426862451337696e-01
3.994375088169964672e-01 -1.315959225413277922e-01
2.417594662256083993e-01 -1.170675086896367789e-01
4.260649198868631249e-01 -1.214562261979656999e-01
3.528590353298277638e-02 -1.218681191923675078e-01
-3.887361961715476433e-01 -1.108419535030022995e-01
4.396709555665512248e-02 -3.388477385292060218e-01
4.158156885804098479e-02 -2.859846600146741524e-01
4.904461329463052355e-01 -1.347265005877864574e-01
5.904417114426641078e-02 -1.217512611513359433e-01
-7.288838425478538774e-02 -1.000844300938865672e-01
3.875814179372816248e-02 -1.591869826808585131e-01
3.099579315306062455e-01 -9.749642015749482304e-02
2.209973053659081144e-01 -1.069035248284760931e-01
4.312369633293267057e-02 9.044969065904806538e-02
-2.959899886178237738e-01 -9.921291305622126355e-02
3.736141646162517427e-01 -1.354432137404588676e-01
4.680483643931939719e-01 -9.474633395186105034e-02
3.818600798031140942e-01 -1.284776237177972513e-01
3.996845957815253758e-02 -4.532459396521886230e-01
-2.543531329220982684e-02 -1.329066760407429104e-01
-4.886047592715156984e-01 -1.179906162400270464e-01
-4.575863685068863873e-01 -1.180919533998765480e-01
-1.765206838563492253e-01 -1.215267669543943496e-01
1.685738019567522006e-01 -1.135763545540937614e-01
-2.213890844138874936e-01 -1.134139292480846883e-01
-4.605524296558478614e-01 -1.108589109830844244e-01
4.674457363140138710e-02 1.600394520261674280e-01
3.233354040117818462e-01 -1.251429106409683856e-01
5.398506570094785406e-02 -4.946150593171250165e-02
2.344162164234226964e-01 -1.239773129215970826e-01
3.403112186642675008e-01 -1.155203125473165393e-01
-1.423437030097504108e-01 -9.487663964342663014e-02
-4.856607127177381411e-01 -1.115156466062315888e-01
3.442399768433668239e-02 3.004619103513010980e-01
-7.325651493443929851e-02 -1.130102402698670572e-01
5.243887170397765196e-02 4.867358063109757937e-01
4.079135413872708726e-01 -1.320145875981937333e-01
4.336377554254089439e-02 -4.302035932405160468e-01
3.871829785518221545e-02 1.767708598239750017e-01
1.358437421178561033e-01 -1.051860113484507364e-01
-7.838187018354159097e-02 -1.264389003717262261e-01
4.220278922427647128e-01 -1.172096806152151949e-01
1.684111600808592124e-01 -9.807192507396877978e-02
2.433768343342523899e-02 -3.989222420934663837e-01
2.083361538030902294e-01 -1.068254101788458366e-01
3.991319478961119493e-02 2.797580004015880473e-01
4.347395725061461436e-01 -1.176197808767122099e-01
4.378556279342449287e-02 1.018993114009039136e-01
-1.120029946867049375e-01 -1.256554699426857269e-01
4.786299519373089506e-01 -1.120685480738208284e-01
3.309312866547853282e-02 2.146088072610295994e-01
3.787032030727821574e-02 -2.687387459907883969e-01
-3.001754481340457303e-02 -1.116721545884588052e-01
1.220945255285498243e-01 -9.607532681114361317e-02
2.797749405996375893e-01 -1.054490404704823137e-01
5.284302439310284427e-02 4.473873092234343929e-01
3.346824208495213782e-02 -3.321334069504126019e-01
1.551300896035461285e-01 -1.064859546828308412e-01
2.013210210726616989e-01 -1.399122562168655381e-01
-4.570913202646731399e-01 -1.282109663285662116e-01
2.698165801086416238e-02 -2.355993192917674728e-01
5.218174204304582009e-02 2.346235373746952124e-02
4.648953482793127812e-02 -1.953658672628494353e-01
1.436901278199954612e-01 -9.690910246745587653e-02
4.892910879625433918e-02 9.859262862373696645e-02
-4.107753638990769840e-01 -1.403702169177335479e-01
2.476308876580757268e-02 -1.235615058009766898e-01
5.503088026296609758e-02 2.492282667687358844e-01
4.758302770226408018e-02 3.527521252901323345e-01
2.386022939360865625e-01 -1.266822827448351729e-01
