-4.183985096744002874e-04 -4.059579379009762290e-01
-4.348465294847120299e-01 -3.675058036318530341e-01
1.925083948449901605e-02 -3.008911124473911958e-02
-4.515507686357626005e-01 -3.632680626708547633e-01
-6.731916041329277789e-04 1.540647311750126258e-01
-2.959301803670697506e-01 -3.132427225608350740e-01
-4.967590207491832111e-01 -3.082108654856551277e-01
-4.276872690337182314e-01 -3.601958229305469716e-01
1.977754558720679068e-02 4.981027508917116320e-01
-9.611186976634100709e-03 -1.494944598810842296e-01
-1.271438460601688192e-01 -3.193031515967115208e-01
-3.700612629162052247e-01 -3.386603780845974798e-01
3.871533802771461863e-01 -3.632520251704686176e-01
-1.615113781278604277e-01 -3.432146517073852987e-01
-3.083554608018457266e-03 3.317687831800909537e-01
3.126263335983368030e-01 -3.303772289287700836e-01
4.790553998888675835e-01 -2.906368980648842415e-01
3.909659429503784533e-01 -3.075084460548639376e-01
-1.708758383385587942e-01 -3.845701954132636491e-01
-3.308424888156415999e-01 -2.958610036815401134e-01
-4.027279847474474206e-02 -2.884185815534404673e-01
1.575317058830627559e-02 -3.397777355696669499e-01
-4.118892999686161183e-01 -2.996722024607670898e-01
1.661349057713419342e-01 -3.388756281087622613e-01
1.081512043672572254e-02 -3.252830168521801957e-01
-5.414867526182987056e-02 -3.712245532130095116e-01
-4.462029564276320803e-01 -3.512052556303557616e-01
-4.939121001647867049e-01 -3.135979116837296354e-01
-2.639719998973283355e-01 -3.764501523494264701e-01
-2.861749230163797009e-01 -3.185372111415624152e-01
-5.362867500939583199e-02 -3.052623496745269227e-01
3.414454886032650682e-01 -3.513605891845822393e-01
-4.996132060693900812e-01 -3.285863055321858184e-01
1.839441302594342353e-01 -3.841264352484398126e-01
2.698759343419474543e-01 -3.452156294182274765e-01
1.753444363459177868e-02 -4.208038342914344199e-01
6.217145506044241543e-03 -2.226519604751715509e-01
-2.936110149311642603e-01 -3.698157320985060448e-01
4.089280676769185829e-01 -3.706537983502510292e-01
-2.462790480859458064e-01 -3.063894885787091793e-01
1.132874929788356688e-01 -3.262084721857592129e-01
3.590144476109502492e-03 4.884694999855875297e-01
-2.665258050166442461e-01 -2.851025683666903454e-01
4.563376969909604952e-03 1.077194987830284445e-01
1.223297894879306069e-01 -3.511004922593778943e-01
-1.712946152767310659e-01 -2.919327773000689463e-01
-4.677199901523221293e-01 -3.264016068462716191e-01
3.446571401986866512e-01 -3.213134735323798230e-01
2.936363364583688407e-01 -3.785251740492522332e-01
3.217213749419652880e-01 -3.333709277341501132e-01
-1.012544195939115710e-01 -3.260104154253425923e-01
4.696647728102631980e-03 1.237863117488940956e-01
7.378493116236839455e-04 -2.181864434808328257e-01
-1.106676863937472444e-02 -3.339489134345725585e-01
-1.936119547112126194e-01 -3.481449644755830741e-01
-2.123246882206895059e-01 -3.784342323748468573e-01
-4.074280741472663392e-01 -3.446611147696246880e-01
-2.638970143449810291e-01 -3.194740111012029926e-01
1.366136432775089116e-02 1.354937923184044157e-01
-4.930781109784513339e-01 -3.773480504752803055e-01
-2.215956336002494753e-01 -3.432385396909619635e-01
4.445515782919813308e-01 -2.892114376796487418e-01
-2.827426865081510421e-01 -3.460085312708472971e-01
8.038382052677039979e-03 -2.011208668819586265e-01
4.876520411100082608e-02 -2.821881240884965836e-01
4.068999401262032301e-01 -3.438819887117041674e-01
4.925387925317807891e-01 -3.592900079951448777e-01
-4.726868488327623519e-01 -3.255579297987490905e-01
-7.157416760754653495e-04 -3.213744688429498453e-04
-5.102369548040852631e-02 -3.310050271518895082e-01
-6.409783544224545437e-02 -3.606995126754647396e-01
-1.264969130371260686e-01 -3.113410378618048924e-01
1.904536826885427914e-02 3.629889337403490179e-01
-9.149964409978506019e-03 4.927502450528359335e-01
2.041652021620063984e-01 -3.042371282773623786e-01
7.067850820277732371e-02 -3.656427852368202558e-01
-4.636018458207150639e-01 -3.344098558308863378e-01
-3.352239217761643353e-02 -2.944268083336237796e-01
1.246811085934806940e-02 -2.915137811873675933e-01
-2.097972947557091850e-03 -2.376127452577972976e-01
2.029714396408434096e-01 -3.344939893288945143e-01
-2.292991993482654811e-01 -3.240696551081956311e-01
4.958059083870082207e-01 -2.982808217535397599e-01
-5.271157442312823793e-02 -3.045216282146708808e-01
6.915376541567375135e-03 -4.662170103505338670e-01
1.297554191956267200e-01 -3.442585616355425815e-01
5.173722544756120811e-03 3.390539818554469953e-01
-1.872346531972033379e-01 -3.149100461012837027e-01
-1.281285590444690703e-01 -3.283933029096475220e-01
7.372725931375345709e-02 -3.683172358457866835e-01
-1.570203315588477588e-01 -3.309703083335354679e-01
-2.652578566877985544e-01 -3.729980971646149612e-01
1.576386969568223106e-01 -3.714884012771817456e-01
1.197834295449801134e-01 -3.147972002019949755e-01
3.312064808521020254e-02 -3.128464010202810508e-01
-6.276464987298502329e-03 -6.600302472697727740e-02
1.955213763909025015e-02 -3.533920687960279139e-01
-2.810091647257538794e-01 -2.896579980113328512e-01
-3.767141778449667466e-02 -3.324634360607235939e-01
1.745506974651933607e-02 4.554374525433277920e-01
4.847346750591960962e-01 -3.329750002222050531e-01
-2.022430580750511631e-02 -3.125889364371542412e-01
-2.353030033492147233e-01 -3.317989747533253153e-01
-1.463978396601062215e-03 -1.876530083951537531e-01
2.915949713675879407e-01 -3.086588919216025628e-01
-2.214102219586652209e-01 -2.990415470264803366e-01
1.413431936764775187e-02 4.002149970531339029e-01
5.553843360143151386e-02 -3.380093655814543352e-01
9.895764104452364762e-03 -2.359823769877772426e-01
-5.343056929790657161e-02 -2.951677281849707235e-01
-3.940192044478607603e-02 -3.527882158693196324e-01
-4.435125878439306613e-01 -3.197382130424751834e-01
-9.952758821347018614e-02 -3.049785514441505363e-01
2.789385043389942531e-01 -3.290719996157532856e-01
-2.947370403366069702e-01 -3.318947761885746583e-01
-1.627681041176605170e-01 -2.987430374932258381e-01
1.917106288499885736e-01 -2.812617050157572018e-01
3.906317223960300566e-01 -3.768020544499994795e-01
4.451941846278506532e-03 -2.684666033995467549e-01
-3.244127109354090210e-01 -3.686288962974360039e-01
-4.671239269690707907e-03 2.106116762862615399e-01
-4.452458884668822892e-01 -3.354228357882230727e-01
6.126158354449184884e-04 -4.472992523978940316e-01
2.688649168044874305e-01 -3.358098948449503851e-01
-4.760107313999386580e-01 -3.367338891730581318e-01
-2.944054931124057140e-01 -3.369270440760120389e-01
2.892475598525178215e-01 -3.425307571707256749e-01
-3.950596291819061801e-01 -2.893127050466410832e-01
3.563651258609064065e-01 -3.476964771976499557e-01
1.903520933966873496e-02 3.194665147851091236e-01
2.882101618203676274e-01 -3.284023208865816112e-01
-2.361725954325333277e-02 -3.335403656548482365e-01
4.166086004791348385e-01 -3.513496118790502276e-01
4.767791223966735270e-01 -3.825428953033298551e-01
9.335192859667740262e-02 -3.274468929141481910e-01
1.599547882152874134e-01 -3.482642542864314850e-01
4.790718504326749727e-01 -3.618196021742289270e-01
-4.710870150738672990e-01 -3.643908758197971220e-01
-8.879159316412588154e-03 -4.814372643997254508e-01
1.361466750190882813e-01 -2.819951180389413947e-01
9.419452932160177205e-03 5.757674359520459362e-02
4.294426606195586027e-01 -3.714192370097958440e-01
-2.352848403343956729e-01 -3.732882876810785788e-01
-5.431868486762614356e-02 -2.916368124857102728e-01
6.821644978456831154e-03 2.087173720903262586e-01
2.283996878317984258e-02 -3.633426480452016660e-01
-4.145728597227266166e-01 -3.800621658287186566e-01
1.894144755304085770e-01 -3.574468148029052994e-01
-2.716534671924453193e-03 -3.038538208577424848e-01
-2.052955660786743852e-01 -3.819649889086933481e-01
4.953931195757071970e-01 -3.180773060381861805e-01
-3.207829754384194931e-01 -3.663318236842784126e-01
3.824464407691462453e-01 -2.871330448312739980e-01
4.777429997320881139e-02 -3.599577580089050599e-01
4.015193265386063359e-02 -3.255788150086520449e-01
-2.525058572632866705e-01 -3.715114086212640832e-01
3.211563835382027499e-01 -2.928818524535070633e-01
-7.396946389201741745e-03 -2.591636295200621110e-01
3.429247758689555337e-01 -2.847651525927170635e-01
-4.840123272490066686e-01 -3.033298935668453655e-01
-4.610042665451307142e-01 -2.967665415648199634e-01
1.489287626539625986e-02 -1.709867910618853015e-01
5.382265908857708503e-02 -3.332311015343468741e-01
1.404683533421600128e-01 -3.551762541920050475e-01
-3.113242148634638440e-01 -3.831148402803575825e-01
-3.333719555647621791e-01 -3.428693061370956530e-01
4.925319573756968827e-01 -3.071886584130343323e-01
-7.167828280747023939e-02 -3.142945901027760502e-01
1.885190563583738488e-02 4.459879573321134938e-02
4.700211587507779898e-01 -2.921600599133667986e-01
3.971403213915483121e-01 -3.844032232473254540e-01
-2.401107847153360897e-01 -2.958202005338836926e-01
-5.634151982217505683e-02 -3.180530232175663441e-01
1.814546722206111795e-02 -3.884300880727956651e-01
3.668573141012876349e-03 4.130157747269791457e-01
-4.330120339527612217e-01 -3.369926018490604358e-01
-4.273785683616267983e-01 -3.828540636758634985e-01
1.900719409764406453e-02 5.333484770211205372e-02
-4.981489766609679126e-01 -3.055916856622042932e-01
-9.717819248972747737e-03 3.635559235489832508e-01
-8.116209376653560348e-02 -2.890267933145188595e-01
4.333520463149720392e-03 6.533692257975232121e-02
9.900671053539422672e-03 3.391408012030998620e-01
3.401147205948465979e-01 -3.064201931056630412e-01
-3.794347629981231762e-02 -3.057261315248877009e-01
1.923302022593190719e-01 -3.340135225569383914e-01
-1.750746634174441541e-01 -3.066721383948287638e-01
3.958241404945221920e-01 -3.378791101310378853e-01
-4.386277556201024774e-01 -3.618981442404194393e-01
-9.955059497539231472e-02 -3.243114354289815537e-01
1.171933712512518433e-02 -2.798456035339133008e-01
3.757174673783713059e-01 -3.374760919172055118e-01
-3.079874354379288359e-01 -3.754290743874001413e-01
4.343135825286081886e-01 -3.119888741760314943e-01
2.000104073618280687e-02 -1.685559490706493024e-01
1.295170618153246300e-01 -3.802401872082831202e-01
-3.561538611257639708e-01 -3.729230437388975083e-01
2.593029706468661377e-01 -3.845258359856127406e-01
-4.426214853134093907e-01 -2.931343644296299233e-01
-6.331984447422001061e-03 -4.258077582040410425e-01
3.920989655394442330e-01 -3.802959198741484581e-01
4.161263522736191600e-02 -3.270609544807281388e-01
9.779477415669557416e-02 -3.350454901352993842e-01
-6.226167602307985938e-02 -2.871110148913535998e-01
-8.730265100413070467e-02 -2.962238473121340254e-01
-1.802022672574007389e-01 -3.069763279856368987e-01
-5.169867589632115568e-03 -3.118643421510928215e-01
3.317233901626570614e-02 -3.125983766477388182e-01
-7.737076292407307765e-02 -3.678466276216995068e-01
1.680465431304656310e-01 -3.755710789902458879e-01
2.622995427723373574e-03 -1.855838876080299071e-01
-8.916935212949894662e-03 -3.931401015148900946e-01
1.271178275455953077e-02 4.117936522355059026e-01
4.627450127799533908e-01 -3.301345170480671776e-01
-8.487696898492258502e-02 -3.741148410082565379e-01
-4.262650214404564153e-01 -3.584698565590793695e-01
8.290228280811939854e-03 4.829378210044887876e-02
7.541355524576665026e-02 -3.587832029622867180e-01
-4.738302063410637643e-03 3.083650038119500891e-01
-8.670147642561631951e-02 -3.492371868294187331e-01
-4.012865625743934350e-01 -3.524106569838594272e-01
6.579578930613161347e-02 -3.508927919248466809e-01
-4.922460180223439119e-01 -3.130908663954674598e-01
-1.023634437630747129e-01 -3.496989440391711224e-01
3.436494878609708259e-01 -3.657018445973632126e-01
-2.917192585488881384e-01 -3.679907938969484427e-01
4.722287397403068798e-02 -3.025959288341669717e-01
-4.439971344321428370e-01 -3.752117652898039335e-01
-4.229351808061521112e-02 -3.388861399548941389e-01
-5.640288647316626935e-02 -3.720742798923424299e-01
6.005102679540907928e-03 -1.040372515938912112e-01
2.304201962070115961e-01 -3.185489102672703909e-01
7.953169280731753332e-03 -7.786944895502911912e-03
3.976631886872084021e-01 -3.122696415316490448e-01
9.625600105725440336e-03 -1.427216323771368645e-01
1.684380943874375092e-01 -2.959877862135752435e-01
-4.728510277052228039e-01 -3.820279813929288171e-01
-2.281695340476715961e-01 -3.770953349212924355e-01
5.895156625331021694e-03 -4.159059844004198148e-02
-3.096852207049259897e-01 -3.303936998649711354e-01
-3.842514708595466955e-01 -3.123856017948862807e-01
4.090349467688431107e-01 -3.677243332456129332e-01
-6.355613778538526937e-02 -3.574932895861741011e-01
-2.445663017478665324e-01 -2.927427532641887487e-01
-4.330155259105366028e-01 -3.662880443236913308e-01
1.992366689430221660e-01 -3.316252866883053763e-01
6.148909002939628721e-03 1.239905411320266770e-01
-2.289187341160581202e-02 -2.944012502122749231e-01
-3.714704107840758329e-01 -3.210773334373762111e-01
1.708258430084741430e-02 2.514791664219093725e-01
4.010747161302785635e-03 -3.092427971987954383e-01
-5.266617863365352648e-03 2.011586166258161334e-02
-4.517506329739074955e-01 -3.554154712310904074e-01
-4.320825747250204296e-01 -2.904560757680845207e-01
-7.523510367272612243e-03 -2.702518371488928928e-01
-2.021593335344072928e-01 -3.516885387055918022e-01
-3.594746219110089847e-02 -3.535338278824698977e-01
-2.293164534966496415e-01 -3.681289725089490483e-01
4.391282026668857918e-01 -3.799518121127323234e-01
-2.632548683933499944e-02 -3.276323472171727147e-01
-4.353730840894960430e-01 -3.733505348527285106e-01
-9.135696366759216147e-02 -3.725229293285011734e-01
-2.743213643935037416e-01 -2.878007464553886674e-01
2.039714451266753104e-01 -3.413146135457331143e-01
-1.227544009037280226e-01 -3.349870749869915398e-01
-1.940918064363265083e-01 -3.201797998691490177e-01
1.245154482236554561e-02 -3.738825051563114954e-01
7.316579975191195295e-03 3.552711249563618168e-01
2.077868546272911843e-01 -2.814634313207927674e-01
-2.096143517438731063e-01 -3.005821916726284515e-01
-6.972555462339835586e-02 -3.470450647877357797e-01
3.623586926912547579e-01 -3.103470098571923241e-01
3.215081108123111209e-01 -3.638771714552752057e-01
2.367454768717690561e-01 -3.662799087081106686e-01
-4.426125885890389577e-01 -3.239293056969119178e-01
-4.389991303653508758e-01 -3.116090322531164247e-01
-2.889512665551317028e-01 -3.171410651055465157e-01
3.860608922542319021e-01 -3.098258330853264075e-01
8.664512547996161551e-03 2.829523963210576198e-01
2.521507207808415529e-03 -3.800466693079829206e-02
-2.345078417036727814e-02 -3.579623321429625804e-01
-4.954215471163124773e-01 -3.766935267460908010e-01
9.049828905461909656e-03 -3.577891656032586853e-01
2.769671726839703085e-01 -3.484363401635783841e-01
2.014219203320788409e-03 -1.180097223982945476e-02
-1.980587703303740010e-01 -3.170434762009676222e-01
-2.177323027366007135e-01 -3.403730060842793392e-01
1.384589592474370079e-01 -3.435341852448170474e-01
-9.703867424019185783e-03 2.748657937225639225e-01
1.408555089765605173e-01 -3.017149676946078163e-01
1.417760171553957838e-01 -2.892959513074907507e-01
2.066877432390878955e-01 -3.171097743604915919e-01
1.986501719501942986e-02 7.410813201495958236e-02
3.946390352015515246e-01 -3.499861713215924874e-01
-5.879234060356397507e-03 -4.125614858422839148e-01
5.210137205258202897e-04 -5.797776410166111116e-02
1.576003897032415280e-01 -3.441082333054409359e-01
-4.231335857050392280e-01 -2.881628584099610313e-01
-3.355074128181856352e-02 -3.525345235925243514e-01
-4.866400668765270554e-01 -3.693640585951510902e-01
1.751409318210254140e-01 -2.844511261759616882e-01
-4.876858836728704683e-01 -3.650171908163998280e-01
1.874746115861913864e-04 -2.982517772165345082e-01
-3.845032857375106916e-01 -3.702069693860947641e-01
-2.560216662048324654e-01 -3.101115130452195556e-01
3.985857680075648446e-01 -3.439236697935120768e-01
1.251898710911811818e-01 -3.797772139458310825e-01
-4.033462028765447682e-01 -3.336201947790177202e-01
4.922841549039946862e-02 -3.650816037501984912e-01
1.157045962370095715e-03 -2.037419931311014176e-01
1.368562666346040402e-02 1.920010914134525626e-01
3.577130227811616825e-01 -3.017426159423330922e-01
3.549429698345953899e-01 -3.523151884261565003e-01
2.777052970829929635e-01 -3.707301412718466693e-01
5.816228580661353398e-02 -2.973201052760107155e-01
-4.985483160638344291e-01 -3.239417396683008654e-01
-1.513906303960000921e-01 -3.330992555483179851e-01
5.445083315292009729e-02 -3.074533485538646360e-01
3.704568587552690140e-01 -2.989313969293571072e-01
-4.881421996450397982e-01 -3.440641361319993763e-01
-4.420323715870437820e-01 -3.758056119293853303e-01
-3.272764242646772903e-01 -3.228453426317866581e-01
3.476217587714214297e-03 3.807442694264392413e-01
4.860684850760423892e-01 -3.018056771977991604e-01
-4.209733668389519234e-01 -3.578585792871239457e-01
-2.071280151868475361e-01 -3.767685744550081095e-01
3.062362104022299247e-01 -3.248248919902185783e-01
9.984108515689360530e-02 -2.954656143358823650e-01
-4.414382774926823849e-01 -3.318601474888085434e-01
4.168423249786928908e-01 -3.325374380200656343e-01
-3.797650697243524220e-01 -3.771800055093310622e-01
-4.067479344558755372e-03 1.969553043454813634e-01
1.965975779757487274e-01 -2.821936568557023017e-01
7.494012985681008931e-02 -3.686519416361113688e-01
-4.319801627217997320e-01 -2.921058857304883460e-01
4.219989221933151402e-01 -3.067045976356139736e-01
-2.042571236647180433e-01 -3.636684578185170880e-01
-3.125226274189298881e-01 -3.114076017937849050e-01
2.507083920013409850e-01 -3.675869994747616998e-01
3.579371492364030738e-01 -3.226975117414681016e-01
-7.552173819486918127e-02 -3.041797451364310900e-01
1.112639718740296990e-01 -3.085833718824925187e-01
-1.151590768114840735e-01 -3.430097841682820947e-01
-3.001153164764724934e-02 -3.670407294287061362e-01
2.633177941922675291e-01 -3.712772096614629369e-01
-1.587926877718602858e-01 -2.995719628584861960e-01
-1.738730568976807334e-01 -2.859871050905018475e-01
5.179703629608556348e-02 -3.195327330249977393e-01
5.747889912065540230e-04 3.030622861524784328e-01
-4.179187315731074381e-01 -3.276648982950738365e-01
-4.960215457841379294e-01 -3.690635209836732322e-01
1.771896849563436849e-02 -8.256316914358174941e-02
4.069947727103092605e-01 -2.940159482674220559e-01
7.654558515434561894e-02 -3.110109028298646550e-01
-4.621313815947963866e-01 -2.828791028559080045e-01
1.758285197911924058e-02 -2.964404803692928247e-01
2.592777343168598536e-01 -3.828482161741955103e-01
-4.258381491644591677e-03 -4.478962765546643521e-01
1.416977259185394633e-01 -3.782792781391279835e-01
4.812987411642632996e-02 -3.474885395059917892e-01
-2.533893077045346054e-02 -3.428495557937686344e-01
-2.526628563605259892e-02 -2.815452486467723281e-01
-2.214627246421474460e-01 -3.297491428841623495e-01
1.841772403689831972e-01 -3.825364797874628575e-01
-4.664563836724165968e-01 -3.577378383884767254e-01
3.164279510794121286e-03 3.147183160340603081e-01
-4.236993378518003617e-01 -3.605363874970863858e-01
-1.757100522484318361e-01 -3.602186300469709668e-01
3.537981804295888821e-01 -3.189494078925012577e-01
1.185678921517918649e-02 2.036589519506390999e-01
3.979929465694065360e-01 -3.035762020658371307e-01
4.956709352616934794e-01 -3.141092878199306382e-01
-3.673113945821223636e-01 -2.991864234886745244e-01
-4.683515029402761654e-01 -3.598832904518661779e-01
1.705915754805661377e-01 -3.354831971563912996e-01
2.269212249219080269e-01 -3.281928744554778454e-01
-1.582457754003230299e-01 -3.204071778250031644e-01
9.048909779041458545e-02 -3.661323565281719983e-01
3.815014861315382255e-01 -3.471356469910588105e-01
6.152284543486485902e-03 -2.440680053868132804e-01
2.391592635434145464e-01 -3.119138325336044959e-01
1.267697865118211364e-02 2.553922588385320047e-01
7.881729739354081943e-03 -1.554299801239775736e-01
2.895605972660182381e-01 -2.992434483307147008e-01
1.621877295034220845e-01 -2.826550395780846880e-01
-4.269510557980082943e-01 -3.514184800100598194e-01
-2.323258439790486518e-01 -3.833536662809637896e-01
1.843691654644163957e-02 4.386431740874118246e-01
1.522824401209185163e-01 -3.409684095054967834e-01
-3.212042109328889783e-01 -3.426095413574692383e-01
3.100119509974006426e-01 -3.373117592171345214e-01
3.275218810459246122e-02 -3.012587267716778650e-01
8.862945202149141721e-03 3.919478288731201854e-01
1.529936874035531247e-02 1.091501486898203144e-01
-9.694457433119252343e-03 1.521677590106881306e-01
3.971239691554024898e-01 -3.129453048236908730e-01
1.006799281778936184e-02 3.152120973716097119e-01
1.868071360795364733e-03 1.107985331388676720e-01
9.819128079066563597e-02 -3.472626866136908630e-01
-7.315876104103780087e-03 3.593124944970212953e-01
3.784101051299437746e-01 -3.439351363011188267e-01
8.878702237010260845e-02 -2.819883182568450053e-01
-1.272471654929151486e-01 -3.731718615666241856e-01
-2.007907640234063429e-03 1.200045755640830603e-01
2.118565085625232491e-01 -3.230803531371019277e-01
1.224027345657263677e-02 8.098406252203993461e-02
-6.088087834437372337e-03 -4.369854575932827778e-01
4.642942429133419813e-01 -3.677331922351031457e-01
6.611571909302949024e-03 -1.302912509901614779e-01
3.766285580182948678e-02 -3.826181159137259646e-01
4.960209952079615014e-01 -3.067913450946585519e-01
-3.411660875502441348e-01 -3.401618696390681373e-01
2.753046511639544169e-01 -3.264969616306864220e-01
3.553390878008632070e-01 -3.245680728256233882e-01
4.393722878869479320e-01 -3.769864141876175800e-01
1.302624267118968060e-02 -1.922183732891274976e-01
-2.549361667984877400e-01 -3.517335210792180700e-01
3.726218335615504307e-01 -3.389411319063878603e-01
-4.237185671532339715e-02 -3.324285480603361709e-01
3.602152397491185098e-01 -3.654217497600592557e-01
-7.929462565052625145e-02 -3.803804130490033852e-01
3.932977221294162717e-01 -3.152750866518796435e-01
3.084109509589735287e-01 -3.687090253227420789e-01
1.162735608271492360e-02 3.364762726946357585e-02
-1.932103696061061582e-01 -3.136934899290972911e-01
1.215945432413212401e-01 -3.048855173885308689e-01
-4.090037879885265459e-01 -3.557388531782592622e-01
-1.338581530137123998e-01 -3.665205610355700694e-01
4.273459940261675749e-01 -3.279522542620998404e-01
-4.454422469495147308e-01 -3.667960272065553529e-01
1.026801054415338310e-02 4.710900021842505669e-01
-3.435307234859861225e-01 -3.740659494368742122e-01
-2.234366716287964350e-01 -3.614028508557881603e-01
1.936941379355483495e-02 4.564683628019374773e-01
3.083688734586486069e-01 -3.373954202942274216e-01
-3.617579977647389367e-02 -2.873598345180946589e-01
-4.015738778219604121e-01 -2.821255071966189965e-01
-1.439029123120857401e-01 -2.985237742301747321e-01
5.515456783118044548e-03 3.935530750815781076e-01
2.990055252853850432e-01 -3.023392237290383200e-01
-2.659061708966180548e-01 -3.836317091801013657e-01
-2.341042033430591474e-01 -3.475948309515742851e-01
1.508115368234885789e-02 -4.360157360625943612e-01
-1.109685945386467143e-01 -3.725215557029012414e-01
-4.245715111494491323e-01 -3.651198285894430295e-01
-3.789761665937428914e-01 -3.156067836229136114e-01
-2.014758285555734441e-01 -3.817283035504952515e-01
-6.444808443014271582e-02 -3.033307626225385523e-01
-2.792249514621618633e-01 -2.848026267800364275e-01
3.449000743803387614e-03 3.207488881512822188e-01
9.575853282905333330e-03 3.415553372021700174e-01
3.022095794938011171e-01 -3.017104357446057650e-01
-2.644348958702991137e-02 -2.834970425903100555e-01
3.578791973173456320e-03 -3.091972007647056930e-01
-2.570155177295848636e-01 -2.813627601172786763e-01
-6.498676976768202884e-03 3.553873310279842546e-01
1.973926470402279643e-01 -3.044449875928563198e-01
4.638000972176660186e-01 -2.806482940688066474e-01
-3.240211871657672216e-01 -3.549986498642142552e-01
1.857738343441606155e-03 -1.526614072555199098e-02
6.774974543343081912e-02 -3.668853603805545260e-01
2.843658465526377466e-01 -3.796584657191438561e-01
1.614591100460405215e-02 7.468163658201998345e-02
-2.074722911655546564e-02 -3.104101227303193156e-01
-3.340982171649310439e-01 -3.402470329600648657e-01
1.136131807136331329e-02 -3.817721135091641793e-01
-4.265894100823623969e-01 -3.688869753332978396e-01
4.356788412346044304e-01 -3.725682449535752117e-01
3.662706350787059417e-01 -3.511837971277609327e-01
-7.792589394364335398e-03 4.141814156408792913e-01
-2.229835933084898247e-01 -2.914925945831328136e-01
1.377636251957792268e-02 4.392797303458382263e-01
-3.443371740538734294e-01 -3.692864447846063713e-01
2.750946651809162979e-01 -3.500603789115021014e-01
1.230691236033709668e-02 3.753788480508218894e-01
-3.120305717183587957e-01 -3.689285634822289106e-01
-2.665571327196991636e-01 -2.895860936501537530e-01
-3.151492754622098325e-01 -3.781063579465482327e-01
1.004973592694180518e-01 -3.244972720996400772e-01
9.156830658222925301e-03 -2.812348472938951405e-01
3.038341279301939313e-01 -3.592904280662890804e-01
3.011633448038546490e-01 -3.585738651082325257e-01
-4.192531491089224183e-03 3.150256608188554130e-01
-4.015453673254087974e-02 -3.259235150645536372e-01
1.584933008065945170e-01 -2.869329247506571257e-01
-1.758343550085618157e-01 -3.340022270222249290e-01
-6.104614355772364220e-03 -6.553043870292762918e-02
6.780106466776292251e-03 1.741413848298710709e-01
-3.105865246707010252e-01 -2.823162146151448892e-01
-1.894515607353548514e-01 -3.199631490768427566e-01
8.070848698722432601e-03 -3.803422666292778365e-01
-5.088717885263105423e-03 -3.143789994173956659e-01
-2.653788607438081204e-01 -3.281070061774286062e-01
4.927937662634961358e-01 -2.804226366988037400e-01
-3.966264995411117322e-01 -3.459418839710547422e-01
-5.955626376657452425e-02 -2.924730109039677117e-01
1.962859278934854235e-01 -3.239412910467605045e-01
-1.285208418238203976e-03 -1.562231113971824792e-01
-4.990208971328125021e-02 -3.781024576609881560e-01
4.249847603930151374e-01 -3.211535154825545524e-01
1.143361819025022763e-01 -3.445202332060093298e-01
5.369083514001227186e-03 4.553993379062082347e-01
5.096217033926464524e-02 -3.594842436670238062e-01
3.990054378335865515e-01 -3.040634262435031321e-01
-2.171710548853099665e-01 -3.503526432600393425e-01
-2.908736390011701367e-02 -3.615155590651870643e-01
-2.357473882117523400e-01 -3.545203440716573340e-01
-4.422259237731451798e-01 -2.998703998437469709e-01
-1.104579557697434877e-01 -2.806929867689297309e-01
1.247686629612824172e-01 -3.231442777848029246e-01
2.231374446378279197e-01 -3.696744015127979566e-01
-5.755339717407381706e-03 -3.012135331809597805e-01
-6.296919534128997409e-02 -3.244975410662882531e-01
4.690872147928293323e-02 -3.045275241394137522e-01
4.403744533322141441e-01 -3.375598393243847140e-01
-4.765894831292544209e-01 -3.497976631486027221e-01
2.258936345756979991e-01 -3.505038055675449016e-01
3.067268589576783722e-01 -2.925159398648468079e-01
-3.367566914433460790e-01 -3.515346874185559800e-01
-4.406416022290607915e-01 -3.652264271500457182e-01
4.860787195246448755e-01 -3.551618257666377954e-01
2.833843861983265100e-03 -5.357712607106479563e-02
2.993302041605514496e-01 -3.725302238583104719e-01
-2.815837677764498892e-01 -2.908663939141030719e-01
2.312345631472949581e-01 -3.243643237367178633e-01
-4.978808346426478737e-01 -3.256884466466855033e-01
2.532648952807505793e-01 -3.264253916535311273e-01
6.905987002986402334e-02 -3.736312664362950731e-01
-1.685807175980564843e-01 -3.282018018241171786e-01
-4.142184506323183246e-01 -3.354286267332871052e-01
-2.090183388961808220e-01 -3.263182286062066284e-01
-2.417861479543933489e-01 -2.877096750337777564e-01
-1.269624119030570153e-01 -2.928230302459232659e-01
3.766113308489967837e-01 -2.899990856391384542e-01
2.491046239537902940e-01 -3.664675339833103340e-01
2.660679946622368508e-02 -2.862493149220421973e-01
2.654581222091115800e-01 -3.436833612250300707e-01
-2.614102858850814171e-01 -2.804290221509705416e-01
6.468899204240119438e-02 -3.587726701406269703e-01
1.541709977099859907e-01 -3.226566920247512238e-01
7.591433002654301987e-03 1.196032081776314815e-01
9.048908624054718963e-03 3.888572065183735216e-01
-4.487403194982246823e-01 -3.318596134565178213e-01
1.352504634254525495e-02 -2.366549330688952901e-01
-2.853936082107301209e-01 -3.549942182704711735e-01
-3.282924557664265164e-01 -3.302249899429491320e-01
8.416605480927696892e-02 -3.440641126703521957e-01
1.925799108558245987e-02 8.699234158983859544e-02
-1.266715320803175615e-01 -2.843219565965247053e-01
-3.908398885655861577e-02 -3.059157705113976222e-01
1.529055102083864970e-02 -4.232534718115990025e-01
-4.281411112797086638e-01 -2.805984882416386883e-01
2.767587277400600509e-01 -3.446977025094507541e-01
-1.304056467645686723e-01 -3.571839065637084643e-01
9.891109091096916828e-03 -6.926474656555525744e-02
-2.504392329256519556e-01 -3.662761782685716172e-01
4.174724992995064721e-01 -3.162505133358751719e-01
6.072046961752564087e-03 4.764669893044205518e-01
-2.535234509125602331e-01 -3.202004904173750832e-01
4.602480187600166417e-02 -2.868102996563723917e-01
1.645367866537804646e-01 -3.597555052990368818e-01
1.762065481878770656e-01 -2.831820782036829076e-01
2.715597646865256509e-01 -3.411448240927557052e-01
4.310536325174829653e-01 -3.170813721694611953e-01
2.714958482434520759e-01 -3.665604690645948294e-01
-3.580709236559678210e-01 -3.022019813995363569e-01
3.278101532581805255e-01 -3.455661525981302828e-01
-4.204671213512856109e-02 -3.426650175350230976e-01
-4.901136144281666995e-01 -3.262868868058909078e-01
3.652697203221656475e-01 -3.124309402140796887e-01
3.864661464887283460e-01 -2.825894133852367984e-01
3.030979534136446496e-03 -3.985151759288363404e-01
-3.857178587144326487e-01 -3.661252407950125187e-01
-9.154659341506066195e-02 -3.814842945575142030e-01
-4.920989774920375703e-01 -3.398486251639818434e-01
-3.967321207650894577e-01 -3.599347658700315922e-01
-1.090311957394951570e-03 -3.153582368354468368e-02
9.982104144499481801e-02 -3.700379603601373635e-01
-5.397957408415798852e-02 -3.752094620984001150e-01
1.078844331042416727e-02 -2.582070344511095961e-01
7.190804909614878504e-03 4.761503807615639072e-01
-7.651236050150156398e-02 -3.717827269479269114e-01
2.767240948490717889e-01 -3.575590909297573505e-01
-2.354083944572348264e-01 -3.410456736344226192e-01
5.798253214575610492e-03 3.627269480899781851e-01
-1.786241353894690853e-01 -3.139331785677930142e-01
-4.746607092131562844e-01 -3.056688578481561169e-01
3.654970898002073421e-01 -3.045678818062158566e-01
1.400325191719963280e-01 -3.565637535160310900e-01
-3.707670205344208991e-01 -3.695137947454351091e-01
4.568764018844005959e-01 -3.241062921891070259e-01
-1.617920734188477150e-01 -2.953779696001747057e-01
7.553890395199269747e-03 3.841864596354657158e-01
-1.766448370400284240e-01 -3.676908334326189909e-01
4.403247758226758179e-03 -2.620239126377632566e-01
1.727082708644610554e-01 -3.122200612558353461e-01
-8.592111281893188846e-03 -1.182642007754592939e-01
-4.039430387304415726e-01 -3.095196903833192792e-01
1.956128049487926290e-02 -2.040339108907442967e-01
-2.502628878017968406e-01 -3.293069622878516123e-01
1.444916815154868583e-01 -2.845705482084254223e-01
1.458330349895984313e-01 -2.959957926812314399e-01
4.682899959918119803e-01 -2.892066603754218646e-01
-4.028052075025640999e-01 -2.954086251273085884e-01
-2.853158861937727941e-01 -3.021845029065750587e-01
2.401752023608874076e-01 -3.119721235013215299e-01
8.248624030917695027e-02 -3.130388149985248170e-01
