-9.493516257069245512e-02 -2.189443367316630251e-01
-2.610127533398266531e-01 -1.995136385139714141e-01
-2.992540563146202093e-01 -1.638382092454607752e-01
2.438691190842000589e-01 -1.771939938772123524e-01
3.793528100602783226e-02 -8.189195539162685833e-02
3.726680305791274517e-02 -4.451358979884536549e-01
2.948007518099001745e-01 -1.691228624215118659e-01
3.764717312334686650e-02 -2.668039924625643655e-01
2.731585630390231945e-02 2.563042099599053270e-01
-1.236607151454581777e-01 -1.661861793877239535e-01
3.578889320041467315e-02 -2.158390042895643735e-01
2.374990495266482426e-02 -4.015669364312686174e-01
-6.357034935924976704e-02 -1.858825558316522519e-01
-1.400185273453031787e-01 -2.264535530668156937e-01
-3.250997579379955038e-01 -2.027447083938503924e-01
2.516509767700103595e-02 2.779195336321683696e-01
1.856961826104172042e-01 -1.689590321004218465e-01
8.919951237268142208e-02 -1.895149903009772929e-01
-3.017753246916017318e-01 -1.722486782947406647e-01
3.201337493130581580e-01 -1.766741935838943567e-01
2.117135672639721689e-01 -1.820920054717685144e-01
-4.925739071479785514e-01 -2.199573238713001810e-01
4.039280368424073009e-01 -2.006859534056465444e-01
1.359789951496059857e-02 -9.721954631045326423e-02
1.972945200096620777e-02 -2.388674093975506896e-02
1.389613058946437274e-02 -9.579217835709952222e-02
-1.554606502688162806e-01 -2.120978303339035032e-01
2.084066026233591939e-01 -2.171011183523069432e-01
3.848176656769520809e-01 -1.856939517954466767e-01
2.051988177020064308e-01 -1.873100842959778412e-01
-8.419602465191466933e-02 -2.268896270590468056e-01
3.437242774397919476e-02 3.732512366228958323e-01
-2.488042510930495999e-01 -1.886383965757746362e-01
-1.755541354743060944e-01 -1.765839965979606463e-01
-4.210556063275233685e-01 -2.172587569103433536e-01
2.567959845649747663e-01 -1.705989025113797686e-01
3.630038985346059066e-01 -2.180445690456912500e-01
3.745759255304409452e-01 -2.286209227663990040e-01
4.224823488818174599e-02 4.557508578212879913e-01
-1.775635413580649580e-01 -1.710011156169835012e-01
1.757433829052734708e-02 2.164381768559098251e-01
3.912353275876276903e-01 -2.010654683745595195e-01
-3.670201548553342352e-02 -2.257550652667271729e-01
9.997048132614572147e-02 -2.092120643870861718e-01
1.355897384803949057e-01 -1.920370758729277316e-01
3.496458951556559169e-01 -2.263474959916929041e-01
2.340014490205293285e-01 -1.645422844462738343e-01
-1.185954493575092084e-01 -2.281483590289334895e-01
4.645738449527497815e-01 -2.116941214971282959e-01
1.788912601521863710e-02 -2.171537712366503614e-01
2.499901972695406371e-01 -2.151560525782217903e-01
2.527427435479945306e-02 -6.545517354393359799e-02
2.620412741442385007e-01 -1.654282534727400389e-01
-4.009216033228939491e-01 -1.670957600617708483e-01
-7.754208253968541964e-02 -1.961644086030562839e-01
-1.198660264535698072e-01 -1.788576808532492679e-01
1.494869793652657819e-01 -2.211938188807661687e-01
-4.815906442405848420e-01 -1.815693292248234947e-01
1.961479799701764115e-01 -2.028443463964260118e-01
-4.120391583199821683e-01 -2.098968190218400975e-01
4.691766521648244037e-01 -2.259752752144382759e-01
-3.531543759535288318e-01 -1.796918016900197479e-01
1.493039110249394508e-02 3.944989783675758588e-01
2.525811096364927177e-02 -3.093180131414963174e-01
2.307251694959122634e-01 -1.685238243757321008e-01
2.997662202202110437e-01 -1.731346872829611083e-01
2.475632160065888154e-02 -1.361372213150696675e-01
-3.744194094068409306e-02 -2.081206104273135571e-01
4.288516793436869534e-01 -1.857844255229500474e-01
3.883913924669624151e-02 1.714367272404438980e-01
-1.198355402869228925e-01 -1.854606690899252008e-01
4.001320450432107600e-01 -2.157744245900409252e-01
-3.605608511122485593e-01 -1.796099029403285252e-01
2.063667671394592285e-01 -1.746232857793135196e-01
2.390827773537260725e-01 -1.730075709738054801e-01
1.117535672570724170e-02 -1.916297910198203613e-01
8.472982200157908039e-03 -2.081118275879759727e-01
-7.506602034668974355e-02 -2.047051974434612731e-01
-9.909091091784283378e-04 -1.639328424936344897e-01
-4.110359185457287401e-01 -2.295024301517375465e-01
4.559422453296850808e-01 -2.025010081923250826e-01
1.414016951167573755e-02 3.259054143386252989e-01
-3.313480058582519705e-01 -2.172372920552854136e-01
2.182839563162956020e-01 -1.823492015666178245e-01
2.444221484689457213e-01 -1.849001547290634040e-01
-3.263537098972500994e-01 -2.260603006574138929e-01
-7.750448579984936526e-02 -1.936180283824362469e-01
-6.048856124183910055e-02 -1.683459399869716711e-01
3.277098087718444130e-02 2.181549878861482883e-01
3.771352569138208821e-02 -3.252463853878423405e-01
3.610322614082339676e-02 -2.811446028308539624e-02
-2.732168989047619734e-01 -1.851886042625304762e-01
-3.074382608445468401e-01 -1.985974321467947057e-01
3.178972625861044010e-01 -1.969380537766930450e-01
-4.295809303189099815e-01 -2.101178498317092247e-01
-1.449825572620162539e-01 -2.110009610074097264e-01
1.199799245484312049e-02 -4.648303978711720852e-01
4.569144133091190829e-01 -2.203171747349577103e-01
1.252411514193318975e-02 -1.276651326144151444e-01
-3.593214153626650420e-01 -2.008297808035283127e-01
-1.457190329815666319e-01 -2.240346441862994809e-01
-2.410300521804756846e-01 -1.837552877170283150e-01
2.969245234047085402e-01 -1.671793624410722323e-01
2.769525252234483759e-02 -3.799178821534117123e-01
4.084208132614586262e-02 -1.265163087387043417e-01
-1.756777364793518093e-01 -1.785336654744631435e-01
3.392999079938616713e-01 -1.975521287355653799e-01
-4.236037975804094469e-01 -2.255476002055458729e-01
1.405024076070288119e-01 -1.740901806039123478e-01
-4.445718601678393389e-01 -2.059009222307472964e-01
-1.292226281876740490e-02 -2.144031283551884881e-01
3.117763492484924015e-01 -1.970576948985170995e-01
-3.818142316122804525e-01 -2.289456673141585519e-01
1.629513261954429471e-02 -4.447074928193994747e-02
-4.532681115647215764e-01 -1.958470551589620579e-01
9.988075052337297421e-02 -2.021473875814384646e-01
-4.221067188107300305e-01 -1.762526142392852879e-01
3.654431766295818118e-01 -2.067545586247514500e-01
3.524210560850632445e-01 -1.723870806542843193e-01
-4.089161989586577173e-01 -1.716813671473125247e-01
3.962051390169940568e-02 7.802765192870986244e-02
3.857156756016033583e-02 -4.328741434318673642e-01
2.260477736906152391e-02 1.515067584161692293e-01
-3.224990078397380611e-01 -1.639648791112812143e-01
3.731056470800077074e-01 -2.061216646485996007e-01
1.301618390667904634e-01 -2.190342187347829039e-01
2.454257012488303413e-02 7.675556997949961602e-02
2.188182969120910926e-02 4.857461830707259232e-01
2.526739007833433970e-02 -8.599125987228062318e-02
-4.427046703878000367e-01 -2.012532824690493882e-01
2.516211324414878714e-01 -1.647335067500423911e-01
-1.374905414527057834e-01 -1.757239943339523602e-01
3.257921020377463339e-02 -1.338995539506255827e-01
-2.819292729251219320e-01 -1.735641140851037489e-01
-2.523266853634367202e-01 -1.683733551535212536e-01
3.453168127948712529e-01 -2.083390089045389360e-01
2.099106307236320301e-02 -2.089288269893111449e-01
-2.379954781592391599e-01 -2.081762580372801263e-01
2.722175525656442829e-01 -1.970844631202861574e-01
3.932288641935652862e-01 -2.156469779767887784e-01
4.268381930302042049e-01 -2.257966930902405300e-01
1.260141934527602148e-01 -2.206047444821329639e-01
8.315409695878739349e-02 -2.043904136412406647e-01
-1.598881063438718497e-01 -1.665990644730139802e-01
1.371979211544527288e-03 -2.026499223677872275e-01
3.231674507327642054e-02 -2.739415006721159784e-01
-3.157009284924310322e-01 -1.981758336287429145e-01
-4.311040353393892355e-01 -1.939787371429183560e-01
-4.789416511667122789e-01 -2.101507525181487424e-01
3.905765056995949003e-01 -1.767733639674312629e-01
-3.830651642118942934e-02 -2.049978573476487487e-01
3.306635256994294725e-02 1.518843321719609563e-01
-1.762210534900836567e-01 -1.876809912220090970e-01
4.791581140540703831e-01 -1.870230281872891087e-01
-3.903682422534375807e-01 -1.995797120315219164e-01
-3.432140931641981529e-01 -1.876137777086337444e-01
-1.922935477065377263e-01 -1.696028811762262389e-01
2.846269888066366160e-02 -2.228919592037607034e-01
2.018297657058126804e-01 -1.959356196397830097e-01
1.509933084483352506e-01 -2.235899982458248170e-01
1.834252825581828006e-01 -2.059386118086113937e-01
-3.182760066283614186e-01 -1.880535724868626080e-01
2.663223609764642230e-02 -2.940068658326702167e-01
4.363790372882178081e-01 -2.171970412465137334e-01
5.947094946111919356e-02 -1.864885724833854619e-01
3.100280054249282546e-02 -3.067453594610574097e-01
1.967439151391378038e-01 -1.902307193165173604e-01
2.877042358401320499e-01 -2.039617067324788202e-01
-1.589133030169187499e-01 -1.979533511894365772e-01
-2.773173640807689022e-01 -2.270205678469545685e-01
3.452621320829898366e-01 -1.953039252227009026e-01
-6.259517820755422512e-02 -1.916600574924509637e-01
-2.906357889176044429e-01 -2.222499436883123014e-01
-5.491937378290157046e-02 -1.938991287424836063e-01
2.273262461521297073e-02 -6.540351332012561691e-02
1.971347875847322406e-01 -1.795803657436397804e-01
3.826144288699522278e-01 -2.158522431643825623e-01
3.404001013231627848e-02 1.451187010417374079e-01
3.102812822900180567e-02 -1.461096666123508081e-01
1.360219155706554606e-02 4.045889299050596799e-01
4.958406779455737379e-01 -2.142521521412276142e-01
4.471411904874346144e-01 -1.929567169372703450e-01
3.507832643570241160e-02 -1.545177078669394133e-01
2.065171024621059725e-02 4.752465353299674122e-01
2.539264884256182686e-01 -2.051898407559901161e-01
1.766822912397292278e-02 -4.131580222557930115e-01
-2.514951332736840017e-01 -1.963910525388085082e-01
-3.188683250133989011e-01 -1.784217200026211314e-01
-2.915402508152389327e-01 -2.001889354321705339e-01
2.370277579509816324e-02 -4.552733177518820673e-01
2.257372005690183592e-02 4.687622002733412563e-01
-3.050350296146567830e-01 -1.788910337591667066e-01
-2.844379691874333593e-01 -1.885107846787239527e-01
3.944291681829814600e-02 -2.333321328310906662e-01
-9.346821472296429345e-02 -1.767385120593576442e-01
-1.635987059346952766e-01 -1.920344863122772638e-01
-4.106560359898544510e-01 -1.918796290108381042e-01
2.182650715131970731e-01 -2.121083842363122862e-01
4.483701770475478909e-01 -2.122324833123868659e-01
4.227674935373726406e-01 -2.177476769286385005e-01
-2.698984844815519590e-01 -1.820938120504674851e-01
4.613457555212453487e-01 -1.738827145114478778e-01
2.700479741636185871e-02 -1.555231283882251292e-01
1.682313341843078014e-02 -3.540808257730687636e-01
-1.783300363062162441e-01 -2.111205931387732937e-01
3.592227087672940078e-01 -1.676340178311918061e-01
4.033025536508405562e-02 2.011945331330552422e-01
1.729623974375665840e-01 -2.120750215444958675e-01
-2.524136867302360088e-01 -2.195841629586976484e-01
2.628333562755014174e-02 -4.681877828740410585e-03
-1.251768700493501862e-01 -1.779084879780659101e-01
1.815301592836560118e-02 -4.514987909934481403e-01
-1.539565334825551135e-01 -1.708857142195226997e-01
-2.078564331886060268e-01 -1.733636695609747091e-01
4.051076582739887577e-02 2.933076537850741738e-01
-2.296948588966043481e-01 -1.872270289989377279e-01
-1.367498499131347689e-01 -2.086629178847319022e-01
2.513546566858460007e-02 -1.716191021701071184e-01
-9.106537260262004274e-03 -1.789857166739527994e-01
2.774831338037664352e-02 -2.388095425080012379e-01
2.733165756685529413e-02 -1.930320323954554107e-01
-4.759732973224973795e-01 -1.745030493810320049e-01
2.392101836340354559e-02 8.821612812566825834e-02
2.373106772614130833e-02 3.281979629108788821e-02
2.296041573897252830e-01 -2.019634256500252301e-01
1.580556551197682680e-01 -2.042873680522910851e-01
2.444134389869789814e-03 -1.851714452882584627e-01
-2.993667102617454390e-01 -1.680411262912540060e-01
8.118364764056951177e-02 -2.164590071388361459e-01
-2.992168345255705741e-01 -2.219235940980940347e-01
1.261837259630105290e-02 -4.701206343896687789e-01
-4.549606877956677842e-01 -1.991075300960519767e-01
3.107581653299962277e-02 7.221299193029095953e-02
-1.565905855135759639e-01 -2.025804437223885923e-01
1.482242658261845314e-02 -3.252715393697032109e-01
2.028353421779394150e-02 -6.903011330065744744e-02
-5.694339808358650501e-02 -1.716281740221332619e-01
3.821009461035107524e-02 -1.697894304971038215e-01
3.123707187483193426e-02 -2.510153765478140286e-04
4.048005663971032675e-02 -6.681259585264298639e-02
1.869963872170898878e-01 -2.252130572987524060e-01
6.156561187439435479e-02 -2.133405088630536683e-01
-3.685017008527045057e-01 -2.153549383934834083e-01
-8.704275964856944547e-02 -2.205576519486011078e-01
-1.365395750835951549e-01 -1.709780886847732662e-01
-1.317434099138126147e-02 -1.699342570853500378e-01
3.007495644039392957e-02 1.033546370450014740e-01
4.722624526284366908e-01 -1.915133938956148363e-01
3.893942917819248617e-02 -4.497540060853961741e-01
3.271865820293284877e-02 -3.275159762050047219e-01
4.359873422435209811e-01 -2.236645911147622234e-01
2.890527685012378445e-02 3.658362820752723010e-01
2.003794244585821449e-02 -4.543199851652179877e-02
4.481982284958178075e-01 -1.846989043199206426e-01
2.126243999386955297e-01 -1.649929611843851118e-01
-2.519468264647718447e-01 -1.836289070762724407e-01
-7.200552361350975872e-03 -1.870025409577859010e-01
3.159562496578923740e-01 -1.884212146420433109e-01
2.558476914864279417e-01 -1.766937197495597189e-01
4.081497473770567819e-02 2.876394587952687543e-01
3.461763374817072858e-02 -2.818018443350556179e-01
-3.490458177329490708e-01 -1.991764120878724009e-01
2.341273895545914474e-01 -1.738212552791189580e-01
3.974661402390482490e-01 -1.754747776324049324e-01
3.006332834937675003e-03 -1.747362540287293875e-01
4.204178098267452590e-02 -4.196140120014156816e-01
3.622940877858592534e-01 -1.968701799230241356e-01
-1.550740632474600922e-01 -1.772774339882026151e-01
4.064177060045592871e-02 -3.870081383057224489e-01
2.698526295344806369e-01 -2.258683660439071428e-01
4.078303102037328376e-02 2.645703029256255556e-01
4.892236064494517311e-01 -1.959718987604336382e-01
1.720916084220247555e-02 -3.991852554808072995e-01
4.101726855215692691e-02 4.782114563347569236e-01
-3.898209132952982214e-01 -1.763279606815780776e-01
1.131093643899717671e-01 -1.942968869089296557e-01
3.498295974351284254e-02 2.821519885722862941e-01
4.547304030589709445e-01 -1.862006839037776418e-01
8.065528327442339496e-03 -2.252183400158737081e-01
1.377298605471599657e-02 4.328223401292025097e-01
-4.075812414697407293e-01 -1.854568201019698437e-01
1.954941209796967616e-02 -3.040904065636775844e-01
2.662630341399794265e-01 -2.201876163358247318e-01
-4.733476513304912814e-02 -1.659832265729085377e-01
4.160422688472176223e-02 3.887658485060229152e-01
-1.883865919240800268e-01 -2.071117944672861144e-01
4.150896892120203852e-02 2.006742856774325068e-01
-2.641617885585969550e-01 -1.737140073128823348e-01
4.291911572678087650e-01 -2.063042676428443745e-01
4.658010175261270147e-01 -2.232022730843771230e-01
-3.791173347679523964e-01 -1.781012244312163428e-01
-4.876503800486432505e-01 -1.979418815268368936e-01
3.764555453398503726e-01 -1.942550675275298566e-01
2.607604542804120573e-02 -1.455802588323176217e-01
-3.293087555761127216e-01 -1.928554444469284812e-01
3.529002432506522791e-02 -2.325338946823320985e-01
1.582030433563271776e-01 -2.121235040883074907e-01
2.058812271227083990e-02 2.335339036088313058e-01
3.207903704017689428e-02 4.944434097243749493e-01
3.065531753430139617e-02 2.301327042919594223e-01
3.834117044590094059e-01 -2.146801624977195955e-01
3.813990488139706869e-01 -2.138455985707808926e-01
2.880731464179209222e-02 -3.334455954023838320e-01
1.190660066167734676e-01 -1.728260802469232527e-01
-3.692842451234568113e-02 -1.813434072984067003e-01
-2.673655961188090568e-01 -2.045499162093262768e-01
8.141436629923282098e-02 -1.694584154551371791e-01
4.946304827089424982e-01 -2.237382632740853028e-01
-4.158014642819332085e-01 -1.699721425613937020e-01
4.446321359758179659e-01 -2.227213914074994694e-01
1.442275289521819381e-01 -1.921143281488786325e-01
4.096146908652675833e-02 -1.955373444500707603e-01
2.746805586154623668e-01 -1.771417699662467538e-01
-4.888694440628874593e-01 -1.943584282618660009e-01
-3.851458299868475432e-01 -1.825562843791294076e-01
-9.624575982410810138e-02 -1.921737693063417796e-01
2.882191608384254700e-02 -2.495788981196715994e-01
1.269601880903747926e-02 2.328589010001803628e-01
1.447723668169431654e-02 1.203311505904793854e-01
4.349296389059974510e-01 -1.891886174591744796e-01
3.330641492535012516e-01 -2.091396452969412900e-01
-3.797384262073245642e-01 -1.757297176987776544e-01
-1.353921280676598782e-01 -1.803215179135050361e-01
1.995240301233450753e-01 -1.672196268293405508e-01
-3.708166762719111720e-01 -2.250716417652123269e-01
2.886766750084690525e-02 2.898888832333142984e-01
3.409535796540510422e-01 -2.228161337213570015e-01
-8.508113733774880227e-02 -2.177712246578379363e-01
2.637213033934594497e-01 -1.868900167891830444e-01
2.692458913510020757e-02 4.933485476114650714e-01
3.017055721163341975e-02 4.811113387066913161e-01
-2.901257686483743603e-01 -2.248198841125240710e-01
3.233119250050264792e-02 -5.541361305352243694e-02
-1.236579415534708737e-01 -1.643665868847663525e-01
3.924869616146886564e-02 -8.292460068768592318e-02
1.844703865996858427e-01 -1.887089572542407501e-01
1.454970097773555793e-01 -2.126946285161700478e-01
4.095578327359777893e-01 -2.256249423280303201e-01
1.917955189350428746e-02 -2.942352616257466469e-01
-4.144654184313769640e-01 -1.866769943908469509e-01
3.860727641007853927e-01 -1.796931278583522307e-01
2.745566441028238769e-01 -1.885866033538996511e-01
-4.265645946742974148e-01 -2.244526143390566109e-01
7.638895284695856880e-02 -1.736912028306660805e-01
2.732610015709179274e-01 -1.976368039183044045e-01
4.133950464869939889e-02 4.332299425559017481e-01
1.918586797384915776e-01 -1.925351450216967741e-01
2.851686693614186030e-02 2.078536958009168378e-01
-4.752157457309380550e-02 -2.109616023420666231e-01
-4.116495856369098982e-01 -2.035335131211110093e-01
-1.701576387351348973e-01 -2.131791691617579421e-01
3.496428240394708897e-01 -2.114824237090418002e-01
3.451807480974000697e-02 -2.085150901543547652e-01
-8.522153458514036828e-02 -1.693624248284359979e-01
1.623877211940349952e-02 -8.930703023584352085e-02
2.548804930497626797e-01 -1.685943718207572051e-01
-7.097194349624857956e-03 -1.904891316052594874e-01
2.290315446748627526e-01 -2.261884951722210602e-01
2.844257333369726304e-02 -1.004128181806720477e-01
-4.698632398951380074e-01 -1.855576960566245326e-01
4.048207297367087953e-01 -2.255594154417873698e-01
3.582594470958233579e-02 -4.201376987517848605e-01
-4.407152107953228315e-01 -2.125740814383288990e-01
-5.907329916719727958e-02 -2.133190282033665675e-01
1.914188244430281571e-02 7.367321466125698048e-02
1.029961958121271559e-01 -2.081061824953956974e-01
4.150286268477944018e-01 -1.836552043326860062e-01
3.360136935244550926e-01 -1.811342502225761208e-01
-4.413565602681468469e-02 -2.294011137968601233e-01
-4.585389966738617762e-01 -2.047180805197951203e-01
-2.657443891306274786e-01 -2.016308310150021210e-01
2.234785797369154281e-02 3.942799647891239712e-01
-4.946857839438115745e-01 -1.885885195418316451e-01
2.694032445992267100e-02 4.688396637755819496e-01
1.001015528159318047e-01 -1.645419868667546970e-01
2.001401366963961870e-02 -6.918219505172540362e-02
-1.050957505077065868e-01 -1.983714483655618643e-01
1.947043267580498282e-01 -2.032720387558741848e-01
-2.619011986523039903e-01 -1.749843551952258158e-01
-2.389645785864612515e-01 -2.086715033870494285e-01
-8.803154224971354580e-02 -1.864337103458622025e-01
2.094615802937258575e-01 -1.991826187932159709e-01
-1.323848851269654459e-01 -1.731787448949230201e-01
4.126430610514608688e-02 -1.289263902271478024e-01
-2.298430301724903035e-01 -2.257042105449753588e-01
4.128226087904418584e-02 -3.455887847693904780e-01
-4.522442757982395589e-01 -1.716040093944583012e-01
-3.258947363681251597e-01 -1.666463780617227775e-01
-1.159179361426487809e-01 -2.277215855357660468e-01
-2.358211727343468844e-01 -2.204260237836370706e-01
-4.088901708818356573e-01 -2.246795129259976376e-01
-1.653542663637783683e-01 -1.869818496079211911e-01
1.345183241399756646e-01 -1.926025010334777576e-01
4.937325673174537410e-01 -1.858193746917092826e-01
2.519696787071756816e-02 -1.474824057991797055e-02
-4.050536117488088284e-01 -1.898913050501442878e-01
-9.723607538837275577e-03 -2.048788154881170387e-01
-4.113026793508567369e-02 -1.983271051359793979e-01
1.974999287245138291e-02 -2.463889216519097314e-01
-4.328341030072291318e-01 -1.835900143175555055e-01
2.584636449960505677e-01 -2.293876382191201158e-01
3.448423629024043313e-01 -1.689014964849898659e-01
2.051716259363235428e-01 -1.701748107594820425e-01
2.099012261952045710e-01 -2.128646703898119386e-01
2.156321082553157575e-01 -1.864870387665619189e-01
3.115601227221818093e-01 -2.227415700486210515e-01
-1.615544947805306331e-01 -2.054046969569868208e-01
2.770053510037726596e-01 -1.965039044154037740e-01
3.090097900467569936e-01 -2.001271193395061099e-01
3.065834768112618569e-02 -1.720464407494237680e-01
3.072651623835687129e-02 -4.159411849114406090e-01
-2.174342303474600113e-01 -2.043849723184044676e-01
-4.028233912877814404e-01 -1.934808396906912975e-01
-2.167329842248000293e-01 -2.081705894917788013e-01
4.108672411296443450e-02 -4.888408755849154019e-01
1.692990161002416727e-02 4.789178681933868864e-01
1.553791783865499099e-02 -2.321132657805123900e-01
-2.156200608066854985e-01 -2.041950913708433513e-01
-9.758271015604713661e-02 -1.869180388226623357e-01
3.484560422278071279e-02 2.607653805203424824e-01
3.949202496124468720e-01 -1.882621054374540304e-01
2.473054803479979302e-02 3.690851267891560594e-01
-1.090443708144571699e-01 -1.940575499825846206e-01
3.427471283921701417e-02 -2.582415808005578128e-02
2.269083233471834715e-01 -2.121277328515455141e-01
3.805943263439170998e-02 3.669750214393572296e-01
1.885796127070482608e-02 -2.643759258868713102e-01
3.519626487874150111e-01 -2.268029631500075860e-01
-1.601044580162591657e-01 -2.260865739647993644e-01
-3.320511738178132388e-01 -2.001679858289713287e-01
1.433751702225516400e-02 2.662495325876389485e-01
-2.249235981610282487e-01 -2.259585264375132407e-01
4.265856209741980543e-02 -3.314748391485510259e-01
-4.949693072098929614e-01 -2.293057683970038951e-01
2.123376266966737758e-01 -1.667112480686578913e-01
3.343254538018110011e-01 -1.749238434151920707e-01
1.873129770296955154e-02 -3.553409899196380284e-02
4.950722149506782133e-01 -1.990504356460146562e-01
1.536675231045081524e-02 3.283645464118332136e-01
2.300840843598861429e-02 -2.556485409472806225e-01
2.433142011671054483e-01 -1.639874026118982586e-01
-4.722275569604181822e-01 -1.708840287601351982e-01
2.745155851917302492e-02 3.409604753275081723e-01
-1.271864873801586970e-01 -1.948219142439836515e-01
4.572848988474678134e-01 -2.244114883734125154e-01
4.225123982941192402e-02 -1.869521326309999676e-01
3.360737907343613884e-02 -8.412751242481342207e-02
-3.664140872615918587e-01 -1.970199401011905049e-01
2.021931207170161171e-01 -1.971146212591694535e-01
2.032968874744148779e-01 -2.259899214091319886e-01
1.048285048705461797e-01 -2.099542515626574568e-01
2.058444902443123947e-02 -7.086957557372819405e-02
2.883432912880490306e-02 4.485840034141544974e-01
-4.476086693120571169e-01 -2.290881278366214691e-01
1.372374327053060838e-01 -1.947400147972749851e-01
2.553531274951226226e-01 -2.285489426500519894e-01
-3.514122077400816391e-01 -2.001629804442703886e-01
4.050374361384090349e-02 3.288434752769081593e-01
