-4.362129692024744321e-01 1.805856840166208954e-03
-2.090661952546458702e-01 7.742179295567530595e-03
6.643287821870758059e-02 -2.732001240180276236e-01
-7.803436408336317243e-02 9.863291217349079432e-03
7.948188085428053995e-02 3.145994896225057236e-01
6.029273376231092385e-02 2.502919789619485469e-01
-2.473378547707898445e-01 1.324004003054168876e-02
5.656363589563784267e-02 4.225114310885280666e-01
-1.835239003362694188e-01 2.518832240015367319e-03
7.391415817882585060e-02 -7.242068151650682406e-02
7.686517737147935403e-02 2.172702604176482977e-01
-4.131516953938954018e-01 1.929808715993941437e-02
9.486694827691655174e-02 1.889453365406257301e-02
7.680413619725590113e-02 3.822910370683442194e-01
4.777386806928007879e-02 1.009840247142536063e-01
4.725382603488670341e-02 1.221280052061823884e-01
2.277473939125539415e-01 2.103461632084502320e-02
-4.935981424139637141e-01 1.839778414665149686e-02
-4.756338860054734052e-01 -2.800769303979766534e-03
7.745869788637327336e-02 -6.277467453883867066e-02
6.723704047643108694e-02 -4.618849568531102623e-02
5.113082740478125388e-02 2.911016579637337731e-02
7.008583812850555095e-02 -3.702481052528350247e-01
5.327218258524601957e-02 4.971940443100425489e-01
6.726511928031553289e-02 4.799754331248216044e-01
5.867923943925679175e-02 -1.453722170245339562e-01
6.503399783905028375e-02 -3.164265214936710091e-01
5.052500178419216947e-02 -4.908685987015301011e-01
4.257956595306869874e-01 2.602364253636768598e-02
3.435464931782123976e-01 2.000268316595232854e-02
-3.306359890125075696e-01 9.930330624216443525e-03
5.027801871249859555e-02 8.708088948041947663e-02
7.698145114078658313e-02 -3.806053048864999067e-01
7.719882307057523985e-02 3.230270800704335699e-01
7.154866153530059503e-02 -2.182450243063468465e-01
4.598242578698019667e-02 -3.878381215214465882e-01
2.617406245153420796e-01 1.878553377459901697e-02
1.777479793285198229e-01 1.186250103278674306e-02
5.813343200437104397e-02 -1.659314534833298271e-01
-1.398134747966153224e-01 1.658249736202677127e-02
6.874105629669124973e-02 3.638516463604318796e-01
-2.586559556365513046e-01 2.385574277426916190e-03
6.915779069066951834e-02 -2.618457605446600223e-02
-8.395700445742815266e-02 1.666425671165394640e-02
5.524960088443953143e-02 -3.926646929577504164e-02
5.279524504815102937e-02 -2.167319138810189783e-01
4.914675433858961551e-02 5.410233136156550326e-02
4.611821432310259095e-02 5.860914532985883607e-02
5.810056911415517611e-02 4.247677878492552850e-01
5.861289964664706531e-02 3.558866659926807063e-02
6.646716591434198573e-02 -4.406380614446391286e-01
5.906159848834036108e-02 1.859505292308355484e-01
-1.993233078226115396e-01 2.492384991685703266e-02
8.223179452820694735e-02 7.358856977228156460e-03
2.060588977660856580e-01 1.356551800148941833e-02
-4.643506445853257114e-01 -1.507730328740297665e-04
6.713719863854372694e-02 -4.248974601493210601e-01
7.867680878899030450e-02 -1.154801753785873464e-01
5.369204118233439349e-02 -2.136145333557802894e-01
6.169083512344275544e-02 -4.984580351451217695e-03
-4.070638475665941947e-01 1.422229945955544306e-02
-7.752274882351950502e-02 1.025467702824534033e-02
1.637691681222595008e-01 2.132983634386964589e-03
7.147849945795770044e-02 2.042994510996987145e-03
4.806156580822895652e-02 2.320849033267655681e-01
7.829742876998468937e-02 -2.830096345741804909e-01
-4.110461592771339490e-01 4.360797059776988505e-04
6.207592184174270944e-02 3.882773578397136216e-01
7.134344408104165147e-02 -4.639649432005935603e-01
6.564635529381346313e-02 1.275254520455134655e-01
-4.964148664946642642e-01 2.214404000286518404e-02
4.980620861199728244e-01 1.796829889232909316e-03
7.497582388714008061e-02 -2.735425478729058835e-01
2.660650744393856515e-01 1.872586728003544643e-02
7.232816652595319695e-02 -1.371091953926605322e-01
5.356801265149280233e-02 -3.487576303902228947e-01
2.055176970645482548e-01 1.320882221943786572e-02
1.122334456817772885e-01 5.906511984457241127e-03
3.523800395863579960e-01 1.438962182164527093e-02
-1.598166935873013283e-02 8.031950612959359859e-03
7.352748220197591333e-02 -3.850622863785568839e-03
6.266206114420658224e-02 -2.001830598890093071e-01
6.012245057918641500e-03 1.769075035340195168e-02
-1.705094911501094934e-01 1.071331633325967037e-02
3.831422843691844049e-01 5.479250473403252109e-03
3.830021016751090635e-01 1.760753802739112306e-02
-1.437627536682178908e-01 1.574689593436651158e-02
5.625147636647576110e-02 3.447307733646575167e-01
7.064816743968438395e-02 -1.321532794014440571e-01
7.517401309407967247e-02 -4.155335605987998671e-01
-3.466703468686503919e-01 3.229132679686830265e-03
-2.748166936799647520e-01 1.489286383221877230e-02
5.751792011623291234e-02 -3.417429993331289051e-02
1.022468338206927729e-02 -4.222470582139203898e-04
1.960978738842777958e-01 1.063612392486679159e-02
-2.561561702922243722e-01 2.173692901070123362e-02
-3.175941926530948534e-01 2.515503693844034494e-02
7.541180054248930453e-02 3.943251951395144728e-01
7.727672075170488597e-02 3.229162564512888522e-01
5.380065746230222601e-02 4.625357533045104663e-01
1.328998553413217598e-01 8.332132493440891352e-03
6.277599272997280710e-02 1.577992799927380174e-01
-3.206878495358560510e-01 1.577465071213823844e-02
-1.501646983004093494e-01 1.111688170214086835e-02
2.265878415790656408e-02 1.408769696839962116e-02
6.776318205799336525e-02 -3.160561299130565382e-01
2.730443434365972255e-01 1.676401933259352717e-03
-2.047572196314539905e-02 3.385145863667449184e-03
4.945790026204546219e-01 2.178570024473303057e-02
7.076092482701346054e-02 8.194864584582284284e-02
5.456508750688415788e-02 -3.571520459092480948e-02
-1.489609471999392420e-01 2.924597787915317326e-03
2.092978749017295748e-01 2.471373872769044855e-02
7.969443355773175863e-02 3.644391885397020303e-01
5.118295004958195449e-02 3.228041340896370404e-02
6.715147911417906901e-02 -4.958621584093477752e-01
3.387434770788873006e-01 2.391873684413814427e-02
4.779230982531934568e-02 3.541745630181647453e-02
5.382772536874680380e-02 6.860674314815118358e-02
4.952285606471851231e-02 -1.598098520080629692e-01
6.967875075301643850e-02 -1.287118572514398540e-01
2.012717908774279696e-01 1.922243957903757572e-02
7.853512859013844771e-02 -4.754665930477491864e-01
7.256711651999281365e-02 3.363646617431060859e-01
7.683787001324815513e-02 4.822954558877047271e-01
5.911597412822455766e-02 3.127592969796726408e-01
2.004439180866240955e-01 8.686425766605387899e-03
6.967139224809659748e-02 2.884230344824152414e-01
-3.363035218283974004e-01 2.105926491513931964e-02
1.928824834593578785e-02 2.594313269559000990e-02
5.825986523546655693e-02 2.898371485836019890e-01
4.616446417243913469e-02 3.368629845192493422e-01
-3.154148344536289450e-01 1.140639418114086645e-02
-3.017379810319916755e-01 1.741800086101863432e-02
6.894625763513284600e-02 1.033236530874012127e-01
4.551450795576506003e-02 -4.798373944851329620e-01
4.553127351216623708e-02 3.191735982607514233e-01
3.301476519207807714e-01 1.403712440847648679e-02
4.407500639399078990e-01 3.994682560942264260e-03
1.829609932185016774e-01 2.598830539013874397e-02
8.380922808352697650e-02 -3.228514405336002646e-03
7.014082742797445036e-02 -7.874244839533361962e-02
5.030605281987754474e-02 -2.330684136602190204e-02
2.496957687191411202e-01 9.830354804177043881e-03
-1.706511917397608435e-01 2.650474028924365566e-02
5.972655577906926805e-02 3.395858516770554614e-01
-4.037335703436877310e-01 2.218007527457110939e-02
7.918952114514532514e-02 1.928562200619710065e-02
7.410357738847062059e-02 4.975140334882113269e-01
1.880776190168031992e-01 4.057900944115844233e-03
6.567326103513904112e-02 2.921477831229722932e-01
-4.982357737921863094e-01 7.325367342731814446e-03
4.238640980396805036e-01 2.230253899713385835e-02
-2.330507741001792699e-01 2.101325708624601774e-02
5.826162233061926710e-02 -1.482259175137933260e-01
1.715258170878541932e-02 2.121767670057317368e-02
-2.322711724350837725e-01 1.715780394819721444e-02
7.124384712833609079e-02 -4.710027038792757859e-01
-7.371401835596247398e-02 2.656329259633027906e-02
3.571377838377907121e-01 2.351100135137174085e-03
7.280549937013447437e-02 -2.802330524550178392e-01
-3.321169661837929388e-01 1.068300621469353562e-02
5.928008551629593281e-02 -3.302070996241458500e-01
-3.057391094713086677e-01 1.474515145478971778e-02
2.093844432982774340e-01 1.255728636117381392e-02
4.608254822762292147e-02 7.044105968751268598e-03
-3.738559521270957697e-01 -8.560387637260857829e-04
-3.712744771911133945e-01 1.909976392910328613e-02
2.352148061315039174e-01 9.913251238001685728e-03
-3.613455173285671229e-01 -3.067093279521149185e-03
7.051607213309407651e-02 -4.772125406852549823e-01
4.767977737721610376e-01 4.457465538890703627e-03
-4.513825060625193952e-01 -2.296542199389572936e-03
-4.377262235138756896e-01 8.302318210829828793e-03
-7.858895434761048460e-02 2.286770933363546643e-02
-9.206047241413528592e-02 2.435325330062720894e-02
-3.217876529195140556e-03 2.311859345561262380e-02
5.467496276543515332e-02 -3.390373086015094906e-01
-2.977391442718947401e-01 -3.052541102681383123e-03
3.941034900850970413e-01 1.887736284987129309e-02
7.889608290242555722e-02 3.523435048537543191e-01
-4.349249494409692662e-01 8.695703419734912565e-03
-3.052124088481064090e-01 1.173088401762001354e-03
6.121365368749587255e-02 -4.361556696412961509e-01
3.030536660706836249e-01 -1.560019694665126799e-03
-2.137217453055574312e-01 2.281858452702012485e-02
6.266502210654012472e-02 1.449506620881227947e-01
5.983400700196583877e-02 -9.533969787173446342e-02
-3.488772091048435442e-01 1.117299041488373224e-02
5.208895589911854973e-02 -3.383736737270149897e-01
6.542883227933415924e-02 -3.922909041978057676e-01
9.433241294331518034e-02 1.105141118887875695e-02
-2.400082603876148024e-01 6.171757676123323932e-04
2.531702241768147843e-01 -3.022033550505565103e-03
6.143332176117888288e-02 4.144701886341525254e-01
7.588860892527549140e-02 3.812074116075053754e-01
7.063688821597480239e-02 -1.249383752301523876e-01
5.430283272199065703e-02 3.927923093104966901e-01
5.142767377662005313e-02 1.168625713910748098e-01
6.335685890411324461e-02 7.031179719256974714e-02
7.596204615071366906e-02 2.655804368946840244e-01
-1.256256335515897327e-01 -1.028253275506818554e-03
4.330034175567926136e-01 5.964380982226291650e-03
4.555479336007192126e-01 2.562576072993683063e-02
4.798221355303433633e-02 -3.417491107664250016e-02
-3.569000535847542954e-01 2.287663918587368173e-02
-3.008642973513616647e-01 2.009752775002671132e-02
-2.232414390795018910e-01 1.571541852444247045e-02
5.620243311157757660e-02 -2.870112850488869549e-01
6.850481474191694176e-02 -4.816360082585402491e-02
-4.079790959650324567e-01 2.299127003724044105e-02
-7.692125910163272184e-02 8.704425194020926071e-03
2.980980046370449443e-01 -1.747818754939234331e-03
7.924819876998767665e-02 -1.085022809065898652e-01
5.268183450585517402e-02 -2.849362947266388391e-01
-1.090478955903767533e-01 1.953521424497606240e-02
7.273296608800361440e-02 -7.588086069505806108e-02
3.369211587141214270e-01 1.121514810735357859e-02
6.021476662116753698e-02 2.813761658540299138e-01
7.791661350750922477e-02 7.696519697842807428e-02
-2.687810383333324449e-01 6.630182412259322255e-03
7.263787162417145726e-02 2.347285986409390901e-01
7.925891392019646098e-02 -1.449329608195254471e-01
5.257008254557149485e-02 -2.699772511653789620e-01
-4.775100318787891540e-01 3.869081029952647910e-03
5.387518028206716991e-02 1.057959141298002725e-01
-2.648965720529599110e-01 2.032150585875314164e-02
2.742160813901886041e-01 8.015714287135655702e-03
6.681858549048447227e-02 -2.163987137087985957e-03
6.669544578764852183e-02 3.132374944622787760e-01
1.610613417544694004e-01 9.846061324510491097e-03
6.418374686515104788e-02 -2.686563524172065343e-01
-1.317071388709203372e-01 -4.573846981856810601e-04
1.703000094934910003e-01 7.701716091596866320e-03
5.196015737436676662e-02 -3.565906853072742244e-01
-9.500024503605097870e-03 5.579795586382774175e-03
7.165869265316704428e-02 4.597281038373989270e-01
-3.475462752106374120e-01 2.635173620059749755e-02
6.465262033633201177e-02 3.730744639079793812e-01
5.046017620707088369e-02 2.267778937349507196e-01
7.891358617847565871e-02 -1.770593348546082302e-01
7.001324626130212003e-02 2.629874045471211064e-01
4.706336433602642533e-02 4.985419860668017789e-01
6.805271396133216744e-02 3.367465600557518757e-01
1.647339283956877898e-01 1.687692373952820457e-02
3.503355710615356777e-01 9.801406802620649117e-03
5.220247395655297495e-02 -2.579617021868401139e-01
5.863033737473855034e-02 1.120270131013745285e-02
4.733967978939890298e-02 -3.861268526597253503e-01
4.871443177806400460e-02 4.400447804036026200e-01
7.804121697403121338e-02 1.811177253043380064e-01
6.700550507112068566e-02 6.425812308565759245e-02
7.327857665989889746e-02 -1.153648779160203475e-01
6.695124232475846426e-02 5.816254365198270104e-02
-2.517733609662521355e-01 9.396835659865043766e-03
8.021738870255790133e-02 4.350342843178399699e-01
7.703501625706654643e-02 4.272340147002769983e-01
-4.417110522428930874e-01 3.091989559672936316e-03
7.266327612514311696e-02 2.240904409465171998e-01
-3.487036963277648782e-01 1.047474827231043015e-02
5.341041645500588242e-02 -7.720328226209738354e-02
3.394113769855577889e-02 7.111234756023154802e-03
5.919580714828687196e-02 -2.883590328169003403e-01
4.908433215503871239e-02 -1.323648209495098538e-02
7.999249029346622297e-02 -3.681846211467092456e-01
7.340895751671339120e-02 1.394415979806241657e-01
5.081885527446339257e-02 -1.036966240805160533e-01
7.776637158930999050e-02 -1.906296244759759784e-01
6.084395434434441974e-02 -1.384230375624539988e-02
5.860254284168187056e-02 -3.916314132625775546e-01
7.843766126054119159e-02 -3.732504915101320098e-01
8.043795245587903597e-02 4.598403008920605162e-01
1.926931915512883897e-01 6.469574437005909395e-03
6.268221521613626113e-02 2.361427521683279185e-02
6.867274666034406394e-02 -7.360631782298898695e-02
1.679014634567537190e-01 2.449141919197561634e-02
7.681425601863267616e-02 -1.156525938503993878e-02
-6.764061946904487144e-03 -1.610934037466926760e-03
7.979214086112218496e-02 3.019417711784228020e-01
7.828792418940488940e-02 1.166746451088856995e-01
6.285119301083397225e-02 -4.915148777318800732e-01
3.522525898894315333e-01 3.241859480966446938e-03
7.443711172161737721e-02 2.647831086600312966e-01
-9.230424292108208029e-02 1.169729064759494896e-02
7.679380202996588523e-02 -2.145965957783237954e-01
6.537945333344608034e-02 7.917182919369503136e-02
1.238053460049549637e-01 -3.011885844153683323e-03
5.019282342998299118e-02 -8.347242294704593224e-02
7.406581467764650206e-02 -3.442802509694448121e-01
5.367200598725763161e-02 4.072299144722737463e-01
2.947254567630840372e-01 3.470516429450398732e-03
-1.739950573278208346e-01 3.110290441439511611e-03
7.247850930135435465e-02 4.774117000113347054e-01
7.481321131203111374e-02 3.785161626464450535e-02
-3.947999839721905158e-01 -7.188669221122045982e-04
7.350875811185886288e-02 -1.962052394108593223e-01
7.939937301333210851e-02 -4.368852914523031483e-01
1.549213161321938426e-01 1.105225142708732289e-02
5.535889627791201750e-02 -1.748103634828134245e-01
7.716809736309959700e-02 4.192118303498989507e-01
-4.098340912872802111e-01 3.854798594929986777e-03
4.532722896474923324e-01 1.260017804051150048e-02
1.424921568670669547e-01 2.486902498866494504e-02
4.873173847641487644e-02 -2.788813120685393887e-01
-3.053240224018458626e-01 1.500498230472158134e-03
-3.674416360902539314e-01 -2.422837529155508207e-03
5.690316637800407751e-02 -3.272166782490673054e-01
-4.990012016498157621e-02 1.365269910319344415e-02
-3.807550034855093912e-01 -6.099025177657146912e-04
5.459623086543230475e-02 -5.600991153650625165e-02
4.050769213887562836e-01 2.048994340219145727e-02
6.622810524227928930e-02 2.130181931188362965e-01
5.231823531837720420e-02 -3.174852214990475652e-03
7.971887438741631637e-02 4.482367545944311304e-01
7.449605032744310851e-02 -7.791619582642350661e-02
1.218842882806085992e-01 9.255616297004665149e-03
6.321403970862693456e-02 -3.523363566491115595e-01
2.215661014766000525e-01 1.333484825481501268e-02
7.073159715492616240e-02 3.760508667809326910e-01
