-9.945783453091483484e-02 4.452606680279662665e-01
-1.130482367525004195e-01 9.962895454357745262e-02
-1.095698111520237994e-01 4.467589566733345396e-01
-1.186784624938657107e-01 -3.633271785513336738e-02
-1.040705426286306912e-01 -4.354704466642290717e-01
-1.268666340951173366e-01 1.757049588689452158e-02
-1.106354975820407205e-01 -3.573992947864627068e-01
-1.175297302909289465e-01 -3.457765459028907529e-01
-1.101508230568198909e-01 2.684068959354359851e-01
-1.357755332734563725e-01 -3.155520468890107288e-01
-9.224889016743531567e-02 -4.045548587674158147e-01
-1.045316504618438724e-01 -3.134587495459928430e-02
-1.308302153512681532e-01 -2.611076160982171990e-01
-1.093057729630764197e-01 3.130011479206759040e-01
-1.285443549385434370e-01 -1.651945511889392204e-01
-1.231881071927711790e-01 6.080072858637786126e-02
-1.013756627804642818e-01 -3.656992678835576660e-01
-1.325031247164299986e-01 -9.396450356166441420e-02
-1.314814215769574135e-01 -3.081661899328503873e-01
-1.237619866771477728e-01 7.581392569172529239e-02
-1.315126580041042770e-01 7.971230253960037704e-02
-1.048283425075294817e-01 -1.278952626207201515e-01
-9.398512513294521309e-02 -2.456420748643782792e-01
-1.141325780691192504e-01 -3.303424347978500819e-01
-1.272845394801139784e-01 -3.738572163444112695e-01
-1.190119532469199326e-01 -1.205080883121778523e-01
-1.257064297308790879e-01 -3.653105247388862553e-01
-1.299252438103067897e-01 1.336417097913776830e-01
-1.021647689668334635e-01 3.404748452292610805e-01
-1.330376261910749536e-01 -1.048082325617410993e-01
-9.933748001648734505e-02 3.856705028453721873e-01
-1.222019233175463127e-01 6.685978704714723442e-02
-1.058203886655942894e-01 -1.101466727702876680e-01
-9.219564845557903787e-02 2.096379020035948892e-01
-1.101095005360643864e-01 9.178572081627855983e-02
-1.059794126719086904e-01 -3.097262342664737211e-01
-1.127428311379794490e-01 2.337170281186234932e-01
-1.289091460537629130e-01 -4.618568000906576598e-01
-1.312647142781601106e-01 -3.804379937593744820e-01
-1.352478357651302199e-01 -1.879447008678969411e-02
-1.298096898603278149e-01 -1.396267706220195581e-01
-1.314028836805157807e-01 2.378400150312761641e-01
-1.045526183900197248e-01 -3.731533202299754937e-01
-1.176284149030055737e-01 2.857379943246356468e-01
-1.084697220711701160e-01 -2.739764775766621030e-01
-1.347230396448313439e-01 1.681864039558012003e-02
-1.214250676520992611e-01 -2.735489789117108161e-01
-9.512133726157634417e-02 3.542570719038269367e-01
-9.404757772747684985e-02 2.103472852039566243e-01
-1.339488488516221709e-01 -4.300928707675960583e-01
-1.150890015078860351e-01 4.178394295049014939e-01
-1.290891446365002304e-01 2.183489499410149470e-01
-9.400112451553921389e-02 -4.807756248780969965e-02
-1.047421707560985960e-01 4.514506650785155006e-02
-1.171725903742073527e-01 -6.726515176090963610e-02
-1.281681713513568299e-01 6.829656718596965881e-02
-1.237399905749908546e-01 -8.076599911407555954e-02
-1.007376306666060151e-01 6.411555341196484292e-02
-1.344307821751576926e-01 -1.306125116747061110e-01
-1.231454083579424097e-01 1.473406565006288860e-01
-9.762118889446158576e-02 -3.521186603716548458e-01
-1.100894282351186915e-01 -4.448450124657093996e-01
-1.110293409799638642e-01 8.653544969342397142e-02
-1.239409074967184887e-01 -6.284711220043259772e-02
-1.348491433067485756e-01 -7.708296714389106796e-02
-1.034193190032133280e-01 -4.676228072671129166e-02
-1.316827447099350179e-01 -1.782110445516070785e-01
-1.204533297071007647e-01 -3.430043045824826553e-01
-1.181862318197646200e-01 3.665852184697279137e-01
-1.309897383874318866e-01 -1.238138623207655220e-01
-9.903075014368911688e-02 4.666968525380077448e-02
-1.170872122454167386e-01 -1.705954429486182811e-01
-1.100510551991903396e-01 3.311911080895069137e-01
-1.114690599414240868e-01 -1.712855071902488202e-01
-1.031834193635946528e-01 -9.621807607174126531e-03
-1.117175785948641975e-01 8.638327372135579107e-02
-1.235237630045771251e-01 -1.664841064448364660e-01
-9.105846731221045598e-02 -3.915817678189247308e-01
-1.202902715099583020e-01 -4.909903281742702408e-01
-9.672412473948965861e-02 5.462603110799613138e-02
-1.185569006200652975e-01 2.390449097302105308e-02
-1.143295214851548502e-01 2.782620729874151211e-01
-1.023347657526937349e-01 -3.110550323605885126e-01
-1.034021548848309546e-01 -2.435752339812704559e-01
-1.254714751760455105e-01 9.558688192031761233e-04
-1.223918850865481911e-01 1.412840604355776186e-01
-1.226752926711637270e-01 -4.561807550274149525e-01
-9.305575910123808914e-02 -1.489015744681387865e-02
-1.324719114364640848e-01 -9.483048920444370200e-02
-1.205379190459694438e-01 -2.767340011465831973e-01
-1.183499989500684801e-01 -3.570268079226868174e-01
-9.517696297871180988e-02 -8.643474970068720786e-02
-1.213842221391172593e-01 -2.797748454444459743e-02
-1.202894851288297540e-01 1.227861074930919338e-01
-1.343510423478389004e-01 1.728382132901179480e-01
-1.194485702260263960e-01 1.904932251686489719e-01
-9.739363967794911758e-02 2.708557814869820835e-01
-9.084340102827248575e-02 -5.125591697139186831e-02
-9.139083624948207696e-02 8.837085135683375725e-03
-1.266082550891728387e-01 -1.917733499637843675e-01
-9.508642362680574944e-02 4.415920210283941216e-02
-1.162653203787424872e-01 -2.917887279307296300e-02
-1.057769311104842513e-01 1.333964654402569616e-01
-1.111089101021374148e-01 3.054359926900686029e-01
-1.043912447965191781e-01 -2.654614039112153101e-01
-1.327176031385003396e-01 1.416109961302457476e-01
-1.305706803036243979e-01 1.344878653046283068e-01
-1.285662712576203237e-01 2.429153681081906990e-01
-1.022522452674347049e-01 -2.547821162283404606e-01
-1.267694595883267494e-01 2.340033590122625462e-01
-1.313252433305194256e-01 -1.381784427722532183e-01
-9.664449069553593397e-02 -3.203405516676349762e-01
-1.030291421066952262e-01 -9.965477802407873842e-02
-1.032208856904185401e-01 -2.480151959920948723e-01
-9.714587329291013429e-02 2.001051887075017133e-01
-1.050700842401148805e-01 -7.488774852301183227e-02
-1.307095855088501457e-01 2.829016715007384164e-01
-1.279280502088995242e-01 -1.553348266021636892e-01
-1.003476648630187151e-01 2.477259548784483956e-01
-1.353327157389250246e-01 1.817341519696422658e-01
-1.042778331779362633e-01 1.221840320782794365e-01
-1.273486019773758526e-01 -3.476540798689183864e-01
-1.216293666979793020e-01 -8.748509278037130965e-02
-1.074354623861765168e-01 -1.065237044364897301e-01
-1.155709405185202376e-01 -3.117126794851249327e-01
-9.531573221908928861e-02 -2.452431480882288906e-02
-1.268493158758320360e-01 -4.778206159693819677e-01
-9.529894326324650500e-02 1.206144459199942620e-02
-1.081723481926666341e-01 4.356744770019691515e-01
-9.998160657331445211e-02 -3.833807266381049628e-01
-1.247454257277125222e-01 -4.470980918504643409e-01
-1.197064458992426195e-01 5.940552755600569945e-02
-1.037862773755942047e-01 -3.004776295583683199e-01
-9.700562494811637571e-02 4.954049710436932985e-01
-1.215921911163168057e-01 1.298854694863070813e-01
-1.335023901981828853e-01 -1.755452454831887277e-01
-1.003842192911857945e-01 -4.607240752382911753e-01
-1.289170067665148522e-01 -4.900400578711814337e-01
-9.359929739784056402e-02 1.474432073459668313e-01
-1.332013665583904327e-01 7.722273537082102735e-03
-9.526451172714645033e-02 -2.868939048761508515e-01
-9.457411621385303224e-02 -4.507967703102002677e-01
-1.120095072642234291e-01 2.872949902155013113e-01
-1.063593110062480696e-01 1.069776595282814213e-01
-1.012449858452995066e-01 1.859243143810545007e-01
-9.329835038688083504e-02 7.980903051780086077e-02
-1.271110582900140118e-01 -2.925655473970109055e-01
-1.279844331401375213e-01 6.590171454085458347e-02
-9.315913951207410726e-02 3.252080820055812671e-01
-9.434091538007693956e-02 1.290121967461342889e-01
-1.102759096858249022e-01 -4.968668781561156322e-01
-1.019454658702003691e-01 -4.284881406557393690e-01
-1.129477935892219120e-01 -3.763907446937497792e-01
-9.680531633411659787e-02 -2.392585296658619187e-01
-1.049131686929216656e-01 -4.834663693201983747e-01
-9.348608423842996729e-02 4.086791481484135513e-01
-1.156892557523435672e-01 -3.380496070590740532e-01
-1.234104519210698081e-01 1.634240267928196433e-01
-1.316338727722673463e-01 2.011433972934034697e-01
-1.207207479437653053e-01 4.346862287326928032e-01
-9.243029492718413120e-02 4.565121107501336484e-01
-1.172516538825059129e-01 -3.133584308954878717e-01
-1.112125944527088128e-01 7.795764476061506354e-02
-1.208076369250631332e-01 -3.514613305379123975e-01
-1.330878441225445963e-01 2.890591341578684359e-01
-9.373780428632505490e-02 -2.912303935834498203e-01
-1.242984333891394844e-01 4.500118740200247380e-01
-1.028118286715116181e-01 -1.724509802856377672e-02
-9.658451724947270112e-02 8.835276708051342798e-02
-9.705390824225035296e-02 -3.963881242908962044e-01
-1.357417297387236710e-01 -1.798702237866316445e-01
-1.088155264320079807e-01 -5.811856834069262234e-02
-1.292117428003053403e-01 -1.616643830322107567e-01
-1.278356140909278071e-01 -3.511713259324934500e-01
-1.011220299816121271e-01 1.105947216165622526e-01
-1.164288315188142242e-01 -2.037245037773960377e-01
-1.230301348390264726e-01 1.417644541600372454e-01
-9.543033661049138416e-02 -3.798521432114703167e-01
-9.598934290879757025e-02 2.828736371977607078e-01
-1.101344866335689510e-01 2.722968813972874713e-01
-1.158616632986355643e-01 -2.481294479803396458e-01
-1.172142514066878416e-01 1.273418868139101212e-01
-1.345824196224212344e-01 2.651078605990332404e-01
-1.094223147231785376e-01 -2.440525941565364620e-01
-1.124495427782531420e-01 -2.429147100873475518e-01
-9.561979555286925780e-02 1.878700354176037202e-01
-1.301362212144326902e-01 3.640930049324392348e-01
-1.289999028894543986e-01 1.295494829557162220e-01
-1.349907257851440390e-01 1.129106722416360897e-01
-1.228423178482216382e-01 -2.685212033388284514e-01
-1.310799171259366958e-01 -1.382155243475180484e-02
-1.269478466143350026e-01 4.750491783835497639e-01
-9.381709123821357910e-02 -3.046591558429768698e-01
-9.756870150689656018e-02 -3.392729157644495119e-01
-1.187667941604709787e-01 -3.004483094900888274e-01
-1.145948038528381563e-01 4.689107132580195847e-01
-1.178553464615886837e-01 3.337485252542760072e-02
-1.149503113076514316e-01 -2.063856406542520228e-01
-1.044265615604980102e-01 4.658679829873473288e-01
-1.317395548883546486e-01 -3.555579503218981863e-01
-1.181581059604390749e-01 -4.765271479159183254e-01
-1.325332623776820373e-01 7.784242103412297720e-02
-9.455011981061356430e-02 4.522130881975404693e-01
-1.127778430317004643e-01 4.756876944484497161e-01
-9.857520718527112980e-02 -1.957897351557232879e-01
-9.622620266240844433e-02 2.438912310830484431e-01
