1.108697858636428224e-01 -1.548741721745355848e-01
2.742136256308402853e-02 -1.104469678617479023e-01
2.939020087322019581e-02 3.261877389107334935e-01
3.897041410966506358e-02 -2.024889330286930855e-01
-9.598094813860580388e-02 -1.421885866570703483e-01
5.091332393961356395e-02 -2.964908390143254913e-01
-3.754560096659018686e-01 -1.420697306161404772e-01
-4.998416207258460364e-02 -1.353730159825548007e-01
4.290960776988839154e-02 -8.294095458312944480e-03
3.440658136109930876e-02 3.758135865986510504e-01
-3.791795570586392605e-01 -1.461695641778730792e-01
3.117297502224958272e-01 -1.299864324659812942e-01
3.736108575815380028e-01 -1.449929694708542716e-01
3.513950046545858408e-01 -1.518404218465500000e-01
4.252427394885005540e-02 -2.853382589102497757e-01
4.283272568705054351e-02 -2.447031379052218014e-01
1.076330121778458215e-01 -1.550994540550678646e-01
2.331819058167253766e-01 -1.570906953279787022e-01
2.119814385961282799e-02 -1.157364258107729249e-01
-2.317519754505799057e-01 -1.446645345913861735e-01
2.761916514067552786e-02 4.577123933857003557e-01
1.252601424987193068e-01 -1.155458719702158188e-01
-4.310350378052184572e-01 -1.290088504449813378e-01
-6.943870596704804221e-02 -1.401910447966312478e-01
3.808170140542554982e-02 4.777427391555733038e-01
-4.311883655499592072e-01 -1.177913392168320472e-01
-2.116359580993849576e-01 -1.142383420368762170e-01
4.988883676653582677e-01 -1.500505425284163197e-01
-4.484817269041576626e-01 -1.452740063538106030e-01
3.522478249093309310e-01 -1.150861552854902659e-01
3.090532751417693902e-01 -1.171263234318470348e-01
1.463621630549472030e-02 -1.544240798599044728e-01
1.577073683622426392e-01 -1.318741960117471024e-01
-1.774449047096539056e-01 -1.130310990941534310e-01
-2.691004691571469154e-01 -1.127548908570521480e-01
3.039290963355079089e-02 1.969232148651240966e-01
2.282857232631607669e-02 2.036709565715192349e-01
-1.686719074419206210e-01 -1.497743160551362473e-01
4.322779314619513702e-01 -1.233613922088629966e-01
3.603380863676752810e-01 -1.272356082608943062e-01
3.269470682488440083e-02 2.217492049990665848e-04
2.359400300665949191e-01 -1.127573491682024587e-01
4.762761927675429607e-02 -1.344844885779267196e-01
4.778733589112812430e-01 -1.233186269456527651e-01
3.048231784597221772e-02 1.900764853298055890e-01
3.904732789561904394e-01 -1.324223646455033876e-01
2.455718102541737391e-02 -2.801118152220923863e-01
-4.300554045867519548e-01 -1.277814862449517808e-01
3.923139205015575559e-01 -1.287489444196925348e-01
3.046704321782035541e-01 -1.161979207382878299e-01
-1.307139809579287437e-01 -1.305579008932593599e-01
-2.839272071332032965e-01 -1.457965136936467676e-01
4.235510057165875475e-01 -1.574357437631394019e-01
5.193966389225290747e-02 1.450039870788188967e-01
-1.577676759072355051e-02 -1.557438506899784247e-01
-1.498042044623264513e-01 -1.257299657204269394e-01
8.088376807420916137e-02 -1.214317746835955614e-01
1.911858032590559864e-01 -1.251106268846035041e-01
-2.857664390497649531e-02 -1.347786177876825198e-01
-4.804800721199109503e-01 -1.322422370353220078e-01
2.781135861935724041e-02 1.252175022130724846e-01
-3.250089995848804980e-01 -1.266669568732071705e-01
3.277453158190667404e-01 -1.212069881954859207e-01
-1.313986160895169730e-01 -1.389595356974111517e-01
5.222543196666940002e-02 4.403369292441783323e-03
1.859170998147807730e-03 -1.443955956561945309e-01
-4.611410768244856850e-01 -1.537136672751244770e-01
2.637527529296712636e-02 2.816009398162976352e-01
2.674847840871172888e-01 -1.256980000325687019e-01
-3.812359415514832151e-02 -1.577430882946379009e-01
4.651327715828823539e-02 -3.381767669550722610e-01
4.217412499817080329e-01 -1.416029974439937389e-01
4.800805237290882710e-01 -1.357927027599452607e-01
4.598505810581943187e-02 1.156999075965214896e-01
-3.251770827221585058e-01 -1.272834032896489331e-01
3.741050171968615112e-01 -1.312936562118351969e-01
-1.240952085043097730e-01 -1.478277525667208714e-01
3.697717432965308415e-02 -4.835809200508136563e-01
-4.015374439973494747e-01 -1.163411216754429711e-01
2.202680240833820857e-02 -8.711104841680428201e-02
1.602224659178449473e-01 -1.626921534572666195e-01
-8.464405900102545122e-02 -1.195179764968032909e-01
2.571955268653021154e-01 -1.165134385914623483e-01
3.148653855184824213e-02 4.687197432095887573e-01
1.689060379783281496e-01 -1.336838080286220087e-01
4.784975979034533644e-02 2.190872160647437950e-01
-4.424762622746107876e-01 -1.368636732761835395e-01
-2.821561713333566868e-01 -1.367017711285920534e-01
3.447644671071870004e-02 -1.095978044100583970e-01
3.532422687820913065e-02 -4.758113821777409935e-02
3.538003573073700281e-02 -4.087669746395470316e-01
3.517929060289326504e-02 -2.654378288112914097e-01
9.201714110478753650e-02 -1.174009348323329371e-01
-2.791147952415735656e-01 -1.309913779490333718e-01
9.101490462560246630e-02 -1.530562350376956093e-01
3.441181635332235533e-02 -4.130320969158314259e-01
3.823260233329439650e-02 3.280917618417721338e-01
4.075654630782910015e-01 -1.150231741079620340e-01
2.263808537092404372e-03 -1.315928413580030876e-01
2.351322343172868035e-02 -3.958086745416673491e-01
-2.391753806253471559e-01 -1.370017748553092884e-01
-2.855067816363805466e-01 -1.332092428701064923e-01
-2.859024007074982832e-01 -1.176453730527919905e-01
4.884245568016165606e-02 3.108778172179915700e-03
1.241734523790143374e-01 -1.625920842206822758e-01
4.033656612001379482e-02 -4.437902861132431154e-01
-7.384133851173779739e-02 -1.358839928097047567e-01
-2.210284120346205361e-01 -1.603452263330437111e-01
-4.737808681008903733e-02 -1.194256045565617042e-01
4.686709850516285192e-01 -1.484484342004958046e-01
-2.950178494044366495e-01 -1.267325465056995393e-01
3.277947686644611114e-02 -3.201270744561099946e-01
-2.955106996464433866e-01 -1.444563136614948062e-01
-2.292323880810910319e-01 -1.315355695116827706e-01
-3.612583849217495535e-01 -1.331304954655340156e-01
3.912845059493670341e-01 -1.139649055801452704e-01
3.640835305241429953e-02 -3.760870506569431448e-01
-3.571304404184099113e-01 -1.617051395322728347e-01
5.176613231720450514e-02 2.143051890412712712e-01
6.132423443539769536e-02 -1.330791342488314433e-01
-1.792856969090961261e-02 -1.363504946447507971e-01
2.168191366592183700e-01 -1.284412662123499693e-01
1.402901089713849414e-01 -1.354318982220436007e-01
9.350984577333953940e-02 -1.572650821503331908e-01
-4.712606481707800610e-01 -1.446746400562438639e-01
4.917219119423488216e-02 -4.899759279226868491e-01
2.581622822547013918e-02 -4.980488597583275778e-01
-2.637588892211095715e-01 -1.265900772098161875e-01
2.480174546191260543e-02 -1.920382713773147731e-01
1.020354420172563392e-01 -1.437227062288586321e-01
-3.063885779994034442e-01 -1.379354720053721506e-01
-1.528283417634719310e-01 -1.386444682399863293e-01
-1.139601659133431255e-01 -1.250843705768306391e-01
1.245917498913561294e-01 -1.481884962111346127e-01
4.779118092721967859e-02 -1.786352094012982894e-01
3.805079132687050336e-02 -5.548580921678603062e-02
2.594321547401268191e-02 2.444072001080533907e-01
4.351473735969435541e-02 2.674599705145686013e-02
-2.230471244640584993e-01 -1.246938423458883172e-01
4.465367850311937614e-01 -1.529362137402719979e-01
3.337200600802292527e-02 -1.462268219307798489e-01
-4.936456871662201484e-01 -1.182517318379848748e-01
5.214580216595321449e-02 -1.494267242313835897e-01
-4.473517613432664852e-02 -1.467681468741218742e-01
-3.153387622644485688e-01 -1.148290140276635451e-01
-2.214455707867449830e-01 -1.373883634940451515e-01
1.807907042089716976e-01 -1.435741459023054389e-01
-2.114295320649823839e-01 -1.473117856322018193e-01
1.469660885946182383e-01 -1.554094828788985527e-01
-8.350350225177816110e-02 -1.563893183278542987e-01
4.382597322669701256e-02 1.453872186140158229e-01
-2.579488493688443240e-01 -1.524262558788089805e-01
3.041888592458985574e-02 -4.175474194211030721e-01
-3.458299150246805231e-01 -1.544098253352922390e-01
4.758596747815058148e-02 1.282280435873639490e-03
2.264115405115093571e-01 -1.632708607168741333e-01
2.056056205569359863e-01 -1.442655564524919498e-01
2.088683197581937545e-01 -1.406785577562660317e-01
-1.451887823695636737e-01 -1.166447523389182450e-01
2.027163556055462390e-01 -1.161767699039657487e-01
3.595682327229454689e-02 2.040496936622062663e-01
1.413875128264497905e-01 -1.220117588821237886e-01
2.151832436523504199e-02 3.177038837117639458e-01
-4.711650154358800746e-01 -1.614633021224988196e-01
1.098463265094909991e-01 -1.217816057565158649e-01
-2.454257463160636199e-02 -1.309331535625909426e-01
2.237338621783147019e-02 -3.664957702404563200e-01
-2.249612016717620344e-01 -1.163333374493858985e-01
4.194739399663938162e-02 -3.218145210847622728e-03
4.646291465030515377e-01 -1.440110715584592693e-01
3.930389458205985065e-02 4.240670252765620374e-01
-4.293328742178827984e-01 -1.317853767002211685e-01
2.400820646665223768e-01 -1.419318452634714678e-01
-4.333591503188839456e-01 -1.558685099760808157e-01
2.159565780207595154e-02 -3.863082299710306478e-01
2.696530014063289737e-01 -1.272393053550359143e-01
3.038815337686617823e-02 1.226191290411614565e-01
4.508199181692296165e-02 -1.924813724543751325e-01
1.268313874948957531e-01 -1.283991678551793525e-01
2.961660701360213643e-02 3.641165829866488401e-01
2.548509764811695000e-01 -1.436566306327771159e-01
5.194801027279249972e-02 -1.803451990616755651e-02
2.479949951549176301e-02 4.573859264026318705e-01
-2.616028663655027842e-01 -1.482002880186897853e-01
-3.172906167058283655e-01 -1.227681178418965624e-01
3.057158525794275716e-01 -1.333905780218256343e-01
3.646326003490241163e-02 -2.808464893040680810e-01
4.985597250766315991e-01 -1.168509976212315227e-01
2.567193623255692447e-02 -6.962632414249658730e-03
3.291651556083585728e-02 -1.918064076034867727e-01
2.489853600253366661e-02 3.976269163924478489e-01
-6.442948201914810991e-02 -1.460976051645831442e-01
1.834642041783232091e-01 -1.321903497331251565e-01
1.269459334276623608e-02 -1.295174523178947990e-01
-2.048158588820582215e-01 -1.351157934162678931e-01
4.549331108725995776e-02 2.836378358160516200e-01
3.250674903363854895e-01 -1.631584240579840861e-01
-3.781502616178755716e-01 -1.540631373294467643e-01
1.653875229526188262e-01 -1.149292246936918227e-01
3.244862956773109097e-02 4.616220404643339714e-01
4.692655692781388943e-02 -4.801883781770227566e-01
-1.638508067404512714e-01 -1.201401038497440510e-01
2.125099959566700836e-02 -9.630422557771900482e-02
-1.796273699900611254e-01 -1.625886290242273269e-01
2.711735603245424286e-01 -1.571491983225969946e-01
-4.647399173210595702e-01 -1.445629820729066317e-01
3.584102833875824068e-02 4.025899337699913039e-01
1.995024840682394496e-01 -1.125814594714520389e-01
5.064947151595811103e-02 -3.259351876228799849e-02
3.686169599874588032e-01 -1.305966643871048216e-01
-2.574102758068729235e-01 -1.168862834257967664e-01
4.070013482390288928e-02 -3.781336077667986073e-01
-7.854896232992802929e-02 -1.493160361134590053e-01
-4.204296351664986719e-01 -1.313856279469176602e-01
7.166833290807228529e-02 -1.488304752205583670e-01
2.587074405241485131e-02 -3.213094510879452859e-01
-3.819072902352327326e-01 -1.135932917750369642e-01
2.261039977838597004e-02 3.334519116058765054e-01
3.728743997947149280e-01 -1.315847088899200212e-01
2.285296701953156706e-01 -1.255829671532574521e-01
2.113707599915568558e-01 -1.196346154567193842e-01
5.289228243160570830e-02 3.656061096961469303e-01
1.796010141238889579e-01 -1.361859364975456232e-01
2.271709341477334831e-02 -4.360745562163167444e-01
4.155081369092616939e-02 1.877207948027489470e-01
3.925356160224213742e-02 -4.239327022867978023e-02
2.838560498458253534e-02 8.458117715736357400e-02
1.617526350202082019e-01 -1.226778737385747498e-01
4.847180273683114882e-01 -1.326874805588612594e-01
-2.382558147322734188e-01 -1.352696873857260895e-01
2.792622042301315943e-01 -1.621716870607572414e-01
3.225178436599622778e-01 -1.472194892733813543e-01
4.699779119184306353e-01 -1.236918149868124761e-01
4.835158656628346652e-02 1.028057182705000017e-01
5.017650230302428405e-02 -2.711758136533792829e-03
8.823380812000591877e-02 -1.410121334312239849e-01
-3.295579484031588846e-01 -1.230083498605835102e-01
-2.267561315486393836e-01 -1.271367499237806564e-01
-1.589176107301456531e-01 -1.165472869344196249e-01
-6.664455222454424010e-02 -1.252295199143143023e-01
3.273674935401429398e-01 -1.323313694907746196e-01
2.932964744435530013e-01 -1.465397452691692415e-01
-2.933069832421292267e-01 -1.444047646348013414e-01
4.851951812123983521e-01 -1.635691888924979409e-01
2.871853791597378525e-02 1.422331028443025724e-01
3.920044913232723083e-02 -1.341562940850434815e-01
3.772425704943349611e-02 -4.778569870661727448e-01
2.735890172358113048e-02 -4.025205778245825039e-01
-2.862357435336279066e-01 -1.293922304589327776e-01
4.758111944692611228e-02 1.371289186401815074e-01
-4.383942650910652716e-01 -1.577706926455942904e-01
-2.637666928024835489e-01 -1.347568125538582962e-01
2.700235288426675595e-01 -1.283162436376332760e-01
-4.802246234922491475e-01 -1.343254495288581651e-01
3.236410698310687728e-02 -4.181527379598659611e-01
4.461444336204367644e-02 -1.346066076697760572e-01
4.484003188669216655e-02 -1.813390934974468127e-01
2.818806651673622099e-02 -3.885285263968767389e-01
4.071497949568958497e-02 9.042363578777301569e-04
4.197831072851737622e-01 -1.264373945660649534e-01
3.163273044405234824e-02 1.363903377988447962e-01
4.321735596178422067e-02 2.563960375980385287e-01
-4.192937456013866582e-01 -1.364332174557185695e-01
-3.365115616992401248e-01 -1.526532490105119155e-01
3.719455797923876261e-02 3.722684181458246755e-02
2.061346906557089964e-01 -1.591471584047174925e-01
3.456369233010401221e-01 -1.605768245632031022e-01
4.064437149833777241e-01 -1.321626705247067601e-01
-3.870847379079577211e-01 -1.309038421125747753e-01
-1.095710551090289808e-02 -1.354970918832535398e-01
-4.805536510632442138e-01 -1.385279273942315870e-01
-4.813123027293818579e-01 -1.567379178951712193e-01
-4.743761293497896769e-01 -1.340002390219856565e-01
1.324470601794108804e-01 -1.332976726509977894e-01
2.757288191827333979e-02 -2.072458254387292698e-01
3.090288258166229429e-02 8.868783433396842941e-02
4.605690882793966878e-02 2.559557372401746189e-01
3.864443860888175930e-01 -1.444607724474111787e-01
4.039231282618616081e-02 8.292229961523900350e-02
4.689081233427783157e-02 -4.911359978470815069e-01
4.453357146616040430e-01 -1.542480740526812610e-01
2.391295180001075105e-01 -1.482721602179728482e-01
5.298311718033199558e-02 -4.220241361847535400e-01
-1.350913786869344380e-01 -1.200601818781479313e-01
3.286175966821902605e-02 4.569918617282772155e-01
3.737974118332976214e-02 4.921866180145454406e-01
4.968238291757386405e-01 -1.402430857846768131e-01
2.122857402347200217e-02 -2.601779140028904758e-01
-1.537840241475867398e-01 -1.293288030143143752e-01
4.094428740506195208e-02 -1.061238644275755982e-01
3.928621666997711426e-02 -2.770429260525290038e-01
9.782591468691614889e-02 -1.542802711635882229e-01
3.062135672790422536e-02 2.699122239047513361e-01
2.334980479876983539e-01 -1.223467757100688003e-01
-4.842685733752671862e-01 -1.509623476205121939e-01
1.725210087464648101e-01 -1.433308272499466129e-01
4.467141236609195598e-02 1.044977899359486040e-01
2.484461044889052506e-02 -1.985942146032199096e-01
-1.078628652025793722e-01 -1.471215154731663199e-01
4.247282456688372676e-02 -2.295510087445012948e-01
-3.814431952589921737e-01 -1.235305411631929529e-01
4.023541509620920387e-02 -3.607425130033089511e-01
-2.555349872089429653e-01 -1.471991707664962457e-01
1.914552586033656523e-01 -1.424626110248115030e-01
6.733121027417188209e-02 -1.250368093712821427e-01
3.337384327103311010e-01 -1.415242028791858786e-01
2.146871749732404133e-02 3.623193484921314322e-01
1.512851632696928794e-01 -1.342450351181657675e-01
3.085171269897613033e-02 4.405877770890859191e-01
-1.013489238025152561e-01 -1.550871197429184445e-01
-6.073581510921555182e-02 -1.175899406448545070e-01
3.758941408738419865e-01 -1.463809846461655573e-01
4.426431641507200254e-02 1.415945152154364228e-01
3.929064938581761091e-02 3.044935531590453603e-02
3.168336343211131112e-02 1.671402285913548003e-01
3.669761618183042806e-02 1.252846236260166668e-01
-2.968376921044791894e-01 -1.511835046663290161e-01
-4.341169295035313125e-01 -1.141999726306317520e-01
2.224173848443411483e-02 3.174430001661414646e-01
8.379615675540719177e-02 -1.607063500993753946e-01
4.729051460975153276e-02 2.096346866844110979e-01
3.295515448471941777e-02 1.660582424658096912e-02
2.520054918998320126e-01 -1.385548962032789877e-01
-2.585252291589326123e-01 -1.328775741081779094e-01
4.376530009288063239e-01 -1.557158232013284849e-01
3.680499527155240980e-01 -1.621043363304677243e-01
3.939150019821902049e-02 4.899839677144643968e-01
-2.479781187864735781e-01 -1.299367644392803722e-01
-9.603124066308832418e-02 -1.605234174766252409e-01
1.321859417330815134e-01 -1.190519025832488254e-01
2.792218293729886724e-02 -3.822256169088315003e-01
-4.172630642857597660e-01 -1.286109857572915738e-01
5.106016453981043757e-02 -4.391946700242704837e-01
4.478460073743972814e-01 -1.502891273380625448e-01
2.882419244911715861e-02 -2.790483777033606616e-01
-1.478729121809601033e-01 -1.550991534753761725e-01
2.490289510246923577e-02 -4.782935581011686921e-01
-4.484104589108582894e-01 -1.502368994590105311e-01
3.416389199864233728e-02 -6.584658877793581055e-03
4.097897793371074737e-02 1.778005489256748728e-01
-3.770490052279799054e-01 -1.536347576779938384e-01
2.510957742061559195e-02 3.818434218851362028e-01
2.611668723697091465e-02 2.022235568220898116e-04
4.167083879867272689e-01 -1.224470649221698348e-01
4.527517883665705956e-01 -1.440345179693429678e-01
3.341986729373302989e-02 4.953217339654372164e-01
-1.479922895749256062e-01 -1.554767734990013528e-01
2.349200434452525244e-02 2.879337459118569420e-02
4.776573192851696348e-02 -2.564535409563347690e-01
-2.190804216259586434e-01 -1.461469878683231416e-01
5.122396259417227871e-02 -1.830101593687200046e-01
4.616937087107353399e-02 -3.864125863060186017e-01
1.825886773090898973e-01 -1.383152134401294253e-01
3.795950772598466472e-02 3.200497865564319033e-01
4.857661021917444311e-01 -1.321868433936630449e-01
2.481134781867166961e-02 -2.402132618792585106e-02
4.785808561835580566e-02 -3.588123099748882217e-01
-4.323106128917666435e-01 -1.276751608473934985e-01
1.174825159134524899e-01 -1.345316741338000721e-01
3.958063280868084899e-02 -2.252785278267006586e-01
-5.373011413164008321e-02 -1.225888048139736064e-01
2.835818869967832168e-02 -4.731791744630741148e-01
3.066576001528276141e-02 -3.737586873330120962e-01
3.518859675000773901e-02 -1.297800271251394744e-01
4.541825971366756365e-01 -1.226771638071746384e-01
-4.901052959291116728e-01 -1.578818449761447695e-01
-1.215358758240341341e-01 -1.220380808545750151e-01
2.613572401964914249e-02 -3.736661966782806044e-02
-4.092368016534781994e-01 -1.465368433592100228e-01
4.146024003663277835e-01 -1.267826863770856738e-01
1.381106901569421064e-01 -1.579842504811167503e-01
4.712884477699680330e-01 -1.206026788432050800e-01
2.817472222284191918e-01 -1.592649207827518953e-01
4.484409973185145004e-01 -1.329986657208200862e-01
2.719941631726829900e-02 3.867662829889961795e-01
3.197066480551724599e-02 1.509228902466357436e-01
4.359723372246082640e-02 4.853647061588119982e-01
3.422561620943316285e-01 -1.155358017045062802e-01
-2.082419812308927698e-01 -1.427302530530762947e-01
4.545011650727488473e-01 -1.582589855699381154e-01
-3.931138156734641509e-01 -1.424987005645782512e-01
3.600850270486520843e-01 -1.341109425046008718e-01
4.346129840880663675e-02 -3.747045944723198518e-01
3.618307532934672555e-02 -2.178056653188079617e-01
5.225081999489555873e-02 3.468067034612676292e-01
-4.173940655821049006e-01 -1.598342226922251363e-01
2.680500442171480646e-01 -1.248316676988185936e-01
4.918198884439295426e-01 -1.205667333858660983e-01
5.099895796942521820e-02 -4.970544526194091706e-01
2.016450746925607662e-01 -1.593840150621819163e-01
-1.431037353393612710e-01 -1.248542735881426058e-01
3.728663471743287605e-02 9.489996306656611758e-02
3.492212484398904415e-02 -3.948847391221359526e-01
4.972834729155783950e-02 1.960260341210418034e-02
3.148815041165675677e-02 3.027734653802127696e-02
3.832276989454173055e-01 -1.325614518245843421e-01
-2.362941506941305114e-01 -1.129849508582835282e-01
3.952683299595560751e-02 -4.538370705273490069e-01
4.934596365644183802e-02 4.424275484620798782e-01
4.039416761481473550e-02 -1.856846187439308293e-01
4.536709705083996624e-01 -1.180211576456726696e-01
-3.608968419720137710e-01 -1.544303767241849146e-01
4.443991759317622581e-02 3.592008774384356506e-01
-3.075117971289578200e-01 -1.412355010696827451e-01
2.824644894877321732e-01 -1.385049528129935759e-01
1.512677249244775979e-01 -1.581885497405786101e-01
-4.538058797326898208e-01 -1.404628088788251183e-01
5.258829449105462128e-02 -3.351487808852380290e-01
4.984889941766923460e-02 2.826495622915031758e-01
4.695879358977972373e-02 8.697983554375054993e-02
-1.884372933081934764e-02 -1.245427949007535950e-01
4.007312932868478672e-02 -3.405277552157808252e-01
2.615534487598399904e-01 -1.170339583536307293e-01
3.851886139645721574e-02 -2.198070349049534578e-01
4.447549177660400366e-01 -1.285759531792509680e-01
4.638972521881071787e-01 -1.389618420478249128e-01
-3.195314391735926129e-03 -1.223557875825210806e-01
2.366708032237496706e-02 -3.877795324478612304e-01
-2.110806303788328453e-01 -1.327883944259257154e-01
3.578347439515672246e-02 1.257937166516137628e-01
4.199116934239044419e-02 2.756302735343509891e-01
3.506063917498276616e-01 -1.363875371535455683e-01
1.885777210295174200e-01 -1.340063780421899553e-01
5.115863041169510517e-02 4.532427492939546942e-01
2.342287582280255798e-02 4.974582018148873130e-01
2.869925107987711943e-01 -1.489139692868739484e-01
3.918610001517075503e-02 -5.233934472526502457e-02
2.443671318313145324e-02 -2.614815242742434265e-01
-4.574910065333995801e-01 -1.385137425154489010e-01
3.654254125256495289e-02 1.257308443193122516e-01
4.440960274235746796e-01 -1.303705535954882144e-01
-3.993284658453689628e-01 -1.239269490898274872e-01
3.086082056540033758e-01 -1.489104167018859837e-01
