1.552902514559534319e-01 5.790904358430504217e-02
-3.316665410486490106e-01 4.555254122140262041e-02
-1.836223775135460423e-01 4.052457871560488645e-02
7.537930364105782655e-02 1.950057611700370952e-01
2.186452323557867006e-01 3.997038436981670273e-02
8.080871045259852004e-02 -4.875762878697301739e-01
2.119874968884060129e-01 5.647174256330367292e-02
7.026015780092742524e-02 3.718258040974544709e-01
7.571390431200952786e-02 -1.596052283626548940e-01
-2.493953314323882342e-02 6.325234101784515950e-02
8.391269602392692484e-02 -3.384854249145252680e-03
-1.281477489363337385e-01 6.977364930505536300e-02
4.291100923759153529e-01 5.341613837722725133e-02
-2.396846718716530988e-01 6.600410048998972545e-02
7.171860264841745103e-02 -1.522233608497935986e-01
-1.988047270265573818e-01 5.605443558804490412e-02
2.726216591988442906e-01 5.266303703736319175e-02
3.800751388928820251e-01 6.521425293617788554e-02
5.469756623028498854e-02 4.869773609217041832e-01
3.843143485475639665e-01 4.855383663776124958e-02
4.227625550145354127e-01 4.209393858650301024e-02
7.249738488192281061e-02 3.636009875832041383e-01
7.443428092205761626e-02 -2.694231162622240383e-02
9.604169544366614186e-02 6.000491707607902292e-02
1.543748387784761311e-01 5.537414083068081805e-02
6.907507189764028332e-02 3.977729760843551343e-02
6.958559361157057310e-02 4.137504302805844469e-01
5.649645879280729144e-02 -3.929073942716859724e-01
5.354099643410781262e-02 -3.296103651599874285e-01
5.484501024876431430e-02 4.599399668168606681e-01
5.523824942812183281e-02 3.645253754116377642e-01
-4.436246468697719880e-01 5.197229007187142980e-02
6.570108006922481536e-02 1.263906766152526062e-01
6.783140757051042691e-02 8.279278074835183521e-02
6.038162167353100518e-02 -4.222090789965955437e-01
6.492130323426992256e-02 1.908329401038745265e-01
4.222083163330606626e-01 6.220884230382350832e-02
-4.289646754964759889e-01 5.041049064903191379e-02
1.878898627824371337e-01 7.177594341934545596e-02
6.773786331580222697e-02 -2.564364525895441727e-01
8.032975984361767630e-02 -6.451393550900785812e-02
8.685972179557055473e-02 -2.579250017824041841e-02
3.915796563277413878e-01 4.920926994582941472e-02
1.428261426871205719e-01 3.905039631221807195e-02
-1.692289331070844227e-01 4.760595455900329398e-02
-1.343424450902261924e-01 6.247059563552370687e-02
6.100175142989439081e-02 2.798613237851210744e-01
-1.064666695261804463e-01 7.056407480522475240e-02
5.878006092140086736e-02 1.045684183458703842e-01
-4.456409712905431419e-01 4.620862296596850438e-02
-3.327873902141315066e-01 4.638560876947817047e-02
6.872580684776907756e-02 -3.215007344556243263e-01
-1.567363880330847614e-01 5.885259289381272740e-02
-5.328185917211381017e-02 4.923445854005137345e-02
3.134231089810919357e-01 6.992047653080513125e-02
4.559605403535019752e-01 5.022401077368687794e-02
7.669084586701468975e-02 -2.752178565876653993e-01
-1.936692204473742240e-01 6.191551336251432947e-02
5.601232046415705046e-02 -2.875512016056416265e-01
3.845257882031204444e-01 7.038354679002323255e-02
-1.784722458894563157e-01 6.377080616350661035e-02
7.874664450254964532e-02 -1.233948163684162047e-01
4.417193236657728228e-01 4.026717373996302474e-02
7.313079296215097003e-02 -1.242481052219468474e-01
7.460613476079969164e-02 -1.976983443778692617e-01
7.315029407048290189e-02 -5.808426953364187462e-02
8.229101256317972179e-02 -4.563940048327103094e-01
7.594148526554267420e-02 2.044719738194247238e-01
6.744907194399640815e-02 1.642678389502802982e-01
6.454976348592689206e-02 1.064395044705872539e-01
6.649807443461708267e-02 3.678717033505478629e-01
6.679644389170102947e-02 -3.089831018584351385e-01
8.736309206293380036e-02 1.458059629878047936e-01
7.215718789257796750e-02 -1.088863323244395609e-01
-3.320344820962810584e-01 5.650718836626733577e-02
3.095933367692919047e-01 4.229307580529229060e-02
3.180822312637273663e-01 7.130035876175111476e-02
6.486140192356648626e-02 -2.963149323600812179e-01
-2.144246085412044867e-01 5.927740388915092584e-02
-1.824649770503150581e-02 6.053191825129178305e-02
4.721874248294043452e-01 5.330501602454440491e-02
-1.016958488134593885e-01 5.272184736125262727e-02
5.327770949282728541e-02 4.571415761304862269e-01
7.582303721660244022e-02 2.380334182109200558e-01
-3.826348226548681453e-02 4.929828490571508404e-02
-3.382160361905361956e-01 5.501216438508738094e-02
2.502885575166174936e-01 5.817668094197647743e-02
2.399641006179373814e-01 6.770837103168336757e-02
7.223900582903852730e-02 -1.267044868066193875e-01
6.973603855553067721e-02 6.293083588724657229e-02
8.419605694786036487e-02 -3.327195173934105465e-01
-1.425521141017950244e-01 5.485502396367691880e-02
-2.476232449422010040e-01 5.631218116932412698e-02
8.297765290894054679e-02 1.018296386057572223e-01
1.631787083092521851e-01 6.660295149321571184e-02
-2.384685095070913086e-01 4.718191221428547077e-02
5.391026415539434957e-02 3.747045431997895193e-01
-2.910200701020024816e-01 7.233628085476295766e-02
4.000840689273503781e-01 6.710630620424140602e-02
-4.353568956565189163e-01 5.632272620911171757e-02
7.571278547211490739e-02 1.994344178496306741e-01
7.124987849921438077e-03 7.136852250610092874e-02
2.267072769205089600e-01 5.157203163487800168e-02
7.414638462837364052e-02 -4.730629066093938739e-02
6.255042976520741593e-02 -2.958044710093729046e-01
-2.069169661560872342e-01 6.022641841113973715e-02
5.598828064322847187e-02 -2.588419209457849535e-01
5.652466762105035070e-02 1.975948158689178058e-02
5.436661640614259827e-02 -4.570497446882539894e-01
1.493574595002958860e-01 5.543781742503450793e-02
-1.662046422141817414e-01 4.246322793144474694e-02
5.750530577452506176e-02 9.005626125345445043e-02
8.664533504074656278e-02 3.735193280062294452e-01
4.512272061568241011e-01 5.424194140054683366e-02
6.418409061640806268e-02 4.081029297376579379e-01
6.209126261366892940e-02 -1.787271808446097010e-01
7.726801382668524454e-02 3.702878442305915785e-01
1.334681956765452204e-01 7.106211329201905791e-02
5.809185074828182582e-02 -3.029749749951871074e-02
2.139540476739983932e-01 5.809534914282543649e-02
7.017454921450738681e-02 3.581109676331243330e-01
3.882149652980217969e-01 6.496077259002419613e-02
4.288207687956520076e-01 7.037943036208105241e-02
-2.981905362848591423e-02 5.008043205174794732e-02
5.363028778896816728e-02 -4.008352780418327210e-01
-4.197293012844172111e-01 6.833679779895418527e-02
4.787383829081707232e-01 4.760209182908881065e-02
6.811298478619631780e-02 -1.954107378418198371e-01
-1.694820200826191448e-01 4.592372862243232490e-02
1.798372950475944920e-01 6.057019174350442015e-02
-5.816272208555384182e-02 6.973665805217243996e-02
5.421518427477090007e-02 -9.026321100711931500e-02
-7.305677657031983685e-02 6.050417296876153816e-02
8.495007765379380960e-02 8.367602695611431329e-04
-3.441465260820274485e-01 4.372724552738538328e-02
3.706748321639385946e-02 5.762538727276722561e-02
7.753184373485622061e-02 2.483586462368342351e-01
7.798947817964374529e-02 -9.703255450583525565e-02
5.316005975207249712e-02 8.727871477551629731e-02
6.825962066769319936e-02 -1.358892831255454903e-01
6.377944471734764420e-02 -4.507561527537294888e-01
4.056512096600169981e-01 4.627773776445232023e-02
-5.541239103254747000e-02 5.968046828383244407e-02
7.948852791203819823e-02 -4.177048386067224728e-01
5.623014957454686158e-02 -2.748319306090681868e-01
3.671609306120715566e-02 6.583683310025545410e-02
6.784505316477673631e-03 6.520613842225364554e-02
8.574874272414600984e-02 -8.026699738844489396e-02
-3.032668768040852614e-01 6.082200756060396341e-02
8.460380381964638374e-02 3.576009602112445451e-01
8.211827705492968921e-02 2.744893109394554997e-01
7.572492759482152280e-02 1.953953982696043923e-01
6.469975976294606301e-02 -4.515966159311697314e-01
8.720039262603362928e-02 -8.769957374178383169e-02
2.910023404421642201e-01 4.898808633930529233e-02
3.258217135559622335e-01 5.955501177855215822e-02
-3.553276712134982862e-01 4.922184772674009778e-02
7.663396485266327218e-02 -4.798089180603923865e-01
8.066588558220388894e-02 3.261849633874610577e-01
8.902475538689924583e-02 2.515474771624490735e-01
5.451899505622659348e-02 -1.029976950063135055e-01
6.844452291133951150e-02 -2.095291633523798103e-01
3.884726740910847687e-01 4.314057304957308325e-02
1.346164783779167928e-01 5.522805452619261590e-02
6.517262841173376842e-02 -4.880018267694427037e-01
2.468638338139317323e-01 5.726872681985273328e-02
4.620813509586222390e-01 5.530216146099908858e-02
7.076941322486207664e-02 1.310289199902909818e-01
-1.837600397095053850e-01 5.062668414512228043e-02
6.168494338613583761e-02 -4.494753064244378926e-01
7.315345487387225898e-02 -3.413730989845475960e-01
6.757095413431868369e-02 -1.697312037898713877e-01
-4.828034319792470219e-01 5.422712474904545221e-02
7.720803910972118267e-02 3.964615617904476697e-02
5.608006531226505942e-02 3.048230842379195948e-02
6.188593838890843468e-02 4.457459445549085686e-01
-1.257103467688250875e-01 4.614392744880779773e-02
-3.870797987731938727e-01 6.390985815828686967e-02
5.269600253033335235e-02 -4.001329205943187084e-01
1.007322351876605016e-02 4.888008195662596478e-02
7.623693162643274679e-02 2.760146830423126918e-02
-2.116295737656733733e-01 4.128133308314840821e-02
-3.852124859362504594e-02 4.286632190603323345e-02
5.693451903158419647e-02 -4.860966482244271081e-01
6.299912138435936892e-02 -1.884239907879444731e-01
-1.587047007656627873e-02 6.451498837684355170e-02
-2.353674861045282896e-01 6.056456795806386406e-02
6.238505666602911504e-02 2.092798518803778984e-01
8.886254551161998361e-02 -6.385035886336920541e-02
6.325809338169963159e-02 2.270237516187241233e-01
1.867268312048342427e-01 6.712324456810192519e-02
6.316796686654546633e-02 1.556477146489321228e-02
3.619740519748188001e-01 5.222966458524669342e-02
7.723832932588581279e-02 3.444929901065607591e-01
7.403476995935265315e-02 2.243558556638085566e-01
1.257881961220166378e-01 6.381665748797715754e-02
6.582722687562558850e-02 4.450047706568110994e-01
6.116702666928353072e-02 1.017411992070196280e-01
-2.419731490889770464e-01 3.940926487952545187e-02
4.829668537924327598e-01 4.387571769710274516e-02
7.656552611907829764e-02 -2.402033271247446811e-01
-4.454571546995840237e-01 4.577792978012107383e-02
7.591057867664718906e-02 -2.031667234300592595e-01
7.562805350289625306e-02 2.867434794839580636e-01
5.632014995749901054e-02 2.405308635874114920e-02
6.980579489770954993e-02 2.836654228329624772e-01
8.257661503739444075e-02 -2.215604453860395839e-01
5.822885678863576331e-02 2.078717178491811257e-01
1.663395585184131997e-01 5.166322413571544647e-02
4.095059410152627200e-01 4.259553157633255704e-02
4.650838325397124162e-01 6.911712534572089783e-02
6.355743787222645214e-02 1.117419768107371647e-01
6.903948881399946114e-02 3.241240737995587651e-04
8.369331902021703851e-02 2.763533748103854659e-01
-4.036209157491353894e-01 7.187618874830248306e-02
6.069477045548599126e-02 -3.067762494869787915e-01
2.869751401883513520e-02 4.731188884078063595e-02
1.200376116337478205e-01 5.772942541782943859e-02
8.017294519251916274e-02 -3.579761753531525148e-01
4.342269079002688548e-01 5.233231086854028824e-02
6.906374773052681437e-02 -1.896259045771711005e-01
7.390852111386092549e-02 3.866264538990473731e-01
8.246182105890198510e-02 2.157495665184872013e-01
1.905051008869879103e-01 5.113243602900818807e-02
1.385261820659078325e-01 5.183625226962462751e-02
4.311810624656063906e-01 6.686683950905603080e-02
7.849527082426199787e-02 2.092828991264119587e-01
3.647798959765953253e-01 7.059555254343974351e-02
-4.570836288858428631e-01 4.317681051999344710e-02
8.868020871672999128e-02 4.962973964875949662e-01
6.027736122159588206e-02 -1.150518010353543952e-01
-3.054581102525928404e-01 7.243049399976275726e-02
-1.332744293658760792e-02 6.012648155585598175e-02
5.528928564395430012e-02 -1.224648683159528240e-01
-4.848623705124893712e-01 4.622037402214584922e-02
2.003506495451864433e-01 6.650434235145474826e-02
7.804077306820811355e-02 4.194600708939855149e-02
5.445100320813900385e-02 1.902647255980847163e-01
8.445643296659888222e-02 3.709939473956428424e-01
-3.466876653490543747e-01 4.852033160950930402e-02
5.345444307435498477e-02 -4.441667894162719676e-01
-3.730764028723698722e-01 6.911009613785190631e-02
6.903731811093638537e-02 -1.927835812761480305e-02
4.959748117137832146e-01 6.539235820220412609e-02
7.091105220635940398e-02 -1.533033074779582838e-01
6.303688109228589020e-02 3.308678402578515421e-01
7.413508560565984506e-02 1.883746927234198898e-01
2.370503315373859721e-01 4.235407630564180792e-02
7.052301108225578208e-02 -5.280136639844679181e-02
-1.519731331812401720e-01 7.215530874363618175e-02
5.548911785753729564e-02 1.528297314974373933e-01
6.459231081079597203e-02 4.134310411804373864e-01
7.995595149659917578e-02 -3.384496168117132608e-01
5.912384190592601119e-02 3.852335638565295151e-01
7.419112603251354354e-02 4.057152256421394654e-01
3.626364865121288750e-01 7.085659865011351144e-02
2.656058938493321975e-01 3.842327157629021883e-02
7.224044991724509757e-02 -9.156152902103065205e-02
2.521947303676362884e-01 4.452029259965495367e-02
-1.490776115793676082e-01 4.801281634238807605e-02
7.415523488402331331e-02 -1.246258045343048293e-01
-1.636900194487286297e-01 4.253016157711719814e-02
-3.416628789083009377e-01 6.784663667763224382e-02
7.942646098503047813e-02 1.429561535007317641e-01
7.562951337000844987e-02 -3.763904272685503205e-01
-4.697604011964277015e-01 5.958215034908220797e-02
7.256135310114619763e-02 1.616471144314166608e-01
8.692200991382514896e-02 -3.639025548056149528e-01
8.747414489967164641e-02 5.668973563804902138e-02
-3.425525902864882122e-01 7.078608716878420637e-02
4.809638297635876469e-02 5.918674408601354298e-02
-1.134644408612379696e-01 6.920779525022913159e-02
-2.237939765846852502e-01 5.769506807200985854e-02
7.802455067778590880e-02 8.453998432650455808e-02
-3.325835559752600146e-01 4.715129379793936426e-02
6.668427802301435392e-02 2.114662955563647584e-01
4.359227652760676586e-01 3.910792516083083648e-02
8.333314443398409654e-02 -3.078000083040480783e-01
8.855900050895348929e-02 9.972263433956385370e-02
6.494655466607690553e-02 -4.722424064329111548e-01
-3.529999750657406565e-01 7.082834002666071882e-02
-4.729177807310870341e-01 5.432554655870358573e-02
8.176160031815593587e-02 3.795984148725128904e-02
-3.266398627734472537e-01 5.525281781133828396e-02
1.973095630211059159e-01 7.038423825670814260e-02
6.517437259642966385e-02 1.780010269468590423e-02
-3.951234734925959113e-01 6.523051983275662824e-02
8.889675527061169369e-02 -2.611972050618763808e-01
7.584321933027560192e-02 -2.361087294357546718e-01
7.971687815892325446e-02 -3.721111292392188519e-01
7.992460334217244000e-02 -2.288112211566970533e-01
3.098718968259366324e-01 4.890296029589191740e-02
7.669765027387631662e-02 -6.711637159614569637e-02
4.150609119656574197e-01 3.948778324347823609e-02
-3.888643656619127364e-01 7.200458301228729319e-02
-1.385502457213273475e-01 5.963364141940430407e-02
-4.381012027535463593e-01 5.431774803899669379e-02
5.631038358685425127e-02 2.455388770890887251e-02
-3.488543579434260078e-01 6.420880751034485634e-02
6.296011027352077516e-02 -3.036670504847057694e-01
6.138093391004662003e-02 8.378969687365234176e-02
8.705711794275727833e-02 1.176762410008251880e-01
5.425017843276458418e-02 -2.904197134964670024e-01
6.186588749186627822e-02 3.756309372301253058e-01
5.262978032052356703e-02 -8.882839495555461262e-02
2.639214618964373926e-01 6.043414780109401807e-02
3.664124183932321310e-01 3.903194753231986613e-02
1.259263360995612757e-01 5.477200029305651086e-02
-3.422475790610807200e-01 6.097482320399594258e-02
8.041864655975128340e-02 -4.569889783380098880e-02
-1.086749461397510386e-01 4.738911310273785649e-02
7.269779955867794463e-02 1.604466083844908741e-01
-3.667819150104157933e-01 5.836055337670031928e-02
6.758864842707523746e-02 -1.128887415204145039e-01
6.133385711824812514e-02 -2.372426283052710971e-01
7.922407240498874348e-02 -6.621749743165472601e-02
5.707653738410278788e-02 -8.886929463770898430e-03
5.432274410014081845e-02 3.766351262815789136e-01
5.588376826077789961e-02 -4.293345580547163198e-01
6.881393179811623462e-02 -6.425062868606778999e-02
2.529413093428386494e-01 3.949128181154792916e-02
8.406134810687637682e-02 -2.232491855873907083e-01
7.603314535729088774e-02 -2.855726205975004373e-01
6.293316927695891128e-02 2.590233648900175378e-02
4.484194613439134169e-01 4.924151606925486480e-02
5.357481607264236168e-02 -3.511601084161762865e-01
5.459881125531984569e-02 3.870629761672239599e-02
8.813158450000857513e-02 1.762497472764852358e-01
4.560688180172050021e-01 5.248801463524532807e-02
7.024731157116703706e-02 1.112242753798975414e-01
7.390773278980233840e-02 2.407010618900584653e-01
5.501930580120306669e-02 2.685510878522476830e-01
-4.651712178385898344e-01 7.136321444550886017e-02
2.765317915656860803e-01 7.025208511125125010e-02
2.437442053886251792e-02 5.088483798348575338e-02
-7.628017903275996492e-02 4.242186278638115926e-02
-7.499258396425101392e-02 4.416351615441027612e-02
5.871284162945344942e-02 4.162787105388943143e-02
2.242810353641682131e-01 6.932360264049175491e-02
5.541192835443331521e-02 9.703478008314181391e-02
4.808235879896328724e-01 6.339237600785585514e-02
6.535192731076400197e-02 -3.000775375136429668e-01
