3.264362381914204247e-01 1.408147667998015384e-01
-2.472485153863329677e-01 1.548585780551093860e-01
-3.989879012998354124e-01 1.692067228077233088e-01
4.482692727289929735e-01 1.626146231149577792e-01
2.881263030243832457e-01 1.724869845483802955e-01
4.227977292739674153e-01 1.496185799976393893e-01
3.280481388572601409e-01 1.392930849694679063e-01
1.006977849402638236e-01 -4.328331565222536259e-01
8.093201896955382058e-02 -3.386165379368221151e-01
-4.371962600982388647e-01 1.355643323478022966e-01
9.358535701434278486e-02 -2.457452120900808223e-01
1.333819320804892072e-01 1.750062489294692547e-01
-3.986104217357133717e-02 1.722636217815819437e-01
-1.288342445074037723e-01 1.422271190772634863e-01
4.871266480636480267e-01 1.282807773205402180e-01
1.039996919034330558e-01 4.221567237808406814e-01
2.663057474114823853e-01 1.664053299167603805e-01
9.079709878606845308e-02 -1.742656443871979377e-01
-3.618248289155552300e-01 1.293900577410755925e-01
9.244710903814079561e-02 -1.358024118283831516e-01
7.989847830251917138e-03 1.419195725536436248e-01
9.167609486452599210e-02 -1.837030271144153293e-01
8.822117307951804488e-02 1.507714845767159639e-01
7.528490304726864757e-02 3.845429276997291979e-01
9.701096229620675970e-02 1.703478293176637903e-01
7.743757963118558241e-02 -1.652393826670381927e-01
9.900690107316256761e-02 3.956430218431024048e-01
1.073582931280576691e-01 -3.035294800107539714e-01
2.548805620779049930e-01 1.440848065023765390e-01
7.905939481789137080e-02 2.090232058268225446e-01
3.717146650292412202e-01 1.411957007990151114e-01
4.435977616826484171e-01 1.537397046677836387e-01
-1.701758968233014757e-01 1.394983600137527091e-01
8.094871189249341903e-02 -3.840486421574123010e-01
1.056923542095736801e-01 7.232426108493927863e-02
-4.233023462786821289e-01 1.536318908055043231e-01
-1.948369428149389071e-01 1.828712292119533123e-01
7.423841443979362076e-02 1.914262981540604258e-02
-2.191455048764295865e-01 1.437022210760409147e-01
1.028935813755280648e-01 2.226712941306699944e-01
8.911791974976335240e-02 -3.274432318134324893e-01
1.239624641067064159e-01 1.742984664309038534e-01
8.181371023040195922e-02 3.919375713915033144e-01
7.965303970615056350e-02 4.007463846340231228e-02
2.032616628520248492e-01 1.589258906712539554e-01
3.456135086872487161e-01 1.339637722791630070e-01
7.412453073449642993e-02 4.894447422847504336e-01
2.011453783107401971e-01 1.432222934092202138e-01
1.550632869561285876e-01 1.397605396886881790e-01
9.421282114463680468e-02 3.940646880604050661e-01
2.757404942534735781e-03 1.288762824585583111e-01
8.357767542551175488e-02 -1.781053098590555939e-01
2.851545811088328497e-01 1.654456101012048430e-01
4.345149885431404124e-01 1.503296794698153471e-01
1.082208227771501718e-01 3.363684155255384223e-01
3.564544741810630191e-01 1.586082134264908960e-01
-1.349631426351520780e-01 1.649217852723711131e-01
2.015009262810811830e-01 1.370154075496865520e-01
4.804141440432485588e-02 1.334556674806093302e-01
1.031430297467447188e-01 -6.580960082153974877e-02
-3.341179117618469085e-01 1.598420882051129199e-01
-8.951384122115346731e-02 1.713725307781758245e-01
9.967832751180161210e-02 3.105793113913144499e-01
-6.789823876029277283e-02 1.816507541384196900e-01
-1.356551685299667298e-01 1.410486779852452299e-01
-4.528837055837685588e-01 1.711177083137248589e-01
2.192140607803622077e-01 1.663479055177601307e-01
8.913507020075606135e-02 2.841044459928733223e-01
2.857215324622142116e-01 1.500797218254182885e-01
1.071934683412557598e-01 -4.522398438220502914e-01
1.001354809027725778e-01 -1.699363438037035934e-01
4.335887337511266093e-01 1.351869029888709273e-01
1.100876724308376131e-01 4.872936877570210878e-02
1.061988379161408202e-01 -4.482534704937934933e-02
9.063684755996181952e-02 -4.695082089002323711e-01
-4.297252610525589267e-01 1.326106684148280479e-01
3.071973967547889650e-01 1.826831294759196922e-01
4.509657303552436769e-01 1.778701877462830483e-01
3.546467990049106955e-02 1.585269940611414574e-01
7.410454213248129918e-02 -4.134171151132514099e-01
-2.378666592956024672e-02 1.623551031667093136e-01
9.606623377030598654e-02 4.576764105188882992e-01
-3.646090461472137889e-01 1.312878411309085225e-01
-2.629959538610335823e-01 1.290674729873293458e-01
-2.804124255670091825e-01 1.430597490581821951e-01
9.102265103105611210e-02 -4.432420861463611805e-01
2.024345235224193074e-01 1.400032381082659816e-01
-1.745745004867881311e-01 1.786930780031884547e-01
-4.900511923835688677e-01 1.425402363282611828e-01
9.684583571184901540e-02 -4.522039654492718830e-01
9.821837077718253983e-02 -3.449983315067233214e-01
-2.087178880920664836e-01 1.283357223892322985e-01
-1.444739356654947127e-01 1.441475560641953813e-01
-3.268615393478702114e-01 1.776195806414216927e-01
-4.794814827300190041e-01 1.435810760068736425e-01
7.097738493565686202e-02 -1.291724722488761801e-01
9.470166708569571767e-02 -1.230820160913986827e-01
4.574334108997588633e-01 1.803204826635199653e-01
8.203659767974913475e-02 1.003389883552590067e-01
7.156414989828896456e-02 1.161147941247366866e-01
6.173262581538718763e-02 1.553342618521414975e-01
-6.448994587366796427e-02 1.822454448403014737e-01
-3.623833865968548729e-01 1.471103583532107351e-01
3.093122197678543905e-02 1.789916174570841401e-01
8.003051796418347852e-02 -4.863335825263093160e-01
-2.506789218139003905e-01 1.436772243988096998e-01
-3.785127799499792278e-01 1.594451301057864256e-01
1.099135775585978747e-01 -1.306395752189772885e-01
1.081345873862072926e-01 -4.909369985969590511e-01
3.627272843928827095e-01 1.828496386157383302e-01
1.032929115774019468e-01 9.600905681018567783e-02
-2.041692910582108000e-01 1.474907258751999573e-01
8.051633064715135735e-02 -4.428940158802497917e-01
-2.581443881646828808e-01 1.408152144706539266e-01
7.487485271988780777e-02 -4.826684187921983504e-01
-1.156597359785014323e-01 1.560539946235394160e-01
2.409426617133576531e-01 1.290685114215006646e-01
-1.129085441734430928e-01 1.548682079363375985e-01
7.513632533555258952e-02 1.299424702519798025e-01
2.133607333215923330e-01 1.411183242505857915e-01
1.291281643663455547e-02 1.340958174657730373e-01
8.597375184262801007e-02 2.456691174143650347e-01
9.418028692184277073e-02 -2.233104212807535127e-02
8.704803867731958356e-02 -4.742679849827567962e-01
3.682913683775794755e-01 1.319647914061088390e-01
3.016961818351693303e-02 1.501959346829347952e-01
-4.047440985105155153e-01 1.451484146442728607e-01
3.128556421254770070e-01 1.486867993317826375e-01
2.339968978580797554e-04 1.398582979574193308e-01
1.094040835510898813e-01 2.815571804663034028e-01
2.327023717709173489e-01 1.446661197182016467e-01
-4.499042240658718272e-01 1.551524443029913547e-01
3.133318876020743105e-01 1.717290350432690849e-01
8.051489445422832514e-02 -9.732203064132194381e-02
4.423644629584609911e-01 1.456487549834784012e-01
-1.336457286093172270e-01 1.590339044879974795e-01
8.990281994694293566e-02 1.980362830635857829e-01
8.950548972127114755e-02 7.052160530718332154e-05
1.010878612790885311e-01 3.779803732274957806e-01
1.286915632118311725e-01 1.382630016229603465e-01
9.562587591875171267e-02 1.681131539592106705e-02
9.317029188530734363e-02 -2.632377597322000939e-01
1.204742841765665817e-01 1.341096909351988664e-01
-3.516379927086535906e-01 1.726583036898636792e-01
8.763642254349313099e-02 -3.365179395310358146e-02
3.620802079931373374e-01 1.495916216425081657e-01
9.693603675712181289e-02 -2.721314449844258743e-01
3.785535685741625578e-01 1.799565987615178164e-01
1.046679634298538497e-01 4.113029466801170209e-01
8.580455469959502590e-02 -4.350128862085832493e-01
7.105502866319002298e-02 2.393431913623297325e-01
1.276922916158267363e-01 1.794810926899669257e-01
3.178972079267128326e-02 1.752786450820866815e-01
-2.888871038888706222e-01 1.624870612537751002e-01
7.015863329653959646e-02 2.625460693982107907e-01
4.612462260747872689e-01 1.453542411180959171e-01
1.089164115820731027e-01 3.907951782916756489e-01
1.053258636915368474e-01 8.512831182929725404e-02
-2.328610777586090919e-01 1.761021133634781410e-01
9.361778606076720521e-02 4.710474882701035648e-01
3.865277589835164340e-01 1.793218508757562502e-01
-3.337930271584318431e-01 1.510166438762863272e-01
-4.212406455721457998e-01 1.796663817137762464e-01
-4.735325406411567961e-01 1.310770031920056589e-01
-3.588595858504285419e-01 1.429564338507026688e-01
1.174672264233920238e-01 1.397458878864580312e-01
-1.860993074705377115e-01 1.556173947920496126e-01
3.566619190450254218e-01 1.748305076806714320e-01
3.334311728336704084e-01 1.763612879158726887e-01
9.949892390027181843e-02 3.779666489393660456e-01
8.900503622850652885e-02 -4.077002637791278250e-01
7.058034537749713344e-02 -2.757527677929717536e-01
8.323119606294460127e-02 6.249588109492321131e-02
-5.875489368112396527e-02 1.399987449060617895e-01
1.979847223704649384e-01 1.343255993275687121e-01
8.351646614013996661e-03 1.444861291660300973e-01
1.065018408454935228e-01 3.347460603811185376e-01
1.008374505367373164e-01 -2.398685468620354033e-01
2.193424645445649634e-01 1.458813227447403049e-01
2.575341932633408160e-01 1.564578334935035064e-01
1.103404979518298745e-01 4.948823959585292309e-01
-1.225239215554575489e-01 1.688372757616092290e-01
1.269187323204702400e-01 1.286044222661995029e-01
1.034429806191977663e-01 4.645703371809806193e-01
-1.987345517653564819e-01 1.388468863451156610e-01
8.502599305692115639e-02 -4.634046507969870055e-01
9.487351164562574102e-02 1.225434168765043852e-01
7.461830378907030603e-02 -1.347164868245777081e-01
-2.576512220357126681e-01 1.342029507503497143e-01
8.290416892480600985e-02 2.191780617355720828e-02
-3.655286228204538412e-01 1.772615400210068026e-01
-3.858959201445067988e-01 1.562472604226615713e-01
2.460102288010002081e-01 1.752369203866107616e-01
-3.430020021909728767e-01 1.782762353194646820e-01
8.187172891185601209e-02 4.139572402730654632e-01
4.914675913240070804e-01 1.644167081064126235e-01
7.556115972075772014e-02 -4.328551148101467128e-02
8.231232191294879375e-02 -1.082727289514606728e-01
7.500859285806427135e-02 -3.524284372179977698e-01
1.799605367932296529e-01 1.711453443808979014e-01
2.570249982153450796e-01 1.614740042505887763e-01
3.052813316642161157e-01 1.554526152554832619e-01
8.254128740787247676e-02 2.121188893893172223e-01
-3.766153173233242057e-01 1.403917193125210350e-01
8.030206569090503343e-02 -2.350928510442787944e-01
-3.697398578353614518e-01 1.496371109416371192e-01
7.918422791614299072e-02 2.352776837541590282e-01
-2.389164438061017748e-01 1.381191841562200429e-01
1.039680970357215184e-01 2.713776546176371873e-02
9.288425320397597496e-02 2.501422126194914330e-01
-3.037454618280766017e-01 1.568012918464932737e-01
3.962021825606388825e-01 1.561075651998734548e-01
3.381232414439115930e-01 1.456878226086899542e-01
-3.606752968419000283e-01 1.427876277166323371e-01
7.331284924165337724e-02 -9.232090383921986998e-02
-2.033398674453122945e-01 1.446443486294319847e-01
-2.996215338508986248e-01 1.408759440296328824e-01
9.393558336719587398e-02 2.754507150322715869e-02
1.239221514411341651e-01 1.347340188414609674e-01
-4.519953007987831395e-02 1.573802989433426003e-01
1.031399538083830336e-01 1.097830927037101167e-01
-1.434193770033004300e-01 1.695544272002439401e-01
5.983330437301492832e-02 1.497185213039633478e-01
1.089905982256061945e-01 -3.221029556484218404e-01
2.635778704319302612e-01 1.434788765057462001e-01
8.243112888804537963e-02 1.115767230382175290e-01
1.186519275299818821e-01 1.639075090750166108e-01
7.367039238113870514e-02 -6.744355050998829260e-02
-5.448122938071631172e-02 1.289059524298874493e-01
9.717672519666198383e-02 2.632003927757320394e-02
-1.682797825641513256e-01 1.389923478868601014e-01
1.102562987284027018e-01 -4.175389658804153914e-01
-4.431030688006976082e-02 1.505064095430153071e-01
-4.361286535831042643e-01 1.574847272274346732e-01
8.788886634467152348e-02 -3.837177903547873692e-01
-2.132592018090111452e-01 1.579851249757787679e-01
5.200294526855286925e-02 1.511214078706041297e-01
4.723090508392643327e-01 1.349075357539650799e-01
1.033597628914957323e-01 4.671660231880354619e-01
4.700050587597244256e-01 1.419194366302887200e-01
-4.022548590043375505e-01 1.662101109385519804e-01
4.542072062336418581e-01 1.583765975333898401e-01
1.029690262845927018e-01 1.194175950009176423e-01
7.882039358346537572e-02 -1.007757435320071338e-01
-3.569360306899030943e-01 1.663233109089263806e-01
1.053978188191230236e-01 -1.134011289901040165e-01
-4.692478430598887584e-01 1.471015046829978745e-01
-2.259657187604673378e-01 1.650307116189003720e-01
-1.454915434038815958e-01 1.797438305142489146e-01
9.811807204298106377e-02 2.354568779902906916e-01
-3.562619111404090599e-01 1.810077708422799248e-01
8.692552869800951321e-02 4.680324648866800441e-01
3.132173007901463135e-01 1.820784116306912725e-01
-2.388793022726622972e-01 1.381286179748834053e-01
9.390532670100737445e-02 1.865426885754322139e-01
6.198104076773658377e-02 1.687845657740287830e-01
2.845355891772094470e-01 1.486775996061667771e-01
8.582847990078046330e-02 -2.838121090158346460e-01
-1.698918533071419601e-01 1.718466540508558626e-01
8.537825973771129284e-02 -1.791687328575178872e-01
-2.062864393930722295e-01 1.473368532234590189e-01
3.896954060979641588e-01 1.518407314400986863e-01
-1.258062330392893946e-01 1.420829687442975997e-01
3.762860301809611840e-02 1.779182662442868601e-01
1.085123893655240979e-01 -4.259308279330777935e-01
1.096230111159786080e-01 3.261355473363297675e-01
4.231554879902929001e-01 1.481066793171342821e-01
8.046074068857200778e-02 2.061764472290514849e-01
-3.810596243623638468e-01 1.481027681818004593e-01
9.358078642954681392e-02 4.486484567709543292e-01
2.281274034968074904e-01 1.657516968155020587e-01
1.179918675320331678e-01 1.625064825367122934e-01
1.073306827983626643e-01 4.681669311504634834e-01
-1.932386369421480454e-01 1.309255720290176672e-01
-1.296961339533362345e-01 1.488302837623612929e-01
-1.870627284973358506e-01 1.768373674345249391e-01
-1.622424547300870268e-01 1.388561714117553247e-01
1.159109364303102518e-01 1.505179493760698817e-01
1.542497002294240804e-01 1.350262664967318837e-01
9.321058296235740226e-02 3.181604093723811033e-02
-1.998624977902202504e-01 1.405835486476579854e-01
-4.318074886787581779e-02 1.727951682701092118e-01
2.706959990584982823e-01 1.389911259629671436e-01
1.093676266636959271e-01 -2.001401356424193922e-01
1.336309253453260570e-01 1.740817374328738065e-01
1.062245756403187302e-01 1.954554011143322390e-01
8.014344964884012601e-02 -1.785426327942077895e-01
3.575112769603135954e-01 1.612436749115918611e-01
-1.649616984236805806e-01 1.773459910309391763e-01
2.937784121441322505e-01 1.475357650672439735e-01
8.179941616541530625e-02 2.047848659027019513e-01
-3.448734526507090115e-01 1.631488353653136603e-01
8.683571927625177711e-02 -3.541086949392137084e-01
8.767596223176843395e-02 2.739663008796803245e-01
-4.377665657353234652e-01 1.570074295595657032e-01
7.280874745464105402e-02 -3.201580942760919868e-01
9.604174090157102661e-02 2.222799927791150321e-01
9.188042519842609668e-02 -5.991239153307492682e-02
-2.464539256951103763e-01 1.515052356833316294e-01
3.003076613752138080e-01 1.464552323354344487e-01
-2.869264850742279105e-01 1.521112911907804843e-01
7.041223043090294453e-02 6.599141340736602857e-02
-4.163203130436227140e-01 1.436247820496484584e-01
1.004046376262707208e-01 1.685570288497835190e-01
-1.935050201045018792e-01 1.612960037654631584e-01
9.330423197245607536e-02 6.769144246631431105e-02
1.980404454073037002e-01 1.364605458267409421e-01
-3.716925989285347898e-01 1.506109368738766108e-01
7.177221552016699313e-02 4.770090395013546480e-01
-2.203780573273310672e-01 1.683532653231875065e-01
-2.483099196807306841e-01 1.391961351316399753e-01
-4.516928795474186575e-01 1.823719676231587705e-01
8.159142439262101476e-02 -1.767982682120060600e-01
7.040753938409849422e-02 2.674540883265670299e-01
1.001809599414046348e-01 -4.272601848895859478e-01
9.710747253963492032e-02 -3.655371731972538729e-01
4.969521734161431725e-01 1.281880880335624084e-01
7.965241918170484769e-02 -4.852608563533744590e-02
9.125138395730769680e-02 -4.257679721646339122e-01
8.992815977371082514e-02 -1.539600274024262028e-01
1.080085838961144518e-01 8.581045789659869083e-02
9.725051380854887739e-02 1.823064201927682149e-01
8.300540210774176586e-02 3.340640449128405853e-01
-1.911502277760261936e-01 1.428076013854864268e-01
7.927584712203727957e-02 -3.694539908596994326e-01
1.080561726482323071e-01 -2.922617623287664390e-01
2.455679546951865522e-01 1.514099155581422051e-01
-2.180696521004187316e-01 1.607891339188792790e-01
9.075699868525144431e-02 2.313641697038375522e-01
-3.332935384689376113e-01 1.762885438888358580e-01
-4.587697799554752986e-01 1.752243103753390319e-01
8.914117929600517964e-02 3.585235194474333253e-01
1.790370214526743053e-01 1.345574094507802076e-01
2.270110979652395500e-01 1.486965107776191397e-01
4.704535400731703065e-01 1.343492358938199738e-01
-1.547841863435079901e-01 1.771100266428372594e-01
1.023969639524376918e-01 2.675620610743609795e-01
2.338868458867238154e-01 1.773914298096975761e-01
1.625120869010077129e-02 1.521379553403470197e-01
6.555587764670789408e-02 1.797817508637945538e-01
2.140375624402830468e-01 1.419678651494050703e-01
1.716476101730728399e-01 1.347993820147936894e-01
-9.915114231346888740e-02 1.507342541060255892e-01
1.099507880171126661e-01 1.874521203670139746e-01
-1.016384908851674096e-01 1.822702747886706387e-01
-3.197336083653020689e-01 1.783320816096238826e-01
9.251437005025864302e-02 -4.069395311307690832e-01
6.713359338479674143e-02 1.708998930076752742e-01
-3.873347272018511367e-01 1.826168172207305318e-01
1.710889644096835749e-01 1.281141282929921799e-01
9.064087202300941115e-02 -3.511212097061422455e-02
8.026391197410032152e-02 1.810354642237004263e-01
8.691426761126497258e-02 3.363339675174171761e-01
3.966572761204144593e-01 1.620374473972222562e-01
-3.041033686377003775e-02 1.671994702534927990e-01
8.971848390961656428e-02 1.207485179624633309e-01
-4.254168614908629964e-01 1.501753780477521616e-01
7.522074134755141195e-02 -1.548138983957990655e-01
-1.722149312328744575e-01 1.566639814836167099e-01
9.864627837220918405e-02 2.905630514069507120e-01
-3.275571924736581098e-01 1.796949377852541385e-01
7.117212561479446808e-02 -4.869339810200287166e-01
3.833113461652184473e-01 1.659281048832194072e-01
8.870467823255023809e-02 -1.782581010110184661e-01
-4.797249873944977594e-01 1.680028649466990265e-01
-1.452062233371341771e-01 1.574138411700425344e-01
-6.233572453541103009e-02 1.727857707660436226e-01
-2.233651558891536215e-01 1.345129212456179779e-01
-2.579156256352636012e-01 1.629273460537106200e-01
-4.396231990610113272e-01 1.825708440034049529e-01
7.849564175102385910e-02 2.772737592484788571e-01
-5.311021588379893910e-02 1.695218675034674272e-01
9.416793495590536356e-02 -4.833324459981552801e-01
9.432631454946782679e-02 -8.581183201830644425e-02
1.020746850740066325e-01 4.008160930739301797e-02
-3.955776256650805900e-01 1.835180027049135854e-01
7.693938111152376358e-02 1.048746386339682868e-02
-4.445476037497150257e-01 1.430298902318402066e-01
4.020328235143988405e-02 1.656792163460776290e-01
2.313639746605991032e-01 1.607184551012850182e-01
3.026916291610682874e-01 1.296032986659509945e-01
-7.717420583308598481e-03 1.282147965388742428e-01
3.918506473724281403e-01 1.506697397835263796e-01
2.293481404895210130e-01 1.392428331710909850e-01
9.933061869151704748e-02 -1.079354950206390384e-01
2.700602619640377622e-01 1.675150473351186831e-01
2.593464439042425518e-02 1.704553585515080627e-01
2.300525429682487299e-02 1.557409991066610599e-01
8.675618313131239212e-02 2.766778343931368678e-01
3.812160527718145842e-01 1.757645551829774000e-01
-2.932681364609812658e-01 1.550992923716134619e-01
8.488392756836615760e-02 5.692028006318161637e-02
1.025538488093769018e-01 -2.833479114444860114e-01
-2.452510924105856249e-01 1.316936862469504366e-01
3.603978562145462305e-01 1.538767120866008087e-01
3.805811352219539145e-01 1.479326057355954127e-01
4.212458193334156498e-03 1.469630407647367631e-01
7.315767969620912137e-02 2.511383762680374776e-01
2.960768851602328944e-01 1.828322401957540588e-01
7.454491548034158921e-02 -2.024941141572483838e-01
8.173083138077619214e-02 1.363269291236789416e-01
-1.537702425777277560e-01 1.342769783591876154e-01
8.834281180616543327e-02 -4.740565549366712039e-01
1.048437933226111785e-01 3.587145533520430529e-01
4.972500989640682434e-01 1.718721597900996212e-01
9.685318294709543974e-02 4.218615864410111271e-01
8.560036274329896333e-02 -2.966653902311472413e-01
4.286652613549819524e-01 1.767515267663658518e-01
7.852962220503623136e-02 1.977978715547087374e-01
2.088438726948337321e-01 1.319934055754549140e-01
4.741880672760629967e-01 1.644982162836253758e-01
1.970574109844358546e-03 1.531311013182159453e-01
7.272231007759089039e-02 -9.226770807318884771e-02
7.218212862434481014e-02 -4.232124328702917548e-01
8.932865578190885003e-02 1.531073628847579027e-02
1.026056926473793984e-01 -4.035548256615534291e-01
3.569206387111599765e-01 1.653097406136920799e-01
-4.697682716967018779e-01 1.692732548766028300e-01
8.852058115850747200e-02 2.872268360217824501e-01
-2.631784314917127166e-01 1.716702247244019652e-01
2.777869387565381487e-01 1.339142182184358543e-01
-4.878100646333368706e-01 1.803444656796265866e-01
-3.540421025674654887e-01 1.604507244872939165e-01
-2.732884460161700835e-01 1.541135638463351221e-01
3.535879803728634307e-01 1.454611226798525614e-01
7.377270085415432721e-02 1.860086634274504824e-01
2.091419791857778154e-01 1.800033541370963386e-01
3.628521628439881352e-01 1.609836102914768974e-01
1.096781049359446536e-01 -6.522324806498724925e-03
-5.817402020257644857e-02 1.403678686192890712e-01
8.228287353365693058e-02 -2.407272727854955496e-01
4.514373925721040237e-01 1.746039553543499157e-01
9.158222006288785355e-02 2.616644484361715373e-01
8.617093008223664086e-02 -2.323376403868258055e-01
9.188898850173177202e-02 -2.947037327328378975e-01
9.185927296854579094e-02 -9.675178937771711229e-02
8.723459556071588850e-02 4.317530937701770100e-01
-2.516280535112872530e-01 1.578737926508007039e-01
9.178612187422185986e-02 -4.537730268779004428e-01
9.680157744860995450e-02 -4.750669959402006315e-01
8.567800058306185296e-02 6.697631188734987084e-02
-1.445440734083859313e-01 1.645545991049878198e-01
2.291195027831823827e-01 1.335249013447925570e-01
1.019183486594378296e-01 -3.402884942319228667e-02
4.049165147218369842e-02 1.383450814784188410e-01
8.234632843234612753e-02 4.880384269187080237e-01
8.310987031000927061e-02 -4.707679288542938600e-01
-6.472986292198157354e-02 1.405284181818279299e-01
4.584344795365822289e-01 1.796297329780365271e-01
-5.429491458402091464e-02 1.809427878226884667e-01
-1.564768907221322225e-01 1.423230232472685319e-01
2.050364473598000892e-01 1.794586728700321432e-01
4.157201899147600077e-01 1.338863249802013655e-01
1.936208755731764208e-01 1.595703576589962980e-01
8.598615562269928958e-02 -4.334443271601073899e-01
3.055127648265016926e-01 1.471386998217911746e-01
-2.280496596832216616e-01 1.638463326405943388e-01
8.733542887958012368e-02 4.953211526721884583e-01
8.224795543215357441e-02 -2.424007414779728586e-01
1.068411371147029998e-01 -3.478446150500016376e-01
