3.854115871432117757e-02 5.550411015929279657e-02
-1.637149500420949089e-01 -1.223777668666650165e-01
1.615737568052700857e-01 -1.312237615765008414e-01
1.698637584796590660e-01 -1.317226792000054658e-01
-2.617162698732351522e-01 -1.480430468068359984e-01
4.908082403115295866e-01 -1.493282915199589667e-01
4.179093489743002099e-02 4.407430495403718007e-01
1.155932020001140259e-01 -1.228761945893590557e-01
4.113468470201808724e-02 -4.128088740241534493e-01
-2.778432039792827490e-01 -1.510519053673941015e-01
4.698978107401230453e-02 -1.709296890883361675e-01
3.722947161454004394e-02 7.677095148658652501e-02
-2.520208500982606958e-01 -1.456395754321215819e-01
3.546511582139055818e-02 -1.583841632254361365e-01
3.873910568893650375e-01 -1.452329640421272661e-01
-4.668709634863266178e-01 -1.383933644523737128e-01
1.912211757772501741e-01 -1.129941191359229435e-01
-4.293617877796617188e-01 -1.452976047379869184e-01
-4.180960269962981091e-01 -1.455676598873814065e-01
3.975592951938133890e-02 -2.251344402617827534e-02
-3.617002159302926678e-01 -1.297407433891791806e-01
-9.146498191074570183e-02 -1.287288715528943639e-01
2.684572929505424366e-02 1.004349067049113975e-01
-5.371726113115271595e-02 -1.329356017167417914e-01
3.114203738436454039e-01 -1.185840485145398526e-01
-3.114497494614768547e-01 -1.595881545936894685e-01
3.422991055041990638e-02 4.924224335195869218e-01
5.399912236099924101e-02 -1.560624593427225593e-01
-2.326485889277600805e-01 -1.402987620622643261e-01
3.003399657660665856e-02 -3.765829432779179697e-01
2.000351491855468788e-01 -1.180996566320079433e-01
4.570264421971834690e-01 -1.210264025561051948e-01
-4.606168868882448697e-01 -1.629884837792135999e-01
3.265220637457014741e-01 -1.475931795968944416e-01
2.295728811737307584e-02 1.752219192507120660e-03
-4.484947277966409018e-01 -1.553849763004562234e-01
2.318090601335874856e-01 -1.440842136750133395e-01
3.081032631050706350e-02 -1.909639397647948655e-01
4.887793619343161478e-02 3.685349001826425663e-01
-4.706650094120609085e-01 -1.207311421463355128e-01
4.054630899080302608e-02 4.596139150995089961e-01
4.857563717882001919e-01 -1.430022863494344598e-01
-3.132470265530142850e-01 -1.186905135975523384e-01
-4.741079316651694020e-01 -1.334209893930442536e-01
4.251014857203383457e-02 2.654481048374409680e-01
2.520554318010781447e-02 -3.027176548388600397e-01
2.800238098324914215e-02 3.306420044229618771e-02
-2.167766054359796524e-01 -1.304633093764738794e-01
2.283304295441979104e-02 -4.058320166916801197e-01
4.786363504550750214e-02 3.688264764613370383e-01
4.414007057129298861e-02 4.056948586307650428e-01
-4.036402467772098879e-01 -1.209417087258941592e-01
-8.296672634801927071e-02 -1.389249630894925369e-01
3.194612775507776892e-02 1.883065543679030007e-02
4.018816139288416966e-02 2.739727536835102617e-01
4.453483212234876643e-02 -4.238352312283121259e-01
4.653061812193659552e-02 -3.209366049359114736e-01
1.159708069526015350e-01 -1.443805281610414104e-01
4.455455718320838754e-01 -1.239190814345102476e-01
4.039247746206420242e-02 -3.001394428221761945e-01
-2.383524383449349138e-01 -1.474410716559917400e-01
4.811727158965617424e-02 4.344101976248905261e-01
2.734888174737627464e-01 -1.596575008956278019e-01
2.196092845874141330e-01 -1.294613637043585674e-01
3.917377637003993662e-02 -3.928449425051154797e-01
2.316776970023626259e-02 4.382244475846089893e-01
8.221236193703229667e-02 -1.293241039016096439e-01
2.651609366245255561e-02 7.172043627871527161e-02
4.600205760894215956e-02 4.522842040578765044e-01
-9.352376397612760517e-02 -1.169866523759738319e-01
-1.544669223469525843e-01 -1.420024781788351564e-01
5.199734130580024871e-02 9.465626976831043038e-02
3.648811275934005227e-01 -1.214445532617344226e-01
-3.026399157557841946e-01 -1.229600230254884741e-01
9.114386619269565504e-02 -1.618398184885317947e-01
2.895875974040751366e-02 -2.155915943213437824e-01
2.145626938501788983e-01 -1.358666025189817494e-01
3.336412190607185302e-02 7.993718739882971214e-03
3.391752551965431239e-01 -1.299357779019185699e-01
2.678648395301741481e-02 -4.942096891086498189e-01
4.711590936595511092e-02 4.735049092464790332e-01
3.108805199289221832e-02 4.962810337167061769e-01
3.103390005574124810e-02 1.039091276897918803e-01
-4.682547224857507295e-01 -1.328758674136604201e-01
3.033706281900105939e-02 -2.178653720231462643e-01
4.152779570830167355e-02 -3.533426415295310985e-01
7.562879566331437431e-02 -1.355619353871031496e-01
2.096774364136685387e-01 -1.256161458011865184e-01
4.169709339512905899e-02 -4.711086867491759422e-01
2.323001991578743652e-02 4.062218202702529979e-01
-4.309916904280348682e-01 -1.498354488396589357e-01
4.042388179078248989e-02 -2.741796166360466191e-02
5.165183125535588449e-02 1.565029648784266314e-01
4.652742406565117950e-01 -1.134562789624565804e-01
2.362058843753556125e-02 3.734589909233378968e-01
-1.893788143156488468e-01 -1.475432177657258759e-01
3.851678133845737317e-02 4.913786963094717297e-01
4.899646160069992540e-02 8.863697199973175067e-02
-4.319454132939019031e-01 -1.394301203158931912e-01
5.102681342633708095e-02 4.579781439764640805e-01
3.026740698631547044e-02 -6.595256877650046423e-02
3.901696263324949676e-02 -1.706242246993140421e-01
-4.970061666545376733e-01 -1.564355652436427713e-01
3.034952303756732750e-02 -3.241610827465966072e-01
3.054757698662302623e-02 -4.942024170053205268e-01
1.418371992310774043e-02 -1.536098663944307496e-01
2.703134581123789459e-02 3.057710290333626180e-02
-3.390363937347680157e-01 -1.463295531813055828e-01
4.993773354154051880e-02 3.771816624907072812e-01
-8.187717931518068148e-03 -1.262363800747083875e-01
-9.152886009408556234e-03 -1.204469152227862772e-01
3.771987266358334256e-02 2.475044375244969119e-01
4.785857483540157942e-01 -1.248756212002672950e-01
2.772907498476273602e-02 1.953775362714796904e-01
3.927083709164145287e-01 -1.590525842651305810e-01
-4.109941578219742375e-01 -1.618261718691687001e-01
3.091084687828904443e-02 -4.837645954691331962e-01
2.795103986301039622e-02 1.798199124670329940e-01
7.797216711059118399e-02 -1.393711782713843439e-01
-4.678694235202957019e-01 -1.268202247155798545e-01
1.056848344767258308e-02 -1.288551819304709634e-01
-1.063818080961314028e-01 -1.614536821857133209e-01
3.302623496327489194e-01 -1.375037453116019215e-01
3.695330600121304876e-02 -2.614993199518751421e-01
-4.221376087967732005e-01 -1.249036375725485204e-01
4.174696657883592010e-02 2.817406225468166436e-01
-1.043922706646417398e-01 -1.419761859519917957e-01
5.153412946920854498e-02 2.684955397570413238e-01
2.401207786493830820e-02 2.732958757216749079e-01
3.963643574333294284e-01 -1.341469638807071263e-01
-4.795516452039011446e-01 -1.320228863748991177e-01
2.401427396908339951e-02 -1.050251018503367550e-01
4.152247478327224517e-01 -1.602381747165302350e-01
3.631099437366175353e-01 -1.447645975879271463e-01
3.413008033470654734e-02 -2.713698767972521075e-01
-1.823852257713810543e-01 -1.124681873643671448e-01
2.971983235297270820e-02 5.094990135233956607e-03
3.171692781570856212e-02 1.985924218279154774e-01
2.840237024901166585e-01 -1.539198333457051371e-01
-3.048505941526198360e-01 -1.479511980980663388e-01
-1.363100152755156724e-01 -1.562884375075285215e-01
1.503602884419076302e-01 -1.339167706262835988e-01
1.522897358488499719e-01 -1.405236972835564035e-01
-9.020930353408684876e-02 -1.599295688861207543e-01
2.179725991634648974e-01 -1.286335408278738157e-01
-2.673544407690160440e-01 -1.361094093799912752e-01
3.385977768873638105e-02 1.427786425211023946e-01
4.073804833130534320e-02 4.772082248710769470e-01
2.865223860639174447e-01 -1.334829443193925602e-01
4.869087519235706374e-01 -1.446181566597847246e-01
6.026051172379454091e-02 -1.629903836918549231e-01
3.853111459978875164e-02 -1.274906276615498379e-01
4.874108506624241777e-02 1.751442930560471734e-01
-6.926896850667252359e-02 -1.377149963779287223e-01
3.355511676464417725e-02 -2.012870141623127607e-01
4.325961638610614779e-01 -1.547307013889533955e-01
2.545515361014183409e-02 -3.650895459783365382e-02
2.999721777724340122e-02 3.818512712046793212e-01
1.129458911474978677e-01 -1.530377797558822861e-01
-2.371989367965545714e-01 -1.489736593143655696e-01
-1.023377671032430491e-01 -1.336200040360924213e-01
-3.143003359913214556e-01 -1.228376542403153415e-01
1.798747192841511078e-01 -1.559936033555208157e-01
-4.087713809086612748e-02 -1.173510412821511251e-01
4.274171948713756386e-02 -4.491234077675004821e-01
2.520891301417105268e-02 1.219540203867869321e-01
-3.508172968167612149e-01 -1.388447203603390134e-01
2.891008153809050407e-01 -1.276571469526548430e-01
1.870867182572457654e-01 -1.234915769016559084e-01
5.438764927473771493e-02 -1.557195351875287903e-01
4.332590266098645948e-02 -3.822973399204199207e-01
3.841397018630032800e-01 -1.165901857066987679e-01
4.808160718239018472e-02 3.266174938346475543e-01
3.359787823183966182e-01 -1.265782986170300717e-01
3.081221718005411336e-02 5.929526374616256312e-02
2.281799803175696972e-01 -1.479065823099976473e-01
2.892354681146747097e-02 -3.194341581184226841e-01
3.569778719236327280e-02 2.974849424783760909e-01
9.429749300860867933e-02 -1.545558189422358009e-01
-1.117378366417131064e-01 -1.170741826835248744e-01
-4.895805796056422743e-01 -1.216477707377153772e-01
3.902371372253676807e-02 2.238453898889755100e-01
1.648075926535877977e-01 -1.566911846579709389e-01
-3.153760948048512924e-01 -1.584159415362685897e-01
-1.549380389003757186e-01 -1.424654615814798797e-01
4.777431288147728772e-01 -1.141581613912396875e-01
3.366515054112717564e-02 -4.608926992130567557e-01
7.131360689848309509e-02 -1.409317899105991811e-01
3.034646356935555289e-02 1.295550467909979409e-01
-1.871072912448590309e-03 -1.477875930455933018e-01
3.776886220730857335e-02 -9.993539182297661583e-02
4.993009184393315536e-02 -7.053446426127940594e-02
6.016297702972561723e-02 -1.416161591615696658e-01
9.811773834237369485e-03 -1.295914800272520706e-01
4.933121489072453958e-01 -1.616939584235038696e-01
4.513290931826408059e-02 -3.151348398899629366e-01
-2.044106262849829658e-01 -1.303711356054368942e-01
-4.681242758762413914e-01 -1.285604316879601638e-01
-4.994836460321150362e-01 -1.549952510035496056e-01
-6.658761217047892700e-03 -1.546714435868107307e-01
-5.178300991910023132e-02 -1.601821188879706259e-01
-1.649029530608068228e-01 -1.216244618892837748e-01
2.940058514591603611e-02 -3.685409730758651969e-01
5.036985733241927665e-02 3.664493769177957772e-01
4.077162992412641795e-02 2.577029962050855216e-01
4.459894990238300050e-02 1.735112177972292224e-01
5.055339725849361532e-02 3.257542910296182814e-01
4.556690280910002944e-02 -2.466122030617521332e-01
1.126169750131424951e-01 -1.334595080446075999e-01
2.116350820168277913e-02 6.427538255835030245e-02
-3.372385302388405393e-01 -1.368902872065387299e-01
-1.352780856652532337e-01 -1.210078466616479886e-01
-1.516611147116641023e-01 -1.197565143549487177e-01
2.601402153224452451e-02 -1.507345043006991236e-01
4.474169594165117170e-01 -1.577477673270780700e-01
2.750930532342965584e-02 -2.565940636286377918e-01
4.098502881110732687e-02 -3.609507376831270209e-01
-4.451925025504781530e-01 -1.340910453242574185e-01
3.912248300432946690e-01 -1.396512809001082545e-01
1.432682009190924255e-01 -1.372058614381383990e-01
-4.463758453504587109e-01 -1.617411868982076006e-01
5.956883164944415388e-02 -1.370810451707998867e-01
-5.133669347842251263e-02 -1.246926029883818066e-01
1.639302461255015553e-01 -1.424333900866662228e-01
-4.285477344756796203e-01 -1.338441390753475346e-01
3.774784482179880385e-01 -1.379438826681067543e-01
1.426519908733839825e-01 -1.226621717735614236e-01
3.356097826963599928e-02 1.765087623431489394e-01
4.120185146842614277e-02 3.921973541565419996e-01
-4.771010552557183315e-01 -1.127251050329748372e-01
-1.734355693083573513e-01 -1.245286997361404469e-01
5.056074596687876177e-02 4.637752271551339733e-01
2.379359655676518415e-01 -1.135981372429890612e-01
2.471180586336607643e-02 -3.296148147774273784e-01
4.553346166947391804e-01 -1.439854249914722661e-01
3.754103176564138611e-02 -6.302714124622110781e-02
3.240279684787994441e-02 -1.584208694025006636e-01
2.792268499860547371e-01 -1.364724554104672638e-01
-1.639652194194236579e-01 -1.136910991006773175e-01
-1.222940097659660497e-01 -1.404734719547114929e-01
1.094286279356171399e-02 -1.552192763817908938e-01
-1.661747651003520065e-01 -1.121072545381223140e-01
-2.246439230257634145e-01 -1.310453970613297825e-01
4.182301336162618233e-01 -1.253083591212326153e-01
-4.233956618153972284e-01 -1.290992555664945973e-01
-3.207266430750338460e-01 -1.619866403598058113e-01
4.338032381590228859e-02 3.494149524714548205e-01
4.307539023277592305e-01 -1.409802394578495432e-01
4.382698538512463937e-02 3.446278270701862434e-01
4.458981274264428585e-02 1.510390141141250142e-01
2.768409667258320273e-02 -1.197311904052943410e-01
2.962555153338009006e-02 -3.140014997861565460e-01
3.404152550660644039e-02 -4.417579970458771488e-01
1.455845414231906609e-01 -1.593612963215665923e-01
4.102695155280919881e-01 -1.469347931880270464e-01
3.930241640844767126e-02 -1.878887946094693895e-01
6.827216194148577610e-02 -1.478204121244951486e-01
3.601433720350586398e-01 -1.438105510195042402e-01
4.236620288198613693e-01 -1.402445883298514273e-01
3.533048014512241153e-02 -3.241782259575410885e-01
3.876003735328681366e-02 1.595567026513733389e-02
-3.122231144484088894e-02 -1.614725066435332979e-01
2.859626702324522540e-01 -1.220180402207575732e-01
2.253761629006001410e-02 -2.316194384581986565e-01
1.067350190250349051e-01 -1.545878816354089302e-01
5.084997650936717850e-02 -3.555077221476309335e-01
4.672720907430127912e-02 1.975086732275255219e-02
2.290110851124105285e-02 -4.150326664621660777e-01
-8.238832318736799554e-02 -1.154624267074213506e-01
5.174296516470788809e-02 4.272760226815908169e-02
-3.595062862097375689e-02 -1.462379116404696200e-01
-2.391368808579028560e-01 -1.615379063620168143e-01
3.138666500945415105e-01 -1.627356715496005579e-01
-4.225323860777162599e-01 -1.347458938605208267e-01
4.982454241439282505e-01 -1.493146089467424220e-01
3.492108200678023522e-03 -1.214894907298211812e-01
-4.698520625963140684e-01 -1.326707506611704002e-01
1.524990013080979034e-01 -1.608229405927633637e-01
-9.433876056051415659e-02 -1.216326122671550491e-01
4.422931310140635341e-01 -1.253774390233485247e-01
3.884653833206341833e-02 1.159519032918333581e-01
5.904262886271838262e-02 -1.351558321826749065e-01
4.882102449655592036e-01 -1.531585635953351954e-01
4.617776472669654630e-02 1.397253353206187043e-01
-2.877325248018850479e-01 -1.556578107244083187e-01
5.041756489941806585e-02 4.404064392498808767e-01
2.499501026515615898e-01 -1.291992467231691810e-01
-4.089436632642710068e-01 -1.548312805450519081e-01
5.083054822043386878e-02 4.177601299716637850e-01
3.089714423035700985e-01 -1.622793276509928440e-01
3.360042668183593761e-02 -2.843075095517777484e-02
4.374017183649192564e-02 -2.979311632039768343e-01
4.919814009190792703e-02 8.489483920176976728e-02
3.416027504506791157e-02 9.946194351432358083e-02
2.415183223174033333e-02 1.293425818220445001e-01
6.351467653668918523e-02 -1.384756202710837325e-01
-1.203398400583581829e-01 -1.222660202065758428e-01
-5.513000549606195122e-02 -1.229485981157006913e-01
-4.708091821416822143e-01 -1.630436326797615187e-01
2.770360665342930240e-02 -3.183160410698685494e-01
4.592755513698189018e-01 -1.319284481053517588e-01
2.183925125610142182e-02 -4.903846825241275909e-01
-3.416032448699584112e-01 -1.476885193667744067e-01
2.586004709561822157e-01 -1.622779073866335020e-01
3.564411299631853325e-01 -1.560333335011465650e-01
4.754811553546378633e-02 -1.192014862776311634e-01
-1.303977422716647849e-01 -1.534060648024544449e-01
1.123611914329947226e-02 -1.447202116869170663e-01
-1.938413875402547060e-01 -1.432623814733916534e-01
-1.758709324217173631e-01 -1.165147832011866891e-01
4.389128511200801608e-02 -3.709197603082158290e-01
-3.317682871542385614e-01 -1.418260663869366223e-01
2.704070615623010987e-02 -4.165336498484628613e-01
4.538087102098491421e-01 -1.382111465886033397e-01
-4.021544661455189740e-02 -1.470040567552624022e-01
3.046275907036642971e-01 -1.350014445964149434e-01
-3.649962109897736395e-01 -1.566700881597922201e-01
2.930614701421722090e-01 -1.397756486169734469e-01
2.891124088237588818e-01 -1.368592774138923662e-01
3.844656852698256078e-01 -1.129206957951587320e-01
2.366300641374596836e-02 -3.589103588301574277e-01
2.258309754119713908e-01 -1.563371471764880560e-01
-2.325991480181008875e-01 -1.468413276110357435e-01
-1.951561442443584538e-01 -1.371386093359168168e-01
2.761021319102222593e-01 -1.325120449866803440e-01
4.910904166302620943e-02 -1.053413140780895541e-01
3.535046795349772175e-02 9.442271858360062886e-02
-8.005126023559172577e-02 -1.271377731491750707e-01
-1.658449836171870251e-01 -1.387943808527936085e-01
4.046244680924115933e-02 -2.834084099914652155e-01
3.403557919018473932e-01 -1.428433581131394181e-01
4.870479712615827239e-02 2.257936742411802422e-01
4.463139779512659278e-02 -4.670283772918758514e-01
-1.223473647428622302e-01 -1.313599813075227996e-01
4.559538024464981909e-02 1.168717037834450245e-01
2.319460801739381406e-02 2.437632831360979635e-01
4.697285100242132305e-02 -4.225010557981458970e-01
4.809999216467091276e-01 -1.370309583668921638e-01
1.623118321770053996e-01 -1.552370491937512531e-01
4.629951408267030111e-02 -6.712712791083019770e-02
-2.261450438412256903e-01 -1.121019910417280219e-01
-4.431085920177186832e-01 -1.526702128455639240e-01
-3.537863783248994531e-01 -1.524404201533772207e-01
-3.577009356679301533e-01 -1.470860708628811686e-01
3.969638965067292524e-01 -1.555649847737161640e-01
2.770522041691025894e-02 -2.490117077836577764e-01
3.998012568840403347e-02 -1.793400799048356919e-01
4.441145584265793200e-02 -4.644586203900024080e-01
3.046685410285454587e-02 1.644239208402733521e-01
1.079779157818880897e-01 -1.146687002009201262e-01
4.616712797012658687e-01 -1.251996230226110063e-01
3.765592759871805306e-02 4.892577985332791091e-01
3.951423439790435754e-02 4.405121343805260548e-01
4.928145343358214525e-02 1.326512976810777511e-01
-1.235955483387953802e-01 -1.259277360078078223e-01
4.410363156314204280e-01 -1.177700225541796764e-01
-3.437944484646625609e-01 -1.297121534217726690e-01
3.919878398462162128e-02 1.156058359549338999e-02
1.861257486356646673e-01 -1.425433408466698637e-01
1.739321702741514208e-01 -1.482188588692834319e-01
1.759573758066702576e-01 -1.290263678178261708e-01
2.624811670252755746e-01 -1.626935227811442397e-01
3.834490666877132803e-02 3.284516234573781057e-01
-3.833506798265856608e-01 -1.262143146114683701e-01
-1.364669862314127347e-01 -1.436680737302792332e-01
4.975898807939349577e-02 -1.087840076649280174e-01
3.138397000234094403e-02 5.240936567488374553e-02
2.631832077155393801e-02 -2.139847992919047259e-01
4.070552607669353229e-01 -1.517581985451460502e-01
-1.731581121382440580e-01 -1.569218237612928224e-01
3.795583709657119886e-01 -1.210914146666972613e-01
3.207324638670061567e-02 -1.557821210451965088e-01
-4.073145212512458979e-01 -1.418169023630583281e-01
1.406336264229852695e-01 -1.587563232895328191e-01
4.383028174354075546e-02 -1.645862125519890196e-01
-3.313508679169241411e-02 -1.303494582320653405e-01
4.234368209016712292e-01 -1.358763092370972592e-01
3.953274209551760343e-02 3.564005748464806889e-01
1.284507464520516784e-01 -1.200854021484005774e-01
-1.255623539749531892e-01 -1.142154614350856523e-01
-3.969019234907539273e-01 -1.205825866631319299e-01
4.256132336093099156e-02 4.196259605516509117e-01
-3.815793281226935729e-01 -1.418454748830121348e-01
-3.841084661083683516e-01 -1.466480729624328738e-01
2.407464842159745544e-02 -6.981005595597888913e-02
9.720993469899863459e-02 -1.481976701857088408e-01
2.862853091520256577e-02 -1.528949829740067212e-01
3.065582713382699609e-01 -1.173090461815804453e-01
3.515445887519096368e-01 -1.293816297438999952e-01
4.411813644067796858e-02 -4.622023836536733876e-01
2.241170428101912915e-02 3.469674045347382885e-01
4.054286054011746465e-02 2.029969262566346799e-01
-7.893318721358622003e-02 -1.250941318136814528e-01
4.526090402408844415e-02 -3.105792599861634251e-02
-3.911306207630178555e-01 -1.435092420695426307e-01
3.937366037566980559e-02 -2.820274751372127131e-01
-1.476228221778255190e-01 -1.163483815657769815e-01
4.133633832695304822e-02 -1.061538113742217515e-01
2.413166936262119977e-01 -1.495183868146890971e-01
5.050095334414006487e-02 -4.780755607090941828e-01
3.127723732734757345e-01 -1.325753423068348757e-01
3.680215898635630367e-02 3.902557871759283481e-01
-1.646335596917403166e-01 -1.345263296916722195e-01
2.856383997724286639e-01 -1.432829273258969804e-01
-1.484067104821018557e-01 -1.604965523991001008e-01
2.177443686654023658e-02 4.974057728717515836e-01
