2.290184935602975758e-01 -1.058166544530189102e-01
2.542368440653178796e-01 -4.959758793608991523e-01
2.749977098683930032e-01 -3.387457659472042915e-01
2.549164576541137484e-01 -1.401085268845314591e-01
2.563162926069041392e-01 -4.702085699536272534e-01
2.628711803810866998e-01 -3.519095013767452595e-01
2.319707690178214321e-01 4.101816769619943681e-01
2.456254063204358351e-01 3.761944741452419860e-01
2.518561270592220014e-01 1.355746376151724109e-01
2.661127929908631007e-01 4.682637513360444759e-01
2.550670248791873096e-01 -2.732779715874260607e-01
2.515763111757102211e-01 4.446760373810482170e-01
2.770815090444079809e-01 -1.105890623697369790e-02
2.031278965227245603e-01 -4.375513582767279752e-01
2.656773491762156603e-01 2.221647633961366664e-01
2.724039510911742124e-01 1.703058647416393345e-01
2.031871171085766203e-01 -1.356387694893426143e-01
2.440985343423248688e-01 4.301839886161357152e-01
2.250317388626362769e-01 1.816736875653569561e-01
2.510055990548160088e-01 2.924751584093959744e-01
2.625027009968853298e-01 -4.247154135545572196e-01
2.741259074462942813e-01 -3.790171818921502789e-01
2.277897664528240051e-01 3.261795001329672594e-01
2.639352740934317598e-01 3.351414675725261638e-01
2.484630918592882765e-01 4.787326916720446857e-02
2.735784603874005239e-01 7.720647571634253747e-02
2.623688041256209136e-01 -1.648723060513657135e-01
2.689314757437006875e-01 -1.893926611411966832e-03
2.612035701681560962e-01 -3.401557626723883399e-01
2.527085741317585121e-01 -4.533486135120167182e-01
2.584148308886605738e-01 -3.196160937193497364e-01
2.582554561988165132e-01 -4.242658267644241477e-01
2.708905487484448704e-01 4.904861264750133287e-01
2.685672930984098761e-01 -3.286601535441336930e-01
2.498264617571637203e-01 -3.712681245020088561e-02
2.388914390794159015e-01 1.995321473618211217e-01
2.294126976454473610e-01 4.193743610266039701e-01
2.407651065272329305e-01 -3.171752330029788958e-01
2.073766674967111312e-01 -3.346873909498911948e-01
2.439039545214582994e-01 -3.276498475877843708e-01
2.580884468933611897e-01 3.645260693867146129e-01
2.533834139238876348e-01 4.833801084324320652e-01
2.538660737484536023e-01 1.291381107866683697e-01
2.225290989789305840e-01 7.398347762212453826e-02
2.371967086945858671e-01 4.881223029398198410e-01
2.175551168067582086e-01 1.187958668674519158e-01
2.710986166819140397e-01 -3.357708779370853769e-01
2.456951495535844021e-01 4.006801510629713903e-01
2.061913285150605013e-01 3.928264975584249141e-01
2.671341548438213032e-01 -4.293018703456745744e-01
2.449429010175372401e-01 6.222469230734584134e-02
2.574704098520764761e-01 -4.591309236675777949e-01
2.492257159229511743e-01 -3.502442928948695799e-01
2.535351554824136766e-01 -3.634829827398096125e-01
2.087243005408390140e-01 1.113390030212433324e-01
2.654310265731255614e-01 -4.147748166384622737e-01
2.204300972957839999e-01 6.985401323986373257e-02
2.279083993109081163e-01 1.365166638593321435e-01
2.711938048911558541e-01 -4.508260020253668232e-01
2.080370935903731455e-01 3.126911684822787363e-01
2.362867821429350812e-01 3.097940147325481952e-01
2.728724354427711773e-01 -2.267686167753524273e-01
2.724926788177962633e-01 4.233431514735759293e-01
2.735023526173105957e-01 -3.266510875519824664e-01
2.192546808162654237e-01 -2.353287164728401493e-02
2.087658789639980084e-01 -3.634746812081124379e-02
2.244483310382155983e-01 1.751890529252144724e-01
2.052048292871925250e-01 7.700814228134844619e-03
2.604879366328167745e-01 2.074715958313027020e-01
2.709201970615210397e-01 -3.876456829491028433e-01
2.253486463511150673e-01 3.178013041556634333e-01
2.275725404026368581e-01 2.848543182718519251e-01
2.503815780577191008e-01 2.813461353643733620e-01
2.524044544808671242e-01 -4.066876581941863966e-01
2.495421771772706743e-01 1.801832864309108606e-01
2.309698196591049024e-01 1.621515988122035345e-01
2.726930977037616000e-01 2.885695377682904184e-01
2.106711934601553926e-01 5.687845837387939252e-02
2.722971022822215925e-01 -4.540069295322459730e-01
2.514186806282506792e-01 -1.932027128508223557e-01
2.352322218059152981e-01 3.941685683073185009e-01
2.130520103904478546e-01 -3.473510324486831502e-01
2.762791770777105471e-01 1.230407610138468666e-01
2.764808002991344660e-01 1.146709504426517423e-01
2.559799753397893340e-01 3.724218836837007718e-01
2.167093450950161593e-01 -2.561209909509498672e-01
2.221524163581158895e-01 1.786041692723002727e-01
2.536000290451061456e-01 3.316652848931326281e-01
2.200699891391179053e-01 -1.702532405649541669e-01
2.443816165621393033e-01 -2.423560777841237135e-01
2.187639739170518238e-01 1.418875211648675805e-01
2.513465400898835522e-01 -2.851531992697817763e-01
2.753665344510605184e-01 7.426361805185288656e-02
2.743793104288250184e-01 -8.886709530668301937e-02
2.312705935261077927e-01 2.785229266283357763e-01
2.590216873321786739e-01 4.578060106776729032e-01
2.432253196914745397e-01 2.200772563511098623e-01
2.640799509354778696e-01 4.787356206228640110e-01
2.438468011119047096e-01 1.237609929842243828e-01
2.615170567634449439e-01 3.087884625329906374e-02
2.148390969915353610e-01 2.078955764531440487e-01
2.022656831015161583e-01 3.771218480011747642e-01
2.292113017433837774e-01 -4.019726296323058445e-01
2.031613698223587727e-01 -2.447210536274724291e-03
2.786723225391984915e-01 9.465976233448747390e-02
2.467983675233740293e-01 -3.947392577846042805e-02
2.706170975653225952e-01 -3.085332797125577287e-01
2.236255628195183975e-01 -4.769440824248869504e-01
2.766283843382089103e-01 -3.617412684789792499e-01
2.281492880578582794e-01 1.936925700662486260e-01
2.135558617875049636e-01 1.396855997587060916e-01
2.654217460188179611e-01 2.159248193561658091e-02
2.381104167957746043e-01 -3.977301993459276819e-01
2.723131302679300259e-01 6.304592860669733234e-02
2.383926644066637346e-01 3.339137825149551819e-01
2.548843702002144829e-01 -2.835631985519492249e-01
2.370427442327424084e-01 -3.947696964819746857e-02
2.116798742075126638e-01 -4.727068459610447304e-01
2.035990769444085968e-01 -2.927904342354278322e-01
2.213900944140694271e-01 -4.542043600495395683e-01
2.106145621076499497e-01 3.717438146752725103e-01
2.279757173390443148e-01 4.839684746980508212e-01
2.643387978491712476e-01 2.157075133917307763e-02
2.745184308142574192e-01 4.293590855808200324e-01
2.786532957588437887e-01 -1.806086977640282143e-01
2.126981494765390890e-01 4.237981038777394183e-02
2.258096263404043569e-01 -1.872780509362496071e-01
2.197498476778633192e-01 -2.633711842543345893e-01
2.395204364789919049e-01 -2.210209509949320195e-01
2.481961199749485036e-01 1.476152957435640234e-01
2.692695348540031786e-01 7.234565675261417361e-02
2.783936000085035500e-01 1.486222498176478224e-01
2.187352851726351854e-01 4.636464916821108062e-01
2.554895232212318623e-01 2.494989808755824212e-01
2.459953537161240211e-01 3.975283034158257900e-01
2.214788817251747144e-01 2.408997314292455894e-01
2.282998654138647110e-01 -2.005797678563384645e-01
2.430758211191594853e-01 -4.570960021647160199e-01
2.149631769712065932e-01 3.274723510288148898e-01
2.593207888758491952e-01 -9.444852966816963402e-03
2.442806886160555635e-01 2.413940576027915341e-01
2.205265718565216915e-01 -2.939920604513401869e-01
2.105359617383885107e-01 -2.650252180005584490e-01
2.662570232900627332e-01 -1.665562681436640879e-01
2.475792344272171874e-01 -9.782708750845015011e-02
2.464087530851594154e-01 -4.531103493301120722e-01
2.776539529856162369e-01 -2.656422230014514607e-01
2.781904888258581732e-01 3.303815565939893784e-01
2.104012562844107537e-01 2.367730626607621458e-01
2.188605031030925741e-01 4.858900654033155853e-01
2.179190008671949563e-01 -6.498384630780695836e-02
2.466678287864273456e-01 2.229789805662337754e-01
2.297227862893302941e-01 2.546379273830492451e-01
2.767536385392311837e-01 1.444635748472907766e-01
2.241190595617342796e-01 2.968268726192546669e-01
2.548019994745386319e-01 -4.617204474604552633e-01
2.724192023645672922e-01 4.962806095654287430e-01
2.712544843539367312e-01 1.145130922594124190e-01
2.272266727764784555e-01 -2.334306504756602507e-01
2.558138052401504048e-01 -2.003082214969053032e-01
2.019043535739165618e-01 -2.314474303785949427e-01
2.304433221727220094e-01 2.328766957346359856e-01
2.436442245453186439e-01 -1.952273668177306742e-02
2.420909252337832829e-01 -8.846842529382636933e-02
2.512392011594583030e-01 -4.540797586225036042e-01
2.148689788008407708e-01 -4.235714215273823635e-01
2.310278005433668014e-01 4.829378581454046859e-03
2.153777864227105487e-01 2.713692228133495199e-01
2.174223955874748926e-01 -3.042549480079982382e-01
2.478512400098982216e-01 -7.819511156308300848e-02
2.297867852951784862e-01 2.732026697649414526e-02
2.201922402626246278e-01 -3.231052188670232583e-01
2.331861356947043662e-01 4.234967854113033114e-01
2.022291649009151371e-01 -4.462636100174521836e-02
2.324311996245934653e-01 -1.624774528420122044e-01
2.211206549433130109e-01 -3.006097621147847399e-01
2.353253854621318863e-01 2.866209642668094970e-01
2.267935150293951541e-01 -1.755140767056801998e-01
2.717669968713167794e-01 -3.967770606691860547e-01
2.384727731151011776e-01 -3.036864355954346228e-01
2.564651367864808629e-01 4.262618727169922295e-01
2.541527636186111661e-01 -4.098536201223508257e-01
2.149180705061644048e-01 -3.546738993947657903e-01
2.028273386167762649e-01 -2.262969655190498752e-01
2.537055248313567768e-01 -1.217490156819963643e-01
2.335076748803804891e-01 -2.312122601247083020e-01
2.779833053689572120e-01 1.176269048722944355e-01
2.700759346046716081e-01 1.923213638125392810e-01
2.587488031230006369e-01 4.144949003355369310e-02
2.641524301969967459e-01 2.653403307806334599e-02
2.711612816354977973e-01 3.086658995491301516e-01
2.111115423688826320e-01 -1.147057009859864252e-02
2.446599657397618977e-01 3.638610129107190394e-01
2.216869974847976987e-01 -3.456304892177133326e-01
2.202250929962624726e-01 -8.836255752017063703e-02
2.349637326460871645e-01 1.482178258772705037e-01
2.623141085375308990e-01 -2.864498440749104757e-01
2.044720177333162470e-01 -1.377947972727623371e-01
2.556865406469666091e-01 -1.778653971072811091e-01
2.137149247280916153e-01 -1.457423389312203499e-01
2.520487082930555900e-01 -1.482890072978552132e-01
2.657347895673202176e-01 -2.756907641622317051e-01
2.558983248325763515e-01 -3.174189456068425841e-01
2.689450076368998799e-01 4.393811226932660130e-01
2.693853552768586956e-01 3.217787510012315444e-02
2.723079482094481474e-01 2.329083715104144359e-01
2.699532816677159275e-01 -4.541368463782843312e-01
2.411366014536933111e-01 8.750296781120314726e-02
2.728336992289166485e-01 2.382116628592778618e-01
2.069442795671504465e-01 -6.441008099645184615e-02
2.719942649302259374e-01 -2.959592960253980554e-01
2.285989341866232483e-01 4.953082023084465213e-01
2.298781680767957303e-01 1.467303782948783386e-01
2.517811606487578846e-01 1.971111207363115403e-01
2.666717168742553934e-01 -4.151016860907276174e-01
2.665060127371788878e-01 -1.906968478628260355e-01
2.123902085300582998e-01 -1.445478405465271399e-01
2.336386672768685502e-01 -2.956710537612463607e-01
2.583890151277047353e-01 1.461699003830901900e-01
2.494099616034550770e-01 3.687880601163406880e-02
2.264177697290361557e-01 2.296430101823719871e-01
2.024717526522329392e-01 1.196772264887586701e-01
2.309141715073790291e-01 6.884858370141644368e-02
2.758544065658038447e-01 7.737110632847332692e-02
2.400225221755726279e-01 4.409866089187119975e-02
2.334036614607106763e-01 1.582557161386211053e-02
2.245483619679070619e-01 -2.384450915204707755e-01
2.089231052257390919e-01 -2.294701223840756033e-02
2.453531712650245389e-01 3.015513693847129417e-01
2.195829352042198979e-01 1.645493978786234379e-01
2.411166007792765464e-01 1.126696669057004607e-01
2.718234487661810306e-01 7.860050924813299922e-02
2.660215459553887385e-01 1.325537376244096954e-01
2.322418419868997885e-01 -4.937805002039029612e-01
2.192939058964744614e-01 -3.411074510945394378e-01
2.331363660720339182e-01 -4.483384510953833946e-01
2.222344430276065319e-01 -4.831317813706133002e-01
2.213229730970033282e-01 -8.256977245494623308e-02
2.409708149062276261e-01 -3.298627693093058033e-01
2.736530715079761311e-01 -2.602695885748973481e-02
2.509707002875489756e-01 3.312975229229552232e-01
2.544069875604697550e-01 -3.469302972367500626e-01
2.754599179955945498e-01 -2.031179485998402257e-02
2.641846050941362156e-01 1.233306956310137315e-01
2.099807504044909345e-01 -3.184520401242605381e-01
2.570735772246299788e-01 1.091075204596814174e-01
2.774812338153509472e-01 -3.621310380703544052e-01
2.161601250194686852e-01 4.122490238228760928e-01
2.695452658945521884e-01 -2.258561947375881118e-02
2.020250653735035096e-01 1.474181424753376879e-01
2.662179582880127571e-01 2.973421747382619662e-01
2.431123359828961661e-01 -4.603867533631533782e-02
2.279525146351717435e-01 3.947271900182625082e-02
2.259553146108429500e-01 -3.789357934873656131e-01
2.263525514282375140e-01 -4.512878407902566336e-01
2.479489930928134855e-01 -2.773643808810187794e-01
2.625934111334480292e-01 1.787157359825941594e-01
2.312205296614880945e-01 3.368548498074352970e-01
2.706362080467830111e-01 -7.485387335299964473e-02
2.158795090029946850e-01 -2.812159440660203513e-01
2.057168486977978272e-01 -9.374226170126276347e-02
2.537235694188297863e-01 -3.235669979417254982e-02
2.774058333510737162e-01 4.873764261505878492e-01
2.449268450434917144e-01 -2.276529491832601781e-02
2.216481229485791626e-01 -3.961823531194592629e-01
2.423581802429436438e-01 2.793591594073220330e-01
2.315928446766097881e-01 -1.923734339867814169e-01
2.153376434642143566e-01 1.152152720988356416e-01
2.676256216226963192e-01 1.239831169001780475e-01
2.508421594414708133e-01 1.830348015710414611e-02
2.495901891252327864e-01 3.204165502889066985e-02
2.021779565344954399e-01 -1.814683985616112327e-01
2.172995905823565943e-01 -1.235773118461498399e-01
2.244380092448960973e-01 -1.124322768936796280e-01
2.050045839127000447e-01 2.854403836217375146e-01
2.690342242060471678e-01 1.792070632802743591e-01
2.287227106123893572e-01 3.910311135072319644e-01
2.414574181505808603e-01 3.314266624651419635e-01
2.713168262362153360e-01 -1.708105515157866128e-01
2.487156205762917072e-01 -1.168146909791917265e-01
2.199870095304653494e-01 -4.741412024045278395e-01
2.775111093229843950e-01 -3.924806397638347377e-02
2.380593834786862706e-01 4.513536404356615073e-01
2.079544773237260724e-01 4.985449581702972033e-02
2.413417660823325983e-01 9.274041688976542019e-02
2.625491391522333240e-01 -2.239602376848951470e-01
2.335271271523541303e-01 -3.867018714899188581e-01
2.145478908167152143e-01 -4.815136853705047626e-01
2.629711146887192541e-01 -3.419995252372798333e-01
2.017527768646938391e-01 -3.723598876586047268e-01
2.233215381143932587e-01 2.280876223384220580e-02
2.526234718102032817e-01 -2.952192182591490965e-01
2.778012458871195189e-01 2.239085933091218283e-01
2.115154485926697969e-01 3.298884437882398935e-01
2.255209090433580865e-01 1.682876774652635188e-01
2.144417811493833925e-01 1.219774461057134829e-01
2.493396742118881848e-01 4.618801549713769106e-02
2.190518137418767664e-01 -2.697888480603539696e-01
2.362961950991543381e-01 4.250864822150844935e-01
2.131265740700863942e-01 -4.591760217796261312e-01
2.625041088837227754e-01 4.496511740134132573e-01
2.384057295192126835e-01 -1.635982172555421332e-01
2.324298475689298149e-01 4.801835653035759766e-01
2.439302410192045745e-01 2.921356362959506292e-01
2.184474701185150636e-01 -3.393578431607536805e-01
2.031791494649550778e-01 2.822266762872658319e-01
2.591416815834961529e-01 2.712084282997005991e-01
2.711849170654551111e-01 2.577806289216864055e-01
2.328508392618000578e-01 -4.836121115280725968e-01
2.419171351959246152e-01 1.296754054332845962e-01
2.064207431494645695e-01 -1.701549378669398038e-01
2.525639007028375183e-01 1.022076007189179903e-01
2.095694199201825203e-01 -1.340582096838683901e-01
2.364558984137012931e-01 -1.056360854079451128e-01
2.719712686339926799e-01 4.781663894570398199e-02
2.470836216142149322e-01 2.950917104775685473e-02
2.040086973547768912e-01 -4.008300942256928234e-01
2.066215478833823838e-01 -4.982681876339796201e-01
2.744357937722133878e-01 -3.339371124065184659e-01
2.499743977000051798e-01 2.598394510971603344e-01
2.345983652449777912e-01 3.957248779605545552e-01
2.145927009595411938e-01 2.201693934152579857e-01
2.046892745440077599e-01 4.481040662923685414e-02
2.546499444497131170e-01 2.126254637346187693e-01
2.367354924935380911e-01 3.185376250646543284e-01
2.590764951296087304e-01 1.883093443327393812e-01
2.205887795676964025e-01 4.079216179178970503e-01
2.260350382070539510e-01 2.967476161146167524e-01
2.137393990401906807e-01 -4.258047603450555441e-01
2.422769203707469954e-01 -4.580400334581343769e-01
2.137933057048145846e-01 3.353148856531660282e-01
2.197539311101232018e-01 9.415274162136655356e-02
2.717406532160103749e-01 2.511832645310718704e-02
2.280825357009537147e-01 9.109968436701765260e-02
2.293628925484315628e-01 9.798903714503148787e-02
2.038291923821345941e-01 4.792871769641876556e-01
2.739936840796470818e-01 -4.745452545472172989e-01
2.675248269414153279e-01 1.088811766716304419e-01
2.315589766465291355e-01 1.385461795961961950e-01
2.099946567173550660e-01 1.923228273439957503e-01
2.047140931215370996e-01 1.916898716839944283e-01
2.157386311750871810e-01 -7.899559180046256124e-03
2.726891739311824159e-01 9.440388409066557962e-02
2.311665629818931977e-01 1.088948284166612046e-01
2.053850036105554500e-01 4.296256720950546448e-01
2.352980345852802024e-01 -1.665611935521426057e-01
2.501941776686905650e-01 4.367596027305606921e-01
2.742338378570490232e-01 4.500843106971568197e-01
2.573751443606758782e-01 4.477044107941056117e-01
2.514073162978701648e-01 3.314630601961769951e-01
2.351664674669469157e-01 1.431204225488840187e-01
2.484360399110376871e-01 -2.517001523995084922e-01
2.688912574561332924e-01 -4.344743808852034039e-01
2.669534670474255078e-01 -8.631224204267118338e-02
2.730108953895346025e-01 3.040911773041831134e-01
2.192696230196830021e-01 -1.300648622970512758e-01
2.258003174057194862e-01 2.554638698330456981e-01
2.379688894076718020e-01 2.394346515489049754e-01
2.256876446347655385e-01 -2.519458304932056247e-01
2.107751271651454594e-01 3.811829915159070659e-01
2.160108314228676996e-01 -3.294178262177446248e-01
2.214709468661280045e-01 -1.228557869052127050e-01
2.542161959781379377e-01 2.382801118047374045e-01
2.404870377889130051e-01 2.621845561846194439e-01
2.591415566414480010e-01 -3.516474178834034792e-01
2.348110267478298319e-01 4.376298870903605476e-01
2.214226498145124289e-01 -1.610278466514561968e-01
2.707440371298368564e-01 -1.165902586135991736e-02
2.069023134115808293e-01 2.185225741573809666e-01
2.080395648533613917e-01 4.642094864484976879e-01
2.736623446423239736e-01 2.104732078260951322e-01
2.424489810016211555e-01 -4.697633314844962271e-03
2.684473465168740747e-01 -2.236101031356774183e-02
2.419454182184554991e-01 4.173474684319935513e-01
2.724277756891324564e-01 7.760513671465196772e-02
2.420944590693875353e-01 2.864860450152593163e-01
2.375631187838105340e-01 -3.051961997968516416e-01
2.271900780040517764e-01 1.106061420906574444e-01
2.643820121654480992e-01 -1.173630284724183070e-01
2.513171883022192743e-01 -2.280271988053896859e-01
2.365769361133072124e-01 -1.011992001691797149e-01
2.500054619837920322e-01 -4.877220075130321852e-01
2.405554223593900920e-01 3.614149047244455959e-01
