-1.993707526034943500e-01 7.478316385202554706e-02
2.064867681769955166e-02 6.854996933245383062e-02
5.440516020830288291e-02 -2.397162495532966231e-01
-3.309781850498543232e-01 5.292342984289855057e-02
8.863914985362808530e-02 -3.354009116413533276e-01
7.136834934395219765e-02 3.160302206188980723e-01
1.414454749488158747e-02 6.797951286533754356e-02
5.724680922837654951e-02 3.595451902156068247e-01
-4.526180576832502522e-01 6.737673689213907746e-02
7.110639058999912443e-02 3.172588852319419006e-01
-4.627255325442257705e-01 7.962022038323768314e-02
5.754579845628204904e-02 2.217206195115575262e-01
6.681727517300461994e-02 -4.978879383734879926e-01
2.676777467251347797e-01 6.550903806664254425e-02
8.509694073587592555e-02 2.891229165745622387e-01
2.934191879077689968e-01 5.349036887171232380e-02
8.252496328562530792e-02 1.130677858581135009e-01
9.008521856029128028e-02 -3.488226048081507491e-01
-1.608262038568084584e-01 6.722787691785714337e-02
7.358621549357824421e-02 -3.736186043838073401e-01
6.024163144362293387e-02 -3.695223864007202152e-01
7.677924090676102598e-02 1.361637128434535216e-01
7.250148499294917226e-02 5.812439153024340222e-02
6.482976195622913718e-02 3.226251690380240733e-01
7.219516558388139327e-02 3.907870590665550870e-01
7.174679510839809815e-02 2.033395214449872368e-01
7.921160368810320485e-02 -2.878956296092165523e-01
-2.140253550695458973e-02 4.657341400814596355e-02
6.658916010810955743e-02 -3.173072719788172513e-02
2.346624252138552746e-01 7.443351417636412393e-02
1.188255411523572169e-01 6.345107602187138873e-02
-4.854942090900461471e-01 7.265666201663478763e-02
8.708574788093514929e-02 2.246598773178495323e-01
7.688481042873263060e-02 -2.638916191265505695e-01
6.259352628234571281e-02 9.876728862161299194e-02
8.595802300582644495e-02 -4.286418342749700461e-01
7.388740134123084058e-02 1.652175502145757369e-01
7.480297016622239337e-02 -2.390402899734578313e-01
5.445009717867466126e-02 4.604426645141221908e-01
1.263986421963795292e-01 6.350414667474735264e-02
-2.305648084758211702e-01 6.728252053424632617e-02
3.719625209387943388e-01 7.875144839942738173e-02
2.068285125383257927e-01 6.349537341065680796e-02
6.470553437816028985e-02 -4.866284607367580284e-01
-2.336275224263476558e-01 6.026684866034581756e-02
6.566263452247789179e-02 1.798209531354726387e-01
8.164223776686430067e-02 4.006301579823042802e-01
6.557503704438394365e-02 -2.636353670875837274e-01
8.407856280546288641e-02 -2.400560941607972065e-01
-4.564206771327108392e-01 6.901535968901284512e-02
-2.133990627976547483e-01 7.204747366674557618e-02
7.891475759449839700e-02 4.292137304706730161e-01
6.727564717779588310e-02 -3.563316171476195171e-01
7.549935994850187626e-02 -1.369163304681944027e-01
3.311040888008515148e-01 7.071977623402325719e-02
1.403504632278785857e-01 7.920152087974008381e-02
6.210637618420089545e-02 3.094747479356872999e-01
9.013487653709351122e-02 4.313444250682263448e-02
8.513767137445305000e-02 -2.168116659658768652e-01
-5.544076863008984279e-02 7.818419156088018962e-02
3.414398411573159597e-01 6.952101762173212851e-02
-4.385372624325266644e-01 5.588501425675629353e-02
6.652477087093788821e-02 3.436931253567333533e-01
8.612476117724965352e-02 4.658765340258993470e-01
-1.878537943407316835e-01 5.332676684682180479e-02
5.388742202409946280e-02 -1.889306352212301032e-01
8.032504318507527330e-02 3.497123208593249100e-01
8.915060392584706062e-02 -2.836254487905834898e-01
-7.262104403489422211e-02 5.465945193535803881e-02
1.146614941817656330e-01 7.108916642810914066e-02
6.819477197109713451e-02 -1.725227348841504860e-01
7.437015556836779062e-02 2.822899275182965129e-01
7.298820610659884078e-02 -7.182869081568732383e-03
-2.758946553374285182e-01 6.759698505296907189e-02
-8.356069226241169545e-02 5.062483212775692465e-02
4.277395444765839105e-01 7.584847433378294479e-02
2.684808295498154473e-01 7.826405904058020280e-02
8.451983696750287045e-02 8.381634036489948869e-03
-2.347442843815934488e-01 6.401590053433159344e-02
-9.776030952178826894e-03 7.866733993084107368e-02
7.463498653586042586e-02 2.124148384814918966e-01
2.264878482741420340e-01 7.009725660602539321e-02
7.140811032429339456e-02 -3.071261804183689215e-01
7.331949125309455972e-02 -4.105650143998755830e-01
8.945670243223380336e-02 -4.152522211045384104e-01
-1.145981803197895221e-01 7.057807947303640361e-02
8.289746849068169166e-02 -2.548400275121350811e-01
6.170604200486384805e-02 1.304004402654638239e-01
4.119507217942006694e-01 7.354031261595761482e-02
3.874263236105932595e-01 6.051303308677313808e-02
4.360264608760062721e-01 4.688015338345796756e-02
-4.366501574293302212e-01 5.636930719637689435e-02
-1.716282855702235821e-01 6.209277223326670203e-02
-2.833257136560369815e-01 6.855438135873292982e-02
4.591367067598975948e-01 5.715709167726035211e-02
8.172978619472104356e-02 3.423553016039374564e-01
7.809509023825556007e-02 -3.861615259011954571e-01
8.117393919896598309e-02 -3.547939072881248768e-01
-3.142508167665782892e-01 6.577391815269728603e-02
8.885094726661046938e-02 1.640731458651178976e-03
2.570460946853714290e-02 5.736966486987193914e-02
3.349716671016271796e-01 7.565013284236854485e-02
8.521337445587617854e-02 -4.396038380927425049e-02
6.422593638293194740e-02 -3.805573335285624692e-01
6.041922085846218593e-02 -1.489024655250048568e-01
6.558781801753255092e-02 -8.472082615136211636e-03
3.194537713968170767e-01 6.150626267062875296e-02
-3.509976037068816002e-01 6.293902934445649855e-02
9.675539293927526430e-02 4.932375540836542172e-02
5.567372191374020396e-02 2.011364865643232580e-01
3.866465652228217031e-01 7.784470724102998673e-02
-3.411396093827209208e-01 6.942694362472279224e-02
5.921379738287979588e-02 -3.345195825331102046e-01
8.637492711391581146e-02 3.499328861569320770e-01
6.611688626242839817e-02 -2.502134277148559960e-01
8.589081375831120191e-02 -3.309611462143166039e-01
6.552651891246896732e-02 -7.092944701984282840e-02
8.927612094736370185e-02 8.886799957354241108e-02
8.378003391554744717e-02 1.128326199511457961e-01
-4.513973394532962979e-01 4.756727331136445525e-02
7.238784154613597810e-02 2.652271592182138260e-01
8.859820316588173927e-02 -4.826359227233747440e-01
7.352097163027027094e-02 -2.889878314940685922e-02
7.625870682055191363e-02 -5.327716036091023621e-02
6.495760491431112893e-02 2.773933391297668249e-01
8.304532395859387517e-02 -1.479052160478174782e-01
8.090316857575785559e-02 2.629347230123058043e-02
-2.322417498523379198e-01 8.028059150116739762e-02
4.994657325014871807e-01 5.791086677835655117e-02
2.779067839070519241e-01 4.736148057966682590e-02
7.829686405227587187e-02 2.666166858368942405e-01
8.069442125086745410e-02 1.272196141227865951e-02
1.249623135370001581e-01 6.743603937306386076e-02
-9.481467275864041699e-02 6.610619060893319077e-02
7.265445842313511537e-02 -4.172705577104369734e-01
4.218400820467688161e-01 6.007507428919300896e-02
-4.549748354189343535e-01 5.363045094569141025e-02
6.391495593174567613e-02 -1.533047600072597882e-01
8.889308822583363856e-02 7.603174292758119179e-02
3.399811401787999898e-02 5.815822297483219661e-02
-1.553436805755414873e-01 7.948829570058424387e-02
-3.829834937820586482e-01 4.991403678252459564e-02
5.458336981751521488e-02 7.007643636872284976e-02
8.337723135195895807e-02 -2.727269681367235910e-01
5.617657739418313589e-02 3.691080638750432463e-02
8.653366296719522399e-02 4.948936317731006396e-01
2.386608610484040049e-01 7.173683028441457665e-02
1.107319880865310635e-01 7.047219102615465136e-02
8.739702986629838133e-02 -5.673518542049671431e-03
-3.326309280076732433e-01 6.463197447716806376e-02
8.279432343109860426e-02 -3.098016951558473231e-01
6.880577665379294938e-02 2.867539431421128882e-02
4.630545439756560411e-01 5.376335674612220394e-02
-4.824266383885149612e-01 4.673155670060524791e-02
-3.947988034647108568e-01 4.844413560286831011e-02
1.778839855731351172e-01 5.213224693297979773e-02
5.842129441584842375e-02 3.761504440166395513e-01
3.110923305325262733e-01 6.919283255471286864e-02
8.144112829475058657e-02 -1.631251163826514805e-01
3.757851877689387665e-01 7.023804099298436299e-02
5.416227294504938339e-02 -2.897854395108157011e-01
-1.597791561864148058e-02 5.438284744951604743e-02
5.915217228518321324e-02 4.103300182781253191e-01
6.609915778804908992e-02 4.692064092377516982e-01
5.566054896229866156e-02 2.539065632888078961e-01
7.715366841109605467e-02 -3.244141900242026866e-01
5.494318868937042577e-02 -3.430630796009029870e-01
6.813554858537407277e-02 3.098292048572159896e-02
7.434913089630756922e-02 -2.475551301091694079e-02
2.763088055385174435e-01 8.013413161419868924e-02
6.937993259184493944e-02 -5.029830113339395226e-02
-2.858715268633614803e-01 7.614391194744163371e-02
7.331478647358014022e-02 -1.637904016405019592e-01
-3.747909193143652562e-01 4.868967145849045774e-02
6.687086152730892241e-02 -3.688568065172150856e-01
-3.246081757845031834e-02 5.288396185962385143e-02
1.889141486937450098e-01 4.744397461303906383e-02
8.791645636056810709e-02 3.725347284451776542e-01
7.152159435533367304e-02 1.874883627045003109e-01
3.992357723724730967e-01 6.812785242886754133e-02
-4.668912141074619271e-01 6.879482322996754995e-02
7.792995493122967243e-02 2.353270699833103219e-01
3.329519590731100376e-01 7.455172483435734687e-02
6.989795967177270253e-02 3.137149556451753751e-01
3.639497608196184952e-02 6.826643598120285539e-02
6.769176027133916307e-02 3.490982381860334716e-01
1.126991248199804563e-01 4.624630720511979654e-02
3.140084058853772619e-01 5.021210069213766225e-02
8.939049384211572580e-02 1.162258950609266206e-01
6.086448594111804056e-02 -4.400968610264405223e-01
-4.506517154091186361e-01 7.468096402544899259e-02
8.422392921922550180e-02 1.889852582817463933e-02
5.859394393157557612e-02 -1.355244882917381322e-01
3.258522297894450581e-01 6.593062764626089756e-02
6.991380833716720478e-02 3.327784812322397423e-01
-3.947928567769023456e-01 5.677283566147328653e-02
-1.812161365478807129e-01 5.371162273662488662e-02
7.142933832122733140e-02 -1.883707903027195263e-01
6.556669235495127257e-02 8.142359086756645326e-03
4.359653054691381424e-01 4.670987529245196335e-02
8.315094919472920676e-02 3.552263243213108490e-01
6.047371636421372543e-02 -2.574381107629918342e-01
-2.854503685829250514e-01 4.676120925696602981e-02
6.005959221174961282e-02 1.735974131026479794e-01
7.062029823217741420e-02 1.995477892310577595e-01
-3.240640780120610520e-01 5.512769354929480947e-02
4.554071418531230320e-01 6.402372867597372341e-02
6.097846539345697092e-02 1.442020078947494621e-01
3.918943664772078783e-02 6.144594919120238696e-02
9.432959700620968668e-03 5.012011625726664477e-02
8.204014437958984107e-02 -4.785998864999263525e-01
8.941592137082654546e-02 -2.467400750636987716e-01
-4.745343170489357831e-03 7.491724175240965788e-02
5.908656745712015379e-02 -2.592409181906544235e-01
1.523186175742831105e-01 6.922121887845933408e-02
-1.040169860007473801e-01 6.882851222967911742e-02
8.421803459878052234e-02 4.425734858674243988e-01
6.917648753744642942e-02 -2.159799633967462995e-01
6.709654606423554046e-02 2.220531813964454759e-01
7.725525802991695112e-02 4.534111453168276906e-01
7.550928578856752615e-02 -1.080101369066299721e-01
-9.840023570678368969e-02 5.257772205101662877e-02
-4.807097979298543544e-01 5.693805745006208507e-02
3.192281356294435213e-01 5.574957720701367858e-02
-1.060201565650747968e-01 5.956745045126232707e-02
-6.466026699590798898e-02 8.009682048549870981e-02
2.418727470503015953e-01 5.537563892374597341e-02
8.835578253945952643e-02 2.875367230637145832e-01
2.302459353747954296e-02 4.627720826000147891e-02
7.012214448615250451e-02 -3.603543174851179254e-01
-3.276577241021210174e-01 6.730289027878488817e-02
7.824761735083363146e-02 -4.499285209134924468e-01
8.136383489330134555e-02 -2.558348258296478939e-01
6.787841661065896481e-02 -1.747093844801705931e-01
-4.566552974799530373e-01 7.578605069596144883e-02
6.456763709673984941e-02 4.817154962200119739e-01
-4.747766918695480731e-01 4.818648126990876523e-02
-4.756986774263827211e-02 6.553246707051374464e-02
7.080530235681958828e-02 4.718852449147368233e-01
-1.646345289222096442e-01 7.403460121854665843e-02
3.372164391570912079e-01 7.461780936519002427e-02
6.225758933374381243e-02 -3.404502594590492759e-01
8.241744252717142505e-02 -4.783180265601341130e-01
7.167608878894993207e-02 -1.793768604484684559e-01
-2.284063584629397736e-01 4.936441852335093916e-02
7.287939990520797551e-02 1.523337828179683884e-01
7.344252943010909362e-02 1.104650022433739665e-02
2.218742905379698094e-01 4.955651609243827416e-02
6.751141803105475958e-02 -2.190956868251793255e-01
8.819456981029483167e-02 4.176835653997177378e-01
5.868879811534921664e-02 8.369259009262786098e-02
-3.781550701893862110e-01 7.708840615826173526e-02
-1.149640389771013904e-01 6.510772952392174240e-02
6.077859706007326945e-02 4.129003503818909904e-01
-3.730652613574898524e-01 7.951753407307760035e-02
9.008580396312326766e-02 4.202240174033311515e-01
-3.952655618339874222e-01 5.484880834755911927e-02
-3.828768402683876415e-01 6.689397834126675768e-02
6.392987073899747408e-02 -1.316675693130796576e-01
3.052870627721130381e-01 5.929386441642048311e-02
-2.058704195041323182e-01 6.062245264857846205e-02
9.891722873146591155e-02 6.761845994612236677e-02
8.816614250176646461e-02 -8.500795259667515147e-03
-1.593250689456569003e-01 7.879034171058940661e-02
7.179555765379919130e-02 -3.864231522433684285e-01
6.673614350890966218e-02 -1.768232313713983261e-01
7.631385008165059158e-02 -7.889280517570718132e-02
3.141267733552808306e-01 6.027432634952489821e-02
6.643238651005423101e-02 -3.117965737205272703e-01
7.204550766094630632e-02 -2.448737840895864881e-01
1.211049130312331634e-01 5.017284771812646760e-02
7.785853460616376509e-02 -9.071478937378218976e-02
7.477974933391706713e-02 -8.274678598655760275e-02
6.099899172912637280e-02 2.795594592171305459e-01
7.371363232231198381e-02 3.129687898949418123e-02
8.923896397814812254e-02 3.123079484752759871e-01
6.580302770912582755e-02 1.552491470187361555e-01
6.602528972111987304e-02 -1.467628991546698902e-01
3.679347525249224704e-01 5.932134487793860878e-02
7.180123648232183964e-02 -2.325917395960815925e-01
5.752494748754555243e-02 2.412529411933277412e-01
9.006908506969923955e-02 2.026533866527273631e-01
7.847899945200720317e-02 3.264588054775506842e-01
6.679458738068366763e-02 -4.434756214484647519e-01
1.831014722392221294e-01 7.233463074110135782e-02
8.032596985702600279e-02 -2.342875975819003198e-01
4.732935467608911928e-01 7.599583969306233922e-02
9.088709067328237801e-02 4.953027291366728369e-01
8.283253007732482853e-02 -4.997460300479547035e-01
-2.566342833615634644e-01 8.062663574201966998e-02
7.367040795481094584e-02 3.834171325176621847e-01
-1.424557463649811506e-01 6.626573648323963450e-02
6.193395048828720384e-02 3.086230125954149139e-01
6.578489504523765685e-02 -4.852082405188853365e-01
5.510124993141418681e-02 -4.358530349802512971e-01
2.394927262901912490e-01 6.952936341176374491e-02
-4.086450292295920050e-01 7.257850883027094913e-02
3.421761008059193143e-01 6.726893895613683672e-02
-4.471465271192880397e-01 5.017017457268058145e-02
6.199134090004254638e-02 -4.198076071667328213e-01
1.087123306236216225e-01 4.783681474868661798e-02
-8.972342512092401634e-02 5.651963687103156442e-02
4.765738574190936383e-03 7.572043740988665395e-02
-2.552064857963949329e-01 7.733117915540166365e-02
7.738039766897608640e-02 2.843236931160582071e-01
6.873253938685119913e-02 2.188402682221373130e-01
7.329049425267597506e-02 3.455322045534670039e-01
-1.492197147044871386e-02 6.245629036935718137e-02
8.981576688965564603e-02 1.437744657586157437e-01
1.949057730837525648e-01 4.772297234916333952e-02
4.793083098209158788e-01 5.268128866699728352e-02
3.446844648128509769e-01 7.601055601156947450e-02
8.125864033268104247e-02 4.520655774218127476e-01
-9.808497707070917837e-02 6.253130843487753054e-02
7.531260128681138699e-02 -3.820315578949573521e-02
7.465955745690866507e-02 -1.921365128936320943e-01
8.635147645797636162e-02 -4.812011531956927879e-02
-4.556976366224012587e-01 6.355350619052546612e-02
4.540766785692668117e-01 5.727958728154336487e-02
5.819572810190754009e-02 1.928479068952044795e-01
6.938817193716217968e-02 -4.791467574218910563e-01
8.694011898930964488e-02 -4.723710977357489238e-01
7.135006299176882560e-02 -3.432633819495960470e-01
-6.258748119394197396e-02 6.515301055515365647e-02
2.918802367360113781e-01 7.353937793738885009e-02
4.001413753377435212e-01 5.903724002901322709e-02
1.949218636097873603e-01 5.491680539116228221e-02
-3.194109906704510893e-01 6.061594995988894841e-02
-4.157683537242475857e-01 5.080472777060029976e-02
2.974503767910396945e-02 6.224733545577543214e-02
-1.821835379277561007e-01 5.338781062663244814e-02
6.606696007215495658e-02 2.615513304630014968e-01
-1.223546300289614086e-01 7.264908120281876602e-02
7.095929831208358518e-02 6.632610358887458535e-02
2.544033584015311655e-01 5.325159199130913290e-02
3.493542475167078498e-01 5.894912328832591086e-02
2.624324205162742452e-01 5.331330616706875247e-02
6.317568980629084674e-02 3.180826756790140486e-01
2.201390768439941414e-01 5.472619988896121335e-02
8.202518092156929619e-02 -1.806296708136188034e-01
7.769728314529855684e-02 -4.437514743500045045e-01
1.410166186360536367e-01 6.999997271350522077e-02
7.752222584793655447e-02 -1.115133759367212818e-01
8.869410991152348878e-02 -3.511623909968477619e-01
7.996043978669531427e-02 -2.135540065020140599e-01
7.493665551051487128e-02 9.048192300662549759e-02
6.482769063354298922e-02 3.425429322127435672e-01
-1.480649225051025031e-01 4.532828818495049372e-02
2.952453919675220861e-01 7.263485016791104698e-02
8.629570533562391788e-02 2.887167446126402970e-01
-1.530393820226090273e-01 7.827630855981071445e-02
8.842367492252078964e-02 -1.284566304992892372e-01
7.047752294055631417e-02 -2.214466874063516499e-01
8.623173626079261300e-02 2.036182282317194892e-01
1.392935361414334716e-01 8.012237337608629772e-02
3.940158644051748871e-01 5.653768974248107870e-02
7.319918056395435801e-02 1.216029015577481109e-01
6.122469373425065697e-02 8.517076383814625729e-02
2.486420424445012767e-02 4.755462134149213149e-02
3.484572428782611864e-01 7.898036754187653941e-02
6.822749501721281362e-02 -3.346854146813543762e-01
8.892942198189479619e-02 1.005887447633968534e-03
7.327743734148139954e-02 -4.151113682023447327e-01
7.725112650177567986e-02 4.046959076045961723e-01
9.008557973683251063e-02 -3.627113023369910039e-01
2.924334121092245775e-01 7.893380291884688482e-02
-2.676528656289709485e-01 7.611937983911265526e-02
2.484859527218342690e-01 5.861731777219103545e-02
4.547980658626540329e-01 5.192263383468742610e-02
6.892533677947587645e-02 4.297892469212302169e-01
-2.569486332816984797e-01 6.986693119018339004e-02
2.862705131632403699e-01 6.261591832360480225e-02
3.775627863057938738e-01 7.895186106288798467e-02
5.819917759841608529e-02 -3.962560436793568508e-01
6.377458134824076641e-02 -2.820110069070801417e-01
6.619316919917062059e-02 -6.470800876220927922e-02
8.164293331821692590e-02 3.914288088422787082e-01
-3.148962301232769434e-01 7.930843081239058456e-02
8.614012845063601098e-02 4.265144022800245738e-01
8.584964718213439205e-02 4.800707674096875710e-01
3.107518310396570893e-01 7.976956569782989170e-02
-2.626452591585586305e-01 7.486828887207708227e-02
1.528556732774630778e-01 6.505866853720554399e-02
-1.535482998736568128e-01 5.171834057659374650e-02
5.576425195533052381e-02 1.623422407827233016e-01
6.856439360473964850e-02 4.586664962353775854e-01
6.661830247232680691e-02 1.378926323976337187e-01
