-3.919104771683931121e-01 -1.324274829797356112e-03
-4.425902119421332159e-02 -6.375613616441122566e-03
4.756406002966528934e-02 4.301316855338052081e-01
7.052299128479455614e-02 1.224617177268990664e-01
5.813638036051660407e-02 -4.735255307847859862e-01
4.739043137973042441e-02 -4.651728510079068402e-01
4.983875241950486146e-02 -4.407526408057730327e-01
7.232440620291236133e-02 -3.009272414133714602e-01
6.916413681568700511e-02 -4.829209995201909633e-01
4.417064180147178831e-02 -4.293052853130173707e-01
-4.124342859080832868e-01 9.746301498005038866e-03
-5.252318213159301585e-02 2.668186632652669310e-03
1.218976646492065941e-01 7.305961183529552372e-03
5.275849794378140167e-02 -4.976244614438755098e-01
7.783193341936722742e-02 2.814809247927964053e-01
7.171008289189506613e-02 -1.116517624699516764e-01
4.501920666307202001e-02 -9.442818335140623631e-02
2.899241927062434776e-02 9.705291506163282733e-03
4.813617351595733673e-02 3.802475597898168358e-01
6.122154284637182364e-02 -4.223439853655991394e-01
5.748929677583025644e-02 4.260562269209461350e-01
1.337854845370513024e-01 -7.248876942503534870e-03
4.330279572088480133e-02 -4.060027604193073847e-01
-7.550723342934950733e-02 -7.636253632755884979e-03
1.093956365854678037e-01 3.099919392592687117e-03
2.046554271349999565e-01 6.989816848558594309e-03
7.656748606294871973e-02 -1.026407553279107265e-01
5.802957707850198155e-02 4.864808985948536613e-01
-8.025291015550672924e-02 3.157427380780508663e-03
6.205893730235922945e-02 3.880019671218549737e-01
6.010454385713248637e-02 -1.078949535937816506e-01
4.731967727660690848e-02 -2.320718684643067187e-01
-7.122471638320493348e-02 -1.567778982581258251e-02
3.564376755159004428e-01 -1.091149360777621258e-02
-4.388170082369522440e-01 -2.645075320297007870e-03
-4.225675059894136165e-01 -1.193433745789185263e-02
6.719998299867868674e-02 -1.690109973849182046e-01
-1.132178651258844981e-01 -1.679711132309613664e-02
7.371625498108669294e-02 1.481959863997764915e-01
5.741005337589644153e-02 -3.009101275800979414e-01
4.525982269265460545e-02 1.200088960351782807e-01
2.028456919045162898e-01 -6.544290150846232557e-03
1.878308718726322546e-01 3.092284885748308731e-03
6.563919671532569833e-02 4.027705624747019986e-01
4.722821413317095374e-01 2.826938188463690160e-03
4.851840458224820907e-02 1.079808932544299438e-01
2.741024715354520858e-01 9.068680313033206097e-03
1.660477042954295879e-01 1.032318002872512075e-02
7.164689621848219225e-02 4.964912525919062958e-02
4.435157124297528508e-02 -2.507692502997175277e-01
-3.311534199375447685e-01 -1.096591650435085885e-02
2.886995915179523253e-01 9.470589525327532954e-03
4.627483776272844906e-02 -2.981254897696418160e-01
3.266303126432200665e-01 -1.521949577796777309e-02
6.781265165829841735e-02 5.043398157296030693e-02
4.909941915508209132e-02 -3.256560414305029738e-01
5.134690763263194402e-02 -3.921618081635139808e-01
3.175995028056302072e-01 -8.527399510965261165e-03
7.522648633997297551e-02 1.220570891166492533e-01
-6.684262800012796824e-02 2.626695490984598536e-03
4.260703352841411773e-01 -1.103732732811368855e-02
-4.874997226891173430e-01 -2.787899718223685319e-03
4.692057126589591620e-01 8.038728324016419791e-03
5.246693541780877990e-02 8.458893061896965992e-02
4.463811497493641589e-02 -1.402069795537265184e-01
2.667052524476510866e-01 2.734456855893685479e-03
4.972674364103062405e-01 -6.267340765820028636e-03
2.433505646221550967e-01 -4.114405438513268898e-03
5.188264617721616290e-02 -4.736451247116252317e-01
6.102854549808556239e-02 3.808052697081363291e-01
2.545765849174758122e-01 -1.380337061694958400e-02
6.915709672789271956e-02 -2.749586894166656803e-01
5.278210148534734358e-02 -2.686302905375667072e-01
4.783697821832810781e-02 -1.556012638337967990e-01
-8.211515057205520662e-02 -3.405907665795182560e-03
3.151169983032819921e-01 -1.445591962045655876e-02
-1.298069435772873925e-01 -1.359022460471226434e-02
-1.989737469040581130e-01 1.006589053626005814e-02
-4.408338538891591885e-01 -1.986304653046833124e-03
7.091082082137700748e-02 -2.994161599294594689e-01
5.322050332932370953e-02 -1.549156222102494596e-01
7.456566427679411913e-02 -2.842057751999483850e-01
3.736595873081699493e-01 -1.247938721785979421e-02
1.515792232502601866e-01 -1.366468077272697812e-03
2.203602881608479613e-01 -1.134891640280633052e-02
6.533534360300352617e-02 -1.623371848926272731e-01
4.305814639333243043e-01 -5.685764896921630118e-03
4.589242284806527294e-02 2.693747593855432276e-01
5.145368835254593431e-02 -7.524839855083953477e-02
6.638988580723659272e-02 -3.362929003019267116e-01
4.707567910272125733e-02 -2.910161298519978734e-01
7.277831350303831659e-02 4.847106890053384243e-01
4.869478360767010017e-02 1.536059824068699564e-01
-4.224260218441275860e-01 6.594254162373802686e-03
3.650704650252811767e-01 8.499531203492449727e-03
5.876553390503957974e-02 -6.660977441386561893e-02
3.532548350333707399e-01 -6.910982558690381694e-03
6.931578860098464023e-02 2.044626739026662587e-01
7.403442065245258163e-02 1.277466550382216903e-01
6.203225990939797985e-02 1.043048423733100583e-01
5.014735646681633963e-02 2.901056698653672328e-01
4.308451416697056668e-02 -1.604360882293753843e-01
-2.582873286488721609e-01 1.053546921956682869e-02
1.211264840203829518e-02 3.534731896412957042e-04
-1.192226509702646320e-01 3.818463079811817984e-03
6.176481324657090433e-02 -4.335721457068125728e-01
6.768698213652613038e-02 -4.093206190842851866e-01
6.328535293219339497e-02 2.702437432895784530e-01
-5.548157947063181439e-02 -9.687438445463936176e-03
6.589813545219014301e-02 3.662695653024904408e-01
-2.289954147746353641e-03 3.119272668113515223e-03
-1.763296914768438528e-01 -8.912888248242989420e-03
6.631547929870429403e-02 -4.192318153299382510e-01
-8.024360401607988358e-02 3.537859327777503893e-03
-3.812590688722259369e-01 2.413636058092416548e-03
6.307239023314192838e-02 -3.130396921284476219e-01
-1.435247361735000338e-01 -4.481774677687511144e-03
4.428447827598447351e-02 -2.534620304959754877e-01
7.602417934517324838e-02 -4.601425147234211588e-01
7.393192435248074901e-02 3.997707197204587448e-01
4.995888121620313260e-01 -6.272134669413453878e-03
7.008607236676012153e-02 -4.036485063666395146e-02
-4.417793924159950647e-01 3.372975031375347044e-03
5.143958586834018742e-02 -4.413101927449936124e-01
3.631627518808324684e-01 -3.824666680765642646e-03
1.385352366451714223e-01 -9.380427711230931997e-03
3.162302809468151565e-01 -1.133285993979116224e-02
7.194999195507145728e-02 -2.544535285298840099e-01
5.465804160837450798e-02 -3.454945571174501406e-01
-2.249325869528007171e-01 -6.179467893808299195e-03
-1.930258306297472082e-02 7.094813390154830479e-03
-4.825911259299697775e-01 1.245542403332633441e-03
4.923333407205876533e-02 2.804770231703590522e-02
4.452486091225585918e-01 -2.866605255165577404e-03
-2.929187665449104472e-01 -7.183674864233324797e-03
6.583183692660887765e-02 3.489950364455547405e-01
3.793506470351007964e-01 -1.475067456333589710e-02
7.277180039477981754e-02 -2.205447606196819788e-02
1.131606495748207486e-01 -2.734950142399994455e-03
7.609907175647445676e-02 -3.598504702246885234e-01
-1.417909750780100842e-01 -5.936491516755348918e-03
6.704830699515151871e-02 -2.450664700582999567e-01
5.346023867754057246e-02 1.710073099898057336e-02
7.520527169583446359e-02 -2.267575283364581251e-01
4.538364238420844465e-02 4.552465160164276270e-01
4.709454894994680174e-02 1.990423664672239523e-01
4.638215742579154810e-02 -3.126131066625027488e-01
-4.565378728437969880e-01 1.214050257680299172e-02
7.216332384748813666e-02 7.058493352902261986e-02
1.756394781115111492e-03 -1.450421189225536978e-02
6.216185180323441362e-02 3.897695462437534841e-01
-1.313278550500760478e-01 -9.746871900027986868e-03
2.440435886444979330e-01 -4.693511067529909653e-03
5.820432851127055329e-02 1.747534232613281446e-01
1.873611312008587326e-01 -1.666668334470267077e-03
5.536561873883127927e-02 7.255119817917898839e-02
4.145858095951986400e-01 -1.203919622044691273e-02
5.408033847740079114e-02 -1.045582413320852444e-01
7.588602315267733989e-02 -1.924311570294268137e-02
7.611967099013150495e-02 -3.723817174645479566e-01
4.621541279212681985e-02 1.541820697082629810e-01
1.205157862595190865e-01 7.460830277434493674e-03
7.222839737922492898e-02 3.659203124320514755e-01
5.575147219394449571e-02 -1.665412203694044413e-01
7.332443725478232643e-02 2.956651099137720395e-01
-1.783346881732306155e-02 -5.995744196052976704e-03
-1.968068452284769121e-01 -1.435393667636719606e-02
5.770594763759961943e-02 -4.938017813962887193e-01
-1.198457889263068177e-01 -1.199999370543325394e-02
3.538971828186323609e-01 9.679030509227359858e-03
7.664793833938920997e-02 -1.466646731730432140e-01
1.859282699635671499e-01 -1.432397744696378705e-02
6.441369388638740201e-02 1.933890927428150164e-02
5.889235976485551749e-02 2.759600712798676581e-01
4.444390053915259209e-02 -4.486155822627307943e-01
2.202734029681261418e-01 -8.041158627791422653e-03
7.621524885700337038e-02 3.242767156761539038e-02
6.871993610513016382e-02 -2.853928862565989766e-01
7.650456294933072332e-02 2.091734796737132474e-01
5.174365494989940917e-02 4.796019100583640560e-01
7.451490436811902818e-02 -2.047437933354038231e-01
9.568221567325885246e-02 -1.243743258676566210e-02
1.608157963379319710e-01 -6.575767086601680411e-03
-1.228232451520977486e-01 -1.060647973901729380e-02
7.368134110888735488e-02 1.905669605999572580e-01
-1.257062527836173560e-01 -1.081094348042566100e-02
5.821993104301348421e-02 1.923569294563298726e-02
6.590572037505626479e-02 3.966663464733843902e-01
5.602140697967827876e-02 4.316322280684952162e-01
4.441092301826843336e-02 2.847287934962047240e-01
6.536548074861270319e-02 2.380201140842649332e-01
7.027916665086053616e-02 -2.814050131027184820e-01
4.306135427797908033e-02 3.228809757930677371e-01
6.412330096754170761e-02 1.275615578106550352e-01
-1.481843657604642317e-01 7.252216837970615337e-03
4.373120005128372512e-02 -2.172891279446440560e-01
-1.104027438116653714e-01 4.007480601761259642e-03
-4.436831983728664053e-01 1.344844487185414827e-03
5.059896954537745906e-02 -1.041480398898119164e-01
-4.837111692785482919e-01 -1.129476443255394980e-02
4.595134391191546541e-02 -3.793122380756650536e-01
-3.802442577260198853e-01 -8.801014507421323074e-04
6.825764948588552983e-02 1.950211155048966472e-01
-1.864220259619875364e-01 1.904398982842669952e-03
4.794400615540816979e-02 3.960712064511938690e-01
-3.400665145956214275e-01 -7.444963379565905370e-05
3.630852655259384498e-01 -7.091703295824647313e-03
7.420162524667095472e-02 -2.758118643826663607e-01
6.128130385468189001e-02 4.121917684779462521e-01
1.266355408648957015e-01 -1.264054613898835111e-02
5.383320699816385169e-02 1.557614685150078282e-01
7.115140057461066814e-02 -9.388376934575515254e-02
2.152636915393462136e-01 4.312641983655662870e-03
4.837483747963178260e-02 2.364587051979943899e-01
4.838403878879737885e-02 -3.453019672644007665e-01
-3.338366121656455299e-02 -1.411709691998852545e-02
4.949992466223607224e-02 -2.295769965664216095e-01
1.322447166061775370e-01 -5.563830333097041780e-03
4.405541031471449376e-02 2.679288578071740146e-01
5.992978647707525308e-02 -3.796782728567157372e-01
7.445438458238484714e-02 -3.567528597646714150e-01
4.572390630676359535e-02 2.166793045183004196e-01
4.120529010847965301e-01 -9.257608190259558612e-03
5.841656908159342798e-02 -3.497409690234097868e-01
-2.214825555700021820e-01 7.728449335169251810e-04
-2.765010217354175737e-01 -7.054105197816240569e-03
7.639446398267246696e-02 -3.847531826105924369e-01
3.835102936269850771e-01 8.461186167809331415e-03
1.771479951938497166e-01 1.074638625937984759e-02
1.023805488168577638e-01 -7.041951465796003617e-03
-1.747129318891106342e-01 2.690080565996622042e-03
1.642316706241748747e-01 -1.237978241411674674e-02
5.255127971598938519e-02 1.344820015059491336e-01
7.068071395132535795e-02 4.417257873741875507e-02
5.403627766560403778e-02 -4.076083938979098154e-01
3.357820293274821344e-01 -1.606495246106376396e-02
4.794338047461743635e-02 2.781226044483562365e-01
-5.095061631208930297e-02 1.074573598288630638e-02
4.974276775221353475e-02 6.372576902141624533e-02
2.382292299298643945e-01 6.395383273671839675e-05
3.478183750831833621e-01 -6.357554238616058839e-03
5.334684753139196101e-02 -2.832936202124479719e-01
6.271249480592044900e-02 -1.723466699656780454e-01
-4.182781265461874565e-01 -1.478165165046130269e-02
5.909121034198505651e-02 -2.348055335145836642e-01
4.901303600504147706e-02 1.670230431612772515e-01
1.750229299988533826e-01 -9.739264248827317338e-03
1.156555021179387355e-01 5.645725801681766853e-04
-2.649266854802445614e-01 -1.144009105788723613e-02
1.812081972154777620e-02 -4.582212077948621953e-03
4.809664821999182216e-02 3.102913596239449401e-01
6.835259317853847882e-02 2.239717221038638462e-01
6.101944649150459199e-02 -3.738815714203620466e-01
-5.621581526065366763e-02 -3.450296982659528666e-03
5.943596756314828422e-02 4.972216624509243621e-01
-4.922358544391701729e-01 1.130748641904455454e-02
2.704171950034710559e-01 4.457864511140607888e-03
5.421047840497883463e-02 4.000622519896948059e-01
3.422641793107472630e-03 -1.386176169666075708e-03
7.177686908261982079e-02 -2.471228118211055147e-02
4.667302211720679717e-01 8.521188092062592645e-03
3.209505495795398344e-01 -1.612244045652611035e-02
5.526636360478820453e-02 1.711165399357417183e-01
6.985885674910141674e-02 3.281414964368580822e-01
7.652151349295466254e-02 3.085345239019310348e-02
5.865167908325341628e-02 -2.160116396118214599e-01
4.679626440700079826e-02 -1.929811567525219207e-01
7.575676525759245106e-02 -2.910136335921165163e-02
7.067646543295980077e-02 -4.838104170581459806e-01
2.713867481774764334e-01 -1.234847210081579938e-02
6.086474985496259649e-02 -1.056268262385536838e-01
-4.647527425243129784e-01 9.965638679882093953e-03
4.660816345307239317e-02 -3.862702659944019512e-01
7.363695628930166936e-02 2.554798897444426897e-01
-1.138337062897865071e-01 1.160077900890699176e-02
-1.594077904673600887e-01 -2.419895216815293182e-04
6.768842262939023247e-02 3.434255889111195170e-01
2.577972284749323606e-01 -2.181151422655180916e-03
7.132897382500646977e-02 2.680052457768700158e-03
7.261413158074381258e-02 -4.157891897232381950e-01
-1.322475737470569790e-01 -1.073184426235496147e-02
5.406632533572530708e-02 -1.163781019727430088e-01
4.423687582812974028e-02 4.772968803754993328e-01
5.529751345257072348e-02 -3.050874206008244993e-01
4.389797753672280978e-01 -1.204890905088473740e-02
5.567931220513955282e-02 -1.000883543000968823e-01
2.445607622107061063e-01 -9.246454591168573600e-03
6.732174643805610703e-02 -3.692668151508615715e-01
-1.885522315399056348e-01 9.393870756885025486e-03
6.827743089003135424e-02 -3.798610021703170414e-01
-3.067519226100446916e-01 -6.734940988482707169e-03
-1.350374829625761164e-01 -7.472321430737283166e-03
-2.240995654469180032e-02 1.034776437330098275e-02
7.763571908138322542e-02 -2.557016123109078221e-01
-4.514158090151754177e-02 -1.414229399831923306e-02
6.021811176937152954e-02 -1.773290979442317949e-01
2.148339281689256586e-01 -8.484872379511121387e-03
4.658569980237281527e-02 1.621558670468740138e-01
5.858300135470639880e-02 -3.179070470644197455e-01
4.426356757548499665e-02 -1.677263714502089664e-01
-4.249371092774675285e-01 1.030929940869618200e-02
-4.835104223626690567e-01 2.207318835225957621e-03
-6.998343921062022410e-02 4.947430370414451772e-04
5.743303357434637046e-02 -3.195997490207032055e-01
4.305821738825978962e-01 -5.733277550320159399e-03
2.421684782522175450e-01 -1.267228806920928097e-02
