1.794873425904008890e-02 4.983848614378514341e-01
-2.045442070958268799e-01 -2.203789884496125673e-01
2.012591530902507753e-02 -6.951741980863701542e-02
-2.625744814022124007e-02 -1.796658803806377991e-01
4.476765632748030965e-01 -2.069704744094291726e-01
-4.792855788086238800e-01 -1.807335470062367833e-01
-2.516361807758711322e-01 -1.902890454736138048e-01
7.354179127709836727e-02 -1.717465981181318657e-01
-2.589580688489887539e-01 -2.206481968201728927e-01
6.564571709000044386e-02 -1.681870829181173477e-01
-3.570133302211205839e-01 -2.042037044649696043e-01
4.715557106091119444e-01 -1.855003955660893267e-01
3.995422312204730542e-01 -2.166335420749316842e-01
-2.695616412102808113e-03 -1.692859708912088923e-01
3.517871763189728274e-02 -3.423400434604474407e-01
1.329105511211459145e-02 -1.450816261125676965e-01
5.148406851285258767e-02 -1.923479079832730587e-01
1.182943483459886203e-02 -2.337445734127027164e-01
3.518470653538652293e-02 4.957072929904097203e-01
2.713154599797107380e-02 4.098600108723446933e-01
1.142871303923839177e-01 -2.031858178565191242e-01
1.378134758937465953e-02 -3.523745863676644996e-01
1.884414643265053257e-02 -9.464836386624919662e-02
3.192051738513772552e-01 -2.223892432165572863e-01
1.058574709898413291e-01 -1.766423500574292316e-01
4.223620184735588090e-02 -3.827244339371952409e-01
3.881477774925046198e-02 3.338186138177079432e-01
2.372175110263188280e-01 -1.792629049637244343e-01
2.153507063791992859e-02 2.742281645325145290e-01
-3.508886850818707659e-01 -2.179900326526277299e-01
-1.569217729126388683e-01 -1.882282401625610113e-01
4.497405357288841721e-01 -2.215574307360790307e-01
2.598701064496263813e-01 -1.984915240861359065e-01
-3.931742099882473696e-02 -2.058650985303936976e-01
3.313844342585655633e-01 -1.798469855333127976e-01
-4.635689941352111321e-01 -2.126510361098934432e-01
-1.046396406970968584e-01 -1.951506815552054297e-01
2.314033810211283404e-01 -1.988576188498190067e-01
-8.470749504879204750e-02 -2.295537054491271212e-01
3.790913844438181801e-02 -4.209660563655738263e-01
-2.942486908950230351e-01 -2.223487001662465268e-01
-1.838193004662832530e-01 -1.806428690728200115e-01
3.837232238530685624e-02 -3.345148467226751743e-01
-4.374885777746019278e-01 -1.791196408981573507e-01
3.657276518932150999e-01 -1.939045113218431649e-01
3.892548844481610315e-01 -2.292905117180458197e-01
2.531111804057998294e-01 -2.324740566260661279e-01
-1.546577034418734620e-01 -1.913174756834007395e-01
-2.289285362865625117e-01 -2.003581047553576466e-01
5.488341100872684564e-02 -2.246091781159671452e-01
-2.638903823714836561e-01 -2.232409711503069438e-01
-8.396903534975019845e-02 -2.142045142471824537e-01
-1.603807629288356296e-03 -1.739115113660755219e-01
4.398718357469396656e-01 -1.677279349447506895e-01
5.598653618937010634e-02 -1.822347703413392805e-01
1.350432275150126316e-02 -4.671505156286004379e-03
4.817210902844279996e-01 -1.813506480292459422e-01
9.505888140666263197e-02 -2.099094120083180304e-01
-2.197222223941901476e-01 -1.706557344737770210e-01
2.951180296975630668e-02 2.372836821957426956e-01
3.806696740849946359e-02 -3.372716072978848567e-01
-9.954920509474440848e-03 -1.838749538622398427e-01
3.066881010455957401e-02 -3.803177269839687069e-01
1.291036138332839478e-01 -1.682000245462506038e-01
2.399137826490116421e-02 -2.646732098928066268e-01
3.393513391799185541e-02 -3.127839781786011519e-01
1.467407434132219635e-01 -2.058244487135626466e-01
4.772181221648452709e-01 -2.211498618715035391e-01
3.499208856984333815e-01 -2.174490117081058216e-01
9.982954739048899295e-02 -2.118176606791547512e-01
1.149973805401084403e-01 -1.829183265974478889e-01
-1.998671190065905989e-01 -1.700226173761382187e-01
-1.144943870318833046e-01 -2.021720878161933355e-01
1.833088008949079750e-02 -1.438461166668637548e-01
5.748619535775423284e-02 -1.898573043071030142e-01
2.597876845523661160e-02 1.409076447373291963e-02
-1.250856343844153340e-02 -2.093228668178115370e-01
2.967522334433958520e-02 4.490678868721348360e-01
-2.388204230624284552e-01 -1.874193963761384696e-01
3.041636767410371700e-02 3.925006983802468152e-01
2.343998541713854245e-02 2.933119546344595818e-01
3.495133267700178958e-02 1.164955575124200227e-01
2.518302052830390103e-02 -2.281368926953089016e-01
1.851936921368013689e-02 9.581243121407789776e-02
1.233050803163282527e-02 -3.650209912698187953e-02
3.729552271964364785e-01 -1.804423985844753053e-01
-8.611611679468345049e-02 -1.897338541873578865e-01
1.921989772962151566e-02 -1.033696694574072206e-01
-3.737100402975570557e-01 -2.019615466981701246e-01
1.567206107231334800e-01 -2.309354747039258360e-01
3.224674663501615468e-01 -1.847993886764481841e-01
1.821903740741959155e-02 -2.655108536039748612e-01
-2.753801401472300014e-03 -1.803518992662831444e-01
3.775047482960924849e-02 3.900962462131615238e-01
4.203601496305193752e-01 -2.229240771285766476e-01
5.798826459557326896e-02 -2.008868560658321201e-01
2.763591760915373730e-02 1.734088196045716623e-01
-2.610970646156821617e-01 -1.924638277942972708e-01
-3.460305036140791657e-01 -1.735092440409865544e-01
1.836080377825866083e-02 3.281986800974633356e-01
-2.195255944510976498e-02 -2.224560553878078828e-01
3.059417485358773003e-02 -9.565547441447364019e-02
-4.611897288738133760e-01 -2.133661084198020808e-01
7.471367332066292111e-02 -2.003652799866114664e-01
3.071449724147856664e-02 -1.763919114609773242e-01
2.389846141465752360e-01 -2.018605640258216427e-01
-3.050820761001910020e-01 -2.210836568674372504e-01
-3.210347756579180478e-01 -2.041188255104513516e-01
4.468552346442936640e-01 -1.758638945694112055e-01
2.300887667315110185e-02 -2.679116666930747570e-02
2.866239281441607112e-02 -4.888902349681002457e-01
-1.049309981237557254e-01 -1.982085689094084113e-01
-4.032565036090812738e-01 -1.825287357774924013e-01
-4.125446588547133642e-01 -2.324905023294338013e-01
3.521112456500105070e-01 -1.985467188773071268e-01
-3.186182658741398832e-02 -2.138291358604861303e-01
3.821811961311083472e-02 3.487990734970763951e-01
-8.375667428691524474e-02 -2.046591257828559440e-01
4.419755482084297693e-02 -2.037305312781449995e-01
3.927472023431910486e-02 -3.347934811131569877e-02
3.831001196724095337e-01 -1.923792349032122928e-01
3.295216820502810950e-02 1.740287369786761573e-01
2.034858835677810784e-02 3.725303551140267677e-01
3.356790792723728378e-01 -2.015228474225044808e-01
2.497323586394450956e-02 5.817648902536221023e-02
1.803470674384122230e-02 3.843638218972700304e-02
2.774612035139867317e-02 -1.613759438730641982e-01
-2.249124895348090236e-01 -1.846507860967359083e-01
-3.422774505648572552e-01 -2.034718951129752540e-01
2.313255904843414257e-02 1.014410923972253187e-03
3.019716934955929410e-02 -7.869977675122841188e-02
-1.086234846224075623e-01 -1.942353983487313807e-01
-2.531214645154777898e-01 -1.662346321775776126e-01
-2.993654162732196644e-01 -2.180728297725548215e-01
-4.944813323129454430e-01 -1.836431787867893739e-01
8.244856162273050959e-02 -1.959538253990693590e-01
-1.147092752877787447e-02 -1.938426438925437978e-01
3.142305847626891691e-02 -9.103147971968950092e-02
-2.678355801399123770e-01 -2.260974119883140121e-01
4.447759818557984746e-01 -2.110223099974390948e-01
1.571748919990656468e-02 -2.731649430859930394e-01
-6.883549402493549518e-02 -2.034044477976515441e-01
3.649610604582986806e-02 6.546641766371630311e-02
2.090530518098276946e-02 1.419620692517747917e-01
-3.806428470671830988e-01 -1.716212652057308441e-01
2.244436175239772346e-02 2.673253801410485631e-01
4.729516882592899041e-02 -1.934771073946635056e-01
1.603788332152866758e-02 2.378005396332972810e-01
3.839910726547790532e-02 2.196721292790974056e-01
1.984016101196719450e-01 -2.141085993954390254e-01
-1.074645050529491330e-01 -1.879409281917608920e-01
-4.013519460483412349e-01 -1.930572796097905774e-01
4.243953561916653516e-01 -1.871068982438760520e-01
2.294900145568739003e-01 -2.172349934510733327e-01
2.639151960573071776e-03 -2.277034642803095199e-01
-2.354748896576873696e-01 -2.301994973461952698e-01
-8.814411043090586428e-02 -2.033400721971945213e-01
3.405236431416308607e-01 -2.018002847399860133e-01
-4.172388080552451584e-01 -2.299251717729955402e-01
2.529186892657908636e-02 -3.287310980734263754e-01
-2.920813651772780073e-01 -2.271273969949717531e-01
-2.715169170020343969e-01 -2.012524946831478756e-01
-3.023538519815505143e-02 -2.231410044968262785e-01
3.696617294360892148e-01 -1.821574475617556699e-01
3.470941886742731075e-01 -1.840765002278357265e-01
3.023689163946376990e-01 -2.301861188351224108e-01
2.208462739305971922e-02 4.319261656907678049e-01
-6.992334771659358683e-02 -2.137940002215448221e-01
4.814782086068813971e-02 -1.991282887393803769e-01
4.012545351356111567e-02 -4.244960313295815801e-01
4.186534416838116890e-02 -3.856420575074172019e-01
3.835056384041546362e-02 1.997471841452683750e-01
-4.692756293404445334e-01 -2.076890966761264501e-01
2.893735703824540373e-02 1.247826961254379086e-01
5.334872180695371391e-02 -2.285573623644349128e-01
3.123373953233308242e-01 -2.137421718887524413e-01
1.461505009024910429e-02 -4.280479864186195194e-01
-4.042677768144835593e-01 -2.050891129696450488e-01
1.962761671709467581e-02 1.537891235141071178e-01
1.003966051439670881e-01 -2.280509606631438979e-01
3.704191194457198133e-01 -2.144072827653945579e-01
3.354322135174192532e-02 1.450352709005851004e-01
-5.584217408270941707e-02 -1.717227932334821627e-01
-3.103030905050252475e-01 -1.789412970506339962e-01
2.115864191648664239e-02 3.719384513338492848e-01
1.883944421487039333e-01 -2.106180751240120941e-01
-4.764643642413248781e-01 -1.739916300778336922e-01
-1.744350115614455854e-01 -2.171762347486791978e-01
3.417521979037507762e-02 -4.328294935986376490e-02
-3.845652135641053349e-01 -1.897631468664802146e-01
4.096353953515097235e-02 6.007030672279323191e-02
1.157177765281480752e-02 2.795658042837342316e-01
-2.265155578310817930e-02 -1.793058801507351196e-01
-5.814335311819052166e-02 -2.041224657960617472e-01
-1.973514260224371597e-01 -2.078219831147848362e-01
2.117992757613018640e-02 1.197087826840989022e-01
-1.774812171983124465e-01 -2.038009502252836613e-01
8.061834176671001106e-02 -1.790323377370550695e-01
3.846457285734927734e-02 -1.024076478197899487e-02
-4.639034176578628044e-01 -1.754618078827350214e-01
1.948996549694346214e-01 -2.015798683065808117e-01
2.925586165188154286e-02 6.302631236093869660e-03
1.249236385270008354e-01 -2.249890967887120397e-01
3.881499564277546277e-02 -3.489284120082346563e-01
-2.205740447791642023e-01 -2.097356515940612676e-01
-2.143569103352480631e-01 -1.934757303555195707e-01
-2.852135733419209895e-01 -1.878638095967306576e-01
2.200048748922067698e-01 -1.848259657897115549e-01
3.146542954165276740e-02 2.583328289624025054e-01
-2.327456170157091719e-01 -2.276219077699861426e-01
2.060010465234749510e-01 -2.254645772852419405e-01
-4.259579205357434395e-01 -1.780117644140681854e-01
3.243139664619165696e-02 3.229168278025457139e-01
1.718759200358634942e-01 -1.954807099220422506e-01
-1.103799226905737285e-01 -1.796975211887191781e-01
-8.265390419270135514e-02 -2.013286375076149826e-01
-4.453251746127397936e-01 -1.931624725231005923e-01
-6.773964777827146122e-02 -1.665632569869791579e-01
3.715405507554059295e-02 -3.392596766406651421e-01
2.878805400420614280e-02 2.808679636427060533e-01
2.001682510771052304e-01 -1.901271771413531875e-01
3.559719328614097122e-04 -2.056768317681223479e-01
-3.779595087672827924e-01 -1.871786100691973376e-01
4.000278697023749164e-01 -2.154366172765140863e-01
-2.237452039777718671e-01 -1.841244011107722178e-01
-1.936796872137591663e-02 -1.881196752852455356e-01
3.109789452622645500e-01 -1.856505962993756365e-01
-3.124461533481773801e-01 -2.172241783299406759e-01
-5.385531781061247969e-02 -1.871163329254961205e-01
-1.530798430044011393e-01 -1.831646543329219501e-01
2.193522726644114851e-02 4.093638138617776701e-01
-2.015049060946206838e-01 -2.128335079980987476e-01
2.419514143077783341e-02 1.410637779750446574e-01
-1.099310233245897050e-01 -1.794140766778899998e-01
4.146551737841275287e-01 -1.837561197693431403e-01
-3.814449274492650588e-01 -2.230689898649163005e-01
-2.153991010921182392e-01 -2.221421387116913060e-01
1.081715313115267918e-01 -1.685180793717407921e-01
2.104814199865923108e-02 2.768016773425591159e-01
3.567736881411531780e-02 -2.706384671246916396e-01
5.224660424248295243e-03 -1.945928213348664393e-01
-2.759528584965609266e-02 -1.720135793620857223e-01
3.220865903598613134e-02 -1.066096059648212746e-01
1.995431907471689748e-02 2.432246797377044523e-01
2.689987506933333439e-02 -2.157137168541759520e-01
-4.967552048819661170e-01 -1.793748535824908341e-01
-4.976567566746522564e-01 -2.267442038721536601e-01
2.974472966558150411e-02 -2.697291917121980021e-01
-2.648804677961129617e-01 -2.112235781248547051e-01
-1.408800215775265485e-01 -2.301826608847266087e-01
3.978102597545675190e-01 -1.876333121982275420e-01
2.709739016786782972e-02 1.844190732047875647e-01
3.583387285433226044e-02 -1.378625288450853192e-01
-3.474002852703429456e-01 -1.726270789214201518e-01
-1.817974229835243039e-01 -2.075558349745235676e-01
4.925669882187875270e-01 -2.249719551787117133e-01
-2.441892406055901077e-01 -2.304042943096907825e-01
3.997115860663724707e-02 9.940637110417593902e-02
4.077540796010525881e-02 6.694195920348000595e-02
2.335065410040448874e-02 2.270111972568611414e-02
2.515357797658590577e-02 -3.636846836526105298e-01
4.112800159130506339e-01 -1.824688033766889150e-01
2.561905664308593567e-01 -2.024350400882801715e-01
-7.586425033841637244e-02 -2.006554455390443525e-01
1.835019948370251175e-01 -1.907411501858492509e-01
-1.423282158614471715e-01 -2.262830850583249509e-01
-2.039538781573813075e-03 -2.146924326745970335e-01
4.928462521308432098e-01 -1.954206230977442171e-01
2.181113200910881345e-01 -2.089123929879758146e-01
-3.452927129836556031e-01 -2.020052907296602251e-01
8.366641501152960458e-03 -1.827366865239338223e-01
2.000275065495656923e-01 -1.738249347826624769e-01
2.828010412130466111e-02 3.628878386284062341e-01
9.664902039422307300e-02 -1.887619157910466194e-01
2.309737344169793261e-02 -4.444838402450967951e-02
4.542800903409206503e-01 -2.044625437300312543e-01
8.545525158176026093e-02 -1.927921703225167205e-01
4.266792295399017831e-01 -1.947092644433155995e-01
1.899038820048581933e-02 1.628368375532875945e-01
3.687922218547259323e-01 -2.009317071626917084e-01
2.761214520785004733e-02 -4.285106667125464508e-01
-3.759959230924244666e-01 -1.942493592105311029e-01
3.298852290190202874e-01 -2.242639280098814858e-01
1.582267035196649463e-02 -4.709541633997738064e-01
-2.070061290373088614e-01 -2.011542530269696538e-01
3.611585712576677043e-01 -1.734650481080283191e-01
3.274607320426576873e-01 -2.089753812933218269e-01
4.309928567332698135e-01 -2.297392060126983715e-01
2.589981284982743048e-01 -1.700550881934946856e-01
2.188231794512319750e-01 -2.246694590907452049e-01
3.533483085176158944e-02 -4.902373519260112555e-01
3.302975496633805408e-01 -2.152501839378311299e-01
6.096303767852662148e-02 -2.090407410362111751e-01
-3.798815070885736001e-01 -1.707974026440481907e-01
-4.347736310589862541e-01 -2.225471597729293816e-01
-1.280802380823309328e-01 -2.279558748530158274e-01
1.873396436004348686e-01 -2.012773767531136349e-01
3.197433244098102367e-02 -6.050554313145883878e-02
1.469100117523433058e-01 -2.126880000013909866e-01
-3.526125847185104245e-01 -2.136411423441151314e-01
-1.591075706639388798e-02 -2.170508220737716876e-01
2.989968453862912323e-02 2.338843213578742919e-01
2.393722913320808221e-01 -1.793150153268656677e-01
-3.734867790473184179e-01 -2.109936445911493319e-01
3.780911321658664281e-02 1.756984655831294040e-01
-4.061455779053281256e-01 -2.224180203383920862e-01
1.995579645991130135e-02 -8.239272287049392851e-02
1.357304153925469326e-01 -2.016516223803818120e-01
4.316082758621140325e-01 -2.001874071373280772e-01
3.776424928232083866e-01 -1.756528988001753167e-01
1.237335363112929132e-01 -2.216998490154749035e-01
-3.855270265961103782e-01 -1.877865298756521417e-01
1.487480069743088995e-01 -1.681153247217840319e-01
4.330162967490944759e-01 -1.713513432190968411e-01
5.964465780884875556e-02 -2.146569835714375873e-01
3.408232507918318444e-02 -2.094372589725417289e-01
1.718805521227914079e-01 -2.165694726401986570e-01
-4.026755599493818671e-01 -2.136849936535920591e-01
1.770787370584728793e-01 -1.935025795003371130e-01
1.967724563609207777e-02 3.383669896731126281e-01
2.380664432364087979e-02 8.545626670996142593e-02
2.664898123151118181e-01 -2.105037240206875104e-01
1.519049051416176965e-02 1.621152601865835097e-01
4.832427830179231165e-01 -1.724456328933530180e-01
9.428929621749049250e-02 -1.763611420755994974e-01
3.582239224243155551e-02 -1.305508239850201591e-01
-2.769969843507499307e-01 -1.739351084768124833e-01
-4.357983025268544752e-01 -1.842969870398537546e-01
2.500149566359288755e-02 2.552170219072962265e-01
-4.899200155446392646e-01 -2.088531890423001025e-01
4.299493763765065424e-01 -1.979003562971269892e-01
-2.474841373274463407e-01 -2.124449309026812394e-01
5.114404729991273157e-02 -2.154587090090441803e-01
1.904125031459658057e-02 2.855308419117152940e-02
-3.513797907518864116e-01 -1.667473884658752237e-01
2.242635104627127562e-01 -2.273062687932611015e-01
3.514136658872639707e-01 -1.683893254801970274e-01
8.262360610729546639e-02 -1.796638299730571875e-01
-4.160026365582555341e-01 -1.974882815501197708e-01
4.613533427012663779e-01 -2.168132123361283803e-01
3.614519754222889070e-01 -2.028187961353045132e-01
-1.282169844127611924e-01 -2.216594207268423045e-01
2.821365684062387968e-01 -2.016711837703246690e-01
-1.429190110764888555e-02 -1.667904159498696526e-01
2.319912829280779132e-02 9.055293484023907435e-02
-3.454535018382045575e-01 -1.928547604912009827e-01
1.745041350663945057e-02 -4.996612921304834920e-01
1.721145908413146408e-02 4.667266444196659370e-01
4.203889493562261714e-01 -1.863420150488899196e-01
2.634048381205360556e-01 -1.788676522865888519e-01
-1.498931414368859238e-01 -2.220080237830938108e-01
1.694478881642454970e-01 -2.090400432086020333e-01
2.394704068884678794e-02 -6.922913760314208798e-02
-3.770379103476872995e-01 -2.198506693371218290e-01
-3.985419329005198685e-01 -1.824489648999002567e-01
-2.619633531846169427e-01 -2.202097235224246274e-01
3.548139321328145357e-01 -2.268733375614184755e-01
4.610937897628697435e-02 -2.264212333978853353e-01
-1.450744872479837744e-01 -2.193882534426880859e-01
-4.943813044392765255e-01 -2.020832892850273899e-01
1.758781561091785628e-01 -2.147480774086591992e-01
-2.891887252761732308e-01 -2.322032104774864880e-01
-2.899017274936744881e-01 -2.147775376961686966e-01
3.353997628035959577e-01 -1.969182820363691855e-01
2.599340070894784471e-02 -9.546479321550616071e-03
-2.252124467897127502e-01 -2.273672380861021525e-01
3.430302111985039648e-02 -3.572775710878760558e-01
3.488437163534052754e-02 2.282019626200727513e-01
-1.297264001442897108e-01 -2.184383798586014835e-01
9.419005026995064256e-02 -1.751236079178354332e-01
-3.483383357724645357e-01 -1.773747912874995558e-01
1.200622127296091524e-02 -3.413662457254122984e-01
-4.763951270346046263e-01 -1.876340276264873985e-01
3.714505676047756833e-01 -2.227397218584010741e-01
2.401490590176724726e-02 -3.626259020621356299e-01
2.303603894493277959e-02 -4.883250260041152035e-01
-4.226147430523358173e-01 -1.940301643641444418e-01
2.350616989492504416e-02 -2.929962092619076142e-02
1.375092971346081328e-01 -2.110979643812027629e-01
2.835138927554647914e-02 3.516106175754221130e-01
-1.857270827466276364e-01 -1.738143033922011638e-01
-3.037202272408001669e-01 -1.752127670617925626e-01
-2.985568467390420366e-02 -1.776217292107875600e-01
3.602954826207077632e-01 -2.213185760007750913e-01
-1.839141988545855977e-02 -1.774112057858483471e-01
3.792347228197101572e-01 -2.139349229040358180e-01
5.656744540738067872e-02 -2.092906174367021865e-01
2.313213159224469795e-02 4.295964209855883675e-01
1.319691475609496845e-02 -2.339140869769689157e-01
1.664958146378361370e-01 -1.870055846757912033e-01
3.494748348849363584e-02 -1.277637265353936957e-01
-3.035614660882227644e-01 -2.170731859241498141e-01
4.933661423804213131e-01 -2.316421867463747120e-01
2.831806332326591846e-02 3.171408634296982720e-01
2.381257858061369692e-01 -2.237978640928059981e-01
-1.940785369078381617e-01 -2.207516394622609512e-01
8.631919992406744679e-02 -2.199065316903677791e-01
2.399971088428187738e-01 -2.127930900225328825e-01
-8.421442568571946286e-02 -2.033939930905875881e-01
2.437408570750110304e-02 -3.321419627502847360e-01
3.705388359126468023e-01 -2.212117285257563237e-01
1.281857998429265511e-01 -1.843796937139068337e-01
3.694336957375081720e-01 -2.320494729264214184e-01
-3.178963983358129575e-01 -1.816105785158257380e-01
2.752616675643759780e-02 -4.852453944033787714e-01
1.710598339991231676e-02 9.068267289651410490e-02
-7.904247996189261993e-02 -2.127317341718938382e-01
3.783286281169050413e-01 -1.715280975570466770e-01
-1.130152070591323721e-01 -1.737339031871871775e-01
-4.458093877082307532e-01 -1.819862315344815684e-01
-1.728512809634119574e-02 -2.086651334210329889e-01
3.048025199167192500e-02 3.482183101377739343e-01
3.359211602470912883e-02 -4.762248378516940051e-01
3.446444479373922398e-02 3.760929998554993769e-01
2.212300622335579003e-01 -1.701034041532853980e-01
1.036002267049975778e-01 -1.704124670460982482e-01
2.167251821168292292e-02 5.194474227281520307e-02
3.654086601412998014e-01 -2.123790441755549763e-01
1.946283441165804762e-01 -1.991521510013057883e-01
5.537698034084148624e-02 -2.217059148199193030e-01
-4.857078454440405535e-01 -1.702421006928939162e-01
1.061215891869059513e-01 -1.914247846931101948e-01
3.008041719960489191e-01 -1.862392096052597479e-01
3.230350723430297499e-02 -4.910774365796410912e-01
2.371603095177440279e-01 -2.047944716088532235e-01
-1.893202640817202020e-01 -1.962896447523799770e-01
4.012092212660970381e-01 -2.201978694074230303e-01
2.035626898459863554e-02 -3.417490526594229028e-01
4.808472489791071336e-02 -2.305424089653257402e-01
1.537994770460526794e-02 -3.348167179491113865e-01
1.169341756766184570e-02 -1.045846024831723620e-01
4.755929128746453349e-01 -1.755805989779265497e-01
-1.746719878056631758e-01 -2.054579344887609293e-01
-2.621319647812263565e-01 -2.206448247363068660e-01
-2.883978239989222203e-01 -1.974095226035664785e-01
3.636152539636290371e-01 -2.113072798201168778e-01
2.809052909971931911e-02 -1.614407581077251796e-01
3.421411365326616494e-01 -2.325561874022807896e-01
1.480374068453890191e-01 -2.104992135536262188e-01
2.765476503976711520e-01 -1.816321553061482907e-01
4.127088266076419654e-01 -1.693224962530823774e-01
2.657140209298464173e-01 -1.762492759482563454e-01
-1.504196610162911174e-02 -2.212671362891904803e-01
3.122947770270911860e-02 2.598499668498421844e-01
4.388133235295309520e-01 -2.325117761844369690e-01
4.505980670880732619e-01 -2.007928986652866010e-01
-1.216946959746145751e-01 -2.195182193079554533e-01
2.483106725447108420e-01 -2.030695760976973796e-01
-2.926612369977154016e-01 -1.873396196053354057e-01
2.877316061100220201e-01 -2.312530304302509165e-01
-2.485981878835799019e-01 -2.199108002390237626e-01
-1.180682186773367448e-01 -2.175542311396997386e-01
-1.512504250335113820e-01 -2.095592769510224995e-01
1.790861608622540402e-01 -2.208959687272842309e-01
