3.387340728237708820e-02 1.097322422558277832e-02
2.706653417050440824e-01 -7.729234303870979872e-02
5.935681701759276674e-02 -1.504140358744376904e-01
2.652800200096522287e-01 -1.031518379289301235e-01
4.919805515091745240e-01 -8.474854937053066806e-02
4.703323346786669745e-02 2.855927293559306079e-01
5.630225851902248557e-02 -2.110672892924337907e-01
5.000472383091958406e-02 1.355447160829393871e-01
4.779639769870744903e-01 -1.183946940037911011e-01
5.985932777341462785e-02 4.720735541200266061e-01
4.980256047769626715e-02 2.343793713331464579e-01
-2.353562678012318665e-01 -9.175718593894888198e-02
3.892112747194208522e-01 -9.659649685461124680e-02
-1.688382720501969692e-01 -7.947903283866775137e-02
3.761737147001609216e-02 3.679839849066868229e-02
2.783448236205587900e-02 4.412648115005033400e-01
4.567922644508337626e-02 2.188437171729130659e-01
-3.125615887772952295e-01 -1.075923708050307015e-01
-2.602794707650848416e-01 -1.114200786404434540e-01
-4.370914036594780727e-01 -1.149330422104833938e-01
7.193424926757729931e-02 -1.086552290145117450e-01
4.794340129543761542e-02 -1.307446305725213920e-01
1.811151272736805096e-01 -9.285523988842525611e-02
-2.074845528990993948e-01 -1.119716271962616361e-01
3.222829555469166607e-01 -7.995413633358128269e-02
3.449478261977545479e-02 1.386381389631500261e-01
4.213001999300813871e-02 -2.560954000629610539e-01
3.687425577494751749e-02 4.510680869306371576e-01
1.491794062534692600e-01 -1.014974586715030602e-01
-2.231264455911541322e-01 -7.727157577441023939e-02
5.056367898935465455e-02 -2.934287199126850432e-02
-4.853719029126819517e-01 -8.210869989169000682e-02
3.476308106920938945e-01 -1.054666609503048802e-01
-1.676178705563571292e-01 -8.014431404163491202e-02
3.896469727408624628e-02 -1.438562660990234665e-01
4.568795324412833203e-01 -1.183816465562027576e-01
5.838372130440439012e-02 -1.495087125730263367e-01
5.442411851459394434e-02 -3.802130818877184071e-01
-2.460884702323291595e-01 -9.700477844381882875e-02
5.423042249994691755e-02 9.357606674224350218e-02
-1.111283095793368370e-01 -8.732577765656546198e-02
3.019088772243752050e-01 -1.140312519334792940e-01
-5.119583763141788424e-02 -1.015298688000229044e-01
2.618246095968511655e-01 -1.102533120035563696e-01
2.689047499246196571e-01 -8.795223633480109271e-02
-1.394497236242743243e-01 -7.993087701711665272e-02
4.171529309548660525e-02 3.489232046179711055e-01
-6.102540238486509061e-02 -1.022241113159506609e-01
2.746284477558824655e-02 1.163335064760849802e-01
2.172847017773883449e-01 -9.625667422824324415e-02
5.417418606452573115e-02 -6.697113306628443841e-02
3.553838169341411168e-01 -8.299771837740710367e-02
5.076021432460886551e-02 -3.410277574804824186e-01
-1.731396377563889644e-01 -1.167016740823203502e-01
4.099223667827978090e-02 -1.566216099024282382e-01
-4.420092936538037032e-01 -8.256974684178375323e-02
3.778328040950384992e-02 2.017050519155419996e-01
1.557087218373766069e-01 -1.172492268834027795e-01
-2.608059958373665221e-01 -9.304806282012922924e-02
4.877706924507263508e-02 4.704682995901503517e-01
4.841828306695566964e-01 -1.169617147717321171e-01
3.653324279639014183e-02 -2.177606739338657782e-01
2.362924084654947077e-01 -1.022121935352692246e-01
9.622797829760376676e-02 -1.007897404325482915e-01
3.281293602032120393e-01 -1.135523192234739742e-01
1.309530665213144429e-01 -8.143819779896432909e-02
2.964646407685556095e-02 3.978507679544990294e-01
2.737264544871329530e-01 -9.119092185061639100e-02
-5.582953146458435878e-02 -1.076947552560386656e-01
5.378560276178967481e-02 -5.095221324140197794e-02
-3.116844108365355304e-01 -1.050637270392060785e-01
1.764254108743189553e-01 -7.989957978496908808e-02
5.350759126360360440e-02 1.844065195087641884e-01
3.540605281790365488e-02 -1.224652465143043489e-01
4.437687273250168207e-02 -1.899274820399808883e-01
4.172167986584018884e-01 -1.063257876621809261e-01
1.418880957745023430e-01 -1.165132818240212087e-01
-4.634226573455468845e-03 -1.056568071206014370e-01
3.335020568233735272e-01 -1.035192956202014569e-01
5.152836166683327779e-02 -1.148706677623682060e-01
-3.527274528595769620e-02 -9.379761281363763192e-02
3.935679332905127614e-01 -8.470836140492599142e-02
5.070682021059902400e-02 4.147082207241081786e-01
-2.750723586761691930e-01 -1.127748409018326514e-01
5.772122845482552389e-02 1.714636091224358561e-01
3.498035901420248894e-02 1.022095321502378695e-01
5.217186255080619173e-02 -1.626938816522920384e-01
2.991565184352595885e-02 2.558013694634149182e-01
5.014739214813590529e-02 4.824229312395842406e-01
-4.084910358910863737e-01 -1.059820750489470775e-01
3.371299417593940362e-01 -1.145983050942068759e-01
3.903374595229114341e-02 3.210891137576138421e-01
4.965929409073222001e-02 6.234384977878359990e-02
5.287725433977852330e-02 3.173978598556451702e-01
-2.017450527695945350e-01 -1.108110933066190906e-01
-3.011830881755084288e-01 -1.132152192902893262e-01
2.956339182823053413e-02 -4.126395363429626872e-01
-2.681853521304511379e-01 -9.567322646865727975e-02
-3.488063612777120293e-01 -8.556436850741699907e-02
7.315886730475129607e-02 -9.575416060657393480e-02
4.068436503888794853e-02 4.169859374393469764e-01
-4.442681014752722923e-01 -1.033353881447730549e-01
5.573035439538409630e-02 1.951813490823026687e-01
-3.407634984842591308e-01 -9.983377553228334200e-02
-3.909887912960524625e-01 -1.032261230513965566e-01
3.034477167452243052e-02 9.590768238989044736e-02
5.928468672221043345e-02 4.416201356389728439e-01
4.427556028957155831e-01 -8.475898645242274654e-02
-5.322929290091660270e-02 -1.122027885558338767e-01
5.308307338082396409e-02 -4.475954571212458211e-01
5.466009786674108639e-02 2.937978241563317106e-01
5.426429829544088257e-02 3.676144092696868038e-01
3.301475807608600377e-02 -1.162091112968889339e-01
4.693413343268026949e-02 2.068346719940250544e-02
3.404667950715356550e-02 4.711977112839496051e-01
9.946642340014599792e-02 -9.748938338347434840e-02
4.762245589163135451e-01 -7.869755038316239570e-02
3.431726455610251136e-01 -9.818745619010382786e-02
4.494935225026019943e-02 2.906900194850988717e-01
2.937899156483950724e-01 -9.726755754765370465e-02
2.030208586639403734e-01 -8.422814993510441273e-02
1.260203466333343902e-01 -7.727500699199596479e-02
2.819364072868879578e-01 -1.087075567360785699e-01
3.700794848958122163e-02 3.577027600360738191e-02
4.918279139214665197e-02 -3.180025060175575291e-01
4.076257462454213609e-02 -2.386246976381234397e-03
2.892041508807496886e-02 -4.274383307206782723e-01
-1.268885716911610784e-01 -8.703890716469242506e-02
-6.836808793285864549e-02 -9.515646266545463305e-02
3.673662089117324392e-02 -1.791414832511317723e-01
-5.850801066187294452e-06 -1.029285261848439381e-01
1.737016744237984689e-02 -1.147664071258249763e-01
-2.232172461816555042e-01 -1.107151619941961762e-01
1.519299553891512167e-01 -9.599119457056282112e-02
2.731730434765511362e-01 -8.967559626310483978e-02
4.140664977470958075e-01 -1.086017608279108426e-01
-4.791179475852230807e-01 -9.357597763189717810e-02
9.585839226460479701e-02 -1.158048505076167967e-01
1.759029313229885094e-01 -8.352050982258962808e-02
-7.947019524172627136e-02 -7.921326945254980600e-02
2.607767022544921209e-01 -9.964690543343068807e-02
-3.027708589162453334e-01 -8.418308095509097200e-02
3.068594389543819467e-01 -9.305265589556788175e-02
2.258672747693322158e-01 -8.794462189048501966e-02
-1.342283627336791074e-01 -8.421442407679191611e-02
-3.048573983762251638e-01 -8.663668706265237329e-02
4.950420703116575893e-02 -2.140869208564289972e-01
5.411229147882512525e-02 -1.425214597418881235e-01
-4.318864400549772276e-01 -8.302879171910537703e-02
-2.090751599974260966e-02 -9.424002026722000380e-02
5.722951520719343765e-02 7.042588290090889824e-02
2.445121360286544032e-01 -1.005713376096681877e-01
3.035380283817168401e-02 -4.219850891591953035e-01
2.687441935439123242e-01 -1.107597229781027703e-01
-4.785123719672834675e-01 -7.873840763168593604e-02
4.343652408395459741e-02 -2.732336133871245964e-01
-8.619753547462694065e-02 -9.906365432571251350e-02
-1.622591607127519264e-01 -1.126824308592159207e-01
4.236490613345764711e-01 -7.755954130438380556e-02
-2.226966108310528547e-01 -8.519086004205844720e-02
-1.224302932922345377e-01 -1.136479714589300194e-01
1.865260225856149034e-01 -1.011380930412297818e-01
-2.873170929318281663e-01 -9.971780725823464753e-02
1.633482388103969507e-01 -1.159339472276538219e-01
4.377778159315193207e-02 -3.334157143881053553e-01
-3.222151676040411195e-01 -8.687428350370451913e-02
5.800735423933467416e-02 -3.763713952303342491e-01
4.362091085437092008e-02 -9.846776085854891392e-02
3.456727797341130337e-02 1.884944447241807541e-01
4.941363775474705289e-02 1.692575610126040297e-01
-2.293808917968553907e-02 -9.459668421335132305e-02
3.852696486547002586e-02 -1.795333122757188926e-01
3.328223225716775424e-02 2.627398925120497664e-01
-9.364932584584384490e-02 -7.875119553064080513e-02
4.497572705839281149e-02 -1.278628929064986597e-01
4.893030177776851453e-01 -8.710884264374407771e-02
-1.970823771377842037e-01 -1.138930508693286603e-01
-3.028223169527950454e-01 -9.188762836270791823e-02
2.291412570868527343e-01 -1.045197366176424669e-01
5.549495683145933000e-02 -2.214744023123538241e-01
3.051166752811460547e-01 -1.087448897463022535e-01
-4.487700982215514500e-02 -8.536291114422567272e-02
5.557309742329918922e-02 4.494489700891132200e-01
-2.244655345396653345e-01 -1.017351201481924150e-01
-3.408502513057800609e-01 -7.855931970007812293e-02
3.327736569707184788e-02 1.197369904331913038e-02
3.312624850133746301e-01 -1.005776779180426184e-01
1.635146774703440942e-01 -1.057578671971668438e-01
-1.283689185868792659e-01 -1.085404582011566532e-01
4.837626048308041327e-02 -3.863876144417490721e-01
4.718150988781211197e-02 -4.514454822604412332e-01
4.360013970622735879e-01 -9.680898265673931746e-02
8.183489027435930652e-02 -1.178344267968456371e-01
3.101152755722835774e-02 9.894033353512921014e-02
7.273392337777473404e-02 -1.068924755296594142e-01
-2.073636068387560982e-01 -1.105214098786415633e-01
4.396752851477803148e-02 -2.658941257965691252e-01
5.892090046521425428e-02 3.779428934356904302e-01
5.889671881894720240e-02 1.285437416187876769e-01
3.557679688693704545e-02 4.694254370884737293e-01
4.480746537969337862e-01 -1.026090514156463573e-01
2.547520293862972629e-01 -9.694023419651509599e-02
-3.218019401812476366e-01 -8.530538586106461985e-02
4.774771882627981689e-02 -6.668063113906519401e-02
2.778711338799122466e-02 1.260377255068365621e-01
4.061247054622074693e-02 -4.486325373179645970e-01
-4.063361854774939497e-01 -1.031270198952551898e-01
-4.744957904018536343e-01 -9.329862940346300704e-02
3.863220846233058614e-01 -1.151305958145779629e-01
-3.527899621702501598e-02 -1.174830521542765682e-01
3.614435991413755822e-02 -1.512101794029263591e-01
2.259236661191178497e-01 -7.737405404494901440e-02
1.468081740160103177e-01 -1.108538997019944405e-01
2.921991680838686989e-02 -3.912676539735088221e-01
-4.049283869417181769e-01 -8.645274033405225822e-02
5.666068129487566996e-02 -3.854239022304529749e-01
1.296960450134087006e-01 -1.180573607660923008e-01
-3.818120136666128817e-01 -1.172659515786739215e-01
5.566388987464698790e-02 2.132196643154123938e-01
4.047303111361943984e-02 -1.327101932577696708e-01
9.297424033780865571e-03 -1.055726900790414646e-01
5.170301072939276210e-02 -3.160375862329786179e-01
2.191923607432981758e-01 -8.234339378808197552e-02
3.520735634974936357e-02 -2.184961212570024625e-01
3.401227526977343985e-01 -1.022896465348202000e-01
5.565026403428985358e-02 -2.437624548056599449e-01
-1.398492574839846903e-01 -1.176876342020186650e-01
3.027676453387107003e-02 -8.230892224877184304e-02
4.899418159457391564e-02 -6.157565022711830593e-02
2.744940631455294877e-02 -3.126978411612115760e-01
-1.534857216474114772e-01 -8.106333930098297280e-02
-3.799027665917974472e-01 -9.447418084569636498e-02
9.788993425119185687e-03 -8.241126560020684000e-02
4.394312534277522442e-02 2.364007647294941172e-03
2.626126834075661609e-01 -8.744340039055253921e-02
5.217969821320112001e-02 1.966658218331510666e-01
4.968405048854618311e-02 2.267618820110506306e-02
-4.621374878088131410e-01 -1.170123656502080056e-01
5.586530286530033695e-02 3.878924601885863632e-01
1.704637626114189342e-01 -9.275907627256840815e-02
-5.706174681020026451e-02 -9.812114705833763217e-02
3.203030033223308592e-02 1.215737932415491551e-01
4.853384366446004128e-01 -9.268896507882395941e-02
-7.598205936304880392e-02 -1.027987754764358996e-01
2.921863739607288846e-02 2.819456961882164103e-01
2.824745341870371629e-02 4.911869304252375334e-01
3.555829782502650804e-02 -2.199207857315733650e-01
4.373349287812459130e-01 -1.097454813198138757e-01
4.338884712645307840e-02 6.411799566347020640e-02
3.025966197932961066e-02 6.066416600078727850e-02
5.057548280500856475e-02 9.675047147894022537e-02
1.478107958791663457e-01 -9.117305816574994282e-02
-1.271930958448622695e-01 -1.163422753676139898e-01
-4.217395769254512761e-01 -7.945609540710774077e-02
-1.219669624003397734e-01 -1.071035204385190065e-01
3.307456747303771927e-02 -9.520563905145362771e-02
-4.225583016283211979e-01 -1.057122656916786863e-01
-5.355683013385992286e-02 -8.651275287894666377e-02
3.478602877926018078e-02 -4.119889052382902372e-01
-3.782028457961551515e-01 -1.098994279759721859e-01
-4.067453797930722370e-01 -1.130400701649355577e-01
-3.598945924578065281e-01 -1.136701260310434280e-01
1.808105364838255014e-01 -1.021015688597461946e-01
3.584842351290692397e-01 -8.604230806635937423e-02
1.502996795870018554e-01 -7.736001590296026631e-02
3.264719091087320280e-02 -1.104414995861013882e-01
1.898195757385968685e-01 -1.099079238887357146e-01
-3.152182215062571125e-01 -1.175177663533156780e-01
3.176374090602929190e-02 2.141056166819742534e-01
1.878677080406018218e-01 -1.033633319460781630e-01
-3.824641912266550925e-01 -9.490917491486661195e-02
4.628173813619207433e-02 -1.867563621088955683e-01
-4.441184148673957832e-01 -9.539175437942304381e-02
3.073634710318188246e-01 -1.111017588039974191e-01
-4.276611986027031298e-01 -9.823835767124644569e-02
3.778543441312320894e-02 4.433635109976922228e-01
3.380754777152101820e-01 -9.563771466524140230e-02
3.110116731362999598e-02 3.989744343665835302e-01
3.642404519089638137e-01 -8.333293257185470093e-02
4.762672609611385832e-01 -9.961567660757864040e-02
4.208977470934650578e-01 -8.274108655038936444e-02
4.938019095524315283e-02 -3.407272791071254137e-01
3.064688107030977271e-02 5.759082813494353914e-02
3.392758964805749899e-01 -8.356103689256844103e-02
-8.652424462107433101e-02 -7.850562515892878235e-02
-3.997476465045197713e-01 -8.441142650606980880e-02
2.952799559211960467e-02 9.771887458360029033e-02
4.116463986003415787e-02 4.383471165746515297e-01
5.286233511133620055e-02 3.963754004602230152e-01
1.707004721049917295e-01 -1.127598452521181294e-01
5.405091213053847543e-02 -1.085756491384878286e-01
4.207406816390599769e-01 -9.078364159040719361e-02
4.054608289265460019e-02 -1.091288405559226460e-01
3.992547871714668961e-02 -1.070632317746867956e-01
2.699273327924009980e-01 -1.144071851485962688e-01
-8.506133194223330918e-02 -1.095464915924946325e-01
6.104317689599403352e-02 -8.408629415320478806e-02
5.120704006570586664e-02 -1.416753904864286318e-01
7.493624245278818208e-02 -1.164660799406458391e-01
4.445011130180620551e-02 -3.122003182616006622e-02
2.662618488559576058e-01 -1.115395195564954367e-01
4.480978742112700086e-01 -8.619986747448027398e-02
-4.364136966351859215e-01 -9.529677257546009805e-02
5.582686755175647608e-02 -1.735062922782096839e-01
4.986255884704420271e-01 -1.086744661464599249e-01
4.055327631355054585e-02 -2.385235347588054999e-02
-1.778469277585635888e-01 -1.178963912728193675e-01
-1.525319506696094507e-01 -8.269635680168840874e-02
5.587599107238050422e-02 4.084072323653369363e-01
1.068268725537340202e-01 -8.564403473130510758e-02
-2.970314721746516451e-01 -1.183873419580261377e-01
-2.410221910893702857e-01 -8.811211204767455119e-02
5.703853468003761140e-02 2.520975446466409142e-01
3.274679537158934339e-01 -7.848146635872910171e-02
4.248974104304806820e-01 -9.175032980877551037e-02
4.292585115325942002e-02 -4.263404023339718574e-01
5.798993371604999059e-02 -2.767026454976084793e-02
-9.895111089055574904e-02 -8.446455329572477577e-02
-3.111391282118288748e-01 -7.780557291293255240e-02
7.084117185697569319e-03 -1.103286903578469813e-01
5.687682402548532856e-02 -3.702913390421748163e-01
3.707826706665462435e-02 3.387587371697758920e-01
1.164670568125303340e-03 -1.174341103488475424e-01
1.420971833033175535e-01 -1.011404307492673738e-01
5.685127533991984894e-02 -6.895685174565735487e-02
9.915320930458915161e-02 -8.234754653992815143e-02
4.099898115170585999e-02 2.229570029313627799e-01
5.762856366856639045e-02 2.325996539603143454e-01
-1.348308596772042067e-01 -1.087916046129281389e-01
5.247162749429623574e-02 4.672629491875808228e-01
5.172891884125241369e-02 4.248779716350987723e-01
3.885181780885216263e-02 -9.197062756071572309e-03
1.093095867811308963e-01 -1.179678223662412595e-01
5.948734037223135651e-02 -2.843202295727420559e-01
5.167865853164055334e-02 -1.295836430655413762e-01
4.143835966430753359e-03 -1.123824726249265105e-01
-4.470196684749895288e-01 -1.156676330696817523e-01
3.035022025801614731e-02 -2.099000780803506050e-02
3.401540631346100518e-02 -2.473010766372144564e-01
8.902751163049638095e-02 -7.892805574376593469e-02
1.143234738893712521e-01 -1.025311030529177936e-01
4.223187340438983028e-02 4.088956237108909431e-01
4.332406458156690121e-02 3.042767847973784079e-01
3.564881760352633933e-01 -8.883969733581487116e-02
2.119611381455237531e-01 -9.896094598439597601e-02
4.065614311993164254e-01 -1.123004685741637587e-01
-2.371606020066184817e-01 -8.445833561614590757e-02
5.029318387400516510e-02 9.958746533862272710e-02
5.491119706385061416e-02 4.201661219076446852e-01
5.095710680732978837e-02 -2.950138958056869321e-01
3.581940406612493799e-02 3.201482541205860066e-01
1.023997703840412443e-01 -1.188726337997616511e-01
2.844654403889925742e-01 -1.167535334859786111e-01
4.057199712152115278e-02 2.307227863004363000e-01
-1.301966039068646053e-01 -7.975531896776133500e-02
-3.628218092299537734e-01 -8.841169796505266021e-02
1.343114858428442471e-01 -8.518830604312133126e-02
-1.233956120891072095e-01 -9.369767824863672878e-02
2.952107851081099410e-01 -9.890267109808981161e-02
3.390655689556432151e-02 4.908541166943790612e-01
3.777781897070592310e-01 -8.930256935293634513e-02
1.161560562134607011e-01 -1.013646554500904351e-01
-3.194881217775402682e-01 -8.917761664901402430e-02
3.575728440584093892e-01 -1.138398588398207290e-01
-9.061660124116510673e-02 -1.148529251275973717e-01
-1.532689704936538444e-01 -8.458716413158551273e-02
1.740459940443805920e-01 -9.604215742698629654e-02
3.552669702629851489e-02 1.871064109169382483e-01
3.527001481147129525e-02 -1.445071215868252157e-01
2.916783560679365728e-01 -7.926661012957814112e-02
3.089973677772354099e-01 -9.616550401670542758e-02
5.984507884118639431e-02 -2.810104022226060927e-01
2.228363852470846007e-01 -7.718742050563109913e-02
4.477663414394015273e-01 -1.016099159626082660e-01
-1.644628966565941930e-02 -1.031138140972295281e-01
1.765428207337932376e-01 -1.027263614209914522e-01
3.546886443263219668e-02 1.947095658366558846e-01
5.954601236497902850e-02 2.974173916553572994e-01
2.843837605691024173e-02 -1.481677540687785788e-01
5.780017517713409436e-02 5.756244815181899011e-02
3.020194560733491240e-02 -1.975204236330468932e-01
1.638067642295777393e-01 -9.952344251131206576e-02
4.582642319700358513e-02 2.813906760317983480e-01
-2.631068752563213708e-01 -8.491499226334475736e-02
-1.117678488425259964e-01 -8.976007462557600292e-02
5.894793805199394221e-02 -8.107032093814392493e-02
4.872204292867148290e-01 -9.195107205045027765e-02
4.955030979726504636e-02 -2.677901091645130682e-01
3.332212102852738500e-02 -3.977212496806258324e-01
5.732466210610143165e-02 -1.586628707234150060e-01
5.733833026592349835e-02 -3.074493534981780352e-01
-1.050429247342652417e-01 -7.803700707225091904e-02
4.727605712125173554e-01 -1.119587526373247988e-01
-3.053403992206504824e-02 -8.605665616450808297e-02
3.913962983243390870e-02 7.361022596570454546e-03
-9.545863247790176143e-02 -8.960700832107082459e-02
5.207831213082192434e-02 -7.703723665258377373e-02
5.850264412055417029e-02 2.164777639888648686e-03
3.395385226528369049e-02 -4.495648370212390610e-01
3.138461612569176662e-02 -2.311869789271313591e-01
-1.135742717983365679e-01 -1.150677865770323161e-01
4.529605046632497745e-01 -8.960601384350985743e-02
-5.351048302673344637e-02 -1.125026962510631279e-01
-2.799288515379816378e-01 -8.735535413444672770e-02
-3.677066991255472095e-01 -9.078289902386327270e-02
5.318671659112583772e-02 -4.376900189776471439e-01
5.639115646080328226e-02 1.370918843729261871e-01
3.203121864318358991e-02 -6.038055730100233554e-02
3.343580751012920071e-02 1.516427076424492482e-01
1.696986581081312284e-01 -9.001829100122027416e-02
-3.767563729750857959e-01 -7.795903911870827319e-02
