-4.803438211506033673e-01 2.508343440041524985e-01
1.263100500545810689e-01 1.047523318531790038e-01
6.424385048866776415e-03 2.474975498481311043e-01
-3.387352613689355030e-01 2.101335961131874930e-01
1.208016330182176690e-01 -1.789397371210867949e-01
1.868864784637049858e-01 2.591335586458467510e-01
1.738821787257409657e-01 1.975249992435711421e-01
9.073922504739517780e-02 9.162297696251253676e-02
-3.135196918678244682e-01 2.397309694958946746e-01
3.533471958339111652e-01 2.241035690826712612e-01
1.272824402828429680e-01 -2.526853902277211850e-01
1.168312535628615034e-01 -1.933735524470070466e-02
-6.768661839123268908e-02 2.028596360338869031e-01
9.824005692144954782e-02 -9.376031351726565877e-02
-2.288093229132021067e-01 2.450880299858672062e-01
8.792551216562327632e-02 -4.718410409564210983e-02
2.660345702516890842e-01 1.980715517373450307e-01
7.148491018009128783e-02 2.614275946300217424e-01
1.189489556414545790e-01 -1.675607641709953022e-01
9.614824049993186961e-02 -3.749466231634650537e-01
1.403284153050433636e-01 2.393483638187663409e-01
1.154635377553818731e-01 -1.994649850127392376e-01
-2.788134981840629800e-01 2.316098593304551923e-01
1.167650003209762533e-01 3.481357866895324893e-01
-4.895804837459802883e-01 2.163874854787132263e-01
3.279565744983485853e-01 2.342902707176360844e-01
8.196568486310007451e-02 2.503833690632758513e-01
4.510431520933178007e-01 2.103120062996024497e-01
6.591364008877287350e-02 2.331609001990885277e-01
3.039950681393063237e-01 2.520649458722942216e-01
1.232112808106016200e-01 -2.472466631335331622e-01
1.170733304099161876e-01 1.556044587662818168e-01
1.106709523582651844e-01 8.460661592460461122e-02
-1.191117187382410014e-01 2.541177078580435511e-01
1.734193040451994516e-01 2.505217216322840335e-01
1.197900719841629158e-01 3.113654916813213269e-02
1.009169841810609869e-01 1.726025434169496942e-01
1.155846347531948037e-01 9.852217799329554548e-02
4.175693943558067556e-02 2.282668168987623813e-01
3.926390686537131192e-01 2.390367191422538840e-01
-4.810645842972085529e-01 2.200899911556807309e-01
2.278339585159292469e-01 2.476167056980148606e-01
-2.004714756576488899e-01 2.499379435866337928e-01
-3.209340912960856329e-01 2.124999003061713854e-01
2.881501944832153272e-01 2.035502214087823170e-01
4.564347318785488827e-02 2.336061187166132980e-01
9.205673314480233849e-02 -4.059036683041028493e-01
-5.400755483091590481e-02 2.549939133996105278e-01
4.238643852524147659e-01 1.975369255863228535e-01
8.910029900751581522e-02 -1.684247671492569154e-01
-4.265136165773038002e-01 2.029084133834448966e-01
9.213669551488767873e-02 -1.024384002929003001e-01
1.019101332659829717e-01 2.928133422357881432e-01
1.211518905534696433e-01 -1.558467050536171961e-02
6.430343695557638739e-02 2.650787665809631877e-01
-2.684572810780926355e-01 2.672001908980284890e-01
3.217666303175552578e-01 2.441198996435439694e-01
-2.079570096378395849e-01 2.407702884220043194e-01
2.479661244831886657e-01 1.989102352999581047e-01
1.078199303035186629e-01 -3.235892113434246653e-01
2.055645384044447743e-01 2.519092114026121321e-01
-4.823961490493180460e-01 2.542552773462332105e-01
9.119330332649289161e-02 -4.504847587810381082e-01
1.872969221603149048e-01 2.474551420483601660e-01
-7.483065210708406134e-03 2.228476846334244144e-01
4.019230235281913144e-01 1.974923086181241683e-01
1.056128761178566355e-01 -2.965705804532259293e-02
3.644729904827748168e-01 2.547573909015403704e-01
1.112160015896817011e-01 -4.141107778562167496e-01
3.996044822720477008e-01 2.173443030302373291e-01
-4.787251078588581343e-01 2.661754912808599327e-01
4.564726326635142328e-01 2.393568072069415242e-01
4.660577516099224660e-01 2.178341539519988990e-01
1.264151613384250084e-01 4.141313141341685933e-01
-1.564779541057770285e-02 2.470297143941720952e-01
1.028701183419594711e-01 1.539244643175718963e-02
4.408952399992638327e-02 2.680876495254868042e-01
-2.485815813425675813e-01 2.460953829332399589e-01
1.355286162988461607e-01 2.458617291112443759e-01
9.807112163787390369e-02 -4.929453940534708201e-01
1.051255633166197079e-01 -1.664401894539991877e-01
-3.456350749102372610e-01 2.123657455128195037e-01
9.718404420122794818e-02 8.954969071333063191e-02
3.382403421915728403e-01 2.598074522468097891e-01
4.022333119520260514e-01 2.395639928549677666e-01
8.420933173734723720e-02 3.030294425640760458e-01
-3.190418235897765076e-01 2.066326594890576240e-01
-8.626966329772167708e-02 2.394970346325727695e-01
1.242985004006750271e-01 2.320706904817876337e-01
-4.832937382109958602e-02 2.521774135193091126e-01
1.563388480276417525e-02 2.277450416997930382e-01
3.799723909640173591e-02 2.697605898979305028e-01
-3.405428610936411804e-02 2.178632175011913086e-01
-3.887020827129732403e-01 2.094088004237829592e-01
-4.331440882150902061e-01 2.724526656693290194e-01
9.470680355352401047e-02 -3.432392804015849119e-02
9.530126092821411543e-02 -2.067129823092728191e-01
-6.366485641234365112e-02 2.338017230159881166e-01
1.153988022032207406e-01 -2.068295334810644759e-01
-8.720435758809264026e-02 2.225131076299182720e-01
-3.118498851305250286e-01 2.202149656914202946e-01
3.078994938891158606e-01 2.595049351433444951e-01
-2.088270322009467828e-01 2.686016055705550132e-01
9.510046159605090033e-02 -4.884971177863556280e-01
-2.024412783545076477e-01 2.084962189467250981e-01
1.256267417368736039e-01 -1.579777715975912988e-01
5.179831846642601878e-02 2.645111327555925707e-01
1.063863883845438396e-01 -2.380087823340326647e-01
-4.458376436668217702e-01 2.662421531452061618e-01
2.037493868157534971e-01 2.254895347973270292e-01
8.899675957529407100e-02 -4.513274587992885944e-01
-4.014249889330855359e-01 2.002490376722082521e-01
9.474312094327019818e-02 -3.181729270322889436e-01
8.465888816172428832e-02 2.518887676431571521e-01
1.181490148402998264e-01 -2.675952262484478927e-01
-3.481772448068748416e-01 2.286694784473016773e-01
2.409731346824101061e-01 2.461844782525763886e-01
-4.509814139813316247e-01 2.523066282990461540e-01
-3.466443123297894280e-01 2.694342903360106289e-01
-2.324318089864385595e-01 2.089592497058931908e-01
4.469054050502567765e-01 2.099482888486958743e-01
-2.919951512486831380e-01 2.641811761732534292e-01
2.101880542458131051e-01 2.025037218091465530e-01
4.415138162546418110e-01 2.419248798256166122e-01
-3.070823071045469810e-02 2.364738092688664084e-01
1.239628375029083740e-01 -2.259643587230200090e-01
-3.032983390129061485e-01 2.517791876699611020e-01
1.157813132443440418e-01 1.350692313393550004e-01
3.820232376065799684e-01 2.003360363257393750e-01
-1.997359042153166175e-01 2.674856903812706799e-01
-2.278268081742146345e-01 2.111334884867954731e-01
2.447747890203233467e-01 2.494922884797721174e-01
2.155098169825482302e-01 2.154604773681888519e-01
-2.846264984777370222e-01 2.385393746151793781e-01
-2.748011393167604233e-01 2.292152298147666079e-01
1.136971722013327968e-01 7.063486634853755053e-02
-8.517259245538755241e-02 2.438366607480444426e-01
-1.498133331429079007e-01 2.095990526044134716e-01
4.553189691719213839e-01 2.707331528033151136e-01
1.153892158976510540e-01 6.729674572970478774e-02
9.696925407488010684e-02 8.854777376431410829e-02
3.313359504895653229e-01 2.475996032405426428e-01
1.036348415452424954e-01 9.918365091711900394e-02
-4.937673520496882462e-01 2.516169817945281828e-01
3.599304230208046906e-01 2.536217963195092073e-01
3.394976409629740788e-01 2.516241123059805851e-01
3.755235989832271803e-01 2.121447329644141622e-01
2.209663653305066200e-01 2.603455331711367338e-01
1.001390795649605980e-01 3.534985431236425946e-03
1.092366470762893282e-01 3.062203250149397871e-01
3.979706181602572501e-01 2.654746257065058179e-01
-2.979324830585461381e-02 2.123743085671057074e-01
3.451553615710462042e-01 2.716793112910340646e-01
1.113049308480851263e-01 -1.706569676458221663e-01
9.362916830404055535e-02 -2.565664686862845212e-02
1.179227028378497799e-01 -3.594748536519387638e-01
8.546508354722814893e-02 -2.017795672172890686e-01
-4.117953235709199689e-01 2.556219867814095714e-01
1.196891578876383422e-01 -4.656723447116084547e-01
1.236321812797351871e-01 -9.406625157823467198e-02
1.175852806964313713e-01 3.752951542450666533e-02
1.006672936493692161e-01 -2.652920043455031518e-01
1.764095582649047866e-01 2.289440020070767634e-01
2.320153516694317686e-01 2.040984492459849697e-01
-1.965742358607357465e-01 2.514768519854430062e-01
5.123045187073360651e-02 2.619908208823125140e-01
-1.463371631315736332e-01 2.635368900330252728e-01
1.156550088126310216e-01 -1.568502095011965469e-01
-1.089831161974156304e-01 2.211101171506071328e-01
4.788655414519095155e-01 2.273298883152151673e-01
4.520111595535272198e-01 2.429570708694877013e-01
1.042188164977250198e-01 -1.711318309757662304e-01
1.096814931228105028e-01 2.127612523793408483e-01
1.017981947324976266e-01 -2.062264019383566183e-01
7.314794824537684814e-02 2.653057606462773110e-01
2.874022271601096579e-01 2.710169866981859688e-01
8.436303133943012789e-02 -3.686095215780481604e-01
2.391456648162552101e-01 2.532757842749754351e-01
1.907121150332462545e-01 2.381228744676269216e-01
1.275702488741814467e-01 1.149627938901068847e-01
9.827000557925835711e-02 -3.686596215182970093e-01
2.465597999698045939e-01 2.284097772507679425e-01
3.190128564074620199e-01 2.528027894793664077e-01
3.121316492745195292e-01 2.443735114182685741e-01
-1.196635879716164697e-01 2.183660508751538165e-01
-2.573188911716207672e-01 2.289655969367223598e-01
4.349355971995815251e-01 2.115556033881677012e-01
9.290857508951755328e-02 -1.044986835208453479e-01
-9.074960087024619426e-02 2.439938436572316460e-01
-3.562573863024131038e-01 2.247700612149178268e-01
1.121294969980268785e-02 2.347264144535829988e-01
-4.878134757712584424e-01 2.676531922434732813e-01
7.508096287065779695e-02 2.606822203937759763e-01
1.085316830012238443e-01 2.730032727310532925e-01
-3.474056361920258018e-01 2.308789826478753193e-01
9.746960714642260992e-02 -3.689717879253615607e-01
1.247077155148300642e-01 -2.716519841153874903e-02
-4.678726594542896855e-01 2.263381310679207781e-01
-1.108698033297329522e-01 2.435519421703000731e-01
9.675817640112238660e-02 -3.772701892017825687e-01
4.358534014403134815e-01 2.427256506745066877e-01
8.636960755214573293e-02 -5.639576564626658239e-02
5.349409364979562653e-02 2.596408838416323084e-01
3.010692470039411095e-02 2.205322773647605539e-01
-2.914144568748366915e-02 2.401588206671656511e-01
8.828601478625652810e-02 4.799574729299218578e-01
2.417540560641837644e-01 2.427496754181520666e-01
1.225760077213364774e-01 2.025220610132807408e-01
-6.122614832060047085e-02 2.567304408427887319e-01
-3.459453789589675976e-01 2.551022611040241195e-01
1.103547651573373312e-01 -3.216575535027768051e-01
-3.565814132990271501e-01 2.429596521232175732e-01
9.725432295843772224e-02 2.445695412561506021e-01
9.950538094604322037e-02 2.932776696540312367e-01
1.192687816017393709e-01 -2.022213647827524330e-01
8.369874342868233175e-02 2.458886859296538496e-01
8.890419597588306022e-02 -3.730209717788888213e-01
8.352534012631029903e-03 2.381059928676857451e-01
-1.258668986033777415e-01 1.997422579620858896e-01
1.179263638232855849e-01 -4.251576393307298085e-01
-3.137331329756455345e-01 2.381978490963564399e-01
2.555296129373241243e-01 2.148225386406187321e-01
-2.797960963480956575e-01 2.085060677600154566e-01
1.000631912433601611e-01 -9.615409683089393145e-02
-4.110348079620433914e-01 2.215642272721467521e-01
1.186090247331129666e-01 4.527984592132970887e-01
-3.318755727485228624e-01 2.654215991076734893e-01
1.153510921726718097e-01 3.386890795711944291e-01
9.649419033993456019e-02 5.821663385016706549e-02
9.132369071840484853e-02 4.459040850283484403e-01
1.107163300746994983e-01 4.338790681599633547e-01
9.362997495197911135e-02 -4.341760870009168105e-01
1.188214590895875222e-01 9.967366086336260089e-02
-3.086341506074921082e-01 2.120384333355057604e-01
-8.025912805998614008e-02 2.618312150088616397e-01
1.085129304070427958e-01 1.750277198338365814e-01
1.427382367080902714e-01 2.390926733543500271e-01
-4.887010439614892787e-01 2.204045496315633068e-01
-3.719992456607652542e-01 2.729177122385655352e-01
3.154392940726138406e-01 2.684652187149679792e-01
9.485516197713095288e-02 -2.360896026796822644e-01
2.515034657667190032e-01 2.120635571708876510e-01
-3.794769443197042458e-01 2.489385625655574641e-01
4.751510586284265480e-01 2.092332487655814699e-01
-1.732218315575242418e-01 2.676738798389790563e-01
2.633974449727163325e-01 2.707979042273030990e-01
-3.966287672697951239e-01 2.295358458140416280e-01
9.431545558841614163e-02 3.721140984976345489e-01
-4.114000355685537569e-01 2.280994340555055899e-01
1.214433348541735791e-01 -1.840945723058673433e-02
4.638076437720032308e-01 2.119298007044964072e-01
1.070757190535782666e-01 5.815237391909000575e-02
-3.255217114456303573e-01 2.085644014471306207e-01
9.573083161822859566e-02 -4.050020312179491988e-02
1.022619474994560518e-01 4.248398557423606059e-01
1.026307747112608082e-01 1.402360774908073537e-03
1.003180096683349287e-01 9.767416962339747766e-02
2.395813086323804741e-01 2.172694816971637577e-01
1.254530130586865022e-01 -2.289455603899939184e-01
9.838866696517223343e-02 -1.419287063902565649e-01
9.470519123179055310e-02 2.383383903175821938e-01
3.416402454078109052e-01 2.201917272462218245e-01
-1.909392562405093363e-01 1.998901949831692892e-01
-1.947945381792646202e-01 2.391149265541678837e-01
1.056542830636488794e-01 7.843621046559179355e-02
2.062406211980063464e-01 1.978224003873830794e-01
1.413235626949689294e-01 2.199288498102431877e-01
-1.608088111856406099e-01 2.115149087772378866e-01
2.196336324562514486e-01 2.531471148084377676e-01
3.251480183160072590e-01 2.706591821004810106e-01
-3.275836440921129356e-01 2.496092410519453741e-01
-2.873503740095219028e-01 2.299582105133952670e-01
1.258457573460914913e-01 -2.435203092266602365e-02
4.385763983925761167e-02 2.014145535921572083e-01
1.058608683808602846e-01 1.943447154496003026e-01
4.807673871290906176e-01 2.731597273965257200e-01
9.326919467743977066e-02 1.129390295356275109e-01
-4.110927267117768791e-01 2.220829839060912692e-01
1.199993919796320530e-01 -2.988274068421746810e-01
1.065603733317410651e-01 1.713731227989876427e-01
2.707286191191373703e-01 2.482040581685931446e-01
1.015439211838451428e-01 -1.489742672366500820e-01
-2.166988720058172779e-01 2.552425870865995261e-01
1.242789992603514637e-01 3.073726077666278922e-01
8.977581297780190539e-02 2.370875779632067859e-01
3.090588312429266571e-01 2.532957078041525589e-01
-1.312480523915154906e-01 2.423268940390005399e-01
1.161392404925303268e-01 2.699697901512477793e-01
-2.180624780587014921e-01 2.105671666630312133e-01
8.641671324917732377e-02 -4.703615519672392775e-01
-3.054887966795086784e-01 2.657365588728335393e-01
8.823190833906990882e-02 4.046737815353483869e-01
1.005947407862568532e-01 2.294875896715697916e-02
-4.243793758373050062e-01 2.533503153083764836e-01
9.444465970348037143e-02 3.864817842399446146e-01
1.141531250726925961e-01 4.063764026343974489e-02
8.812551727794037948e-02 -2.897324780820030865e-01
-1.785692111605550192e-01 2.636704581963270622e-01
2.283032248206444681e-01 2.420341564831580694e-01
2.538140596108795499e-03 2.011687722417109248e-01
1.110055021576493717e-01 -2.557108218756718454e-01
-3.572168183935269248e-01 2.525616126553216212e-01
1.132953732829506954e-01 4.041184467791794077e-01
1.182027740701453444e-01 3.082560960380992254e-01
4.171691524041628574e-01 2.444878718785623573e-01
2.656228753023315292e-02 2.231945180829097986e-01
7.340890675565903134e-02 2.112522202793032378e-01
2.215273573033349486e-01 2.414530057273882591e-01
8.529682939040661438e-02 2.411759295841637840e-01
4.384791649973862615e-01 2.724471837227535609e-01
9.787604599363453062e-02 3.717300931045929291e-01
4.792171062835688389e-01 2.312516686039178815e-01
9.889913662023175345e-02 -3.510865558934670450e-01
1.701615846438120361e-02 2.519550172186356685e-01
1.040442613165009078e-01 1.455727997749844960e-02
-3.978606284624313094e-01 2.456042170372463307e-01
2.563268907653549755e-01 2.583147906327769583e-01
1.873268400227805497e-01 2.119110520679646781e-01
3.919315762883042176e-01 2.196992354211936282e-01
8.996972793230995080e-02 3.130268847316730607e-02
1.076650685646300953e-01 -1.119588370790377541e-01
4.082034731215300472e-02 2.205443603736442215e-01
9.265618359669569593e-02 5.450613448437668929e-03
1.143872293892721492e-01 -1.566693544016217743e-02
1.220467876006997576e-01 -1.369646372286983382e-01
-1.235712845235843460e-01 2.104048829637871210e-01
1.259043078644491720e-01 -3.379994474040212138e-01
-2.963872369124410655e-01 2.270546899715409905e-01
8.989347793948598841e-02 3.621858805224577038e-01
-4.524586109082378016e-01 1.986130057857616871e-01
3.534319096986693332e-01 2.520065267363325034e-01
3.564555764273088512e-01 2.238208012528025703e-01
1.177605908619248076e-01 4.553469116164071684e-01
-2.298378909605180986e-02 2.332301905559616140e-01
1.268745646950327766e-01 2.615590987025036007e-01
9.066345690116228706e-02 3.582234373423354157e-02
8.545657785012683583e-02 4.492532319370462490e-01
1.748580403564810037e-01 2.240658518785334508e-01
9.145471838526753050e-02 1.686189933578308153e-01
1.165542625999114179e-01 3.408176330468991599e-01
3.643954002168900974e-01 2.391960534966244278e-01
-1.909676876453609840e-01 2.630750773914860563e-01
-3.319191020024225836e-01 2.119433248523542312e-01
5.539686675455690601e-02 2.722450510399992973e-01
-1.091804416316866089e-02 2.686221294121861058e-01
-4.723988021799289116e-01 2.147082387641563450e-01
-1.161947472177100593e-01 2.248700431835988223e-01
4.296212229767130131e-01 2.574785538186576961e-01
8.796123243194897690e-02 -2.362459647828913933e-01
1.072929035079280835e-01 3.284450880089329061e-03
-3.708032696006534623e-01 2.731803810687166711e-01
1.087432776523438172e-01 -4.506285599456827384e-01
4.559970484822517545e-01 2.389640785419799851e-01
9.067197997773479567e-02 -4.969810115903374736e-01
1.065042615590078290e-01 -4.604456117450853592e-01
-4.873087167854355251e-01 2.217796547487984604e-01
1.247322059444685438e-01 3.114673546216026878e-01
3.525436919978870431e-01 2.251356932190188287e-01
8.926928494391361824e-02 -1.077338715841406058e-01
1.091698189531905561e-01 -2.689595575857427479e-01
-4.817633745496996411e-01 2.420170432251317338e-01
1.129802388337329822e-01 -4.088963976902562081e-01
1.018070337992802443e-01 -2.265876860643980528e-01
-1.187257172941071914e-01 2.423000896742953936e-01
8.695604548634006115e-02 -2.808607921598514912e-01
-1.536197661838519801e-01 2.000585018945927329e-01
1.257684807531994631e-01 -1.883310350131723876e-01
3.708664042307874276e-02 2.405355674408711231e-01
1.324547870332494215e-01 2.579891955263159398e-01
9.112727469196879593e-02 1.202189254594059342e-01
-4.054142832424972864e-01 1.972543584080215240e-01
-1.904202922481922355e-01 2.627577147020903059e-01
1.080694621851669979e-01 -4.552568945871845463e-01
3.898967904284378339e-02 2.542922173992061552e-01
1.024405565640510440e-01 -1.088210723221060272e-01
1.002337831126721701e-01 -4.112255136078167839e-01
3.340206676707129230e-01 2.446474089448842371e-01
-5.785166106654748841e-02 2.118169142577284170e-01
1.258584179342084886e-01 -4.382635740209095410e-02
-2.059068545485762680e-01 2.646348087383497694e-01
-4.158583309761406666e-01 2.138254257457413710e-01
1.091552366641960203e-01 -4.039314993864765446e-01
-2.302841797765274867e-01 2.331945816888474354e-01
9.873279107271415445e-02 2.162867279792887176e-01
1.241554085180558431e-01 2.119060992812880073e-01
-2.987001536535202062e-01 2.176468942847250565e-01
-1.273338809274391359e-01 2.069887027315027161e-01
1.138790771477342645e-01 5.248676785174455350e-02
7.616386057293200729e-02 2.737467251199999785e-01
-8.737849387630136633e-02 2.395661034650750087e-01
-8.739792855984707121e-02 2.362203864924899976e-01
9.737766867783526070e-02 -3.795632283478846958e-01
4.725005979830876335e-01 2.462838269954292780e-01
1.174033408259024247e-01 -3.601591282545385519e-01
3.891043939454119638e-02 2.305695251860196970e-01
3.304328471104219789e-01 2.621793289520021331e-01
-2.596286857960194983e-02 2.544399276188963333e-01
2.186414950869364215e-01 2.285043059802969179e-01
1.071677945321684033e-01 1.136336589694555421e-01
-1.133171527099836595e-01 2.104593175181485032e-01
9.039671031544327384e-02 3.685347694405669561e-01
1.029939283345396861e-01 1.834411692661860327e-01
4.387183357646867732e-01 1.993308438594095788e-01
2.219603394796697549e-01 2.451467656877370782e-01
1.105793486643497081e-01 4.947053774617288235e-01
9.324012320414720723e-02 9.833208053830799766e-02
-4.264067894723226892e-01 2.534109906380780375e-01
-2.888334450337366466e-01 2.518543984876798758e-01
-2.358979666669617226e-01 2.137912825838363950e-01
1.024967719743361538e-01 -1.276299724661266177e-01
1.061392930909285104e-01 2.224821416422961828e-01
1.056398794783064421e-01 7.763414879423102821e-02
-3.023108074787225208e-01 2.519121940058727249e-01
2.057758654008789989e-01 2.670671835245679304e-01
1.774965485846237145e-01 2.416502092156833648e-01
-2.602753883184810713e-01 2.573941560374753967e-01
1.255520071072241395e-01 -4.527427096352119040e-01
1.010033073089212641e-01 8.770758519291499411e-02
-1.331458228935489263e-01 2.164546689945675562e-01
8.056217651063679597e-02 2.273537007299429868e-01
-3.565349922703706653e-01 2.236888651767332536e-01
1.098105712228908404e-01 -3.335364802199747292e-01
4.241613284943779316e-01 2.304384604923404023e-01
1.221639818751671935e-01 1.331099825717552143e-02
1.224479083462770568e-01 -2.663408973462288998e-02
8.527926989972500760e-02 -1.797861816011738778e-01
9.937995850122882668e-02 1.874772695911763876e-02
-4.956523195006541371e-01 2.550408567250974645e-01
-1.225743436256188090e-02 2.546552743801675511e-01
-1.969504749988651993e-01 2.535846549989272392e-01
1.052832686149884900e-01 3.156968070828616302e-01
1.097559753137901106e-01 -3.345124915613741923e-01
1.040823522082752195e-01 3.531461605157066863e-01
-1.626213334790462817e-01 2.534764133942143394e-01
1.161462410752513996e-01 -1.592794497106606588e-01
1.112347985903041625e-01 -2.567370059206749433e-01
2.591818145624671388e-01 2.406447423479145531e-01
1.077910590939724633e-01 4.429320862290253569e-01
3.958457242184751923e-01 2.435397333785067620e-01
9.850525163923229410e-02 -4.751300798109535650e-01
4.351797616451408279e-01 2.703420763201246357e-01
-2.029527948679431537e-01 2.002067250549274258e-01
3.556137162271073571e-01 2.232079720280755186e-01
2.166723231057541277e-01 2.529924672216187220e-01
-3.309896383402739506e-01 2.351189820524500762e-01
-8.594831764554922149e-02 2.655304567677038152e-01
1.184450335001456800e-01 -9.381851122355289174e-02
1.170580672888801299e-01 3.120117322256413805e-01
1.193462378663153745e-01 -1.702844393403257772e-02
1.201403002344516580e-01 -3.147241674281925361e-01
2.394654137164275998e-01 2.140556046663861789e-01
8.738641294065652154e-03 2.384801776293423714e-01
8.635759572709245102e-02 -4.616253987855362118e-01
1.062119779251938789e-01 -2.403204861190160191e-01
2.702934018189422360e-01 2.284181332353203420e-01
1.016772803903227551e-01 -1.185735734127580931e-01
2.456449871327777146e-01 2.441818711304952760e-01
2.715613962855636387e-01 2.300101632200994839e-01
9.022626150799606393e-02 -1.151387967134267498e-01
9.326354951560489326e-02 -4.054213460814173331e-01
1.740098192002592636e-02 2.091195800692511320e-01
1.006313400422719218e-01 1.851713599317259540e-01
1.005992271009742423e-01 -4.895457133340269662e-01
1.125593307432757317e-01 1.459138092591205638e-02
1.082509424761776140e-01 3.243239714147857500e-01
-3.911939787215765740e-01 1.987848666209002246e-01
1.166399717078434595e-01 3.924821387225536640e-01
-4.382535086730897644e-01 2.230457545797287500e-01
1.081644744207069797e-01 7.308803516161554992e-02
1.264227575800035419e-01 1.568701864442764160e-01
2.934235539323178932e-01 2.049893773124678020e-01
1.480873938150177871e-01 2.224125570797836904e-01
1.055438739779329671e-01 -1.144767980683503161e-01
4.462117552959610212e-01 2.092278598048973315e-01
1.120898517172117526e-01 -6.129314559257381667e-02
9.121496235702752919e-02 4.060490273914008075e-01
2.044202142219229135e-01 2.537059064129383312e-01
-3.811752757048376683e-01 2.442459028817615119e-01
1.918745935136270120e-01 2.509534363344972929e-01
2.960624904526104606e-01 2.078560667798448058e-01
3.949225966971949831e-01 2.128759651274990672e-01
-3.097502777419667286e-01 2.054337153134877525e-01
-3.612960258309552142e-01 2.353305873650277658e-01
1.601589824386430161e-01 2.425977765931399688e-01
1.025339396355210431e-01 3.906813530094246367e-01
-4.574554300206368218e-01 2.299645433536073869e-01
3.810504722337186845e-01 2.479355320931938556e-01
1.173404399095051565e-01 4.531548069645260357e-01
3.882466254050674914e-01 2.385396596141787784e-01
1.203936300435743956e-01 -2.088747943529412066e-02
-2.572418389008993556e-01 2.224225759329909735e-01
-1.124910267054830548e-01 2.109239547617429711e-01
5.151018217230474150e-02 2.151536137926750580e-01
4.317438411644066720e-01 2.173729375878403758e-01
-2.840788916490191163e-01 2.010601003492475947e-01
1.081374145334479397e-01 4.974937996681471075e-01
1.125886105099036527e-01 2.214559218593737944e-01
1.419035096432830212e-02 2.400137314104446862e-01
1.120704037210537019e-01 4.989445150082550962e-01
4.736411467639303208e-01 2.397602572615047389e-01
1.170043830314070332e-01 1.011165479209241713e-02
8.011746395085006522e-02 2.727152390846607766e-01
9.789601441531614601e-02 -3.490240135922818565e-01
2.362164472123773340e-01 2.217935908185567628e-01
-6.615189778045693636e-02 2.710731545960780586e-01
1.127138470359507760e-01 -1.407361572962370078e-01
3.888721217584095724e-01 2.242281513969498485e-01
-4.371266428616288335e-01 2.424306686567503366e-01
2.829938553562417747e-01 2.254950136488691470e-01
1.302291159962517542e-01 2.102016699813971101e-01
-1.924279540263733601e-01 2.447649398748568128e-01
1.250692267598466634e-01 -4.274777655155759248e-01
4.784881331532706561e-01 2.382687924948945213e-01
8.800850659416259436e-02 2.769028417871839398e-01
1.009085914936550532e-01 -3.539050909558495439e-01
1.237407538147489161e-01 3.994489279338219179e-01
1.185711196289965796e-01 -4.583427969780843325e-01
-5.254291985752135297e-02 2.597513834752631645e-01
1.089058266673454956e-01 3.117038127962296068e-01
2.380908187443958601e-01 2.365868197574702014e-01
-4.192694004052215373e-01 2.590052016626107623e-01
3.848845413937854731e-01 2.417773039253435785e-01
7.606577422679416944e-02 2.467384374465069197e-01
-2.628973031370965829e-01 2.258734413284069209e-01
-4.131487225751071524e-01 2.434693504970313338e-01
9.432978582653495092e-02 3.740793885050791578e-01
9.354615529570908805e-02 7.426485151348116709e-02
8.730809042248843799e-02 -3.489575148013709383e-01
3.744625760857818175e-01 2.423337676466470469e-01
-4.639541621622214063e-01 2.132786431333238975e-01
-3.530584968728105455e-01 2.708533396467346366e-01
9.806677213960235395e-02 -3.568117945034848804e-01
2.886910623489770122e-01 2.470668815777055105e-01
8.501142967868258182e-02 -2.624785157763634968e-01
-3.712767236731704390e-01 2.584300225895500569e-01
3.634760829042205099e-01 2.342586791133637325e-01
1.124124842007402370e-01 3.945573556158087358e-01
-4.727733970267777863e-01 2.207713096099270800e-01
8.975198237456449846e-02 1.566443746752003152e-01
1.234425523223795507e-01 2.723653774258504301e-01
1.218053927364241007e-01 -4.879760281899879759e-01
-1.077330796241239286e-01 2.732318764232469777e-01
4.984979583918066615e-01 2.221560722733644244e-01
1.146285670170554827e-01 4.236819893119153635e-01
-2.445698429873353064e-01 2.193619221419286225e-01
9.042978658123390634e-02 1.297534120016301529e-01
-1.650852271508005398e-01 2.526083566422886451e-01
1.175035754133035848e-01 -3.369697675346672305e-01
-2.010794606225285719e-02 2.661269846748247625e-01
2.577333898186712213e-01 2.185604465930014451e-01
1.008439398994780412e-01 -2.932837082659567329e-01
2.959722161463418377e-02 2.040947236585667346e-01
-1.217225945977001844e-01 2.707813507380038009e-01
1.086828643495562075e-01 3.324283784804222819e-01
1.144438267905397710e-01 3.664783841100582862e-03
1.056933141622040662e-01 2.460305775237228154e-01
1.235101949669439314e-01 8.244940387290999873e-02
-4.440146005972404053e-01 2.696647028212965091e-01
-8.359549081876060939e-02 2.109911385469360745e-01
9.872465827139387251e-02 -3.505023956915515049e-01
9.664062921977978338e-02 2.213192794967564492e-01
-4.538997822088313150e-01 2.576626857723433028e-01
9.256093119186381557e-02 -3.117992798945172783e-01
3.569201527910668137e-01 2.205398124747923738e-01
3.939601141839570442e-01 2.227654834881461765e-01
1.584794433698716309e-01 2.477481760054704996e-01
1.167416786368081771e-01 -7.334330379875575456e-02
1.001298261500956910e-01 -8.846910419434372841e-02
1.226013219194413972e-01 4.597808256639590585e-02
-7.526436405350145353e-02 2.050209850556893310e-01
1.184379962233894634e-01 -4.478600926367093393e-02
1.126311290148855893e-01 -4.510372428314407545e-01
-4.219690284795394319e-01 2.318954763259845064e-01
