4.448855125280348766e-02 3.559240889110657502e-01
-2.070258186636408926e-01 -1.450406678680022932e-01
2.873004816100710457e-02 2.796575098295217554e-01
4.345119455481694093e-02 -4.083694833946984737e-01
3.516069536178245691e-02 8.584928899024923954e-02
-3.967258202133747691e-01 -1.455933296210931704e-01
-2.474836861040069502e-01 -1.765574366027584663e-01
-2.327011046518945303e-02 -1.408055341484701906e-01
-1.625496635678586044e-01 -1.554871334360835577e-01
4.434607617514640943e-01 -1.675850045671501976e-01
-1.620709212699922297e-02 -1.715312571924183516e-01
-2.321740317279039623e-01 -1.671104920467227917e-01
3.632601486377973199e-02 4.197852048020938032e-01
-1.748169709291302887e-02 -1.443442047168769227e-01
4.637504331516462130e-01 -1.764347248146814762e-01
4.092643315567083828e-01 -1.668193269334564688e-01
4.753490599958509755e-02 1.873135164655737039e-02
-4.547299726529747677e-01 -1.316381111497337830e-01
3.864569363095071708e-02 -1.605005416594246226e-01
-1.021865171051118404e-01 -1.373915187017935580e-01
-1.271065212018049895e-01 -1.640739446275906177e-01
4.643073440426903620e-02 2.034218548527250148e-01
2.354689497835071865e-02 -4.742500706853387538e-01
4.109988972958200648e-02 -4.427162543078944079e-01
2.950747181154866894e-02 3.201711399730620133e-01
2.694300493691679232e-01 -1.263087163112632805e-01
4.825349975704196215e-02 1.967037014239453319e-01
-1.977305311072066196e-01 -1.460278409593979143e-01
2.574125302319174580e-02 -3.643083456151844368e-01
4.426017988078956300e-02 -1.118163446386322146e-02
4.584929999925302369e-02 -6.007173831579870615e-02
4.219856170179570043e-02 -4.975449135294376379e-01
2.657607451138188637e-02 2.793173552444612184e-01
-3.252484321211538409e-01 -1.333738867906073544e-01
2.809872931274037811e-02 -3.003269194084882132e-01
-2.774358296505394783e-01 -1.584303521814953708e-01
3.768837127072011128e-02 4.752646053413260852e-01
3.460600882756971197e-01 -1.259882225074039352e-01
2.568052348997751366e-02 -3.333603668451734503e-02
4.094238956472384672e-02 3.642669516583366685e-01
4.689244300768213858e-02 -2.376439752151922047e-01
3.930716275214645172e-01 -1.743224087518505661e-01
-5.048215467609795670e-02 -1.778576864242568112e-01
2.271378423613135134e-02 -2.337203485952366044e-02
2.353778406237594378e-02 2.294982788045726307e-01
-2.927110663568177618e-02 -1.714552277364116417e-01
-2.662519550203199525e-01 -1.529564223318592431e-01
-8.850670052599607374e-02 -1.584361474441030593e-01
4.254738870423246944e-02 3.467811588052327476e-02
2.426215667739473059e-02 -1.529036711122078174e-01
-3.733953928241112719e-01 -1.471085736866758475e-01
-4.474576571874789854e-01 -1.583913473050881926e-01
-2.340365868279560280e-01 -1.758129091526144938e-01
-4.037470216053695715e-01 -1.382499020564650349e-01
-1.759638760381997402e-01 -1.480064440619164312e-01
2.341052096776725655e-01 -1.273323968443037524e-01
3.041068827909466643e-01 -1.406059753470416673e-01
-3.673643291562944668e-04 -1.454462877178454017e-01
2.601439687148976443e-02 -4.947595067397574375e-01
-3.920499713954478382e-01 -1.495270935084018760e-01
-2.038187269528550782e-01 -1.701213766585165654e-01
2.620745511671307426e-02 4.724840366251852330e-01
4.354401164041354910e-02 -3.026716904298198951e-01
-2.690148266810810096e-01 -1.660521701774720915e-01
2.883449636349411094e-01 -1.678531683167890920e-01
-1.732905908902775405e-01 -1.639189123167361650e-01
2.301402042161432293e-01 -1.650566446467600645e-01
3.140381233358602309e-02 4.277333320922694915e-01
-4.900454739771661350e-01 -1.525826830960861358e-01
4.888486678174945865e-01 -1.300402625334606821e-01
2.533041100542499091e-01 -1.612764060303671920e-01
4.177268216457530325e-02 -4.203318647685494458e-01
2.518597584249906429e-01 -1.675465163574236804e-01
1.010123710558797905e-01 -1.645204385145969672e-01
3.861931348322911184e-02 1.453421914919971192e-01
1.167950406682901621e-01 -1.648011866028860073e-01
2.034456803561021099e-01 -1.497771369136883246e-01
4.167945329378974773e-02 -3.158118370553381071e-01
2.897490770525834591e-02 -2.296438593035070586e-01
-1.101837124312333716e-01 -1.308158794080028775e-01
2.806641311346969037e-02 -3.755299937814093880e-03
2.713121425227290606e-01 -1.314060981580142951e-01
-1.119645500371654334e-01 -1.464850664012354864e-01
6.512345353923698621e-02 -1.627469228298979997e-01
2.955300929369208962e-02 -4.141357611532939798e-01
4.981855258621066262e-01 -1.719370909405398828e-01
-1.076534774815577356e-01 -1.601208985203225188e-01
1.964860434789084120e-02 -3.039076959738015171e-01
1.908926158098023240e-02 4.787607997066102294e-01
9.224251896062496403e-02 -1.361471273927875592e-01
3.564868716535884996e-02 6.548440595551774379e-02
2.085158508178548420e-01 -1.260797818133542192e-01
4.649561652406329904e-01 -1.726716715176609407e-01
2.853293467145601170e-02 -2.213534819106214302e-01
3.446868537135137078e-01 -1.256785636310385756e-01
4.574329892531991959e-02 4.051204753002878300e-01
4.679875835647380189e-01 -1.357288086578665176e-01
4.355571738543595472e-02 1.240483880137480677e-01
2.893983149007717248e-02 -7.780802420959243015e-02
3.457250331904337948e-02 -6.927923433389815422e-02
2.057661806152522033e-02 -3.670613357234551177e-01
1.913801928274261321e-02 -4.859379052837838886e-01
-2.112331015036967852e-01 -1.750361053895147512e-01
-7.616167477046364986e-02 -1.740565294877153280e-01
-2.713509541344175657e-01 -1.445285339237522004e-01
4.023564994078521195e-01 -1.318537648473535606e-01
4.833562070874153349e-02 -5.178384759587195685e-02
1.502363933036667820e-01 -1.673472170625019961e-01
-4.736106119268130854e-01 -1.634337924281343835e-01
2.528053604348257100e-02 -4.015133300231652491e-01
3.508128737482618664e-02 3.359478350830747972e-01
2.284294908488335718e-01 -1.418644704712547222e-01
2.127200090651432118e-01 -1.287682160693722766e-01
-4.470438233934443950e-01 -1.473308047458817827e-01
2.426735011125880082e-02 8.859731948812821223e-02
-1.474387631702022139e-01 -1.674483936820736485e-01
1.024285675709138976e-01 -1.344916868288263956e-01
-4.971921699297436881e-01 -1.291145648049896177e-01
3.147804543707799496e-02 -2.970721500925865843e-01
-4.473884376171133326e-02 -1.627048324551610969e-01
4.056869965827638591e-01 -1.644693448053987650e-01
2.103600945847727832e-02 2.242934869927176722e-01
4.551596040176797420e-02 2.543872942565672535e-02
4.711318628529570507e-02 2.374064640317518071e-01
-4.752851358425909112e-01 -1.250253114735151438e-01
-3.541073799088048091e-01 -1.713068418148816496e-01
4.383143676383793874e-02 3.332077250823619607e-01
-4.636208085876435403e-01 -1.295783524141901344e-01
2.567096203456165071e-02 2.957740154484780337e-01
-3.545436123712236709e-01 -1.458599530134473410e-01
1.115833579845594281e-01 -1.667666700336001284e-01
1.433730502122908534e-01 -1.775003617169084169e-01
1.897885212420957757e-02 -1.263398798516927046e-01
-4.244122976682703774e-01 -1.333258109012511738e-01
-1.843102688340904072e-01 -1.677257419895870072e-01
3.379593546334824783e-02 6.105564448433487001e-02
-2.263087469143088004e-01 -1.365314882414775388e-01
4.593904860182518313e-02 3.563336204678778651e-01
1.224314494118228236e-02 -1.440133030454052721e-01
1.991561397921748355e-02 -3.759742699203786342e-01
3.659003753294354233e-02 -4.451526214524260672e-01
4.066288317414123998e-02 -1.856331090259861760e-01
2.981168649503845858e-01 -1.517767057397237940e-01
3.888255146583868838e-01 -1.720919749415782407e-01
3.917869276321570560e-01 -1.534198238913739853e-01
3.167227234398806157e-02 3.936589081319972205e-01
2.597695500836372240e-01 -1.445232519917237779e-01
-3.813489796796730724e-01 -1.671065343320667917e-01
-1.683689876340206393e-01 -1.567921891935889489e-01
3.164586166511695886e-02 1.915383381652062678e-01
1.901490099085133556e-01 -1.535408606862520564e-01
3.995933528240946941e-02 1.099786141459803135e-01
4.766258690794045183e-02 -4.888060776937852570e-01
4.443731663773353713e-02 3.974697076255609973e-01
-2.042536903691721806e-01 -1.392791757576754552e-01
3.917472781088171541e-02 -2.943576042726652187e-01
3.490862875012346045e-02 -3.810540909757109684e-01
1.382940146176928620e-01 -1.690224528949348937e-01
8.317857306154674557e-02 -1.574528375818129433e-01
-1.801474894428641838e-01 -1.589196138907007505e-01
2.124978942533883863e-02 -3.652918575176048455e-01
4.991047415059068904e-02 -3.839646089284436403e-01
-3.761636518042521526e-02 -1.430552839584841029e-01
4.636034002480626803e-02 -2.944179428997990566e-01
-2.052508716322343219e-03 -1.423664668264803534e-01
3.883206733570405689e-01 -1.726100823024012687e-01
4.129394481256658533e-01 -1.349957803894776820e-01
2.023881234914404192e-02 3.439925608844361937e-01
5.133530026146093661e-02 -1.396420110229377176e-01
-2.385406505273556244e-01 -1.321749793438079523e-01
3.179721894927678427e-02 2.328851342635495092e-01
5.066791792812719297e-02 -5.474240591868184680e-03
2.113614096899052441e-02 4.559569544544838093e-01
2.393500464092268576e-02 1.010831500790677628e-01
8.301418496431012262e-02 -1.633733308401467132e-01
4.230938690929275658e-03 -1.746313907792492737e-01
3.260556487883237153e-02 2.951961570614616281e-01
-5.541037561805506328e-02 -1.522111802073194964e-01
3.583033209138586361e-02 1.705273930068963439e-01
3.727420258274161124e-02 1.890086459999072988e-01
-2.768759627836439030e-01 -1.371709069135605974e-01
3.528475170233303926e-01 -1.356369835101091104e-01
-1.385460697231754024e-01 -1.601306368447977801e-01
-4.550582185876065333e-01 -1.295033673087674364e-01
1.981098700628347586e-01 -1.412971267091358563e-01
-2.314231411897911261e-01 -1.619195711783990577e-01
1.792762516493027203e-01 -1.694562531456971222e-01
2.585827555226860586e-02 3.462305469510466027e-01
3.480709848739993451e-01 -1.651182993844001468e-01
-2.041850717789459591e-01 -1.694760158835505459e-01
4.464788903426766264e-01 -1.379695257491941884e-01
-3.032273948452189893e-01 -1.306646405373096398e-01
-4.530916930470505477e-01 -1.335870064287503212e-01
1.672729417622634829e-01 -1.366390728863661197e-01
4.418060157251202380e-02 1.212137209247954317e-02
-2.846876125749624453e-01 -1.308869161175814089e-01
4.471531864189071115e-02 -3.397340821995529225e-01
-9.875750669708238672e-02 -1.726188927791715289e-01
8.434674739650205311e-02 -1.785046802391709875e-01
4.239023210887526982e-02 -1.965219046105155520e-01
-1.278265698581918519e-01 -1.396081050539762503e-01
3.999545362522592962e-01 -1.529690234280162153e-01
2.683762990575708773e-01 -1.784863311866601299e-01
1.927246879980459848e-02 4.075743909596655223e-01
-2.912426790848613445e-01 -1.512982507699026646e-01
2.112924438890118051e-02 -1.104864671521349484e-01
-4.069732210740480971e-01 -1.772635195191839541e-01
-2.745118064856865159e-01 -1.310916215259975148e-01
-8.444111490672012721e-02 -1.364823439404295735e-01
1.088526270664662565e-01 -1.622805483666288628e-01
4.507164704308919134e-02 3.501782496504628472e-01
4.850201142465482285e-02 1.450567187855827944e-01
1.534501213681802589e-01 -1.425562643256546025e-01
2.841097623613175749e-02 -4.244268343413490907e-01
1.097810502407861044e-01 -1.622207492192747624e-01
-2.735346235708276952e-01 -1.520899962889841195e-01
1.903346391269589155e-02 -4.617204466055893075e-01
1.698969784333632660e-01 -1.626992149831171242e-01
4.492865448938937467e-01 -1.466501137870822591e-01
1.250783481780872730e-01 -1.274157217251834506e-01
2.150704303580088794e-01 -1.625285174936349497e-01
2.886812356137908875e-01 -1.564640110601674960e-01
-4.532298506039234010e-01 -1.575079959667976537e-01
4.412235744497033929e-01 -1.414763960909291018e-01
-2.841038105602629038e-01 -1.291414822308286636e-01
3.104071598664781551e-02 1.869205297431254520e-01
6.399041147613970804e-02 -1.293926086699804801e-01
1.104277460845680681e-01 -1.420158440121326304e-01
2.695657186488253920e-02 -3.238108456443067329e-02
2.257981094109788867e-01 -1.290819805498667483e-01
3.960526113592210962e-02 -4.393594690127089475e-01
3.207105392709699299e-01 -1.395876647627002365e-01
-4.738192866541556247e-01 -1.372109740311078241e-01
-3.713782113454228151e-01 -1.427043529390019660e-01
-6.600773233724788192e-02 -1.664186704264664085e-01
-1.322294548384904678e-01 -1.316498278608129180e-01
-2.890133201176161570e-01 -1.324856208333152763e-01
5.057463226793634803e-02 3.733227150561557739e-02
1.462740475634781712e-01 -1.364395032084947390e-01
3.573584477438307427e-02 -9.776651175596950960e-02
3.763726908554465567e-02 4.222591473460692857e-01
2.028613323571049065e-02 2.096081554003355052e-01
-6.782513901769648967e-02 -1.705764718565849769e-01
2.964629592596645935e-02 -2.993057746959167931e-01
-3.187706857824843532e-01 -1.759034152149124841e-01
4.244274374580925269e-02 1.575061955713141781e-01
3.378170758838328069e-02 -4.526778416862557997e-01
-4.382259705565761942e-01 -1.402568649842357296e-01
-1.585236130375237140e-01 -1.299463915949231607e-01
-3.636462415671326553e-02 -1.583093687741095046e-01
2.912598698155144383e-02 -3.849468266771997049e-01
2.005574791590336581e-02 9.025874255527877033e-02
-6.098049492133506000e-02 -1.774783303962804704e-01
-1.173556874674882566e-01 -1.509224991821714879e-01
3.762375121598093841e-02 3.219300760109023996e-01
-3.511998309753118219e-01 -1.458994574322750593e-01
3.624376934302764308e-02 3.944083407679105369e-01
6.575865727301399843e-02 -1.730769305097795696e-01
3.899124073034365701e-02 4.107182682715373456e-01
2.084037175030284406e-02 -2.309048601348719920e-01
3.690296101986506594e-01 -1.706193298896977462e-01
-3.548114206699306550e-01 -1.293680239319753289e-01
4.372703602641314635e-02 -1.302515930110637044e-01
1.717676784194467343e-01 -1.427276812472305645e-01
3.036456819754262959e-02 3.224079579313344768e-01
-4.511206498057394043e-01 -1.626351247025252800e-01
4.562190723832371120e-02 2.107750238899739337e-01
2.442420179909393640e-01 -1.746246562265242330e-01
4.505434901195348729e-02 -3.839053794165908640e-01
4.263735518888167597e-01 -1.539754817478258264e-01
3.816593443910822891e-01 -1.519530406304466785e-01
2.769751397508856128e-01 -1.258165627471447001e-01
-1.140110354798451464e-02 -1.603374558153154439e-01
3.408799790001167951e-01 -1.532405202626211382e-01
-2.373527564430365500e-01 -1.534473186006934942e-01
2.602418378006099431e-02 -2.098647929139412227e-01
3.282111815329724624e-02 -2.496425579982756160e-01
-1.595830220617311390e-01 -1.349931685094374334e-01
4.097694825692466125e-02 1.840970432792250477e-01
1.131458012946372493e-01 -1.752095281572912944e-01
4.052358062736206579e-01 -1.627216779351904341e-01
2.630406772257509740e-02 -3.785409298421752444e-01
-1.618237317012354293e-01 -1.325677986514692819e-01
2.968043345167525882e-02 -8.448989351889335531e-02
-3.701282501621715459e-01 -1.417373651639894927e-01
1.882806841145150401e-01 -1.378727667245746025e-01
1.904619278537733607e-02 -4.527529367344433897e-01
3.793154748638571938e-02 1.746576217783534224e-01
-4.990913929230138546e-01 -1.736150001146954391e-01
1.674973455710354608e-01 -1.478732143847709679e-01
-2.656026120732930540e-01 -1.244310246475245352e-01
4.259943052940540209e-02 2.186643164202477507e-01
-6.030626788465032195e-02 -1.252219595815575737e-01
-2.019424990390290553e-01 -1.497418299305152134e-01
3.924243460460685728e-02 -4.613728033842683374e-01
4.726044485944613793e-02 -3.621667983006615632e-01
3.059635558888377238e-01 -1.351594203775647873e-01
1.956085311783095637e-02 3.210756720388101559e-01
-9.770256169328139784e-02 -1.329146140484668281e-01
2.082619006367467662e-01 -1.430270931456725236e-01
-1.942980642957790050e-01 -1.431784629396534170e-01
-1.791266052999598291e-01 -1.611107413949569578e-01
4.819357171752858271e-02 5.843585744643797764e-02
2.103347555709239591e-01 -1.392855371378420859e-01
-3.649825277534334278e-01 -1.585535201437048292e-01
2.318708638688604662e-02 3.593670812904263823e-01
2.389927573880998857e-01 -1.585980947808741659e-01
4.076573466940192070e-02 -9.949693119586588974e-02
3.529530875267816725e-02 -1.797863889040621777e-01
1.779277598692267093e-01 -1.425378847428462326e-01
-3.367457134876918889e-01 -1.350428345983460954e-01
3.545596563024910886e-02 3.130403296790750245e-01
2.343223272128602819e-02 3.542271294395852310e-01
-1.262318163500042445e-01 -1.625310211818908890e-01
4.442293239600956234e-01 -1.345770890688446908e-01
-4.983529341586511174e-01 -1.722141604398211845e-01
2.496746114319750021e-01 -1.544284741660590932e-01
4.827326903896034249e-02 3.367252536860080303e-01
-3.131584564139319182e-01 -1.516110877161001014e-01
-3.230477932457788137e-01 -1.773215470833764407e-01
2.277152884776756370e-02 3.405502616731541643e-01
4.746431171058549392e-01 -1.529926633100403555e-01
1.734813504356041980e-01 -1.769487987931205319e-01
1.826759971746971800e-03 -1.664908492697519948e-01
-3.736118964590573466e-01 -1.524533648907344663e-01
2.400354218660322170e-01 -1.630211869419876392e-01
3.862206895233033510e-02 1.659714839166684941e-01
1.944055221896259233e-01 -1.702854304648916406e-01
-2.270834176437708241e-01 -1.462306490176134011e-01
2.897210321920965503e-01 -1.545582724963108223e-01
4.676155765266215569e-01 -1.755245636343929494e-01
-4.280364964195152444e-01 -1.536093027485452289e-01
-3.079658694212394909e-02 -1.735771280901163838e-01
2.233371297513389031e-01 -1.499008486321887768e-01
3.464026789136631646e-02 -4.349846836603392664e-01
1.021743674209008024e-01 -1.670517712918027087e-01
4.193351809817535969e-02 -3.188636701783608141e-01
3.787876439342885426e-02 -1.581217684984078664e-01
2.068169473265836222e-01 -1.490109148217581003e-01
3.741073482559342800e-02 -4.197282217792627224e-01
3.904317987447003535e-02 -4.609334319651730016e-01
3.597839343660428346e-01 -1.751201769578899503e-01
5.109159787317718582e-02 -1.278691585397541131e-01
4.975693534655746264e-01 -1.526666419985281964e-01
5.315269179521497911e-02 -1.522539609051754006e-01
4.721425730188866243e-02 -9.449075130944450951e-02
2.830881681856564080e-01 -1.285774209637319254e-01
2.230357749728006933e-02 6.322498071023929800e-02
4.582385554096213287e-02 2.919073462373058536e-01
4.884911328142305109e-01 -1.641138594868837286e-01
2.667759338726827245e-02 7.306778372635180929e-02
-1.265845332672014267e-01 -1.415544881833569191e-01
4.472174612741119937e-01 -1.268654989232957941e-01
2.837518375129810533e-02 1.417921551215116649e-01
2.798654344630021606e-01 -1.759026198712951850e-01
4.541479226487143972e-02 2.436452218069183884e-01
3.793831612766895844e-02 2.893194808936283557e-01
1.962798097133694464e-01 -1.662429062875963037e-01
-3.299311978778368681e-01 -1.458418506481777843e-01
3.054576782258955348e-02 4.958116035338806515e-01
-7.447379270277398877e-02 -1.433133341402494931e-01
3.933928843783141005e-02 -4.652514323207692648e-01
-1.450562425682209167e-01 -1.771406230440858431e-01
-9.247168303279151846e-02 -1.639124762033122851e-01
3.754072951949172232e-02 8.964241515213378086e-02
-4.727072137973894472e-01 -1.775627036104451273e-01
-1.646857537715593622e-01 -1.636490204825923334e-01
1.540942857530153143e-01 -1.743465639320377347e-01
3.636102935697024252e-01 -1.307777014211466415e-01
8.870055944662824654e-02 -1.439638598155520421e-01
2.638344399275449614e-02 -3.463486121800889439e-01
2.206556578814644620e-02 -3.882181646424692767e-01
-4.786591226971564916e-01 -1.389770782063616261e-01
3.327695455410324410e-01 -1.578971415507820497e-01
2.565181696058755900e-01 -1.387041406729965232e-01
4.896749469781414010e-02 -2.283587921568704937e-01
-3.947937777913568258e-02 -1.669037758591135345e-01
2.790266630701732087e-02 -4.397631582204543088e-01
3.462040123946593662e-01 -1.623288676839406142e-01
1.069040817589447245e-01 -1.248377029795529891e-01
4.679017969015786260e-02 -1.482105950252983195e-01
2.009969274851305387e-01 -1.728627046848550952e-01
-1.940335353231866788e-01 -1.245261800283690157e-01
4.428306432273014792e-01 -1.404892875528781504e-01
4.141004561407024553e-02 -3.870193059341028308e-01
4.765470388338199914e-01 -1.673044673943063776e-01
-1.795463860708246262e-01 -1.516095419115831566e-01
-2.120275222274617954e-01 -1.288152809287675948e-01
2.751539367580513318e-02 -2.414686805406081049e-01
4.786259713547069694e-02 -3.886485829113328627e-02
-2.848340073636609349e-01 -1.635125490515261237e-01
1.629621177509166241e-02 -1.660588106769066430e-01
4.389535589140525218e-02 -1.582754816361198191e-02
3.586796287624038904e-02 -3.557179056564574449e-02
2.484215508275255946e-02 3.623514240272149856e-01
4.149098870100587089e-02 6.704050499314040401e-02
2.551710874697521447e-02 -9.746276840363032878e-02
-4.860413178399202172e-01 -1.341980219749745462e-01
2.452398802066357852e-02 -4.923171803097466936e-01
4.934668226904848076e-02 1.306664384012662383e-01
4.181315238193383799e-02 4.171145269341794970e-01
2.598703284889525289e-02 3.250559907682439853e-01
3.506875395778463744e-02 -1.844875297332716491e-01
-3.446983830794325687e-01 -1.710511412595010494e-01
4.314508456311920703e-01 -1.448871467763437337e-01
4.437380426715775705e-02 1.274164749103400274e-01
3.483532262956664516e-01 -1.497721829543616767e-01
4.279358569876657858e-01 -1.771394398028455219e-01
-8.226840076641295241e-02 -1.389636174356929654e-01
3.883272922251660431e-01 -1.335397174334026493e-01
4.308806831042566454e-02 -1.692352282198045232e-01
4.366095371405509518e-02 3.930414326372073663e-01
2.469027385532029939e-02 -3.102069259308812832e-01
-4.885013489769369777e-01 -1.255770433975904599e-01
2.568575542524553779e-02 4.856275225295633158e-01
3.592260861911833469e-02 -2.243496186666378289e-01
2.859656805559555037e-01 -1.654445599352170060e-01
3.091623231716977838e-02 -2.188843183811394200e-01
2.168690202724680161e-01 -1.736366955671126977e-01
2.103742835716349013e-02 2.775257432293349869e-01
3.150905230571543481e-02 -8.653533681319580673e-02
2.444109769659374987e-02 -4.526726661667045404e-01
-2.873320410613339204e-01 -1.627092490001434966e-01
4.456847092126725585e-02 3.392671581765126509e-01
1.198117558175464392e-01 -1.511937432254395475e-01
2.932022506010723006e-02 2.193135056274244654e-01
4.968422504542746587e-02 4.243405138076590255e-01
-2.135344837128916318e-01 -1.656235227091144013e-01
3.315649678370136133e-01 -1.571102623293861855e-01
2.555503247385904064e-02 -6.056438613891601541e-02
3.890880732620842775e-01 -1.329026234009904606e-01
4.144205779137732915e-02 8.074177655257597230e-02
1.333193709946046690e-01 -1.363879838895787344e-01
3.631960294459890548e-02 4.928229525233290831e-01
2.022044663313773416e-01 -1.326698875794994903e-01
1.928997587698616512e-01 -1.619919294452561997e-01
-3.344884566749716237e-01 -1.410366393223998482e-01
2.912610945144333829e-01 -1.305509977209328154e-01
3.473178309292460630e-01 -1.547341001316552278e-01
-4.054557472398975237e-01 -1.555894130024859656e-01
-3.683170108575655188e-01 -1.721501252242709779e-01
4.033480250406624723e-01 -1.261083255078427889e-01
3.647065803899895986e-02 -3.728269982335069566e-01
4.694685893179362246e-02 -7.149289169868366933e-02
4.191112944264485662e-02 1.100273620372781425e-01
-3.311195093462925287e-01 -1.764160432050329019e-01
-2.425058430100692775e-01 -1.334885102619937092e-01
2.473590105267076122e-02 -3.068657192641615072e-01
-4.976723378893918026e-01 -1.648793875510403684e-01
-2.869552994836676030e-01 -1.555484101077083681e-01
