1.119459925954183754e-01 4.298589523851333860e-01
-1.297809528726446837e-01 1.879901549429945362e-01
4.667084333862780987e-01 1.609208564682038656e-01
-3.859649246338238138e-01 1.921236207489118719e-01
1.183303987346729924e-01 1.498811191290030376e-01
-3.710258537422402858e-01 1.849162000480442103e-01
1.089798459575551659e-01 -2.683122118387426536e-01
-4.746243598429347177e-01 2.013885385008071793e-01
-3.391959083429885169e-01 1.817181500309548170e-01
-4.760494207215738571e-01 1.623248559832785043e-01
-1.177734045156838549e-01 1.564132338934333122e-01
2.015769394814633797e-01 1.764427415836117286e-01
8.608086018605765055e-02 1.271882797520114128e-01
4.602663821821392220e-01 1.980133325959838597e-01
-1.452397720605769216e-01 1.901981477915004604e-01
-3.862937674444143488e-01 1.715380039018120639e-01
1.908882522141102100e-01 1.484902118020795525e-01
9.139023997473461058e-02 2.277544969797677954e-01
4.973452019559746473e-01 1.669634138133612167e-01
1.322047087734357085e-02 1.864651821038815216e-01
3.821035262200412896e-01 1.656677092864539125e-01
-5.355915554660184430e-02 2.015124945363522269e-01
1.069680354716630033e-01 -4.645998000307072218e-02
-9.937047235925666744e-02 1.656840511383359527e-01
-5.564664611182879028e-03 1.966319224194698068e-01
9.875108133396581778e-02 4.531468136787459855e-01
-3.140022675089414461e-01 1.497985337944186535e-01
1.137998961119413011e-01 1.021617669896971448e-01
9.480156957893770553e-02 -6.685796607984362261e-02
-1.804496343870510833e-01 1.988766847153455863e-01
1.258330695656083575e-01 1.929465876079465847e-01
2.435291490006297188e-02 1.754834079688198933e-01
8.298944092675741846e-02 -2.156101236844775171e-01
1.123907777222546978e-01 -1.070787860089104093e-01
-1.626250501670460924e-01 1.910055190620451038e-01
1.141435332573205175e-01 -1.402090431187187347e-01
2.752506937013511346e-01 1.619751057880448597e-01
7.723910948626799833e-02 1.484563716210067774e-01
-2.966041670045650447e-01 1.758419391638877949e-01
-4.149606311035979322e-01 2.019154099884616915e-01
9.494226436944874781e-02 -3.902864012858882070e-01
-7.673723230624707181e-02 1.806300210932207939e-01
-1.477843025037801628e-01 1.956837760240590640e-01
-1.974568292205994835e-01 1.553895018356629132e-01
9.748048125310460055e-02 4.431654208808786244e-01
8.937689973620155381e-02 4.931267870264796072e-01
5.473593047764002684e-02 1.888829232694384519e-01
8.953419563474307452e-02 1.152246012441688894e-01
-2.295193642540039880e-01 2.007584861203591808e-01
7.567390971960741286e-02 -4.063778368828999676e-01
1.935733133953646545e-01 1.746688719134621426e-01
3.452419923154079751e-01 1.631982895700649916e-01
-2.907292997122516987e-01 1.658287382563385925e-01
-6.282079949958341292e-02 2.068662084773353893e-01
-3.249202913290057948e-01 1.872113552191589925e-01
4.477417784981548854e-01 1.609936505788063243e-01
-2.055575784352379198e-01 2.006084642646250860e-01
3.533251952183474875e-01 1.884813732778883866e-01
1.019438531365299827e-01 -2.118150057204443160e-01
3.524278975818536663e-01 1.981740491347767641e-01
-4.896434785378795951e-01 1.942426500837994841e-01
-1.601059469293636406e-01 1.794402855501037175e-01
1.029091957660722700e-01 1.127776897553337543e-01
-2.830098977185123710e-01 2.017366704760551466e-01
8.437707297115426552e-02 1.039860010500380794e-01
-3.202290840739197009e-04 1.736541244614806523e-01
9.962735806596179078e-02 4.239991196392740580e-01
-2.056269519387853295e-01 1.776121537715640297e-01
9.031385447574324932e-02 4.507434861665813308e-01
1.004487577502030105e-01 1.119079811008583114e-02
7.959286664062947825e-02 -1.167318389003505485e-01
1.023473205003382347e-01 3.998566341463253293e-01
-4.426170847104821116e-01 1.618339970491003976e-01
-3.633656252633871153e-01 1.559327966697604539e-01
4.952435940493536970e-01 1.785017745484664964e-01
3.723920747872305759e-01 1.693020456674988461e-01
9.758417361395188561e-02 4.683361494775362122e-02
9.947162598671410727e-02 -6.311561935167697701e-02
2.947100355556973028e-01 1.922282359408009622e-01
4.697460268048569976e-01 1.751297569309848701e-01
-1.656353347578718438e-01 1.573331939969961901e-01
2.457552269928809929e-01 1.712188095420186240e-01
1.999021484305828489e-01 1.720436140744528997e-01
5.223297217650579860e-03 1.888394837419707928e-01
9.420028102837607609e-02 2.362114039543591337e-01
3.657957005128504857e-01 2.003276351492285778e-01
-1.543637467712781763e-01 1.574939132302816125e-01
3.543918007904004464e-01 2.062311179074478584e-01
1.771624110985423606e-01 1.551533876518850219e-01
2.754099040813321464e-01 2.060994303471460620e-01
1.019370751983145196e-01 -8.669406945625390826e-02
-2.205267403997475117e-01 1.502115448527011621e-01
1.026419101778099918e-01 4.193935715007653942e-01
-2.700377499589543540e-01 1.816937159521606615e-01
2.183242142553890597e-01 1.846403509849662283e-01
-3.604923508076660621e-01 1.564980130348525567e-01
2.577959452268091534e-01 1.612796153757710682e-01
-1.557948968689165659e-01 1.557618204197830369e-01
-4.992026597661992637e-01 1.741725639302654782e-01
1.135485826058162395e-01 3.435815449881877148e-01
2.660243626891947155e-01 1.535470578060545987e-01
4.995530240025901625e-01 2.039683098559103014e-01
-3.559943336692157345e-01 1.728894971292483929e-01
8.578862270959031200e-02 1.192448975981659220e-01
4.517536162077708806e-01 1.737573000402873324e-01
3.935939446969854982e-01 1.521539142709429360e-01
8.588363607979965231e-02 1.499959594962491094e-01
1.031458265066174107e-01 -4.397958066129220578e-01
-5.072500417138037232e-02 1.517862911376716140e-01
1.045311507049349053e-01 -2.958291949613345295e-02
1.765946170019314643e-01 1.957353302529606376e-01
1.076722805463647958e-02 1.823449694791561271e-01
1.079603693075693593e-01 3.190662206633820830e-01
1.149469866218687519e-01 -2.628382863582019446e-01
4.672552784613711596e-01 1.673349857589933043e-01
8.516535998053931245e-02 6.372440067372164840e-02
1.138331561831942285e-01 1.087970228530915628e-01
1.849597574415207113e-01 1.711109255896299253e-01
-4.502371144097438993e-01 2.046007494314329156e-01
1.138309112891114916e-01 2.885027951147323133e-01
2.471293432260819323e-01 1.700046840263010894e-01
4.298663997445033580e-01 2.042907607574081519e-01
7.018994273701728570e-02 1.916510199544310122e-01
9.658891936439928383e-02 -2.486430725490381688e-01
4.548807660025238064e-01 1.757628376860690400e-01
8.575855534781839928e-02 3.083623412905222017e-01
-2.545023321821248130e-01 1.793051111763673822e-01
1.094607453734822711e-01 9.991264192780402453e-02
2.369176123597425132e-01 1.939374300153058339e-01
1.089691918264051873e-01 3.049119330474980849e-02
9.915210161807608280e-02 -4.352154545257955753e-01
2.125728291128042846e-01 1.661046048511757300e-01
8.213571835535571353e-02 4.960650882011652385e-01
-1.934097584593839070e-01 1.986974861558217231e-01
-4.016753607664204084e-01 2.063486496788200508e-01
9.079896623000305311e-02 -4.354226600743609232e-01
8.034106650409644779e-02 -3.890044493568940442e-01
8.719420527037358148e-02 -1.133461672243010199e-01
1.114894885965582727e-01 -4.958607942336634711e-01
-5.911925074037327477e-02 1.603160550201523371e-01
4.414597636760710930e-01 1.868298668869762258e-01
-4.649420117850231460e-01 1.848161361178356499e-01
2.586205922371591637e-01 1.917913793246462939e-01
7.677738203939643569e-02 -4.293439708426266543e-01
-2.304299107943726943e-01 1.604137381586867583e-01
1.097790925001479456e-01 -2.217212460436124299e-02
1.064829813383092461e-01 3.809212131188526307e-01
-1.447459598196872976e-01 1.575869018894260343e-01
3.312633731530852943e-01 1.821074806425472259e-01
1.142237991773030759e-01 3.971628485281553100e-01
1.603190332113449967e-01 1.535700197136942169e-01
5.760177818070733036e-02 1.663214404598717389e-01
8.310795741558030247e-02 2.705458044846605903e-01
-1.441663475180318121e-01 1.971217512770450098e-01
5.768427030372091924e-02 1.999390164884284893e-01
-1.375602087311300625e-01 1.694621133464995211e-01
-2.513191942826571434e-01 1.881649382936125825e-01
9.445871686234341702e-02 -2.051020676631243322e-01
3.301226348451976600e-01 1.720043470010936826e-01
-4.442809217742053063e-01 1.971848040667385504e-01
8.740704217825523425e-02 -1.648461960235760859e-01
4.829216997920043886e-01 1.982552283798977300e-01
-3.709901791564412799e-01 1.785588558104164170e-01
4.683865981197439243e-01 1.765055725689969046e-01
1.325739485399959339e-01 1.739074379252443237e-01
8.650110449056047646e-02 2.733369830645933085e-01
-2.672814755633614592e-01 1.577966768832754774e-01
1.022114333402943664e-01 2.937554936967223806e-02
-2.445341596902225190e-01 1.886517061393417904e-01
6.780771525429019064e-02 1.560814868196640504e-01
-1.741434503839540682e-01 1.993966865314310555e-01
8.633162493961277217e-02 -1.472533614944776525e-01
2.123267559638509772e-01 1.601369397163331376e-01
1.130004072260952785e-01 -4.590918097302428835e-01
9.837165493405741756e-02 7.467081318071699947e-02
2.743580690275317924e-01 1.699617997533233726e-01
7.433471993553353308e-02 -3.433247208103322734e-01
9.826102760114929779e-02 4.824477206315740396e-01
1.269514168316834279e-01 1.824352363305222768e-01
8.740204386130134839e-02 -8.877832112868477843e-02
9.399890937682786607e-02 4.874684345225177573e-02
1.399390557841667659e-01 1.585582747219064226e-01
1.980687612962861444e-02 1.692210864070203824e-01
9.982227059995785190e-02 -1.850518552462793176e-01
-1.791939450881850915e-01 1.627888648772196634e-01
2.193728506323195937e-01 1.905162383731383580e-01
-8.718116052292135265e-02 1.817520183305147974e-01
3.533294888639590958e-01 1.909490418556840652e-01
8.552708302904732385e-02 -8.592623159613954620e-02
2.452882908513946969e-01 1.807292835005364084e-01
9.990556093816116423e-02 -3.037341258067993710e-01
3.728526692694188460e-01 1.630873221744133517e-01
2.440534644019979327e-01 1.861021565541878253e-01
1.368021140875838038e-01 1.981224992403017859e-01
9.369602480395822219e-02 2.085227960302077355e-01
4.829215513653721814e-01 1.594013333760977424e-01
3.009868241988968851e-01 1.800230332462240401e-01
7.509208563611302623e-02 2.433470995180768703e-01
1.050775960606583626e-01 3.201601861289470330e-01
3.733659800081209346e-01 1.867043184373130549e-01
2.119440660279763300e-01 1.816457848106621809e-01
7.734137614703051611e-02 2.437708914456665488e-01
-2.953328791651834706e-01 1.943278831711305887e-01
2.330498346972169621e-01 1.947396823156233303e-01
7.992008535956340864e-02 4.869859374959406573e-01
8.385004488036651438e-02 -7.930650046796605679e-02
1.085583713587173760e-01 -4.455379560021806018e-01
-9.843862010810267016e-02 1.521229626407815116e-01
7.442194863535966931e-02 -3.036084595644332751e-01
4.190018008668221494e-01 1.604552216461792025e-01
9.804021482001801235e-02 -1.435551633812209849e-01
4.778022316774880318e-01 1.971276253665263933e-01
8.264442612454447890e-02 1.665788514811815668e-01
8.269637642934801747e-02 -1.578862258167826882e-01
-3.506545397577300882e-01 1.634561502877650563e-01
2.071538006179329816e-02 1.838827478487615741e-01
1.011498711802055750e-01 1.635141953166042716e-01
1.071247558838138714e-01 -3.108683695169313088e-01
8.644315941219282706e-02 -3.891461762172008232e-01
-1.168641952729042588e-01 2.045319082347906159e-01
2.594384506312767957e-01 1.672292298034390168e-01
8.437196868232277325e-02 -3.386454729961074772e-02
-2.439916817149567763e-01 1.545732509766521989e-01
1.088257570948784059e-01 3.917295877083811773e-01
1.039103093139049916e-01 2.844186132041803816e-01
-4.556547862814812611e-01 1.865712046372983712e-01
-4.000585050536833442e-01 1.794794877714783743e-01
-4.069789801345348179e-01 1.598999019883736716e-01
-3.897490704763753033e-01 1.858259040364129699e-01
9.374035814212555717e-02 4.736976599565030366e-01
1.025150010111899324e-01 4.715920497504038078e-01
-3.427883944858665100e-01 1.796490619216124518e-01
-3.605771682292202573e-01 1.529730608988660867e-01
8.150623866032469245e-02 2.827012246627749192e-01
-4.581240288193068055e-01 1.583775917555597657e-01
-1.396160136827335752e-01 1.668279393413159006e-01
4.641752348781327253e-01 1.598392617013676409e-01
1.795185947129471771e-01 1.681873512961398198e-01
-3.839247397520817451e-02 1.752475645838401652e-01
1.008558649155452125e-01 -3.421649084882413261e-01
2.491479621062019367e-01 1.974844641823493285e-01
8.528177977485107419e-02 3.758532343457343661e-02
3.132097683138742594e-01 1.548135893910534966e-01
3.951878570657254564e-01 1.957150484143242997e-01
-4.328800577074185529e-01 1.806687050766064839e-01
-9.411315178315893260e-02 1.792439087945978393e-01
-2.631732221747621336e-01 1.731038087661467273e-01
1.149556291627864546e-01 -3.727491641888351914e-01
9.327438053621905922e-02 -3.901136670815260610e-01
7.862285262429091759e-02 3.062948855835588846e-01
9.311913571463548145e-02 -2.308823033855500473e-02
-3.262766120481860321e-01 1.534401647942993385e-01
-3.423400567126115845e-01 1.926171143964238164e-01
4.232968672162304991e-01 1.656947604982607070e-01
1.370161762412788198e-01 2.054229739302797508e-01
1.065808122119253909e-01 -4.283883309425677854e-01
1.116761732915644290e-01 -3.748452404931891246e-01
-4.829243938256760904e-01 1.691055639319472004e-01
1.097976309744521650e-01 -1.579803085690455466e-01
8.826376830710880306e-02 3.339281828211123626e-01
3.745654327712670817e-01 1.893521446906859529e-01
4.223375611181908740e-01 1.684202900127395042e-01
1.137258357586400370e-01 -3.075359846011859188e-01
7.410921843830042821e-02 -4.821099624417790608e-01
3.609301969026554868e-01 1.928133896867377794e-01
8.409998704344756604e-02 3.326404416295690725e-01
1.128652464125958765e-01 8.946785660190792466e-02
1.086480125189726031e-01 2.866102193146790045e-01
1.093473782446927611e-01 1.342861932873256059e-01
8.209356674748391480e-02 2.011852287702250441e-01
-4.535272208245633152e-01 1.955287438101560582e-01
4.791130583771275875e-01 2.031455274141196199e-01
7.970066367177719435e-02 -4.833943121592302328e-01
-6.369527007838426957e-02 1.679339056833267785e-01
1.128880239006689878e-01 2.051524032251461627e-01
4.150901604187425820e-01 2.028479560056536402e-01
3.799054011329289215e-01 2.043188608914882076e-01
2.543387977671257572e-01 1.697586221533294859e-01
1.134453074778249970e-01 1.150946063063074121e-01
4.933084137922922885e-01 1.603495777453308735e-01
-4.849172270205541757e-01 1.524932339827631544e-01
8.591113548523776622e-02 2.008651498403781765e-01
1.056997245930311191e-01 3.158593368230111498e-01
-7.837164723349510087e-02 1.950254426198433366e-01
1.057590195804081201e-01 -3.331996487482592473e-01
8.973844818065790374e-02 -2.900155018679365648e-01
-4.779776141331605332e-01 1.878252481656268458e-01
8.325461308254111792e-02 -9.670831717429306806e-02
-2.679055664051470664e-01 1.587482378237869973e-01
-4.753074447308511807e-01 1.998883499891028759e-01
1.021382700936577237e-01 -3.567392653731970009e-01
-9.695807473904005658e-02 1.548975194265163058e-01
-2.305470954127430971e-01 1.682511327109212917e-01
1.111132719816333436e-01 1.654943334432379398e-01
1.034004819879541515e-01 1.670250138949295193e-01
1.008463957108421960e-01 3.812715620801130356e-01
8.664740966443562620e-02 -7.398937796668303424e-02
8.247729441971374253e-02 3.952737968915787103e-01
7.597723355878516216e-02 2.096118042154937466e-02
-2.265055166205832693e-01 1.738220999553355961e-01
-1.871104111165223793e-01 1.922905987062845101e-01
9.334586806241729207e-02 -4.473214758743149222e-02
7.482035169837597532e-02 -4.341476717908951954e-01
9.494628630909196509e-02 7.633292360566712453e-02
1.038316322869250463e-01 -3.251181150682468379e-01
-4.216037495732337659e-01 1.536339341849809470e-01
1.999807146022359872e-01 2.002422118381823601e-01
-4.756810259157515652e-01 1.906339526464098100e-01
-6.399389417554746107e-02 1.778592299867181037e-01
8.535913943313144792e-02 -2.837765026474438068e-01
7.446240759722033697e-02 -6.656246137723853540e-02
-2.319083837795615777e-01 2.064305608530339065e-01
2.215251729836529293e-01 1.505910743421539078e-01
-3.039088174920289154e-01 1.583964394335832804e-01
-1.467245551413158822e-01 1.592099412885037424e-01
1.111482618100558817e-01 4.893360715216982237e-01
-4.987116001143823141e-01 1.839275168342096034e-01
-3.690362287651812734e-01 1.980242539873581231e-01
-2.417614890316217569e-01 1.877342990754747865e-01
-4.456780652557434941e-01 1.762212348307327092e-01
-4.367243834970689909e-01 1.786370271678429100e-01
8.723331416031576691e-02 2.954748024742550605e-01
8.575346858202681499e-02 3.584772140363140513e-01
4.218776286145089482e-01 1.657443141876328019e-01
9.927800169649880768e-02 -2.602485821355319251e-01
-2.583786730519215258e-01 1.795646816927223277e-01
7.830024749275021900e-02 -1.907218724981456504e-01
4.599304560793874286e-01 1.953664754898908340e-01
3.965680247132620240e-01 1.766188016911888203e-01
-3.947684908009091442e-01 1.678778167056499404e-01
4.664540904127150167e-01 1.755034546554370412e-01
9.084015526223920833e-02 3.136190271526727580e-01
7.592895548655365090e-02 1.775140425949081058e-01
8.049661409499808684e-02 4.788829604403369578e-01
3.345669878494235139e-01 1.791023861600262723e-01
1.472882749467132601e-01 1.930740443805191164e-01
9.879328006379461957e-02 -8.648999406460511352e-02
1.202708305097297536e-01 1.753778774627968717e-01
4.360588022587406076e-01 1.783234608274211208e-01
1.035756047224258847e-01 6.886027187190868482e-02
2.573912615866277287e-01 1.847630991566050485e-01
4.167632350874033165e-01 1.858392515839356607e-01
9.996047460293233655e-02 3.348217592139569598e-01
4.867156072293227220e-01 1.621862868946628566e-01
1.406834332881199412e-01 1.516562816365020216e-01
-4.139163838749571056e-02 2.002839469194614974e-01
-4.631387504542013867e-01 1.478352154687008202e-01
-3.249778631552074915e-01 1.822232991134352664e-01
-4.729236620599114316e-01 1.474078560197895627e-01
-3.338176558286747309e-01 1.700284127070186280e-01
8.506661232129131278e-02 4.958323049151319717e-01
1.118966037559154802e-01 1.251729574940775302e-01
1.980407690374061946e-01 1.558150920993006672e-01
3.424098599840352808e-02 1.629570423543881263e-01
-2.135991169869958517e-01 1.568643253793873260e-01
-3.140086962978760887e-02 2.036295671629788639e-01
1.069215688825696509e-01 -9.985752033976735831e-02
-2.948449789659892684e-01 1.669752525445535873e-01
1.077248888707601493e-01 8.717140913695808901e-02
3.218880263371592942e-01 2.027821669866088916e-01
4.154134239912276039e-01 2.002377118143872092e-01
5.848587083967859979e-02 1.616912962211473070e-01
9.134660054371412929e-02 2.760788751298506316e-01
-4.430770889320613248e-01 1.952754219295638194e-01
3.633214329375185070e-01 2.023409500951582896e-01
2.450812924298717554e-01 1.971681665903192160e-01
-4.582119730377389732e-01 1.990474428222476222e-01
-6.966577695566911199e-02 2.074919982904023241e-01
4.021489791353677345e-01 1.494920664301937485e-01
-3.040573074341275106e-01 1.864401109603094353e-01
9.486168920929194392e-02 -2.810763089658124825e-01
-3.576192318391050451e-01 1.707595640835025685e-01
-2.251569842369840480e-01 1.541815713950632771e-01
3.671504200749359237e-01 1.698644016216951380e-01
1.113606870112386904e-01 3.057705819800076164e-01
9.294839864727322265e-02 -2.745430219836150210e-01
2.203425072322270362e-01 2.069435559248780088e-01
-4.514999726351851539e-01 1.518634241256360262e-01
-1.512284076230896446e-01 1.505655108253562968e-01
-3.280837090544687085e-01 1.982956355159953832e-01
2.048331607547005939e-01 2.063855417321833752e-01
-4.615372757324635034e-01 1.483257375915438825e-01
3.861449791797829656e-01 1.772027888033452792e-01
7.435501991104742636e-02 -4.891366920461565071e-01
8.357162736038259432e-02 -3.850019235495786285e-01
-3.535060017759777962e-01 1.503450094069890275e-01
1.031978599333935875e-01 -3.583994267276625623e-01
4.418518850947994459e-01 1.669391669322050076e-01
1.018414304539357884e-01 -3.706475185028278441e-01
8.859775292722404938e-02 -2.869080795623012436e-01
3.270095142289995982e-01 1.765910020173525607e-01
1.034078825244670874e-01 -1.743172624933034820e-01
1.030818035311540370e-01 -1.785632489704250814e-01
1.086708123177166918e-01 -1.764893707196523165e-01
-3.166850002155726651e-01 2.070437825378850238e-01
-1.612331918953147092e-02 1.574136489045940834e-01
3.078398925984159318e-01 2.023001174691740900e-01
-1.489674856803568925e-02 1.723051356856302174e-01
7.421998849481148408e-02 -2.538039512022051136e-01
-2.254965411475109427e-01 1.621181004059676356e-01
7.668294078199089370e-02 -1.274697317996403845e-01
4.941071291432085344e-01 1.843979942081236389e-01
9.482714541619263748e-02 -8.926921192787229398e-02
2.110052891779121698e-01 1.859241748351413426e-01
-4.828411407756306728e-01 1.866969319977835884e-01
1.099010613499071809e-01 -1.105768768043751127e-01
-2.646662332929404782e-01 1.919967752216285017e-01
9.300290468829386370e-02 2.791595808080100660e-01
3.010972259658214467e-01 1.809922892871772548e-01
1.593315605457115147e-01 1.653764529202101929e-01
-5.294947164261043504e-02 1.816862130141876364e-01
-1.793893400004813454e-01 1.932011754907414502e-01
1.756859443948538546e-01 1.793166243296079321e-01
1.033807241063892102e-01 -4.594472774227310596e-01
-4.078465203778615100e-01 1.911844927663850502e-01
-3.365604256137393335e-01 1.849994796586620360e-01
-4.642659846978245408e-01 1.994240786348036032e-01
1.218156475223288737e-01 1.920673746764406387e-01
-3.138245937853960665e-01 1.954413283666406320e-01
7.247449631152458327e-02 1.538705836467768595e-01
-3.130415368680670163e-01 1.950956139551354163e-01
9.052774371003968756e-02 1.930118718968709679e-01
3.427630713860729816e-01 1.505155523477406110e-01
9.771610508884398527e-02 -1.225417178492687054e-01
1.513873189663027530e-01 1.868341672888653715e-01
4.759584082380592385e-01 1.975445037835110718e-01
8.767156670615805503e-02 -1.783295561804187912e-01
-1.597618123879748220e-01 2.050449936416818275e-01
9.128407922991166323e-02 2.719441457200125756e-01
3.803264550219130902e-01 1.862333542997912650e-01
-8.344077216556977650e-02 1.709309907112267490e-01
-3.505092399822784532e-01 1.504132360671881496e-01
9.424091253288391368e-02 4.393394669319983237e-02
1.145015134962393821e-01 -6.025552609528017634e-02
1.796408090419965298e-01 1.697933464901130174e-01
8.540255819246345137e-02 2.689562158235370148e-02
2.028622481692141655e-01 1.771174740767156308e-01
8.471330634637574963e-02 3.120842346580396942e-01
3.024683710354492128e-01 1.493233471003592161e-01
1.447129038556638214e-02 1.840209314748489922e-01
1.357399007176736117e-01 1.473600213872975351e-01
9.383659931997567760e-02 4.572100327370488548e-01
3.269762097566943915e-01 1.498463905074907121e-01
7.444047280702514868e-02 -4.805184820231607201e-01
1.312009406694834013e-01 2.018780988028174850e-01
4.572004435008183432e-01 1.890294533928026377e-01
8.268615470522888700e-02 -4.573915080158102997e-01
4.196859337660286959e-01 1.945025284714916314e-01
7.657420054602459558e-02 3.145339185909451496e-01
2.373292578716867940e-01 1.812664198405904425e-01
8.699052257759221085e-02 -1.699128359617763095e-02
1.800594547068947726e-01 1.945690775373629666e-01
1.039435471287296631e-01 3.528476284858128587e-02
6.648782836363387183e-03 1.883103677192897729e-01
-5.500078616627357420e-02 1.885669774068894355e-01
-4.235889953398056518e-01 1.677689959260107999e-01
4.898396678197242116e-01 1.745837373134289106e-01
2.200326833412199479e-01 1.935037621310249367e-01
8.834113998170534110e-02 -2.039076933076278131e-02
-3.493000333823702563e-01 1.848831702108618691e-01
4.398881732121696642e-01 1.608494158510757055e-01
7.909368778804870548e-02 3.178861054708538303e-01
-4.914872989464111885e-01 2.012391871465458726e-01
7.988728373944564698e-02 -2.633096743452145727e-01
2.846866727331538449e-01 1.963333757439318372e-01
-4.977832815565943481e-01 1.749683882901830190e-01
4.019370699701585448e-02 1.621138096406509188e-01
7.655234547005351775e-02 9.628097876109320552e-02
9.182194037971569411e-02 -4.931908407734811872e-01
-4.014724680175323357e-01 1.976525082344360307e-01
9.701755762610475564e-02 3.639700953335947009e-01
-3.724770778410376737e-01 1.473979802033705822e-01
1.106628399586064848e-01 -7.150530179517977647e-02
1.043416863726621679e-01 -9.746354157627434844e-02
-4.768129778333303204e-01 1.805044145779624021e-01
8.064350509590656468e-02 -9.405579954866838399e-02
4.948706126869382160e-01 1.865884570637973416e-01
2.689904983762071433e-01 2.050564565059400657e-01
-4.977192143203379437e-02 1.959394536189339453e-01
1.761370339450742950e-01 1.873306186462849743e-01
2.637166859909582106e-01 1.552355123447342056e-01
9.212027442945214251e-02 3.776366152434833534e-01
6.044919502734125150e-02 1.727584677914187905e-01
7.650507077713852855e-02 2.761663321553967654e-01
7.579694559706662282e-02 2.999487027674363482e-02
4.925341631243089768e-01 1.986230278871211619e-01
9.197485679425199123e-02 -3.712578580900375291e-01
4.544573816010026857e-01 1.850019805696569986e-01
8.949513039983381102e-02 3.488494061752991371e-01
1.055486063023575172e-01 -4.566473265343191645e-01
1.067734038465393276e-01 2.092734237585602841e-02
4.567589877453551717e-01 1.522701163522125478e-01
-1.790584425829709891e-01 1.539143758573594534e-01
1.075584309686566931e-01 2.240453757980006566e-01
8.005946082064141489e-02 -4.901967673339421294e-01
8.181436785384388344e-02 -2.163055286397921329e-01
9.208495400347871396e-02 4.517269706550481878e-01
