6.583422659098681073e-02 2.922200883099135282e-01
4.104717839231909471e-01 1.028765897489221093e-01
-3.885271121845271791e-01 8.951278560905273629e-02
-4.453633162765805453e-01 1.258191805342561143e-01
7.115749183190756000e-02 -8.715811671952655715e-02
7.510672590944933447e-02 9.010544676618903459e-02
7.798007603441881042e-02 -4.619481700650298617e-01
9.706793269533930957e-02 -2.199851824870535655e-01
6.536600174236983918e-02 -2.668879600624246562e-01
9.876780268496554438e-02 2.748675808034384271e-01
7.048204075124586687e-02 1.924112945264803143e-01
-3.541135628500395871e-01 1.326229411284952642e-01
-4.276030075992129920e-01 1.113900438369604950e-01
-8.840815918696820486e-02 1.319097906298157818e-01
-1.622401946032705489e-01 1.321847344613072961e-01
-9.982032202926183206e-02 1.248952738564735876e-01
-4.326227844090850816e-01 1.050734143505657192e-01
1.228299260314313912e-03 9.457301342569113256e-02
9.881549649596477192e-02 -4.807240101282217459e-01
1.103319056147554766e-01 9.760977271807858013e-02
6.212733385511803874e-02 3.547206240831310975e-01
-1.187880843942585862e-01 9.912847130842017407e-02
1.579978188059127930e-01 9.161459088123025118e-02
-4.231145790761594583e-01 1.019505820602820689e-01
2.437132282478376988e-01 1.176377413414960715e-01
-3.336875423583796074e-02 1.027691215706008077e-01
9.351975707631998702e-02 3.644652918926210017e-01
7.624939093106530841e-02 -3.522669195874024162e-01
-2.926084788764489186e-01 1.093539618437491256e-01
-4.813444676025631086e-01 1.234839068614790314e-01
-4.222711149558345811e-01 1.314555538340512753e-01
9.880403567856532732e-02 -2.285753813033414295e-01
9.455560136805607474e-02 -4.784466152342526923e-01
1.377369159724423087e-01 8.821223135931965942e-02
7.872937660518208869e-02 2.231489535847810401e-01
4.457370172757034732e-01 1.166591139931018040e-01
6.541200049997386579e-02 4.494102177767888007e-01
-1.439882995314626379e-01 9.649068683282624459e-02
8.331080051312900192e-02 -1.664863768136736200e-01
-1.540323782167891675e-01 1.245857041962364908e-01
3.803462143850883104e-01 1.037921841011661961e-01
-2.330513066143891088e-01 1.088090335849541956e-01
-2.306486350930685436e-01 1.315620507981813958e-01
-3.380555483247316140e-02 9.369119957769145302e-02
7.829129439617588115e-02 -4.255561961322762432e-02
9.047978657333399788e-02 -1.062584646252650034e-01
9.971660489855427301e-02 -2.481324454864773932e-01
-4.514149605415102018e-01 9.925326367309195152e-02
1.941803790233667115e-01 1.165377881040282615e-01
9.279381429970134931e-02 -1.774426836222029458e-01
3.733695284078097920e-02 8.879402122049440127e-02
-2.523940365156691623e-01 1.297794204922911865e-01
-6.873368857807660159e-02 1.069214026599929479e-01
4.249750381097044949e-01 9.013724156819147293e-02
4.901204477239814450e-01 1.273514943458281534e-01
3.096867533546971973e-01 9.798003032322100125e-02
3.825874038707458569e-01 1.052112679757151170e-01
7.310500241968931334e-02 -4.154067412710903406e-01
-2.119100791147769947e-01 9.074342259305445690e-02
7.449031934753358453e-02 9.759635418897461001e-02
-2.892088066095852561e-01 1.299161270023072579e-01
1.475397438728361932e-01 9.877592037080462628e-02
-2.167663625636319091e-01 1.119285446410591689e-01
2.660629450074347702e-01 1.167898606154709196e-01
8.526710866657483123e-02 -2.439244745234983025e-01
-3.765162331076734592e-01 9.334823376068579481e-02
7.053342388042160849e-02 1.926757638903234815e-01
6.809465095122013700e-02 -3.432802558090242151e-02
7.218869836504693271e-02 -4.085027514983677888e-01
1.253938832914514023e-02 1.229720751594123307e-01
7.338256181553737267e-02 3.133368584274484059e-01
-4.751056304273105768e-01 1.070247006125676359e-01
-1.966588358938761161e-01 1.184735868251538538e-01
6.933926943501522722e-02 9.669932660373892208e-02
1.120442923706388427e-02 1.314161501062794946e-01
2.338335165031790730e-01 1.136349106955710786e-01
-2.370626055337795579e-01 1.088556223126414535e-01
-4.374867479104642687e-01 9.247625548236870774e-02
9.405313691836236778e-02 -2.447151891281683644e-01
7.657637317709042879e-02 -3.650869138426677818e-01
1.298448790410243747e-01 1.189742109600993025e-01
-1.098155186244760273e-01 1.139050168093799220e-01
9.041069050433248044e-02 4.784833600509755813e-01
9.986277618359429287e-02 3.978545911766800947e-01
-2.984177184683239892e-01 9.966239016506794890e-02
8.565059296749022444e-02 -4.230205758242415737e-01
2.844560879449616886e-01 1.162193216553003561e-01
2.297493043530038914e-01 1.256297005132004374e-01
-1.592256015308247674e-01 1.120856221413932818e-01
9.766256120823502140e-02 -1.344641199824060385e-01
2.584717437666261830e-01 9.987345556676574532e-02
1.716835350061620691e-01 9.049299347574923935e-02
8.693212919766457603e-02 -2.794196455172989202e-01
-2.712586877988358847e-01 1.031023232999894734e-01
9.851447214409880804e-02 3.545766093915074801e-01
9.379910469852548172e-02 -3.244747114156414369e-01
8.173512822390838206e-02 5.133306039544194288e-02
1.744475173093268383e-01 1.274926300943944879e-01
8.035547405070586624e-02 -1.446491693026800140e-01
7.084245375804221201e-02 4.171036274230356389e-01
7.913259734418631730e-02 4.464684052106477896e-01
9.254810971514049189e-02 3.076657967984838260e-01
7.834878754738494600e-02 9.740522862802791781e-02
-3.375287555022893349e-01 1.234162553728430645e-01
7.441729346284187141e-02 1.299802617393404081e-01
-7.106160210042622438e-02 9.573305608459603544e-02
2.713332371143301058e-01 1.253146611296743762e-01
-3.612743283937343008e-01 9.700100386573740074e-02
9.655470556767520307e-02 1.237757515521289431e-01
-3.299993210927618659e-01 1.041100885242070007e-01
-4.398603209972823391e-01 1.020299604711619734e-01
6.867485165837439176e-02 -3.930895201166446640e-01
2.867737149395381824e-01 1.143129229505732702e-01
8.049011300783504019e-02 3.910764599249040296e-01
8.293657582286717567e-02 3.758333842260108693e-02
6.962964080076239348e-02 -1.480237770082208915e-01
3.554438499778411753e-02 9.611002143291791366e-02
-1.024503815092914216e-01 1.208702008522292148e-01
4.618396419009667131e-01 9.816363526274529683e-02
-2.256417197213242964e-01 1.043176482274035255e-01
7.304918288551354166e-02 -2.482481783048208213e-01
8.650493557382954446e-02 -3.284787706378347050e-01
7.641939232120853465e-02 3.414397110839462179e-01
-1.858435400669032900e-01 1.298517012008306715e-01
-9.943281509820389719e-02 1.012206566203399660e-01
7.962470211657501906e-02 3.021041805503216215e-01
8.825774829342369898e-02 4.144034891131096465e-01
7.894297103624448031e-02 -4.083041021471706111e-01
6.594360308003088811e-02 4.534645597335155154e-01
9.420356235611404561e-02 4.084179835853297691e-01
2.109050623662730439e-01 1.232258044524288110e-01
-4.132243509849219398e-01 1.056949907214684847e-01
9.162248111680493246e-02 2.342276610443964069e-01
9.333852503594297634e-02 -3.111632253970115780e-01
4.544403596012948077e-01 1.283717954706242725e-01
7.025343240374948284e-02 1.224402674063751473e-01
9.352148213768018969e-02 -1.402539788761955064e-01
1.858089619539421422e-01 1.295761788302320916e-01
-6.195727595318600844e-02 1.129043602913751831e-01
-4.722781736334417113e-01 8.914110731765401141e-02
7.938844457317295600e-02 -2.804723273656543059e-01
6.650437991208946187e-02 -2.464728628048725723e-01
7.146409633491090929e-02 -6.416872533463457984e-02
9.935655325780290426e-02 2.544746298338441681e-01
-2.724225863105422807e-01 1.234434450906736203e-01
4.357830480873992052e-01 1.177602946891375124e-01
7.371548867889754497e-02 -6.055437087613824154e-02
7.809014854784535054e-02 3.184951742709305478e-01
6.435119837689251554e-02 -1.581322329771086554e-01
7.825174679048241266e-02 -1.836302962335359945e-01
8.430887625673000318e-02 -3.161169205825473671e-01
8.335761470775726600e-02 -1.790960075247278738e-01
9.751626249334399699e-02 4.839769977124800393e-01
-4.838623026865601640e-01 1.122669143807805137e-01
-3.462557754885622341e-01 1.202926672421265053e-01
2.006545757686848397e-01 1.154536128754719559e-01
9.606864744241050413e-02 -1.312248322544014023e-01
-1.688820296142912181e-02 1.266682790147908300e-01
-2.386481081038940300e-01 1.120693683824061093e-01
7.124011681299591281e-02 2.454323742359367788e-01
8.855285587095063082e-02 4.942748294540436627e-01
1.001231873641477144e-01 -2.769614690581929661e-01
7.023860709655083134e-02 -2.547763208637952026e-01
2.897980015181270685e-01 9.960713719855252002e-02
9.069021535746768503e-02 -1.346684388997319015e-01
7.242681713999821191e-02 4.205921309836466726e-01
-4.403733509359293308e-01 1.104023986851027095e-01
9.653465009286921195e-02 -2.947737975907481767e-01
9.641318054012926186e-02 2.449731739574958489e-01
1.888739648894187662e-01 1.208337820836837828e-01
4.955947247490080088e-01 1.041098525723550550e-01
2.983236780145100964e-01 1.096593383362417518e-01
1.940502210291676910e-01 1.125942914724166188e-01
3.239366835221006991e-01 9.336777708659815822e-02
1.001308146336642446e-01 4.167340971841897446e-01
-1.460662711616631526e-01 1.087393890324738210e-01
-5.887281416864198480e-02 9.821812775639926496e-02
7.269971778237993565e-02 -2.380871068488333853e-01
6.696061702198508048e-02 -2.825188494969458342e-01
7.589030460735768369e-02 8.745728142466269173e-02
2.568692733446887866e-01 1.126747308037205908e-01
-2.063256019005696995e-01 1.314650229122744651e-01
-2.844963787791685572e-01 1.256228805245167557e-01
7.149762551544669442e-02 1.519197567321345366e-01
3.712843595863448698e-01 9.147699412412158004e-02
-2.437975576291571134e-01 9.355445900381709201e-02
-1.027684244338659125e-01 1.306088279624229020e-01
1.899186014264716560e-01 1.033077644500804970e-01
9.932016137158217184e-02 -4.014294218844829398e-01
3.903650524482691342e-01 1.023397231975360366e-01
2.799101302524137358e-01 1.084749003609470908e-01
4.228351097309968054e-01 1.313706682112024682e-01
7.955775109976659376e-02 -2.070859235103752471e-01
6.758795029625963569e-02 4.018597549685261061e-01
1.799201983095939372e-01 1.050554092195727929e-01
-2.445941074241488877e-01 1.046227177039005252e-01
-2.805027419938874722e-01 1.023984182325550218e-01
-3.477638499570696595e-01 1.139523598982200570e-01
-1.960290207978573340e-01 1.297452060115561467e-01
-4.572324772141376226e-01 1.258471001403703715e-01
7.147565881651041231e-02 -2.546308758813575768e-02
4.088249999930626544e-01 1.054201781449601860e-01
-4.710699969994189829e-01 1.142647671325121017e-01
7.422232681476459426e-02 -3.061436378969469851e-01
7.145362356616635768e-02 -4.170201385676151062e-01
-3.905165230450737823e-01 1.019592563008524522e-01
6.508394790539240304e-02 -4.545113572281765935e-01
3.647488512669798677e-01 1.219098565432493730e-01
-4.151482473355414538e-01 1.256140163771882756e-01
1.266258305525945760e-01 1.233928376257004134e-01
-1.386031786425904189e-01 1.015156290195687872e-01
6.374605928781817976e-02 4.050348898224954697e-01
1.004806716719554016e-01 4.392000638674065094e-03
8.034182171694881358e-02 -4.847666644249600809e-01
6.986606445095555618e-02 1.103735046905727213e-01
4.032943738194184613e-01 9.799561659028643845e-02
6.243216884745428352e-02 3.707003351748981990e-01
3.221570058168543582e-02 9.096319182954271110e-02
-2.841930307285012169e-02 1.176494534349644683e-01
6.594905132100070677e-02 -4.488784706206435660e-01
-3.197204075506654419e-01 9.227823056543127400e-02
9.309795762529460283e-02 3.377505935972515694e-01
8.900438433197976895e-02 -1.295326011176169967e-01
-2.242774210222553410e-01 9.425457374539492061e-02
5.497750038984228205e-02 1.289153569990810766e-01
3.938834276880337493e-01 1.018381250403833649e-01
-2.998975574304429959e-02 9.872183324888117451e-02
3.917380107022288005e-01 1.189686091557135006e-01
3.518415674064945264e-02 1.020231899780066342e-01
7.121169652126713157e-02 4.172144126375267881e-01
1.316604768801786784e-01 9.454085908112386250e-02
1.462249760250702302e-01 8.842416607667591411e-02
1.379127320411877022e-01 9.411873799334524726e-02
4.160318273926133514e-01 1.117868938380010002e-01
-2.358211846132768352e-01 9.482001302067055715e-02
-8.899403904672464893e-02 8.957283304690788484e-02
-1.571861461157230133e-01 9.535693998333649724e-02
4.367129753435473605e-01 1.266036156013805591e-01
2.031357393980315340e-01 1.319804327477636097e-01
2.584674372710414891e-01 1.004154462230194556e-01
4.100119607448611259e-01 1.138126177036438147e-01
2.321736301826249349e-02 1.171860879524028176e-01
3.266990913860347012e-01 1.004541650463052216e-01
-4.160805351775002103e-01 1.214718682927156124e-01
4.154203790385728734e-01 1.038317140458329124e-01
-3.680128439126215678e-01 1.013774265864549884e-01
9.275687532621301745e-02 4.526419926837162988e-01
8.650544215705469053e-02 -2.457337861394794931e-01
-3.528720486837311210e-02 1.275188916858387422e-01
-2.914062397874433996e-01 9.448791377004617242e-02
7.404127087014555908e-02 -3.573835451236084815e-02
9.626944328443032273e-02 1.620693053827905183e-01
-4.960538712216220336e-01 1.320417279281533851e-01
-3.034755186216150369e-01 1.274890979725112894e-01
-3.703111267726461042e-01 1.194884449797216641e-01
-4.907327218573603878e-01 1.268079745891427246e-01
-1.449865647802537350e-01 1.313191294949894727e-01
-3.336272542998689472e-01 1.158074693136169619e-01
-1.959245694061688692e-01 1.304350890452974365e-01
-2.190352566372575360e-01 9.695360207357539561e-02
-2.684625571648865394e-01 1.069135242720149481e-01
6.813670313750097574e-02 -3.520039281184973445e-01
2.688115326186891751e-01 9.574824145589999613e-02
-2.570164331779566380e-01 1.042557115472891871e-01
-2.560353206201593235e-01 1.023383129403637737e-01
4.576071857850946278e-01 9.207026016800901047e-02
1.002558649198045382e-01 1.081167852269027119e-01
8.314800979602743336e-02 2.520600635606228268e-01
9.803330526644127296e-02 -1.062863093871269093e-01
8.605294779122518722e-02 -2.796977443278314546e-02
4.024904714327248723e-01 9.760251199474212491e-02
-1.682438038870041064e-01 1.286552712630637529e-01
4.246804156590161528e-01 1.196323506817754678e-01
2.824095898123430981e-01 1.196155542066773547e-01
7.569454783213691584e-02 -4.441737745431468820e-01
8.485561098911975630e-02 -4.188148504040606346e-01
4.648438708898887661e-01 8.967774843808107299e-02
-4.540692794875512694e-01 9.964880534893383324e-02
7.133697088311652390e-02 3.655071058304226739e-02
7.424587314954134154e-02 -1.622827854485446863e-01
4.709191574648260437e-01 1.175805519850203762e-01
1.871716067666542305e-01 1.047003050262055313e-01
9.194456084981261768e-02 -4.757964785646059402e-01
3.217281989621751936e-01 1.004128782293097766e-01
2.352750134047852937e-01 1.037448320860880902e-01
4.773998187208390309e-01 9.628016903974623286e-02
-4.448721519827507631e-01 1.077201427884750817e-01
8.198908019333517316e-02 -3.483893904139130360e-01
7.062577266501501860e-02 -1.309877696748626974e-01
-2.966983375013043656e-02 1.106916206708509209e-01
8.178932949617678805e-02 -2.545307588021148426e-01
8.086352613047775861e-02 -2.112680738280858783e-03
6.325221290808247243e-02 -3.442856692431701671e-01
8.802260601901490400e-02 -2.478456984184054246e-01
7.894765844223994300e-02 -2.136389674223299062e-01
7.472178689652841932e-02 5.243663607021131767e-02
7.849646100385232472e-02 2.256744219340168778e-01
-3.076003986541009372e-01 1.219065362043872947e-01
2.624430695903924304e-01 1.326048160992231439e-01
9.735328019889877282e-02 -4.338298432539586802e-01
2.267521439848866338e-01 1.224807071192808294e-01
-3.513356164340952770e-01 1.226598914646778171e-01
9.402660601076429092e-02 4.501143237996217961e-01
4.848279690117884844e-01 1.237716981036238728e-01
4.394059142818335095e-01 1.035245943623130938e-01
-3.488970616001849656e-01 1.204833213590498220e-01
7.242745310235554346e-02 -5.180778117705608921e-02
-1.968094703454936756e-01 1.097185900006517612e-01
1.088984444350310499e-01 1.063886440903309971e-01
9.111540715624633080e-02 -4.039002382569747418e-01
-4.360408269055103814e-01 1.151134966761673262e-01
7.647956964468871632e-02 2.142499717733556963e-01
3.356513985918829768e-01 1.276566795093794227e-01
-8.109682049420074978e-02 8.821211210036383754e-02
6.378220920634292135e-02 4.854929519599759935e-01
3.411369085128993506e-01 1.140132437466990778e-01
3.040266860587315101e-01 1.309942596887910815e-01
-4.264526755237433298e-01 9.335763798349017151e-02
4.969584079655383624e-01 8.916237807154658856e-02
3.768670895634466111e-01 1.049753879799679712e-01
-3.074402501079700478e-01 1.008960387976536310e-01
7.143056227377486689e-02 1.612751653065063184e-01
6.141621858958978830e-02 1.283063411085374472e-01
7.917931926648769103e-02 3.751478119984289483e-01
2.023945397199158336e-01 1.248440723099719651e-01
2.580611427516483758e-01 1.235312583794910823e-01
-1.125688233601854771e-01 9.566841490965316552e-02
8.117486306550836250e-02 -2.067218518470362865e-01
9.871312427317724403e-02 4.467854246194487011e-01
9.451915549772771374e-02 3.949338532195708629e-01
7.274722001266054061e-02 -7.515092773321718767e-02
6.902824581120159397e-02 4.374245005617360960e-02
6.736401901667377068e-02 -3.196720346148399505e-01
8.001782437934845671e-02 -4.472117589658763936e-02
7.719234649473882826e-02 -2.726697271920492938e-01
4.150315960007021632e-01 9.465117676975420835e-02
8.094345773599975757e-02 -2.404438576618425083e-01
3.668229265081482948e-01 1.106481036227972004e-01
7.126173524646106650e-02 -4.164080465735481296e-01
3.598117443436653629e-01 1.326475294936934057e-01
-3.431122085635689434e-01 9.357687758879151829e-02
-1.001408045534062374e-01 1.287908878197429052e-01
8.183123106897571830e-02 3.573921114668155985e-01
3.394848426646387418e-01 1.142532703902745528e-01
7.839492744207388064e-02 -4.271874908724204722e-01
8.914125223600732895e-02 -2.505138694506151564e-01
3.491330197720852180e-01 9.643075113197263626e-02
8.758162436581351518e-02 4.306251373881202493e-01
2.827879095688912159e-02 1.156521638681956565e-01
4.196531528419035206e-01 9.909502328366581736e-02
1.896380910169885858e-01 1.056917739140029733e-01
-4.524101293606086482e-02 1.013568070427290913e-01
-3.444896479374701670e-01 1.189794461815966153e-01
9.569155995414047045e-02 3.411680582428178177e-02
2.056775782446054190e-01 1.038753301851109700e-01
8.957523410433831934e-02 8.182009556133851280e-02
-1.913689319801318289e-01 1.275477964496840588e-01
3.553367481714058140e-01 1.249083913705204552e-01
2.978831702592894537e-01 1.157297193085643494e-01
3.813400510712330327e-01 9.671309045083364975e-02
9.639710740685702994e-02 -1.857448317503525015e-01
6.229967644659706316e-02 7.034403947816536551e-02
1.346882465399807938e-01 9.103714651641026112e-02
4.475399455677216976e-01 1.042943410673723426e-01
1.456665262540252082e-01 9.561066817723340439e-02
-1.927431378912162208e-01 9.607879074919956075e-02
-1.041894040076855044e-01 1.025669437474557855e-01
9.114720635295503470e-02 1.571783790923674262e-01
8.917751338066848277e-02 2.797680606289935090e-01
4.021435354168312326e-02 9.261346590212193863e-02
3.758730605732248931e-01 1.162124932577055514e-01
-1.084508728581579096e-02 1.164048505438525227e-01
8.704988846179562145e-02 -4.995771584668668996e-01
2.915269491069563124e-01 1.060551169882562039e-01
-1.856694520251713776e-01 8.932312126351205084e-02
9.421750045961663211e-02 1.447909683578658679e-01
2.092959833794488800e-01 1.131085939127540740e-01
2.664019375044471838e-01 1.292591033374367315e-01
-4.722173907830361506e-01 1.032552725717201803e-01
2.496017996742071476e-01 1.160497512504659046e-01
8.527634030252573272e-02 4.951450459002848525e-01
9.819444995266135567e-02 -2.716824543718741047e-01
8.216819723030344136e-02 -1.897815681331588289e-01
-2.588024044570113036e-01 1.033458647962345323e-01
1.207281602735940096e-01 1.058789735441171276e-01
6.869518099209415141e-02 -2.574652343154637535e-02
1.652480303836094677e-01 1.022990378869623740e-01
-2.176305203040718173e-01 1.100993186677123870e-01
-1.691857636741974646e-01 1.196756883848316688e-01
-4.935638902885312040e-01 1.178542010980293542e-01
2.588814536452942461e-01 1.246267430927057163e-01
-1.637154998111646220e-01 1.220873052559664496e-01
3.493105870930104384e-01 1.119154646565376776e-01
7.473711511743652558e-02 -6.480407751211336720e-02
8.203272286118545864e-02 -1.505266495644699276e-01
6.581211207890336201e-02 1.813529654438480465e-01
2.105894605898849248e-01 8.913218933837496749e-02
4.696828075469479113e-01 1.084190352025874438e-01
-4.224733578368071729e-01 1.250492607697591962e-01
9.911030510236995550e-02 1.205630020812742398e-02
3.674871807583528494e-01 9.310404849209497069e-02
-1.183620128023992191e-01 9.292884643923748911e-02
-4.056336082552751687e-01 1.314510798437295014e-01
1.002761456682403907e-01 -5.562817134688713416e-02
3.427767562989356698e-01 1.047872046479019215e-01
6.888796250925044440e-02 4.677729667733135921e-01
9.876459932951431320e-02 7.753022459503855490e-02
1.284317369481462467e-01 1.015967931218498821e-01
4.681444298979385854e-01 9.135823193664627251e-02
2.945104284105478643e-01 9.765548910978061325e-02
1.755123386360412097e-01 9.204212225169028372e-02
7.584326839169963641e-02 -2.007264449478474155e-02
8.552256782181089090e-02 3.433167176654160491e-01
8.124527960412408767e-02 4.739305541468376015e-01
-7.763124658359188413e-02 8.962424500752175227e-02
6.327566000132545110e-02 -2.823821509546243780e-01
9.333613672204577050e-02 -2.936198899497107773e-01
