3.957239629650578516e-01 -4.040799779394133040e-02
-1.066540781895541912e-01 -6.038370533726500344e-02
3.984336947245914473e-02 3.754760830765321300e-01
6.839479503082968037e-02 -3.275950492295284233e-01
6.459982758110516254e-02 -7.112654903256809824e-02
5.696742854082659235e-02 2.392478869090542970e-01
-3.328661125925550524e-01 -3.848765398311859709e-02
6.702813875957103207e-02 -4.842552402055255723e-01
-5.186903636492257164e-02 -3.513750005373084129e-02
4.263254342438842492e-01 -4.482935117348385567e-02
4.871914983798408816e-02 -3.140972818187122151e-01
5.916910362754934649e-02 -2.512860838043183831e-01
5.339715944095302369e-02 -3.874834146487530218e-01
4.822348372558660223e-02 6.062109729754672216e-02
2.794407096278037628e-01 -5.675555552336553067e-02
6.347993609005397886e-02 2.116778570195178011e-01
6.857830637675743635e-02 2.921068893527181132e-01
-1.157128779590032019e-01 -5.746377010425207654e-02
5.871891362889014587e-02 -6.422795248814960889e-02
6.917010425368497195e-02 -2.008495676679795672e-01
4.930037950769461386e-02 2.555622534636026177e-02
6.040746950387054781e-02 2.940236427618048154e-01
6.338997979487748236e-02 1.705537313806788635e-01
5.333233501889700356e-02 -1.497333417149627754e-01
3.679014125617507958e-02 -3.312138108640667600e-01
4.206886914767793417e-02 2.854311220697436369e-01
3.897776182568302161e-02 -2.747411490648169474e-01
-1.962572128665301952e-01 -4.256751067477837491e-02
3.997639870709381871e-01 -6.006192070220373047e-02
-4.107824515484309602e-01 -5.847984135424633134e-02
3.691776465996665646e-02 -1.140532806084332273e-01
5.758792950485935869e-02 1.782777125747736502e-02
-4.671652767625933400e-03 -5.814254522236561584e-02
1.540827219404349302e-01 -5.775385895027618233e-02
-3.815883785888207758e-01 -3.745397390744054089e-02
-2.680882530937070962e-01 -3.626717136893187199e-02
3.861342543580936759e-02 -2.516167490317147148e-01
4.697686223090047353e-02 -2.320622981595412693e-01
1.499447591334686081e-01 -6.078996386301838140e-02
6.283392863552361707e-02 -1.653087225877775124e-01
-1.089993048093361727e-01 -3.753197428205001795e-02
4.124225310896589836e-02 -3.736283938243583069e-01
3.742386060434954587e-02 1.242234687242720348e-01
5.730780988603823012e-02 -4.205232309400095403e-01
6.103633900618243846e-02 2.909692846360386609e-01
6.021094283834327321e-02 1.230925877402027080e-01
6.609110955266439547e-02 1.854586091707838280e-01
6.635645782394161696e-02 4.754854721870982459e-01
-1.265465762572823838e-01 -3.449674832605009733e-02
6.258881770734514571e-02 2.282918137938814152e-01
4.002641714521948391e-02 -3.777642447157303351e-01
6.571442063256671684e-02 1.451658153173714938e-01
6.192562513799193535e-02 -2.614401880087198204e-01
4.681383703990604772e-02 -2.268626004911777905e-02
3.185893783514017752e-01 -5.042536131680031009e-02
5.266909110612438827e-02 -1.771279647481360797e-03
-2.747562450353744357e-01 -5.821810839381913460e-02
4.943322153878570990e-02 5.838701532142398509e-02
6.614789194353642987e-02 4.908427550250862303e-01
4.667857978212086589e-02 -3.549909828589401517e-01
3.994934255361926034e-02 -2.655715160956237941e-01
4.590908346468292045e-02 -2.957030361906942684e-02
6.812806357232814580e-02 4.311020282209898635e-01
-7.477677502604851423e-02 -5.286413455561977948e-02
4.869174265894982145e-02 -1.298463469083610544e-02
5.968217371883899336e-02 -3.220317575353170980e-01
-4.848752223883824319e-01 -6.001057497494655113e-02
5.652892222212746454e-02 3.116945993240836099e-01
8.693943650650171051e-02 -4.093768625632721037e-02
4.446667050320320946e-01 -4.327107152542142288e-02
-3.875553226358202652e-01 -3.697193828532674420e-02
5.784364045104695151e-02 -5.926351866893186937e-02
4.940290291614801710e-02 2.491742342927414366e-01
3.975810800621859542e-02 3.103796936403405704e-01
6.109419050431874609e-02 2.435829301554799375e-01
9.258868357754801437e-02 -5.046186614717151908e-02
1.791115109916598946e-01 -3.798394559907225521e-02
6.448010087744948660e-02 4.580214070905251900e-01
5.486031204274366413e-02 1.965586540937073190e-01
2.745794657916800219e-01 -6.318064897794850587e-02
-4.533426021646319581e-01 -5.001300514396345154e-02
5.794203633906891415e-02 1.049262461962351400e-01
-2.191973041928388932e-01 -5.429554293746730043e-02
-2.367020833229835919e-01 -6.149632705546159706e-02
-1.674181016493290208e-01 -5.453050769359113481e-02
8.077272967007720350e-02 -5.388051343159450113e-02
6.098787354229284752e-02 -3.785484326904048347e-01
3.327033489387566378e-01 -3.774710757341726008e-02
6.218719592051602518e-02 -7.001583716390202827e-02
4.264178631745119130e-02 2.322927079878301937e-01
6.315761109349593561e-02 2.121656532270953521e-01
4.268642623550222837e-02 -2.474009005585722232e-01
6.854920721912949322e-02 4.590847177302825877e-02
5.506332536883418172e-02 3.276434757772375139e-01
3.196629004840197963e-01 -4.544815931036116918e-02
6.892206952484236648e-02 -3.589702155249899773e-01
2.651496187884031519e-01 -4.386795318934744170e-02
6.741999324638459079e-02 2.394426297887375377e-01
4.617784279098025024e-02 5.361145787973664589e-02
4.884510898165597137e-01 -4.119850724158991007e-02
6.283869939396846682e-02 -3.181497591801951685e-01
4.596648464795860534e-02 4.209074615953345422e-02
-4.711409718159984550e-01 -6.298171715798328574e-02
4.890844549966311128e-02 4.857381823804759469e-01
3.390602736740425671e-01 -6.147155023652839390e-02
-3.162846150539587731e-01 -3.187577436052946300e-02
6.456725929131645891e-02 -3.139908118125912528e-01
2.607898809684205954e-02 -3.958808828851978490e-02
5.139868399985947356e-02 3.734447098614108729e-01
-1.181434969167414195e-01 -4.707750451552394910e-02
5.869656339122208966e-02 1.715017180614467618e-01
1.005883725884225699e-01 -5.356380432188523333e-02
6.524182539359812960e-02 2.336564850466120724e-01
4.280085136934141943e-02 2.506295572602335042e-01
-1.676510895800545908e-01 -6.110643193015719010e-02
-3.568774673410406439e-01 -4.045256188297674527e-02
6.478830983054228998e-02 1.227008310018609105e-01
4.228458150142379024e-01 -4.347364969029066106e-02
2.700087560778423601e-01 -4.019080642301398054e-02
3.709752613949568456e-02 3.662022342664219554e-01
5.249711892129538260e-02 9.320243726657295724e-02
-3.691622747919923730e-01 -5.982681916230669916e-02
-3.257727368888041486e-02 -5.992667593071976384e-02
6.094865493771384202e-02 -8.440463443182322223e-02
-7.538825601951293365e-02 -4.606842852494563711e-02
2.026943038333617331e-03 -5.537943316566384944e-02
4.098917275185687270e-02 -4.258648586250277646e-01
-1.898559534118802183e-01 -4.651834447898905989e-02
3.716293305602902386e-02 -1.637533536754753882e-01
-1.234564632447440191e-01 -5.979215268185655852e-02
-3.776355631878054453e-01 -5.816892135415108189e-02
4.023599787383951298e-01 -3.715890125598242388e-02
-1.584765348023414733e-01 -6.243798156717883518e-02
3.272273723446380567e-01 -3.623197912495168538e-02
-6.994585917102780215e-03 -4.748610305251377284e-02
6.565762236870065216e-02 -4.651873982334739921e-01
3.726402096083103466e-02 -3.284507480263150203e-01
-3.345315177186937161e-01 -4.187044631534675432e-02
-3.238474037581284826e-01 -4.548888929435868089e-02
2.947966987516059678e-01 -6.279646523276105619e-02
4.588516165014744352e-02 -6.873801331588702546e-02
-3.394230171979781829e-01 -6.082107848469220368e-02
6.135578246672945824e-02 4.660531843979671685e-01
5.395698240568447268e-02 -4.564152048484393376e-02
-2.035992559267313373e-01 -3.371196805325760160e-02
6.537436268253082883e-02 6.462779596333689813e-02
-1.009938575145187256e-01 -4.079785510757649725e-02
-3.471748001841175046e-01 -5.244610337554955759e-02
-2.350836252326996556e-01 -3.598953093945933546e-02
3.587320710709418492e-01 -5.626847604823326243e-02
6.081832544280085795e-02 -4.138601164656516840e-01
-3.384121108280424561e-01 -4.505853604615617236e-02
-2.974408851181222779e-01 -3.663463897553198567e-02
-3.058488656557077912e-01 -5.393350883820668962e-02
4.586053408714718671e-02 3.835526297408454743e-01
1.190786313442078193e-01 -3.763675345612915724e-02
4.973611170828262651e-02 3.644202462074921378e-01
-2.750854129683020233e-01 -6.138549437795570718e-02
5.368979937335915942e-02 2.253767103637264180e-01
-3.723885696850448568e-03 -3.734339247208562362e-02
-4.846636052547337314e-02 -3.647958388504013438e-02
5.778920283195687624e-02 -3.396001414341290880e-01
5.741593863481675442e-02 -1.444494531300077877e-02
-4.182724271179648623e-01 -5.810053887196120481e-02
-3.117606017676510799e-02 -4.413906485328589202e-02
4.124430495573638833e-02 -3.146768701510687105e-01
-6.666226608021297295e-02 -4.771685726437235875e-02
6.557985189396320358e-02 -2.984579689919497625e-02
-1.978902836320985958e-01 -4.556204162997390394e-02
3.900398152759121384e-02 3.512727177137531243e-02
4.418301835568991809e-01 -4.081938848845967360e-02
-1.928084148837085898e-01 -3.681762732980375930e-02
3.418100572719134922e-01 -4.932177828054651325e-02
5.986797505084773263e-02 -2.364936539778106361e-01
-1.594090295490052656e-01 -3.254752838265462245e-02
3.878946777018130732e-01 -5.754604689097209125e-02
-2.176462896203922304e-01 -6.406775857839341892e-02
-7.840224192735123498e-02 -3.384600655252201218e-02
-3.780873546350386194e-01 -3.433247400732242216e-02
5.342029658405411663e-02 -2.788287150904183997e-01
1.597716643948660087e-01 -4.619235928736697971e-02
2.395209125502922864e-01 -5.791726974654876070e-02
5.062257113071788606e-02 -1.630298862609408372e-01
-4.024359397896013490e-01 -4.942957831749295039e-02
4.711836209383202245e-02 -3.752793561300478142e-01
-3.705321141719415401e-01 -5.506905715484633479e-02
4.796827720953467100e-02 2.113333797283128979e-01
4.535163280518161866e-02 -4.066662134798991746e-01
-1.358937999258171825e-01 -4.206371027250843664e-02
4.530162649763791460e-02 1.755439836983536672e-01
4.490576547050373346e-02 -1.848807672102268373e-01
6.304856091262522888e-02 -1.010605937324732251e-01
4.934345745657198190e-02 -4.933969622094724894e-01
-3.513725535464918837e-01 -5.552506369487408833e-02
-4.727986101261977270e-01 -5.719053301652199384e-02
-3.749334652341888008e-01 -5.085101559043747610e-02
6.264595227371183572e-02 -5.266777281760959273e-02
6.875687663569596264e-02 1.628330919943294930e-01
5.980086386531358045e-02 4.419820773731766295e-01
4.135863583621290918e-02 4.682553636937553110e-01
4.287495108290650947e-02 4.892951651869483776e-01
2.911825344712699604e-01 -4.266553429065234049e-02
5.857710788233505550e-02 -4.909519861735284207e-01
5.277765604858208892e-02 2.729218601616354434e-01
-2.574403282907333779e-02 -3.984047066961926564e-02
5.810304989607584236e-02 -3.863718899087722480e-01
4.259244294155106747e-02 2.702271855118817401e-01
3.697056726479281963e-01 -4.593709353325192701e-02
6.766482993399314250e-02 5.607644830122671120e-02
4.002879262066127986e-02 3.443084270038665462e-02
3.899057907606229278e-02 -4.103967384995572676e-01
5.781821959041566483e-02 -3.500597454083997917e-02
4.317451774367420114e-02 -7.737401646886521434e-03
5.284924154601489121e-02 -3.139333009912794736e-01
-2.700106607194456831e-01 -5.824081844131490104e-02
-1.957563194058359324e-01 -4.901575785172407329e-02
5.481551115606131397e-02 -3.624429267872539828e-01
3.712340732774205287e-01 -6.292717202299613621e-02
2.763395455193132788e-01 -5.331516274129288746e-02
6.012786899947475394e-02 -2.178231471721706614e-01
5.996503418270604513e-02 4.437237011860239999e-02
3.897176612133745888e-01 -3.362140175797923014e-02
4.155011944133069068e-02 -1.984661058197254579e-01
5.714542108781162089e-02 -1.103868776946401731e-01
6.541378626778793226e-02 4.511088657735613516e-01
4.542560017978374276e-01 -4.219576401052660408e-02
-5.938122963535363841e-02 -4.067914994337662460e-02
9.712322152451435819e-03 -6.326110411499863417e-02
6.321792327355013619e-02 -1.411125622940345714e-01
5.566969429786805534e-02 -1.373596087072650462e-01
-4.326335501776351622e-01 -4.163370162650081863e-02
6.083439912557864204e-02 4.504022834724396018e-01
3.813485812401318231e-02 3.037234660657321950e-01
6.878696317645671687e-02 2.768928671674342201e-02
4.008111993197605027e-02 1.474399220168678415e-01
3.105881376254162607e-01 -3.683591953778564410e-02
4.925061183305132761e-01 -3.513362194163172081e-02
4.605524063815580327e-02 -4.164004249389069434e-01
3.352430438799056667e-01 -6.042169081564741084e-02
6.390985907399027166e-02 -2.177754449035614881e-01
5.981465359322868380e-02 3.938851068233912844e-01
3.578354256174087755e-02 1.188460525871612994e-01
4.303412361496083971e-02 -2.796613630559374730e-02
3.898376826769467396e-02 3.668751108386589799e-01
1.008207289107170279e-01 -4.455161392804751763e-02
-9.618853938193339115e-02 -5.486126580645001027e-02
2.546143149968526087e-01 -4.951700637514733216e-02
5.832342404705659344e-02 1.307680343549801893e-01
-2.878409403619257567e-01 -4.383292842765285080e-02
4.393659008617412098e-02 -8.012548420218212897e-02
5.706280336154878619e-02 -3.453883332951189766e-01
3.737842940233604416e-02 -1.840093189795580786e-01
-3.297497560922115767e-01 -6.268581462441924490e-02
5.950551129370962311e-02 -1.889859011062183791e-01
6.199356358767316166e-02 -8.757039469545102595e-02
5.326686592849627644e-02 2.753750767657922038e-01
-4.845316700334940663e-01 -4.201339697791484085e-02
6.356548409547968514e-02 4.168531564427921943e-01
6.500736673548268563e-02 -4.804713122138838388e-01
9.191341319233381491e-03 -3.809630684334541773e-02
5.016636895261161744e-02 -9.320014780372509744e-02
5.938282459103627620e-02 -4.935761991193610143e-02
-2.626404168578908571e-01 -5.133945331939460122e-02
-2.728052021144888872e-01 -4.218780309123315586e-02
1.345124115811773269e-01 -5.194070997131872147e-02
6.398587273038314205e-02 -4.707572693505948092e-01
-4.381344597222247561e-01 -4.625934552664301425e-02
-3.261943227035154491e-01 -3.727187739757842344e-02
3.775484196312445251e-01 -3.811976294954699807e-02
-4.341178427986641664e-01 -5.878157616931223295e-02
-3.552225107259855408e-01 -3.472397174148866839e-02
5.487061042154051105e-02 4.934265068535707011e-01
5.532172450011307863e-02 -5.033217241621779081e-02
4.087246526632815069e-01 -3.423913928676969309e-02
-2.150389810475696883e-01 -4.389139163192201654e-02
3.610977225282541170e-02 -5.334597161851151181e-02
5.568855416881657305e-02 4.475154945019569341e-01
5.682237647119059432e-02 -2.321758550212746908e-01
4.778602087012656652e-01 -3.330873605044737396e-02
-1.281509316671317622e-01 -5.978831808171858331e-02
4.151120583574863243e-02 3.439143809684989117e-01
2.193982782776627838e-01 -4.752003062535337108e-02
4.959911014488149750e-02 -3.886877665248444913e-02
6.788942118252194735e-02 -1.738183123063093971e-01
-2.103262557801475197e-01 -5.538996152784325666e-02
4.052344410674968422e-02 -3.476143175818082742e-01
2.575667964245653696e-02 -4.096082469943440607e-02
4.803663024554472027e-02 2.372876349360714121e-01
6.420216981852644444e-02 3.906756215343353267e-01
-4.967295962328724945e-01 -5.545486193299387079e-02
2.038057675968312221e-01 -3.571705683599413206e-02
4.397643907342774217e-02 -4.433656831549600552e-01
4.102918753400874863e-02 -2.114175363857436762e-01
-2.017709333240637060e-01 -3.997806769314127262e-02
-4.221650628829560770e-01 -4.694058239235243679e-02
5.287275718357442589e-02 7.233739217917878328e-02
-2.966785691679882930e-01 -4.602419121395306956e-02
4.712387444407006853e-02 -4.534492465123229898e-01
3.883052621232885304e-02 3.372039198132711357e-01
-1.735611934968578352e-01 -3.969207564416976641e-02
1.190894641512074692e-02 -4.962527048086540216e-02
3.294806600199199353e-01 -4.864877905832565297e-02
4.917100672896923541e-02 3.860007292669488388e-01
-9.154880225547945560e-02 -5.913764532552134856e-02
4.084871822075797354e-02 -4.053367236525542427e-01
-3.280433763020419446e-01 -5.122924047974919404e-02
2.458477069958608929e-03 -5.164240455519475415e-02
6.251269076553733761e-02 5.002456196041438208e-02
-3.879062410960814056e-01 -4.296874861486665864e-02
3.343942513807263150e-01 -4.477412440652572823e-02
-2.368860164716087846e-01 -4.754963117785604432e-02
4.383986504900605485e-02 9.397112019303732744e-02
3.958661050577654272e-01 -3.902405684325616075e-02
-1.602416083959435911e-01 -3.970761576658898839e-02
5.017744692546399765e-02 2.627525297538459981e-01
3.702107836727408507e-02 2.522690506571788616e-01
1.339380093325598375e-01 -4.883333522678889871e-02
-1.680099139241870709e-01 -4.312079994728867938e-02
3.711198587094288737e-02 -3.713641710851627309e-01
-6.517182085163464311e-02 -5.315383305762499955e-02
4.554256576144832813e-02 4.841906524518758692e-01
-6.750947074652757784e-02 -6.104928296211775685e-02
4.951970112014270065e-02 -2.122005668853500504e-01
8.416590090707232186e-02 -5.705467002646047447e-02
4.826249494738676926e-02 2.228161869211052748e-01
3.881537734281640395e-01 -5.750682829104947213e-02
4.828075255744644911e-01 -4.595708425300082389e-02
5.920116480381110158e-02 -1.636674644722334593e-01
-4.913226831403760819e-02 -5.450194970914612469e-02
-5.542601883976305821e-02 -3.768595110487560351e-02
