4.189588262702265142e-01 2.550611003047567049e-01
9.674459576307781195e-02 -3.514956608532334714e-01
1.286956736458760853e-01 2.679120994786623466e-01
1.648408614074942102e-01 2.200287573663666230e-01
1.749974409111412221e-01 2.294442374468321777e-01
-3.421854489043471004e-01 2.862703319729952289e-01
8.993077777740476897e-02 -2.830230193053888677e-01
-1.150889554246958824e-02 2.387963568381560320e-01
-1.208038691255367558e-01 2.252541659032509802e-01
-4.989542353329197155e-01 2.105430967981166690e-01
1.295293925189635598e-01 -4.396474017694363967e-01
1.078377752656377586e-01 -4.068081389387923075e-01
2.493717558607597695e-01 2.298233980247327279e-01
1.204842121805029809e-01 2.448580071998356367e-01
-3.853514319625992446e-01 2.229124977387719753e-01
1.283278238014753381e-01 -3.430215248591208521e-01
9.022790157270976774e-02 -2.970221346652291983e-01
-3.845403831530660455e-01 2.666138925325923781e-01
-4.722732491844315872e-01 2.676796607737056410e-01
9.256603780074235122e-02 -6.150461013414709743e-02
1.201118013840106746e-01 -1.915438295843610028e-01
2.561880212902356568e-02 2.540810353388608389e-01
1.032610073964311814e-01 -5.392077274536022369e-02
1.229211112566450659e-01 -2.477664589012242846e-01
3.468169413758843689e-01 2.640189815152087505e-01
2.720467422060208751e-01 2.193719762464299006e-01
-4.379048153273992217e-01 2.297427222028132210e-01
-3.991202004433405115e-01 2.531732258786519862e-01
7.178019891420006626e-02 2.247682503584432778e-01
3.908272419050037305e-01 2.463281045744235564e-01
2.278796328849234110e-01 2.370915977694206811e-01
9.619882884994157557e-02 1.476916363345570637e-01
5.847295940595398367e-02 2.895129766472045452e-01
9.608720381137647593e-02 3.443274289609293826e-01
4.757612114179262663e-01 2.154024363505882000e-01
-7.632079458947649275e-02 2.472959712382234443e-01
2.222442575980757562e-01 2.317617534340152829e-01
-1.452742193973104445e-01 2.697795666446852758e-01
1.013627574470727932e-01 -3.566547860042281748e-01
2.412072252893983082e-01 2.261203902923625275e-01
-1.844691100281895535e-01 2.631845657529902072e-01
-9.801187397900668063e-02 2.803364722290173638e-01
-4.500047701653375753e-01 2.191210776565661877e-01
3.443097198298350481e-02 2.824022284600548049e-01
5.348514009267901770e-02 2.162338657712458145e-01
1.030717118488828632e-01 6.879638506681495791e-03
-3.446872104685693161e-01 2.595627449743653781e-01
1.163960189773097786e-01 -3.847591493760508241e-01
9.861457892948566339e-02 -2.926590999865273934e-01
-4.622020522452614522e-01 2.240027634348420449e-01
3.824622483148398810e-02 2.622612702694963049e-01
1.215100724954533140e-01 4.280686178479505832e-01
2.811113883409904757e-01 2.342250357803913330e-01
1.097451504355545504e-01 4.359507605903731875e-01
-3.112770054986252477e-01 2.449298450150962925e-01
-4.058131897464286597e-01 2.570069590899187739e-01
4.626313383031673832e-01 2.561717119614796978e-01
9.254925495425780912e-02 3.864972511054960425e-01
-3.938088487475017718e-01 2.504821659426587077e-01
2.726009103193881566e-01 2.331735177989721075e-01
-3.125099096597078185e-01 2.360951610317112426e-01
1.837374794792291377e-01 2.671695189968203987e-01
4.072606222412555876e-01 2.909158504195825667e-01
-3.372941182830621054e-01 2.414705945618358385e-01
2.259996035060785058e-02 2.474700104773305265e-01
4.815252543252135364e-02 2.197233983512730804e-01
-2.949941917103428013e-01 2.878850105467316567e-01
1.086072236906758803e-01 -2.134812952613006631e-01
1.034048858800113990e-01 3.007870665135004007e-02
-3.698513125665714441e-02 2.500404939685522132e-01
4.415884853834103341e-01 2.868954302115969135e-01
9.642465854914394896e-02 4.296546646248570189e-01
2.398322190859183412e-01 2.617720231029037059e-01
1.093809031526156161e-01 -4.029800618989034522e-01
-1.727959550676924083e-01 2.552924220694249291e-01
4.009180060010553159e-01 2.898867168577073938e-01
3.026411780510374072e-02 2.867586662504567618e-01
1.068522175808136465e-01 -8.955481926479003096e-02
-3.441399562310180071e-01 2.473835863948099512e-01
2.279483460056321853e-01 2.341983026003173762e-01
5.621743939389078903e-02 2.170686133663849438e-01
4.713617137559809045e-01 2.784472220387423924e-01
1.532027600535882383e-01 2.819663487177103134e-01
2.896832312754241689e-01 2.445799993140252981e-01
1.154665571651111167e-01 1.625907906812888992e-01
1.008113890492977616e-01 1.064497007056941502e-01
1.760345159159061312e-01 2.303098768687724673e-01
1.070590729088782833e-01 2.377133253242643685e-01
-4.928547253917302529e-01 2.875726130234314004e-01
-3.871357476400631992e-01 2.897372445962437260e-01
-3.672410473423892707e-01 2.369142701820197150e-01
5.783337793256992931e-02 2.669779070963670398e-01
1.224498453236583240e-01 4.970504979043532945e-01
1.016102683574414689e-01 3.153513268157327465e-01
1.184779109973118638e-01 -4.869415992537218241e-01
-6.436684291812400094e-02 2.355705717895548723e-01
3.621280819667338502e-01 2.146785444347645289e-01
1.135714754058591014e-01 -4.025162703310281032e-01
1.801816677754196627e-01 2.390827769255662316e-01
1.270475619762694297e-01 -1.416069216546957943e-01
-8.889911113694082268e-02 2.792160377377835845e-01
-9.645129381141981373e-02 2.217990676317094234e-01
-4.972021030639656169e-01 2.858183081329428443e-01
3.091727640473773686e-02 2.546932622209724384e-01
9.477120598367894111e-02 2.433973199481499483e-01
-1.215224389179401232e-01 2.736339577737695317e-01
1.251266865031598341e-01 -1.519987120238347478e-01
9.797892998670809650e-02 -2.815265153182833213e-01
-3.055304780508485418e-01 2.754594721715452055e-01
-1.995883551133073031e-01 2.884304407591548047e-01
8.956265924236661569e-02 3.310255653263225462e-01
-2.559365463815548303e-01 2.347507941769038098e-01
1.197738117340326758e-01 1.333758803992799447e-01
-3.360927867882069764e-01 2.316839919477192700e-01
1.050345735394514479e-01 -3.904970633213232789e-01
-4.746633086878594421e-01 2.372801993649452656e-01
9.824174641123162299e-02 -2.349836988455158426e-01
1.096786920214474215e-01 3.063511888771742742e-01
-3.561462326001524348e-01 2.572776363908663155e-01
1.555165073432682732e-01 2.384716836710620846e-01
-1.349377324582725635e-01 2.398105456183591278e-01
1.265818640371977333e-01 9.106252376556456252e-02
1.267000749182080055e-01 -1.975648987734561768e-01
8.772024858067428710e-02 -2.855492287594194600e-01
-6.926554249054950319e-02 2.688281862886523488e-01
1.268657158667821916e-01 3.987122065344357313e-01
-1.063662778510544582e-01 2.655873354708924161e-01
-1.492297971263273348e-01 2.201802382287888493e-01
1.255725012408417385e-01 4.294767173077215228e-01
1.032496799427740086e-01 4.921623357410386257e-01
8.921854791336414348e-02 1.980013975433745355e-01
1.251498726766961944e-01 -4.592863205994213160e-01
1.168975580765635458e-01 2.513104049089889269e-01
-1.782132300418852733e-01 2.659620474178889804e-01
-7.459766614662033390e-02 2.629089873879292272e-01
5.936071573294443571e-02 2.626899747437415611e-01
-3.452687782115538839e-01 2.452807309260135460e-01
1.017084700486103888e-01 4.345681099173493989e-01
1.212671308377933910e-01 -2.067376079033035330e-01
1.312490915783316447e-01 2.752284142253781374e-01
2.092659325609480536e-01 2.578608085156864904e-01
1.010496827630618100e-01 3.777266409121634583e-01
-4.890504428886024435e-01 2.896427809744420712e-01
1.059145612327861974e-01 1.073964261343859361e-01
8.803445810550525330e-02 -4.088343822445180686e-01
-2.919658039126574733e-01 2.903433106771001748e-01
-1.071063336503452756e-02 2.309434007306081504e-01
-4.750985163509149345e-01 2.437774986538600031e-01
9.933841727941572497e-02 3.774706023734880622e-01
4.959068137547933963e-01 2.657237212438564589e-01
3.771934107107177692e-02 2.591059611745089031e-01
8.817606562079005617e-02 -4.432702247448480071e-01
-1.565004843167477899e-01 2.397929701572577565e-01
4.922240261539928552e-01 2.783730362708051187e-01
2.329738169340999088e-01 2.612432479299032773e-01
8.712869241571208345e-02 -1.686632902522871014e-01
1.066644034182442358e-01 -4.570820395867589703e-01
-1.514287503863394058e-01 2.247443577296520667e-01
9.370904091262088897e-02 3.250793355609259416e-01
1.055905392972888990e-01 6.460626302050664904e-02
4.309271330722256321e-01 2.798838453173074781e-01
-5.699811973055957104e-02 2.467757203506796282e-01
3.500690573220672785e-01 2.752862005195226835e-01
1.303084412909861767e-01 3.908575337330613131e-01
-2.744282713160336451e-01 2.354757922197449060e-01
-2.093790687808316786e-02 2.110483807031364734e-01
1.923240234823019312e-01 2.424284625669457238e-01
-3.166302743009467013e-01 2.266886091627481337e-01
-4.516587941592020705e-01 2.844677275437936803e-01
3.620320540640831197e-01 2.137492692006164319e-01
1.281682376086605846e-01 -3.400062410061855944e-01
-6.671134447334159390e-02 2.596375815264450049e-01
4.928349512277300226e-01 2.109652868090635680e-01
1.308409310808227310e-01 -2.790751497089511979e-01
9.668884477956252166e-02 1.960543433011827652e-01
2.539261714402795134e-01 2.403803332183579444e-01
1.232725765503557280e-01 2.673963351046185766e-01
-4.547768707976145297e-01 2.754554306794910756e-01
4.954316522539898848e-01 2.282707999327068249e-01
1.157455826620443773e-01 4.893664318177191053e-01
1.182582154911955286e-01 -6.645808394434560284e-02
-4.876680288422529097e-01 2.117624027045766910e-01
-1.594597133678410383e-02 2.259140879218788367e-01
1.141251576993036476e-01 4.737189337820142399e-01
-2.308321604469305566e-01 2.875533414568949286e-01
1.140243242259715295e-01 3.844368986831885326e-01
-3.226408322288220054e-01 2.435263329035133317e-01
-2.656761627019088579e-01 2.657554570157990570e-01
-1.184402175120031764e-01 2.325039328050165777e-01
-4.744441463030546480e-03 2.640021579517869421e-01
4.943335019344384795e-01 2.495544387564313515e-01
-1.443629336084161219e-01 2.627474439789553307e-01
1.165011357969740757e-01 2.865977402377223315e-01
6.019752203394301837e-02 2.104532292827062667e-01
2.840413724584600619e-01 2.861292934044699088e-01
-2.933669411309107744e-01 2.330831288312759098e-01
2.878592259039089996e-01 2.868791841137170451e-01
1.074426453347651078e-01 -4.733235521483649677e-01
-1.645538978381388961e-02 2.803764578207673663e-01
8.950568921091794916e-02 4.705915487959086985e-01
4.588706566821257882e-01 2.490197980339079464e-01
1.056266617628682791e-01 -3.380590722046654673e-01
-1.547155367030790263e-01 2.865712601871368559e-01
3.321228768846703483e-01 2.247291753035018935e-01
-8.289082616429543915e-02 2.619707490005127593e-01
-3.348711214649231493e-01 2.330276107339810387e-01
-1.921869232438991881e-01 2.425680243378914858e-01
1.090339889397419215e-01 -5.524707645845849946e-02
-4.303542905250776762e-01 2.331016268111386625e-01
3.316798755402968757e-01 2.831156719837679692e-01
-2.950573185779276075e-01 2.620478399021851645e-01
3.112780245134244561e-01 2.767650612078735861e-01
4.725442199524284570e-01 2.179026304856277463e-01
-3.454173627420248360e-01 2.749112681602106090e-01
-4.041295891357787884e-02 2.755560773479468484e-01
1.308029947032086637e-01 -2.874488592113865204e-01
-3.583247808929975742e-01 2.306327107281830324e-01
1.169169272813636029e-01 -1.115135756969268810e-01
9.031345571162618935e-02 4.875330909384451017e-01
1.224285817456622905e-01 7.585907940828584550e-03
9.325860355410686697e-02 -2.398674184300528811e-01
-1.906227831268986206e-01 2.763909890028014571e-01
-4.424164743086089757e-01 2.599264124463012138e-01
-1.213994624183489801e-01 2.716505604989508660e-01
3.174192300172694603e-01 2.577042460352234610e-01
1.003771600845148049e-01 2.664761253967196097e-03
-8.059417970166904421e-02 2.909068058864023865e-01
-4.792613021932534689e-01 2.390278011940620839e-01
1.225263286713590416e-01 9.639227634381120069e-02
8.061043706276505016e-02 2.186842454906817723e-01
1.270527034052859605e-01 -4.751692106610736488e-01
3.419082518625594647e-01 2.331874516533399833e-01
1.089350807518733033e-01 1.163579304136613812e-01
-3.533137012270800570e-01 2.566277892995978416e-01
-3.865579785993290551e-01 2.475404796100207916e-01
4.462004696213219823e-01 2.623299302575983205e-01
-3.324778346101433524e-01 2.809458323538035485e-01
-2.497311221281129923e-01 2.429889549928676562e-01
-1.913187426824221049e-01 2.545033110178970270e-01
3.142094330382519951e-01 2.753532808948376820e-01
4.620672430351292492e-01 2.906084724444202294e-01
1.256636311864717248e-01 4.805417130035869455e-01
4.438410622018368334e-01 2.537679761994237060e-01
-1.181767097918691167e-01 2.542933760210508431e-01
1.043064910377702326e-01 4.273767978142717361e-02
4.628012480683110219e-01 2.590261664593936919e-01
4.466169453699929681e-01 2.587791880240080111e-01
1.095466682560527483e-01 -4.170370337052330401e-01
1.211695727220123420e-01 -4.547025404076152633e-01
1.096655422308183692e-01 -3.791112242219770723e-01
-1.428718696090259810e-01 2.552244919839099513e-01
-3.045232260903275590e-01 2.798421304090620287e-01
-2.574574767541673026e-01 2.629987081284002048e-01
2.015695865844052692e-01 2.221904200437547772e-01
-1.980655958214113666e-01 2.390774427804566171e-01
1.273579480171876943e-01 -6.952464209188713440e-02
-4.553120930047035442e-01 2.257137245618036081e-01
-4.075553543886361041e-01 2.808031353987369139e-01
1.635713653819511615e-01 2.318554224901256955e-01
1.019775985894503245e-01 -2.597464181530917404e-02
-2.956975273725778175e-01 2.599202418205357468e-01
3.627419345064870626e-01 2.184316918343180980e-01
2.687156931306069474e-01 2.359991878853492375e-01
1.012374986380895070e-01 -2.399830170836487753e-01
2.866454948737335862e-01 2.819511753881763783e-01
-3.321477106734627149e-02 2.499186751417414865e-01
1.406233122099853627e-01 2.250539176022454679e-01
2.218033473127686284e-01 2.398212762932017128e-01
1.070908765871496637e-01 -2.157037819420154490e-01
-2.822704069856940556e-02 2.582363883995790754e-01
-2.921894568118869051e-01 2.267346736522306561e-01
-1.759286381273066358e-01 2.468106045165190388e-01
1.297903482334190617e-01 -1.300826002923235469e-01
1.448992382709581861e-01 2.411324912813518351e-01
1.821405085485641173e-01 2.294608694013798855e-01
-9.743152451137548908e-02 2.137040355007472359e-01
1.299271248196863793e-01 1.158325886477573619e-03
9.646325263216615209e-02 -4.013946138843774714e-01
-2.818863794726833572e-02 2.329330207150339671e-01
-1.097923475648686642e-01 2.168479648247149116e-01
1.071621384105443386e-01 -2.797415943697001417e-01
-4.608270261547258162e-01 2.486083813830221034e-01
1.302416887183788230e-01 -3.898991593709096870e-01
4.948289903280814750e-01 2.492959821245059882e-01
-9.091274530779525076e-02 2.578514034572038094e-01
9.454387860155177847e-02 2.901628264469225948e-01
1.272986837140014371e-01 -6.288802320406883251e-02
-3.441163266007629673e-01 2.494111427817790050e-01
-4.354996109708022534e-01 2.200992495906243240e-01
3.252145931030413495e-01 2.455275775344217815e-01
8.828390877422431782e-02 3.662794482810616259e-01
3.539008401465162379e-01 2.347184625614145981e-01
-2.393679473435235128e-01 2.206838958093945147e-01
1.067213717117282412e-01 3.100253493493109191e-01
8.462002343640873114e-02 2.235984629628877673e-01
-3.877413018397796174e-01 2.147428519830729687e-01
2.752335444637044048e-01 2.851656973394182115e-01
-3.953611376685906009e-02 2.278268933524493223e-01
1.061736637847653375e-01 2.784776455307271803e-01
-1.138565666157731471e-01 2.764209036859899271e-01
1.189750963605910039e-01 5.496779072872015615e-02
3.806634212840537268e-01 2.604787693825459938e-01
3.839865193430685997e-01 2.428474060198293483e-01
-4.925488048316352119e-01 2.212515400909940144e-01
-4.578377981583441336e-01 2.702605443190045920e-01
-3.969381628200314704e-01 2.272271023299549109e-01
1.835817735211882074e-01 2.841388784785355837e-01
3.975410275628731283e-01 2.558911603512291633e-01
-3.283233187735656866e-02 2.361075901152681622e-01
1.050045711275211513e-01 -4.036522995605276165e-01
-4.942553293633820122e-01 2.167929063718877503e-01
2.993531522431093217e-01 2.255821416069757612e-01
9.271162165877921968e-02 3.073400339687856198e-01
8.745779415067833629e-02 4.318892338971820344e-01
9.158250710032178610e-02 -3.961486431780275597e-01
3.018686495295689332e-01 2.123240962152627143e-01
2.134665830886552929e-01 2.179241931746668248e-01
-3.401923794683459068e-01 2.380178593668987874e-01
-2.159913439242833189e-02 2.645201966707536601e-01
4.051798041388394722e-01 2.907902904018719870e-01
7.647973511668926250e-02 2.107141985136790074e-01
1.134303106544859441e-01 -1.853584476904426293e-01
1.320774412309723145e-01 2.285851565221924675e-01
2.985359184528111332e-01 2.128646013121382463e-01
1.013884532438596997e-01 -4.282403427859475809e-01
1.222338148227926080e-01 -3.082639653697829552e-01
-2.135419589543744445e-01 2.332241054112321743e-01
9.986655226823071274e-02 -2.642060301279999246e-01
4.016322992009985215e-01 2.459060258863713377e-01
4.095145563190434324e-01 2.459212308511058431e-01
1.711462184314004320e-01 2.108212424850696154e-01
2.953677132712940745e-01 2.608257582900598281e-01
2.443028122083674702e-01 2.223948542702491871e-01
1.124344344113396010e-01 -3.212156596082051951e-01
-1.688824990531520021e-01 2.689238918087408781e-01
1.487705818945398439e-01 2.103712377443626158e-01
9.185758280879618987e-02 -1.358589387086756028e-01
9.054839657818181120e-02 -4.282741301480205154e-01
-1.763577767008350783e-01 2.573456851548292512e-01
-4.257920323938169105e-01 2.692343629444511333e-01
8.866980136276569890e-02 4.057005364548917914e-01
1.708995753160077458e-01 2.723474450144255377e-01
7.906816017072937353e-02 2.897686232815595009e-01
2.572600706176608742e-01 2.440240527206605226e-01
9.859833727896705202e-02 3.608317018739325421e-01
9.786169369849462285e-02 -1.302994498701914861e-01
-3.998607575808384995e-01 2.317734638443840200e-01
2.152310208652633561e-01 2.169357081851492897e-01
1.299015025969202375e-01 -3.742399389383904706e-01
-5.811558198849153811e-02 2.683819785373682265e-01
-3.135456981712936297e-01 2.558461125198095987e-01
-2.024274816260535070e-01 2.151864019026074049e-01
1.234508224515890040e-01 -2.999160290277063101e-01
1.125301447215616424e-01 2.091939580883511729e-01
-4.393143690702263626e-01 2.863461315502584537e-01
-2.910922813586286351e-01 2.456604861576650034e-01
-6.249095763955947458e-02 2.205081479388203425e-01
1.487535940645778876e-01 2.695420988419126029e-01
4.084588123627399536e-01 2.602431315636853926e-01
1.270670004846190526e-01 4.601510134418943521e-01
-4.676479153350421303e-02 2.117033703929297461e-01
4.956289600856695898e-01 2.153459196397756736e-01
1.284058338993752102e-01 1.279171997993417964e-01
-7.605077573868768148e-02 2.486441962023203667e-01
2.618886913903486491e-01 2.502513727470001559e-01
1.296535552706722383e-01 -4.033160424471047278e-01
-3.058486399871456207e-01 2.625614471951277507e-01
1.671772026267280831e-01 2.571941730580121765e-01
-3.470567331518936705e-01 2.325801531983736625e-01
1.094332311007049086e-01 -1.308324127331359499e-01
-1.293314013521078554e-01 2.135216318184146589e-01
4.863048911003855501e-01 2.837989059893377686e-01
4.261747245919403904e-01 2.657812672005548382e-01
4.130662538534788375e-01 2.460044235080852681e-01
1.158379787026431185e-01 -1.742489567019422925e-02
3.273230977189049984e-01 2.302774874047275322e-01
4.382894389226630327e-01 2.489855403448051341e-01
-9.104961037187164763e-03 2.893561571769077689e-01
3.274647930442172727e-01 2.552121713278717730e-01
1.044996262198625292e-01 -1.281850718828169144e-01
1.356454661665311701e-01 2.816330537359744701e-01
-2.308485957806895028e-01 2.147036638630482885e-01
1.001755793208742862e-01 -1.462014515421714567e-01
1.121516876926269557e-01 -1.670141881229603165e-02
1.051225029136505507e-01 -3.791335958287738173e-01
1.269393724969843928e-01 3.171428883176063973e-01
3.939741212200209564e-02 2.750349622708935238e-01
1.213818537696271793e-01 2.243263753955616613e-01
1.116700993120482988e-01 4.271608279874583580e-02
2.526788716304697591e-01 2.803897887713380221e-01
4.410483345481985840e-02 2.175475376584670162e-01
2.287678269293127453e-01 2.849876899475544123e-01
-4.439509135669209572e-01 2.572022738745982640e-01
2.756647402091143562e-01 2.256647476036628408e-01
1.216603747838294058e-01 -3.204035058575374073e-01
1.175035135878896853e-01 -2.634302083716366649e-02
-1.963398737487306311e-01 2.706503111403452122e-01
1.073817917636261665e-01 1.193845304276830444e-02
-1.053914925917787127e-01 2.199190195582370055e-01
9.188027977470369922e-02 1.333838621760717880e-01
9.875246635877288348e-02 3.783388177252089424e-02
1.230907054378216348e-02 2.449661598135575158e-01
1.325302270677669592e-01 2.754300906625908318e-01
1.952014082639442760e-01 2.150843411771328206e-01
4.967919831858010893e-01 2.771831457844087243e-01
1.473130667884195999e-01 2.208415702406709702e-01
6.807285365248938458e-02 2.220117522525262288e-01
9.695245546972763862e-03 2.382496128134462543e-01
1.281788135542102358e-01 -1.956817574777743873e-01
1.440641956565781312e-01 2.358724599585787507e-01
3.356683950303351871e-02 2.602638409481444759e-01
-1.849306196426128146e-01 2.264528712969783308e-01
-2.155434463951905188e-01 2.480330802480016361e-01
9.939953382153543515e-02 7.024434486818176282e-02
-4.130796312950102411e-01 2.249611208416559816e-01
-2.940450848433647790e-01 2.203327622827651044e-01
3.764536357347952888e-01 2.893528720340901028e-01
9.106600312685009246e-02 3.459362642277157285e-01
1.051514257291886745e-01 2.434061643074247883e-03
2.782320545048956317e-01 2.620318688595711931e-01
9.354818868236225438e-02 -4.820748455779365615e-01
-2.063410568049058869e-01 2.771421933901698775e-01
4.858266417843530860e-01 2.832087752944953962e-01
-4.511206335632972353e-01 2.469751967958500050e-01
1.080316239385135102e-01 1.292155251601020405e-01
9.674976600489393341e-02 3.967087388220524868e-02
3.744730024873570429e-01 2.647386511828375699e-01
1.287626481332904138e-01 4.902855529720332450e-01
1.206240446351620754e-01 9.366771318753630560e-02
9.399768170693278968e-02 6.077692898864461846e-02
2.000345782342226597e-01 2.651203013277996234e-01
4.153169985937473774e-01 2.189833248021687551e-01
-7.337841361189989531e-02 2.519859829115778105e-01
-1.085187375845690916e-01 2.898397045951216500e-01
1.249077904733746358e-01 1.056535695697514710e-01
-2.866252875160859581e-01 2.259984008481658035e-01
2.315196118719231588e-02 2.309543396251129144e-01
-2.483544581680655616e-01 2.611690961226360574e-01
1.028435505631332125e-01 4.952003799310944476e-01
9.175144607745500114e-02 4.836334867525766690e-01
-4.449331787043677711e-01 2.480409142732740158e-01
4.388727170408929235e-01 2.420674383758056880e-01
6.923342551971300995e-02 2.404493389326644026e-01
7.112053095475112663e-02 2.426743787550413867e-01
2.800842020734928273e-02 2.393852590174649908e-01
1.291617810055541993e-01 -4.257279292295884643e-01
9.213023224750482854e-02 1.893305068465793717e-01
-3.848269546991366363e-01 2.740471450764366823e-01
8.991998168780335199e-02 -4.588193983287325306e-01
6.482081825974095324e-02 2.472022513892826456e-01
-4.199333318278722915e-01 2.297824033577997582e-01
-1.523939648195049568e-01 2.868932311061278551e-01
-4.081408386671886435e-01 2.622908981623891522e-01
-2.777205930072786932e-01 2.549211638823867254e-01
-2.801162871863391857e-01 2.319869816183622868e-01
4.403283751245082867e-01 2.523706098518040397e-01
1.247804319480754209e-01 3.847861389670970134e-03
-4.152340284692872530e-01 2.186738663011903450e-01
9.312526920331032354e-02 4.856685846602791790e-01
1.159931081327940650e-01 -8.104280462942758945e-04
-4.760361027343412710e-01 2.297603968105268457e-01
3.590659766065306124e-01 2.400581208558444368e-01
-2.893802153531708221e-01 2.467742610425507355e-01
4.787771399650375681e-01 2.806887688095169864e-01
1.273093745169304736e-01 -3.059861136150621164e-01
4.491799328093707411e-01 2.464839265858633777e-01
1.385663371274663547e-01 2.734897106645970410e-01
1.065552210028318791e-01 -5.908085823804976044e-02
1.157454273500824193e-01 -1.306289146649115551e-01
2.996095546494970119e-02 2.107650370916369642e-01
9.004304672239982210e-02 3.093694995022455707e-01
3.657528259050286668e-01 2.126782393526345238e-01
-2.713319096079347403e-02 2.435537864556681642e-01
1.045935050350099704e-01 5.524546389740825347e-02
-4.513685882901886659e-01 2.241581631190406876e-01
8.714264401879923128e-02 1.449334263725058358e-01
3.847754565308729724e-01 2.570278648966772828e-01
1.236036293836232369e-01 -1.872591452709062576e-01
-4.718924162132687172e-02 2.553307062379657211e-01
1.822008545725363193e-01 2.271744250121777720e-01
3.289247757955671148e-01 2.637127536782716275e-01
8.789604816545304455e-02 3.454522412977246715e-01
-4.164180985766788856e-01 2.690725657070928145e-01
8.976294677845497727e-02 -4.054769163487262906e-01
-2.210884452858751237e-01 2.318277663300092328e-01
9.227730741387174529e-02 2.207288012006632938e-01
1.298641301998819664e-01 -2.964914140011155608e-01
4.374493807221924158e-02 2.123660457263938373e-01
9.811425562766307173e-02 -3.229693216534593736e-01
-4.638042502183393756e-01 2.691573986213716685e-01
1.152003969063067901e-01 -1.782105316403300721e-01
-4.131668936176499107e-01 2.382988651358046717e-01
1.234208155058397205e-01 -3.245005777992074902e-01
-4.643501602172521725e-01 2.334645860923120209e-01
8.961247867634758446e-02 9.292647162354328305e-02
1.187941859547559931e-01 8.587704539378160362e-02
9.867783612426550555e-02 2.537266396043237338e-01
-2.480419020430716381e-01 2.577066812662852646e-01
-3.406370328349623833e-01 2.721139786197357413e-01
2.796554417739778309e-01 2.497075344708481470e-01
4.188822028961136645e-01 2.225644299187441444e-01
-4.859651904915315290e-01 2.733102606656415690e-01
1.581981209600409333e-01 2.282117042520497296e-01
-4.776181351169287437e-01 2.207433404944385558e-01
1.002946656060863528e-01 3.583421701215669941e-01
1.304196736967053738e-01 -1.029641875068315615e-01
1.576523301479048067e-01 2.363137493605252937e-01
1.055421116260126801e-01 -2.282905054432720071e-01
1.306594194256147645e-01 -1.713619456024713106e-01
9.870225723122261208e-02 -3.303116426212404644e-02
1.300008764554508867e-01 -3.707144092146078540e-01
-4.098302092505223815e-02 2.642232404441953175e-01
4.879774192837261770e-01 2.692079386960146703e-01
9.311068163808244869e-02 -9.014833013266876360e-02
1.277312626300702858e-01 -2.043328248659419533e-01
8.770308327109499480e-02 -1.470499577516231060e-01
5.751513861941726091e-03 2.564349493185679174e-01
1.225979928424414389e-01 -1.355599455967188005e-01
1.612550869309734569e-01 2.703704051722043422e-01
3.749716497428368100e-02 2.557400488720307230e-01
1.187537500320686723e-01 2.442361930841658868e-01
1.536344312966020365e-02 2.593520940459369539e-01
4.609667146139296845e-01 2.262967176998353924e-01
1.006290909723345228e-01 1.098016616271731971e-01
5.503941076015439471e-02 2.441648852627427146e-01
-1.719565949186728782e-01 2.870116107562515895e-01
-1.204686699999735211e-01 2.529086522249502922e-01
5.551199707395160221e-02 2.425034177529296064e-01
2.612190673189865864e-01 2.777266044551409685e-01
1.821909899095471852e-01 2.775254112098333170e-01
-3.548845359148580236e-01 2.225990491249862924e-01
4.591854883384791641e-01 2.794063299823886792e-01
-1.148909968296523143e-01 2.435214915055997631e-01
9.841170176982139139e-02 8.577592660907329414e-02
3.072583696720494473e-01 2.315776221069044682e-01
1.963893945729097146e-01 2.394965350988457198e-01
-3.343660750056104414e-01 2.280378469754537063e-01
-3.287784032501280818e-01 2.656729973535397749e-01
1.137480326812797538e-01 -3.580733780462601601e-01
-3.673645491394267326e-01 2.186891623893074676e-01
1.949430111913963426e-02 2.352335228844972814e-01
9.414715391394057331e-02 2.017589198536838824e-01
-3.105281651833746714e-02 2.498356788979674281e-01
4.821554074452341077e-01 2.783322536418910698e-01
9.651950660104202662e-02 1.352195676738955354e-01
1.898787907236560990e-01 2.230154662671638421e-01
-2.116330789255730371e-01 2.776761884705061245e-01
-1.166824429226831494e-02 2.672833851690303852e-01
1.306036779062080821e-01 2.232999647954828637e-01
3.514936357004291301e-01 2.235052771191340382e-01
1.079023132596005352e-01 2.129297003717234293e-01
4.573268449017674486e-01 2.317168018000421714e-01
1.700190617514778513e-01 2.817952269905702467e-01
4.891675752735680227e-01 2.619546728876228636e-01
4.520372398809202608e-03 2.741476493531002090e-01
9.275999501046605644e-02 -4.890549285532810320e-01
3.294384851080666143e-01 2.890685748089978357e-01
1.124846457806656375e-01 -4.645760651812332886e-01
-7.359657832448884829e-02 2.770938221561326520e-01
1.125104052168696134e-01 1.044080528139637032e-01
-1.111535559935561412e-02 2.482489569469923385e-01
2.244808557796218462e-02 2.517504189964719918e-01
-3.426737515202507023e-01 2.524510139252361673e-01
1.503838774952974688e-01 2.523175738713260285e-01
9.390138958904659106e-02 4.855097802253945938e-01
5.622991554030742911e-02 2.559767331597994078e-01
-3.405332338971522876e-02 2.412506961244409442e-01
4.319644977453562795e-02 2.337401005179197133e-01
-2.491350741966745774e-01 2.446282945176951884e-01
9.297595725830276603e-02 2.994697855322721036e-01
4.548896511359945549e-01 2.749679832493885367e-01
2.967841098394878863e-01 2.211394288555682541e-01
1.223487107247713812e-01 -1.025310846777442997e-01
3.785823322449484163e-01 2.510935654689911978e-01
3.454109475521083272e-02 2.321083273719030116e-01
2.708510736252278672e-02 2.620739826574596254e-01
1.068238027735561868e-01 4.361680041897265658e-01
-3.412822982356416013e-01 2.177703209284447272e-01
1.381213470032265356e-01 2.764175803161699196e-01
-3.248304294504685830e-01 2.163297289131893564e-01
9.422511576374847930e-02 4.574724720559630864e-01
3.833725696677650063e-01 2.310872388137293898e-01
-4.161525843417747117e-01 2.201723150944294716e-01
9.241443942865512629e-02 1.951439395906698904e-01
4.468070974264419792e-01 2.114123127120900447e-01
-4.624068615839305174e-01 2.877689783071201157e-01
-4.502875514810151802e-01 2.332395320086994017e-01
1.031890269502862001e-01 1.703676319304638920e-01
9.552982408534615999e-02 2.999836448418169432e-02
-5.070277928951649749e-02 2.838008400324549818e-01
-3.955577705499041530e-01 2.380576383534287466e-01
-4.555672928657418241e-01 2.867554173592311573e-01
2.809130869603158054e-01 2.221143760655430732e-01
2.722183376452091963e-02 2.498152985899295686e-01
4.579454138626648518e-01 2.709654788444487705e-01
-8.189232040071603436e-02 2.312045807826165200e-01
-3.190640488635277938e-01 2.223142960523031286e-01
6.587960387308666732e-02 2.760292037173346369e-01
2.323900894771824266e-02 2.482867959808821023e-01
2.749238010214027916e-01 2.356056716957929398e-01
-4.834873966607972084e-01 2.855733869593389818e-01
2.954571012957684095e-01 2.141738142351160556e-01
-4.707729344622562095e-01 2.271917734541475387e-01
-2.053492770639300247e-01 2.846118268878132795e-01
1.206366419468026807e-01 -2.729658076938276112e-01
9.814117675775779759e-02 4.570280019861734377e-01
-3.047318002864477515e-01 2.191775391216846947e-01
1.224924362802911615e-01 -3.043197901987074738e-01
1.115464890558576228e-01 -8.156218103998613689e-02
1.128044825323275546e-01 -4.565794890451957411e-02
1.200358702113299980e-01 -3.768559782913233347e-01
1.009732061987111962e-01 -2.932957774023047248e-01
9.780226506319888991e-02 -6.581887911528649937e-02
1.128459654993297923e-01 -2.094330132004772471e-01
-2.869978579645715566e-02 2.159127587747866617e-01
1.222332607578969776e-01 -1.629855167129901083e-02
-1.385784868231352274e-01 2.667582346656637293e-01
3.604322215904502968e-01 2.439174882047560056e-01
1.766450590258542563e-01 2.242583197684351326e-01
-3.960471935218773387e-01 2.332987029282009850e-01
1.976474107336818609e-01 2.215386501976011058e-01
4.580760486689279265e-01 2.407215812261710441e-01
1.023836430497688799e-01 2.399187894136215471e-01
6.897937910461082733e-02 2.504944069793827444e-01
-3.857932525393753531e-01 2.232333865635670600e-01
9.285054877827358943e-02 1.962504442543010486e-01
2.900212875761690734e-01 2.738731312469681045e-01
3.683160555427645866e-01 2.802923243940530496e-01
2.566756599859468801e-01 2.320526292136215751e-01
8.886402042216001718e-02 2.771553449313901574e-03
2.143688534828835923e-01 2.846269425961207578e-01
1.287280652570321759e-01 -1.490722493481199118e-01
3.939305316785965960e-01 2.668945336387212874e-01
1.154212617714919231e-01 -4.756152218952754973e-01
-4.952000684495624361e-01 2.547193807370196073e-01
2.440071553596236953e-01 2.806577791456648097e-01
1.166012548495647394e-01 -3.722688308602450924e-02
-7.113333753965567219e-02 2.668717512254670243e-01
1.193262809517456891e-01 -3.439255775725778008e-01
4.706958594018477715e-01 2.819391078318711497e-01
-1.469276835715385143e-01 2.711047004659777881e-01
9.194056703336916936e-02 -5.379526628837894009e-03
3.124328878247532026e-01 2.143908374712234499e-01
1.615007481670738265e-01 2.566004449734735626e-01
1.081859763504254834e-01 1.666088186378609226e-01
3.452757703209136109e-01 2.477870177903527260e-01
-3.663852177069676364e-01 2.472728370770546080e-01
7.690774884454221194e-02 2.392483650949854823e-01
1.189379298636665805e-01 -3.523323219475866797e-01
-1.474239372972907525e-01 2.184965646325019994e-01
4.541722886168497730e-03 2.284579579080614486e-01
8.788352663452736468e-02 -4.951575050379832810e-01
-2.623228344876065155e-01 2.661553689941564826e-01
1.271825120883720572e-01 3.255037101935803756e-01
1.218844723980400113e-01 1.277520578134455631e-01
3.578034272959490503e-01 2.126845066746529955e-01
1.273151029137675749e-01 -2.545579273890513639e-01
4.848330768859935302e-01 2.413341492449641024e-01
-2.398232647628465442e-01 2.433785668042044437e-01
