-2.415733237483970175e-01 1.107500853209641978e-01
3.523988687172279199e-01 9.362927715046431842e-02
1.190468598630479713e-01 1.025572480351923943e-01
2.953408670138168990e-02 1.006798344005822576e-01
6.790706646158606308e-02 -4.825079498300736125e-01
-3.215930921299234857e-01 9.828727575689721885e-02
6.388712130252782728e-02 -3.471618224266503905e-02
-4.799310724922792870e-01 1.018580468081574653e-01
8.984698749992292566e-02 2.543587390646359081e-01
9.527087882120832685e-02 -4.354694821322604437e-01
8.554568198697309889e-02 1.492574120944090144e-01
6.504653510526448024e-02 3.163495256027677449e-01
8.820113863693068712e-02 9.159353620330645818e-02
-4.550621364232486643e-01 8.459660554982384451e-02
7.667080132077475074e-02 -2.515418928874598725e-01
-2.084317758328719794e-01 1.031362107686548679e-01
3.453694629542817252e-01 7.588687593141352217e-02
2.648215346111598700e-01 7.802334453359449640e-02
6.818885407514618802e-02 -4.255760946594728811e-01
8.429327341318892941e-02 4.170046703313364800e-01
3.841156187201911765e-01 7.473811484099235347e-02
-2.825773048940428689e-01 8.731234897991402288e-02
2.298540891973577249e-01 7.892149852134555665e-02
-4.705071320502973720e-02 9.490096145948123674e-02
-1.368089755098447213e-01 1.006615130509012079e-01
3.161239956311661103e-01 1.075124226394038596e-01
-2.316393802147096448e-01 9.865873814605508052e-02
4.458545621177736340e-01 7.774386882974471114e-02
7.143115019975188051e-02 -1.484548160566937502e-01
1.722011102257926529e-01 7.295160583645088348e-02
7.836212054373126179e-02 -1.795769958618331774e-02
3.833820692119028761e-01 9.978167400124882125e-02
3.306047561733519435e-01 1.044351833217941339e-01
8.874050531995258950e-02 2.781955100327214714e-01
8.710243221459013085e-02 -4.388670912526215773e-01
-2.039559465929495774e-01 9.312378185600733715e-02
4.932345248865009912e-01 9.324368588116316303e-02
-2.934258329708492319e-01 7.309791856703473645e-02
2.369759183836804839e-01 1.087192434151633691e-01
-1.504479615249603164e-01 1.072027678883813451e-01
8.576264828382507144e-02 -3.807156198146047776e-01
-2.330175966535984466e-01 8.999596104458806867e-02
-1.391128278668659624e-01 8.759679607347115038e-02
-4.685975401835028586e-01 7.240284628733717476e-02
3.173157026365943656e-01 9.387137321604122064e-02
-3.589238305858334366e-01 8.061301843903601050e-02
-9.842769914007676313e-03 8.755018640320710865e-02
2.383459690583005219e-01 1.096604369247281552e-01
6.571135345267375971e-02 2.215657383994120710e-01
6.361655976690461234e-02 3.042194921911038907e-01
9.615562216435524778e-02 1.671579375831447889e-01
-1.091765080568037893e-01 7.122604146197264452e-02
6.150194106397344207e-02 2.218120384617660035e-01
9.565352225844603318e-02 4.084049696691827158e-01
7.638130126731346170e-02 3.984412081978649933e-01
7.575876813002002663e-02 -2.528057511696003568e-01
7.942936402298739207e-02 -2.370392758774904074e-01
4.904469448877658566e-01 8.889011760018150632e-02
-2.272554810978000273e-01 8.548993409047045411e-02
-1.737592646285169851e-01 8.837531386603658667e-02
6.400996043277418224e-02 -3.438791360111074225e-01
-3.867987672648185438e-01 8.880953952682535402e-02
1.716128559434553225e-01 8.504567638648985461e-02
7.564358753721034390e-02 1.755157815230129481e-01
3.738684464242181260e-02 1.077470442174256471e-01
8.000854672217960761e-02 -1.287317553632179035e-01
-1.180439800524147875e-01 7.513047934055139265e-02
8.011425578690511973e-02 -7.585424289314846025e-02
6.612208592049606537e-02 -3.721122067054563054e-01
5.233432808326266006e-02 8.328603910632326190e-02
3.916988161906652666e-01 8.284100295456975349e-02
6.674798688707994643e-02 5.614334655030506216e-02
1.588281191930008829e-01 9.547026242494305315e-02
-3.406530163528690425e-01 9.320016178116641292e-02
8.718289528063993821e-02 1.793708560119617879e-01
4.154698940539551799e-01 9.258855996932136012e-02
6.020036869564782123e-02 2.137463075691627967e-01
-2.837312475021932512e-01 8.171179187803867539e-02
-3.719712787456329606e-01 9.093221383528427015e-02
8.247803440009848774e-02 1.139511950995164558e-02
2.985543268222419222e-01 7.935138602419489207e-02
8.031807142295299684e-02 -4.905088067478912128e-01
3.218010688874802794e-01 7.563721221551467089e-02
-4.422051057362249571e-01 7.923798168336693148e-02
7.500369779400950510e-02 -2.010558271902419536e-01
7.630514860914694442e-02 -9.891296043688457829e-02
6.783258212165788059e-02 1.662002018802763992e-01
-4.114623589234278622e-01 1.024788247065659963e-01
8.605623208585100326e-02 4.943673645899854252e-01
6.138218116410576464e-02 9.453908786550668797e-02
-3.716622296954745774e-01 8.234000615164549508e-02
-1.203496534971448817e-01 7.652980266279485466e-02
3.953587182049000948e-01 9.189042108532907704e-02
1.499649705035404068e-01 9.510219209020520648e-02
6.198983317513229174e-02 -1.004717380128584692e-01
6.382322979185206524e-02 -3.692292893021625888e-01
9.297215885885368181e-02 7.253281789475585217e-02
7.472395327489267380e-02 -3.064528452084348542e-01
2.386162047244446693e-01 7.547872955364975933e-02
9.452271745074214415e-02 -5.619834599660100682e-02
-2.614949468973865043e-01 9.136278601136937905e-02
9.189492806610655151e-02 -3.867740341751967348e-01
-2.400502634003524038e-01 9.785071685983925960e-02
-4.476693193973928508e-01 8.798083515127619325e-02
8.448168310658477065e-02 -2.603843888186119226e-01
8.551965755232882049e-02 -1.597627183857887045e-01
6.232201620354849148e-02 4.767231681466632676e-02
6.780056338455986431e-02 1.011167362864039410e-01
-1.884432487841107839e-01 1.012123868794645443e-01
7.955512767344197211e-02 -3.904576615595727329e-01
-7.378182639749109040e-02 7.261187437316973803e-02
-4.435675367515268253e-01 1.004453028567253714e-01
2.582646316790504493e-02 7.467113931948177186e-02
6.486234116859412868e-02 3.579589950548303090e-01
6.260449008320800868e-02 4.357786888009140824e-02
-2.831079519606133355e-01 1.026807207432341995e-01
2.340164062468393924e-01 7.976258991069518078e-02
7.594977118149037754e-02 -1.372744774979559601e-01
9.093430229094778827e-02 4.443686300380385035e-01
-5.944355723521776991e-02 8.900726893809463025e-02
-2.365484394733584628e-01 8.504630501891163874e-02
2.517584974054483116e-01 8.375326458432408305e-02
7.270891453170447161e-02 -2.201919076392004904e-01
7.285982195790419169e-02 2.250569646934457158e-01
-3.339056949358245596e-01 1.071869642661724686e-01
-2.564227446189802917e-01 9.739604405267265896e-02
-1.963405086611129668e-01 7.460000042990222457e-02
9.361804888699576388e-02 -4.463365523464083440e-01
-2.873178798909055143e-01 7.156475281866858662e-02
7.098604680328557404e-02 -3.649274549363479281e-03
9.392995122148473097e-02 -3.692216879206547953e-01
-5.059608030560869274e-02 1.040497658141981141e-01
-1.468494120374821410e-01 7.671751759408562688e-02
-3.794490096634106635e-01 8.729243876993064699e-02
3.780387897599364333e-01 1.045481564762793525e-01
5.908683229220701438e-02 3.453527252338850495e-01
9.229379786145242015e-02 7.429148410491648313e-02
8.754982144136480571e-02 -1.192481590300933370e-01
-1.484780845059632259e-01 9.991242786792275954e-02
-4.064883126907035127e-01 7.656708092307384916e-02
6.182610763084561700e-02 -4.752174067340586561e-02
7.842409745018830147e-02 -4.144709538127490100e-01
-3.989095840161055451e-01 9.480223871799542401e-02
4.499104064370947897e-01 9.487220411052876834e-02
3.443434412703549885e-01 8.946195299667780709e-02
2.968173824653574933e-02 1.067282104457017988e-01
7.696053508008415811e-02 3.221460130363423824e-01
8.864214772562473144e-02 2.891207876128593091e-01
7.813970517469492894e-02 4.759410229463528763e-01
6.895301472662429543e-02 2.343987508163100086e-01
1.119258731372466675e-01 1.033156543635774804e-01
-2.534764105634440545e-01 1.018630354071040633e-01
-2.849672781875547400e-01 7.982749620652762612e-02
8.978008351184363356e-02 -4.397670012637445724e-01
-1.810107427281906212e-01 1.084883639939608901e-01
-1.953130353035709144e-01 7.791583896026521572e-02
6.304278583201095021e-02 3.696928595093215142e-01
-4.601059029311416193e-02 8.470451740403961427e-02
6.889606104892886940e-02 6.367547162513209624e-02
9.035503453109727801e-02 -3.029890134782130540e-01
9.095228053414905478e-02 -7.738910675446220022e-02
-4.021854894672892700e-01 9.828597991869469919e-02
4.625082292938477169e-01 9.529124399035160398e-02
3.145957771616199050e-01 7.854048150820269747e-02
5.961926843247122854e-02 4.664649702298807599e-01
-1.506223079503269391e-01 7.136438839402248213e-02
8.914219944907864068e-02 -1.645790677921837863e-01
1.198360359287929944e-01 9.143360322510762916e-02
8.581905641627041170e-02 2.985835684691844349e-01
7.101363713588759730e-02 2.427929317809608412e-01
3.429513461199021895e-01 7.550482918191303572e-02
8.811381524128247822e-02 3.295005251625897635e-01
9.245922438796017051e-02 4.190563858270179853e-02
1.432449175247494377e-01 9.866977711231050829e-02
7.873527358031140455e-02 -1.466912423292696666e-01
9.598082954474440598e-02 -1.562984782003853379e-01
5.942383447109755856e-02 1.060125586172542267e-01
2.332624474315778684e-01 1.005220809877147570e-01
6.807563629399204785e-02 -3.344812308339841778e-01
8.067552999960814208e-02 -4.988120723082574148e-01
9.383100795255927551e-02 -4.703419678773713697e-01
9.017059789378190082e-02 -3.377361254074665586e-01
-2.783933130029320191e-01 8.252196043113713131e-02
-1.501469036513706223e-01 7.443663178124648727e-02
5.887759793222979710e-02 -1.344148195084649000e-01
4.306857747188920227e-01 7.254768226720775814e-02
7.887675710117869610e-02 1.871042883271700763e-01
-2.964716087055671023e-01 1.084101918731679159e-01
7.469790217920113662e-02 6.970588803926747179e-02
7.534234814394769053e-02 3.289110395513763496e-01
-3.036335183447244068e-01 7.841783614462205509e-02
8.044419232172783651e-02 -3.538881174431862675e-01
7.512415582988096752e-02 4.248574581121685734e-01
6.179838194314535293e-02 -1.359414021892125790e-01
6.866554279630265878e-02 3.219165306598255061e-01
-2.580510406090910092e-01 8.043701975080397304e-02
4.158353109053567476e-01 8.571037966332750724e-02
8.982787117034662927e-02 3.242520761942536689e-01
7.698561013940363740e-02 -2.906334227358486899e-02
-1.746520953244391494e-01 8.572021810348628978e-02
8.559185617943676494e-02 5.760691096166281611e-02
-8.763404143025099735e-02 9.545156843238022937e-02
8.393067644617235867e-02 4.332045999539050340e-01
-6.919083513775914351e-02 9.658740396982490317e-02
6.608314788352886993e-02 3.806223067251653935e-01
6.165290898947373144e-02 4.070717907065353192e-01
7.883477017849627178e-02 3.983792652252213795e-01
6.098785830423758547e-02 2.155908253067018165e-02
-2.796713194144911929e-01 1.065170463983901028e-01
9.457724106054243851e-02 -4.980308563786741693e-01
-2.517475565188488362e-01 1.084283674994220847e-01
6.175124896879891079e-02 1.571034213385720246e-01
2.014135430178445318e-01 7.525060415448925344e-02
8.819537836345014981e-02 3.441752598985259315e-01
9.317736722465952415e-02 -4.177310526064731411e-01
3.220985683874573180e-01 1.045374451440274077e-01
3.316824719257178700e-01 1.039354759145310059e-01
9.022947799402669666e-02 -4.582277428810744846e-01
6.764622225540628531e-02 -3.570371859430456762e-01
8.942568317435495295e-02 -4.344581769184991948e-01
6.263656472260836772e-02 2.227225689661084251e-01
9.109748509953696782e-02 -3.404159989426340793e-01
3.326861659508781877e-01 9.077976960828049169e-02
9.205117620380365295e-02 1.265494038305614577e-01
6.425778445061658406e-02 -4.906522583859165287e-01
-2.342690931546796973e-01 1.049406405644416340e-01
8.334571161863724154e-02 -3.773514921436595948e-01
4.858168912431973796e-01 9.322541762703784318e-02
8.234302673014448626e-02 -7.463328934653046254e-02
-1.752917484487608313e-01 8.325425010513232138e-02
-3.538203861515980542e-01 8.185735596309373641e-02
-4.589358300775262522e-01 7.203341392852069536e-02
3.503983657089539960e-01 7.223068791941544831e-02
-1.370684042564416227e-01 7.780890716838639865e-02
-2.941601676553872169e-01 8.280775852525612546e-02
4.961238028547201306e-01 1.084818837991171625e-01
8.164486180859154008e-02 2.108838907039369825e-01
-2.620713761709609901e-01 9.060793463789351687e-02
7.346638513306269491e-02 2.803048144580633227e-01
-4.565438787110600583e-01 1.073112816898073030e-01
8.221165048811240883e-02 4.919403198526969279e-01
-1.846721491429635931e-01 1.105036825450440574e-01
7.687859367165927882e-02 2.448343051045581698e-01
-4.772004043716304711e-02 8.193817682192516827e-02
2.437867832908116039e-01 7.689837584859715580e-02
-1.613100546182527628e-01 7.131538136307080666e-02
7.571334317015365745e-02 -3.038294927298093029e-01
8.470163607015179785e-02 2.857478902097615459e-01
-4.319929723640555386e-01 1.066140203120898855e-01
-4.578142085602692202e-01 8.152975278299567918e-02
-1.742683781801342979e-01 1.070002653321279196e-01
2.278488175763895285e-01 9.781094767296727444e-02
7.315262413898704352e-02 2.592101551845706897e-01
8.657412002849984578e-02 3.433640563657769373e-01
9.286237996573876163e-02 4.751231862309680531e-01
7.902403162073279308e-02 3.001542262547762796e-02
7.238262260836314521e-02 -3.493685797887460254e-01
3.131153821018799466e-01 8.742717673714439641e-02
1.225122619502386767e-01 9.514472752012359535e-02
9.636134188917955257e-02 2.324274040242226835e-01
6.833887078734823817e-02 -2.157031205690629339e-01
8.056470226054401884e-02 -7.001190200522566798e-02
-2.554487632151871690e-01 1.019453781259658243e-01
7.829051123420527336e-02 1.609401879504335220e-02
2.149657817697206985e-01 8.620029695193709429e-02
9.176493504485505603e-02 -4.064543507742992556e-01
8.108858611556191143e-02 -3.671462496214781268e-01
9.254489904225471353e-02 -1.548221724759091256e-02
-3.326015126814779732e-01 9.727052241318723258e-02
2.356739754745185156e-01 1.023667490920455725e-01
6.109833032976286216e-02 -5.141109129977883274e-02
-4.299116364832533677e-02 9.521930253235411090e-02
-1.794682612741301808e-01 1.077950212082754433e-01
8.411181490726238330e-02 -4.137090529296159058e-01
2.900793008834489095e-01 1.000572916506748955e-01
9.517854752985432931e-02 2.634744305982616996e-01
6.610541202568198660e-02 -3.773616709734441965e-01
3.179006762375746753e-01 7.313915500842926853e-02
4.420581087570922829e-01 9.029415919479699681e-02
7.267327740691409410e-02 -3.893693887516682661e-01
9.347097829102612998e-02 5.217093864735689035e-02
-1.151200873635570554e-01 9.123678591030126572e-02
8.910411574788523748e-02 -1.455972594632638506e-01
8.371413118815573817e-02 3.350605695025804520e-01
-2.705569359674030450e-01 7.825156144400258196e-02
6.592373496178371983e-02 1.395909461602805601e-01
2.792280160397346833e-01 9.054937681929453586e-02
9.991023969855739040e-02 8.624829320820759371e-02
8.891046108311140284e-02 -4.827461818833804763e-01
9.407644787111280049e-02 -1.015985362551669047e-01
7.564869147139041683e-02 2.303842365260333480e-01
5.962391094037367001e-02 4.445344242470932183e-01
-3.176864626426885163e-01 9.352806257928236722e-02
7.891025519110983488e-02 -5.817588369583359675e-02
4.838537936072013768e-01 9.308194988138607240e-02
7.424160432090542994e-02 -3.703041006884368880e-01
1.382141912719588861e-01 9.540494437714308607e-02
4.520178156630593191e-01 7.450301527488312203e-02
4.463481137136273702e-01 8.499769466158857423e-02
4.784010026927718595e-01 8.439539440454657537e-02
6.408988120566672109e-02 -2.562398119230799853e-01
7.446840853888292422e-02 1.329248832887360843e-01
9.434304816338823230e-02 1.066799740969220922e-01
7.930051094891776842e-02 2.321617841008416505e-01
4.130010724692727564e-01 7.977313885561265749e-02
2.013438690338874570e-01 7.716528123346755308e-02
2.561756595689009819e-01 1.017045143290210563e-01
8.829787504030006673e-02 -2.300847398942027500e-01
-4.144312015486663059e-01 8.617441588189589385e-02
-4.260357817544746517e-01 9.066848946409911125e-02
-2.769238355286944842e-01 8.436564982942762470e-02
-9.130015537707147910e-02 1.062743603446867358e-01
2.728889806609783308e-01 8.386819905791831342e-02
8.180429750010476120e-02 -4.849151518082223111e-01
8.250244152403218845e-02 4.704312630156750608e-01
7.184153834833972851e-02 -3.411102359572024678e-01
2.882696930651272860e-01 8.711711447732828351e-02
7.145617032565521054e-02 3.141645573686271398e-01
7.253006915834270263e-02 3.847009231453808464e-01
-2.175068031376958810e-02 8.422680882368982491e-02
7.344463744278073580e-02 -2.400794537582874311e-01
3.897880513230104205e-01 9.645508442851635778e-02
7.349368823224811109e-02 -2.444113703093874213e-01
-2.055458666453148231e-01 8.953236589556079483e-02
2.905861354059802171e-02 1.098349125741618915e-01
-1.029590998145376579e-01 8.487350604706889179e-02
3.676683075276072632e-01 8.740871480489054157e-02
4.353812092231421627e-01 8.511010251806261362e-02
3.523432572568346854e-01 9.402074153404293977e-02
9.380775372957561586e-02 -4.165254551123642734e-02
-3.690408356345823426e-01 1.063976418391715528e-01
5.872962462114084126e-02 -1.066658663485648972e-01
6.643811905787522232e-02 2.913503776930129741e-01
8.273884327534364314e-02 2.080364893740535015e-01
-4.417726224341230745e-01 9.121429718920581742e-02
-7.003981224262056937e-02 1.062044455821828937e-01
7.584167993565149590e-02 2.052609678715917596e-01
7.164670474700740588e-02 6.516562270475745322e-02
-1.803188277492250302e-01 8.505132342104404497e-02
2.933545751388138001e-01 9.681976820823656738e-02
1.694491584179185217e-01 1.089335338579625612e-01
4.511700371182388869e-01 9.428697288629162010e-02
6.729702232643253179e-02 2.549852209853256113e-01
-5.853209155631677874e-02 8.617266738504547607e-02
6.442282077200389701e-02 1.609025804962752604e-01
-8.890614395521356794e-02 9.562206696573471998e-02
-1.137204130086342246e-01 7.775508887435311767e-02
2.221961558219081034e-01 1.063490845096112247e-01
6.449523394416190047e-02 -4.065693516003291430e-01
6.103500516465454329e-02 -1.109464674947743257e-01
-1.818352634720684646e-01 7.562199489196574920e-02
4.290376847985548636e-01 9.405983992480482225e-02
8.956567418716276929e-02 -7.979055259261857991e-02
-1.967553176489656996e-01 8.247747263038218701e-02
9.184297103581740007e-02 3.847408388426060144e-01
7.127786692214355124e-02 3.009713046671388392e-01
3.886824146918965717e-02 7.999718647823628181e-02
5.961811344674838864e-02 -3.823564505479580822e-01
8.132804086277634070e-02 4.508171055424253781e-01
8.855930369797815338e-02 -4.880586906892440124e-01
4.517465456229203813e-01 7.168833436268096104e-02
9.287361507240743386e-02 3.488464610093046092e-01
-2.238615345210703822e-02 7.221123042788402113e-02
9.575987197292634701e-02 2.881215516475345018e-01
-1.110086572863190346e-01 7.735340495272569061e-02
6.581552991369632455e-02 -5.413809329174634755e-02
6.891424014480662663e-02 4.920013181936896407e-01
-2.102049507631302827e-01 8.737936185415529078e-02
2.169861808100221889e-01 1.084355700456237637e-01
-1.463686017234344661e-02 1.073845742067484066e-01
-4.759161599396785070e-01 8.934561064349844095e-02
-2.767626387458874682e-01 8.823679670736006564e-02
7.750003770827562644e-02 2.497778108236868855e-01
-4.778706198990981813e-01 1.010286486444705867e-01
8.346692438425573624e-02 -4.905102949586953587e-01
8.987326491660008188e-02 -4.358558634050911929e-01
6.587208212889816838e-02 -5.319739331481398992e-02
2.195136805161868043e-02 9.745913902305580745e-02
-6.146836364610830383e-02 1.007107741018133940e-01
-1.336481865107351785e-01 9.821497766238151961e-02
3.142212837952129689e-01 1.011149425532711366e-01
4.848647401464322160e-01 1.030192066852138044e-01
8.384717721271872648e-02 4.072577022120436041e-01
6.399155938081202422e-02 9.600895984185242593e-02
-2.632381428164617398e-01 9.709773359511664204e-02
4.138860891073578019e-01 7.431037183505528887e-02
-1.193210586825064201e-01 8.941642470256283559e-02
9.105116837313853573e-02 1.736657323665175001e-01
6.550486178588743602e-02 2.696805924371851182e-01
4.807588251742941354e-01 8.024979798465847747e-02
9.379374211632740543e-02 -4.708407167253169101e-01
6.723160498458502499e-02 3.068286205615805562e-01
7.785865120068025114e-02 -4.637224528164106685e-01
-7.796423376159600238e-02 1.101208550609441561e-01
6.937019891984996800e-02 2.570569573592468293e-01
3.445911684834428446e-01 9.016913661486214426e-02
6.564962099811544327e-02 -3.442769455960881242e-01
6.391750658171957422e-02 -3.646848382276749456e-01
6.758854822375726101e-02 4.558813383978105316e-01
9.534825817549885674e-02 -4.482825528942498972e-01
9.256966400308430654e-02 -1.035010015037736153e-01
2.449884865246764187e-01 9.083344130223180990e-02
6.240866805193490130e-02 6.835060897796174650e-03
9.217297593366369224e-02 4.474711739849137615e-01
1.674344236654484730e-01 8.777419623208326804e-02
8.104788841692811552e-02 -5.918000549207080851e-02
7.064089327912681515e-02 1.177285580696352252e-01
1.504540727782169851e-01 8.291076034812094875e-02
3.448972975124598994e-01 7.812218880216847960e-02
-2.088980707391292491e-01 1.051014836038114408e-01
-4.917814820510610918e-01 7.058009931805631076e-02
6.022908056083364770e-02 4.677939126265601155e-01
9.319005111458344981e-02 8.357750188433576977e-02
4.149067776999645352e-01 1.044013842429718508e-01
3.759391841266987999e-01 7.585546766472950342e-02
-4.671380637633532062e-01 9.379622075403371007e-02
7.365867797432934516e-02 -3.498517803957765793e-01
8.476068883636456164e-02 -1.394024410388594593e-01
6.318250738803110611e-02 -1.984775930684331557e-01
-3.166610707725325824e-01 8.312810802424808188e-02
1.394948708824790273e-01 8.545646358826064493e-02
1.749190031147370705e-01 1.019588479148493265e-01
6.539332172737399862e-02 -1.348346648479776810e-01
-5.671062075768995570e-02 7.786937489662504319e-02
7.257455036176996277e-02 -2.109360377158246980e-01
6.417240052513195625e-02 -1.035437413984235944e-01
8.391386788021037990e-02 -1.869088658839892503e-01
8.348622603142108467e-02 2.701773104202215281e-01
-3.847766462398238829e-02 8.670515770320752491e-02
9.290772403761282661e-02 2.788180316849128149e-01
-2.634988488371339255e-01 1.107829406707258046e-01
2.341826828842550334e-01 1.059811991182241231e-01
