5.141484233231075063e-02 -1.487168588328388052e-01
-3.398101538567109836e-01 -4.500767588820009379e-02
-1.309972413717500617e-01 -2.943872349174436742e-02
1.491353165044195794e-02 -3.039639566588414610e-02
5.385517621426183510e-02 2.640493431391616186e-01
4.363274840616637729e-02 -1.967508717971587773e-01
3.865377680002468619e-02 -2.344016378051285709e-01
4.340561791582819851e-02 -4.748979563077849742e-01
-1.583161375732994314e-01 -4.496658053516777720e-02
5.407887893522800304e-02 -4.939692391197978427e-01
-2.525495931605851174e-01 -3.964146899103671018e-02
2.113986164033272441e-01 -3.559527197011391753e-02
4.431746935699365508e-02 -2.710350600484954242e-01
-8.894144534111558809e-02 -1.810554910174344556e-02
4.964262147189135721e-02 1.603076672772398847e-01
4.573726888555529335e-02 -5.167351361662086973e-02
6.927306469906258091e-02 1.503713869778096068e-01
3.678202478399567044e-01 -1.849526168095882994e-02
6.236479184021126443e-02 9.725102242849503753e-03
5.965291498452107710e-02 1.937341626359353475e-01
-4.926449515728825723e-02 -4.585361532435328069e-02
-4.971191900411331410e-01 -4.275037607404230666e-02
4.758014999010501400e-01 -4.550997306502879702e-02
6.688646987605095795e-02 3.154326230526427466e-01
-1.797300753240009819e-01 -2.101222197774055278e-02
1.697054311234521551e-01 -3.076876094256086880e-02
6.873281469242709107e-02 -2.979729195474360992e-01
7.157314066652009643e-02 -1.269895621282545184e-01
7.165353660881346176e-02 2.788982022219037571e-01
-2.259605193512784771e-01 -1.689601096532644675e-02
5.056622107678498956e-02 -3.302018316471565518e-01
4.452602419451421323e-01 -2.479109810384860779e-02
2.847678325398405041e-01 -2.334144667713133892e-02
7.034948496873050239e-02 3.927874942484977927e-01
3.035996755087694288e-01 -1.546092520560338190e-02
6.914622779031831534e-02 -4.289408179412428357e-01
4.129150319029806226e-02 -2.335924861811281561e-01
3.929203929092905945e-02 -2.869685151269639745e-01
3.927814903012416536e-02 2.142415850257295418e-02
4.306752376789080294e-02 3.783938970065789942e-01
-1.047359884474385883e-01 -2.002446234815091763e-02
4.519679021451228351e-02 2.335972062777863512e-01
-1.665556147148137267e-01 -1.683869525425574221e-02
7.189597539730274711e-02 -1.191706474131751792e-01
-2.683097565459955369e-01 -2.702287892276988845e-02
5.073724961570813541e-02 -3.759935066623637523e-01
1.230239622823814383e-01 -1.592588305258713088e-02
7.016989185482302993e-02 -3.337908660197532740e-01
5.677067388517598179e-02 4.349798442664811748e-01
-3.781895269846891061e-02 -2.826444225567958934e-02
5.680200652481026680e-02 -2.816613054268105598e-01
4.947376164349304162e-02 -1.536930798015055943e-01
4.007024849768406893e-01 -4.172028199745625443e-02
7.129741449398396824e-02 9.780632665155442051e-02
5.528659942538072247e-02 -3.189472251230052180e-02
-4.237593191256222580e-01 -4.224923193261764798e-02
7.116158755131918312e-02 5.457982208785350231e-02
5.892986710582748255e-02 3.424557699119560317e-01
3.778229840000371098e-01 -3.467884170471002836e-02
6.712007953768683866e-02 2.304753148991388612e-01
4.806514585140819751e-02 -5.107393933460346869e-02
3.162996426204818246e-01 -2.771168848036820176e-02
4.065440359059624420e-02 -8.868583462068857504e-02
4.503387187787732948e-02 1.561188837786506856e-01
7.219172543197849290e-02 -1.523200171851506468e-01
1.550711730561932233e-01 -4.138333798512838779e-02
4.576835370601617381e-02 -1.622092736343627717e-02
5.727168890205913687e-02 -1.995126707148385803e-01
-3.733160644366495529e-02 -4.405068015021951222e-02
4.937281459919240501e-02 -2.699594353979690720e-01
6.014931420052449518e-02 -3.087166956999854994e-01
6.979690442085106916e-02 5.084615925724733643e-03
4.520829593545672154e-02 2.887458541036098669e-01
5.318389752659391512e-02 -4.497380587118307016e-01
4.848728336254415350e-02 -3.091062667891216753e-01
-2.005051775197260744e-01 -1.893256368314644167e-02
3.894540144616414068e-01 -1.756911268965111184e-02
5.167457649253714980e-02 -1.852746611192601645e-01
-3.792049094925666886e-01 -1.666109604152343771e-02
-4.860456561041559542e-01 -1.530841068210508915e-02
3.093233068852297984e-01 -4.595094939301491710e-02
6.620385564153186131e-02 -4.265503627411930676e-01
-1.231427412746637362e-01 -3.788982462668755158e-02
-1.247926389321197815e-01 -1.704817939744018851e-02
4.614287751379647640e-01 -2.500916885577220139e-02
6.490130556208606460e-02 1.798525651913549517e-01
4.194291283512396884e-02 8.537568768617376236e-02
6.645546465474494457e-02 4.792846411619002822e-01
5.355621254195275238e-02 2.068100523297139448e-01
3.063863061977882829e-01 -2.913513945269408101e-02
6.916961676707777951e-02 -8.586878817348098103e-02
2.340255257668139022e-01 -3.182360965061437064e-02
1.418132570791148517e-01 -2.676850702570132690e-02
4.653297202294515156e-02 2.339264213689029592e-01
7.356075257704097758e-03 -4.157248839524041450e-02
5.329135311399335606e-04 -1.680118793470064542e-02
5.549949398898190722e-02 -1.384114668600487930e-01
6.236420570204159741e-02 2.324644622270937155e-01
3.571247437357832899e-01 -1.668361832356501928e-02
8.468372867262186077e-02 -3.714968902381421412e-02
5.406495144464851244e-02 -7.549424898578294130e-02
-4.707295328278701119e-01 -1.943432981727288844e-02
4.503205541324400984e-01 -4.593098494920699881e-02
-2.152240068231782155e-01 -1.577132618549370591e-02
6.716851270901147419e-02 3.509173326918646474e-01
2.665507299429881183e-01 -4.397787913274953109e-02
5.750636331352299013e-02 -2.103948441487331067e-01
4.997811941829830573e-01 -3.557093710401104669e-02
4.683932994459438781e-02 2.684538500624864543e-01
-4.224973533786049451e-01 -1.884636964890562538e-02
2.217541892873289289e-01 -3.481585022666966456e-02
-1.234090290389669997e-01 -3.230345268102341461e-02
-4.581728203775681241e-02 -2.597052295865254212e-02
-2.530411091182710459e-01 -3.730284197866284845e-02
2.582246220685207039e-01 -2.925675690594820022e-02
5.654409206616894945e-02 -3.368766683719801591e-01
1.561886387676443277e-01 -2.220622016514328667e-02
6.127099490206799892e-02 7.331761234488487489e-02
2.040320009752403241e-01 -2.698767494133447187e-02
5.445846325627001772e-02 4.498144447097810472e-01
-7.152616060069261206e-02 -2.713657100962818536e-02
-1.911826407249291870e-01 -3.317477561467063740e-02
5.191448522970476542e-02 4.801125463355537804e-03
2.314318492388475201e-01 -1.869406131721740305e-02
4.731433424396491727e-02 3.737691645599180434e-01
4.244183277115687325e-02 -7.624654882420256463e-03
8.067621801145719029e-02 -2.885202300732980785e-02
-6.523671062626934525e-02 -3.425882609866404138e-02
5.869259875054178011e-02 -1.329898951811788743e-01
7.230153220794555136e-02 -2.735568030741292178e-01
5.231635968258874225e-02 2.319664382931743152e-01
9.799029125749580960e-02 -1.936900186312873196e-02
-3.377092215845464152e-01 -3.408597012612535337e-02
-3.812926423171055790e-01 -3.293842208072472744e-02
5.473657036989909574e-02 3.476258659604983814e-01
5.718145140692953987e-02 4.737219944016192175e-01
-4.474280509998432853e-01 -1.847509099729383042e-02
6.428237152288662770e-02 2.022136630126062373e-01
-2.623644382665775154e-01 -3.647427787722434811e-02
4.217698387700200557e-01 -1.811127005228863052e-02
-2.399690062873207630e-01 -1.536741012688780383e-02
4.370899834447926624e-01 -3.352252051004722677e-02
-1.164388329658287979e-01 -1.725204312523898054e-02
-1.141914052888884923e-01 -2.462752812994295493e-02
-3.175437384944423957e-01 -2.572469536338450879e-02
3.145427125879871610e-01 -2.137854176324460731e-02
5.535863760652326437e-02 -2.349538845921439467e-01
3.984625611369096987e-02 3.439027267370128316e-01
-2.448619922444272845e-02 -2.779928595920011514e-02
3.829763517568707254e-02 -1.433012358437715239e-01
-3.236240311941783743e-01 -4.237269156107537071e-02
6.085046840287011705e-02 -3.597419607122449570e-01
9.975637352182387119e-02 -2.192483019279500844e-02
7.052541947913659737e-02 -4.794529360037517174e-01
-7.100895346739710678e-02 -1.960303078622871453e-02
2.860144729449982659e-01 -3.253058182540502496e-02
6.694399801858719190e-02 -2.850519297211093761e-01
-1.928230673621583735e-01 -4.569604306309715813e-02
7.052656746426000378e-02 -1.786468214052198134e-01
-6.829402839062415076e-03 -2.308079099822879510e-02
5.538299125866230632e-02 5.497241488058968173e-03
-4.069254453200377153e-01 -1.972987483572885559e-02
4.293131260111173741e-01 -3.908372174151264478e-02
6.300772871553417254e-02 3.218637566703046460e-01
5.770799843287544029e-02 2.479468056330103032e-01
-3.023279505402919343e-01 -4.266257055639155471e-02
5.570494496295752551e-02 -2.531318387023870908e-01
4.651797097285670368e-02 4.460758849664130388e-01
6.561164164753163774e-02 -6.876507169386725238e-02
4.162004958721421399e-02 -2.402344023670321960e-02
6.083002953556226888e-02 -4.344921187371120208e-01
-3.546621815371487907e-01 -3.528493594824255730e-02
-3.978544821882318283e-01 -2.214315716743131546e-02
3.649349308112348478e-01 -3.118666462474750656e-02
-4.759206796016113294e-01 -2.360799294701576567e-02
3.968276740562015625e-01 -1.506867914040643797e-02
6.936968281419653160e-02 -7.926046985154311386e-02
4.317367294436689207e-01 -2.949718282900348765e-02
3.830184912114198426e-02 4.470883127498063159e-01
-7.122430431877402324e-02 -4.435978239132032375e-02
1.396983496647991041e-01 -2.796780672927623446e-02
6.203859525061961033e-02 -4.075232658593868074e-01
5.326388856160324536e-02 1.151148176052879668e-01
5.275434502881881649e-02 2.679304782145541797e-02
4.432736164365080889e-02 -2.006687615573454764e-02
7.147038659793969462e-02 1.527450556623356492e-01
4.898445319787051444e-01 -4.475598882816322899e-02
-3.549468339958781193e-01 -3.375703099890536851e-02
4.683086892272292356e-02 -1.288485672776449320e-01
4.618566545254787492e-02 7.849125537614298764e-02
-1.665803153774562118e-01 -4.182832766056787666e-02
4.585085675192002164e-02 4.908025881039730365e-01
-2.528554263940415714e-01 -3.701523633940229097e-02
5.189282662295591209e-02 -1.615765126716134370e-01
4.397559470606660081e-02 -3.705616695820852513e-01
-1.095883746903939526e-01 -3.883104340224630135e-02
3.928023368494827361e-01 -2.557627751430135987e-02
4.377346239597534883e-02 1.830121513179594483e-02
6.952395859158855274e-02 -1.490174545319723487e-01
4.073318938379477672e-02 -4.185245541625961518e-01
6.644459390513779429e-02 -4.927039473358185706e-02
5.708903452868319128e-02 -2.985202677092405610e-01
5.489782503201678932e-02 4.949249416819712089e-01
4.257930865415360255e-01 -3.404974696027840420e-02
-3.970957704671380650e-01 -3.635116905700486178e-02
5.325473919389323019e-02 2.199367393761426648e-01
2.789895985369332809e-01 -2.502746100159414233e-02
-4.328656057630733134e-01 -2.382805077683092243e-02
6.398083594288206388e-02 -4.435246294956132207e-01
3.129938054801992831e-01 -2.848637544255039344e-02
4.214178443884021297e-01 -3.822405082833124634e-02
-3.611557593074899986e-01 -1.515473955165869135e-02
-2.329292284429284043e-01 -1.921652638765081189e-02
6.521139373595152833e-02 -3.837494125931791844e-01
-2.287656589014910313e-01 -2.373729981706562686e-02
4.644775664629452461e-02 -2.243027013298689587e-01
-8.891768381960685197e-02 -3.863501950123715556e-02
-4.806252548558952453e-01 -4.388357855132418717e-02
-2.532866388406751490e-02 -2.144912278026744890e-02
6.994455677822342121e-02 -4.447774478982418067e-01
5.006845705298479388e-02 3.994833276983140724e-01
3.736795163155182120e-02 -2.246428301233049929e-02
3.710332357329504394e-02 -3.988884387514968211e-02
-3.916668068813449199e-01 -1.859439513129701460e-02
-2.955425658660183474e-01 -4.232547938173392144e-02
-3.466666429574346564e-01 -3.012156046699876466e-02
-2.349893103277744810e-01 -3.385820831374697359e-02
4.106803145977444558e-02 -1.746302593673730863e-01
-3.551984283108742257e-01 -3.295739802003738728e-02
-1.272393437862122667e-01 -1.654347348706652898e-02
4.598311110260888679e-02 4.585506411984737740e-01
5.081053455571438171e-02 8.094719170594510960e-02
3.822753476094564729e-02 2.069638108949639621e-01
-1.041022836875505897e-01 -4.168365077558244813e-02
3.746174087664739805e-01 -2.220288856055951943e-02
4.836372610440851094e-01 -2.949421305183264064e-02
6.746981796006745746e-02 4.936481910343822888e-01
4.867310998651874776e-01 -2.513303576982828247e-02
-3.525819083072416760e-01 -2.642241317269256040e-02
-6.452616459771820523e-02 -4.217319965462573705e-02
2.936491493483768256e-01 -2.792927473950135298e-02
-1.728220955681265547e-01 -2.721624885865081556e-02
5.903089877934053487e-02 -2.032860683022447157e-01
6.179631950279562691e-02 8.550621954718096163e-02
5.491855394955946768e-02 2.315128336704130874e-02
-4.901642162961229454e-01 -2.819460839242937666e-02
5.455047063315343614e-02 -2.937631495961345873e-01
-2.151833921584668241e-01 -3.483806271860989678e-02
5.493495558232364129e-02 -1.745048665169210977e-01
2.349803837258067629e-01 -3.231486500596181255e-02
2.504966527754154404e-01 -2.327059962219224509e-02
6.648369945463006303e-02 -3.036692797029422186e-01
7.024220964312022364e-02 -2.787438192407873938e-01
4.961444375034638199e-01 -1.597569808098087130e-02
5.672251488515667184e-02 2.540240244195123287e-01
1.647779799652397958e-01 -3.023677247489198194e-02
-3.522936168578713056e-01 -1.881111886829256452e-02
1.755037486709392081e-01 -3.708058923781420990e-02
-1.023080888008260914e-01 -2.723362426430286920e-02
-3.179186638922144592e-01 -4.539304454675940903e-02
7.227136797134670054e-02 -3.927423728390774249e-01
-4.142297614633662084e-01 -2.997558253939036632e-02
4.710624332386259550e-02 -4.339453887630514428e-01
4.031380271869955401e-02 4.108887439189097268e-01
3.977485140165104571e-01 -1.553521133658042341e-02
6.641823729620777161e-02 -1.574035355008664983e-01
3.841501020263093924e-02 4.173943776067523537e-02
6.550936011698582639e-02 -9.011063567086541326e-02
4.653647235538649340e-02 1.337597382713437977e-01
-4.431160989334210765e-01 -3.552862622906793888e-02
7.187199590234016888e-02 -2.794862949468447377e-01
4.000926449904840254e-02 -6.147483236862849587e-02
-9.378598677078608947e-02 -2.499660433702910467e-02
1.228690604411329934e-01 -4.551817362096077790e-02
4.044188941238069379e-02 4.982972526216777887e-02
4.554758779928469448e-02 -3.864108952961076149e-01
4.758856839805780670e-02 -4.148168454007894468e-03
4.023498286776716615e-02 -1.851209758121159510e-01
-4.709878172492609760e-01 -4.627883306400082386e-02
7.008526116452695742e-02 5.513459392241204515e-02
-1.517945832700634545e-01 -2.767835902279425220e-02
5.942746371749352274e-02 2.325525748652358393e-01
6.999324327771261345e-02 -9.534730473749464252e-02
8.082540018372341706e-02 -1.577736381750560746e-02
-1.154987963958116204e-01 -3.541726145455981190e-02
4.987839595405685333e-02 4.136089509473154235e-01
-1.424159476384365686e-01 -2.430692095091613325e-02
-2.868162467111075031e-01 -1.538477964986428859e-02
6.141295516827438572e-02 -3.571315560875676365e-02
2.640973980737487681e-01 -2.053329443137053012e-02
-2.514524504198584198e-01 -2.444279333285481748e-02
-1.043773203205781153e-01 -3.564266585167596979e-02
4.555339125528673483e-01 -3.436265291769058372e-02
4.351322488242448383e-02 -4.420407729788951023e-01
-2.936649349592446168e-01 -3.157367114004960840e-02
2.889038204017276845e-01 -2.499234632609281803e-02
6.246898149613955287e-02 -4.636247479569911567e-01
4.208563220933791982e-02 3.447155900481312374e-01
7.137368544804201242e-02 -4.840526947855491313e-01
7.825853291314599502e-02 -1.504826750287735493e-02
-5.405030192527771060e-02 -2.720112303949717703e-02
-4.502858043888742223e-01 -2.904935347588599726e-02
-3.920064224731061309e-01 -4.250178654849101623e-02
4.773734831736031747e-02 -6.727067276435272358e-02
-3.285248201004571378e-01 -4.521058842389646948e-02
6.842038217125689936e-02 -3.166966285562282657e-01
1.358406323157156370e-01 -2.511825728159078341e-02
4.900967087518792731e-02 1.562621591250450415e-01
4.835100226971189574e-02 3.311261646693797189e-01
1.131755471365896160e-01 -2.379958810325966123e-02
4.223668902586944496e-01 -3.135057434036647717e-02
-4.589370790683656720e-01 -2.028585789141845730e-02
1.327069354792697053e-01 -4.148988685083476735e-02
-3.473970747460181085e-01 -3.264571400333182716e-02
5.691206458961550751e-02 -4.430021356724265225e-01
2.645712885354645216e-03 -2.691811853990933034e-02
4.953868639677094787e-02 -4.264083561097760100e-01
5.443726843882301658e-02 -2.559021739600699785e-01
1.791954272204450138e-01 -1.758320206580132883e-02
1.556176112917704302e-01 -2.269422889288130740e-02
4.361295456608893506e-02 -2.775960496918862264e-01
7.119791751858595141e-02 1.799596802337546375e-01
2.738514438349959335e-02 -4.389477870917857238e-02
-3.804364842639172961e-01 -2.011927649216116443e-02
4.733107130465008527e-02 -3.165625330189714148e-03
3.302399113871244962e-01 -1.960853286102060000e-02
5.284346333640321802e-02 -4.785998082655362751e-01
2.859017510641638227e-01 -3.715169720089461780e-02
5.625093981782103292e-02 -4.735269118526265197e-01
-4.889808587613130308e-01 -4.601345259226552464e-02
6.667463731493650236e-02 4.547700712210290819e-01
4.184124446843628942e-02 3.671243700015941469e-01
-6.551180495844211027e-02 -4.366554897344387953e-02
4.062647987971845787e-02 3.025469203109820704e-01
4.615501555494108121e-01 -4.391972146437317370e-02
1.110741769562643144e-01 -3.324589033363734014e-02
5.900493299549158799e-02 2.161157304979238747e-01
-4.027459439253302520e-01 -3.164462195919348630e-02
5.804559416007815109e-02 -1.871592337978860154e-01
