7.351664533535851032e-02 2.181451947111345824e-02
7.637370660111186815e-02 3.977909520255322740e-01
6.415700586457362409e-02 -3.545646354945687362e-01
9.194097083225549749e-02 1.380940400688608349e-01
3.809188937664516050e-01 8.408437676999758192e-02
3.133616144904667333e-01 9.004761494600665994e-02
8.846302576696640774e-02 4.156695063655135858e-02
1.769032189267321087e-01 8.548948813164403138e-02
3.079152013386100561e-01 7.683889071763305711e-02
9.168070210736944947e-02 -1.004364575676652827e-02
8.955790694045584477e-02 -1.207729190346655823e-01
7.684673374056638639e-02 -3.574280866896573094e-01
4.936536474587207568e-01 8.322950911318549583e-02
7.604139347938654314e-02 -2.725465890787334144e-01
6.867465670820449564e-02 2.934569703461790136e-01
7.149058302849020663e-02 -1.421870541113057218e-01
8.152552396041601313e-02 -4.485566680517085736e-01
2.653139504022804518e-01 6.971499625059640604e-02
-3.643099332652827149e-01 6.908710504749870918e-02
8.461362903405778013e-02 3.588810903763650639e-01
7.897422122400610256e-02 -4.003423068697475884e-02
7.925993186944768620e-02 3.941354102914943480e-01
5.957185501096140534e-02 1.896859386263198832e-01
4.325349807971656801e-02 6.478510520059688194e-02
6.147901628843488453e-02 3.558597760243764618e-01
3.448331406388965847e-01 9.574323882505209049e-02
8.706535343191390552e-02 -1.502557122781119636e-01
4.358263615866353469e-02 6.170975349053819947e-02
-3.129701782278249134e-02 7.535089997507249393e-02
6.284074928725802422e-02 -2.369044136290335834e-01
-1.926877905134106728e-01 7.435445813311081231e-02
-4.149715847007527936e-01 6.023048890558857504e-02
5.811684039385012213e-02 1.666299764041603293e-01
8.154976554658233123e-02 -4.244551417318427333e-01
-4.866969667162506230e-01 6.116462522373822264e-02
-1.678211549766762678e-01 8.318107056346046857e-02
8.235607029676439428e-02 1.353173737571722324e-02
-4.399667679352847749e-01 6.809359924526614538e-02
6.084826512381680264e-02 4.445227690670439102e-02
6.114101040010344601e-02 -1.353424341382586382e-01
-3.916501445897889733e-01 8.268817343840395573e-02
1.290166313509790719e-01 8.937051542946694571e-02
-1.637504688131241615e-01 7.617325838934085880e-02
8.638343174665008561e-02 -4.896814260054247470e-01
4.369075304527929582e-01 6.110423660461816731e-02
8.398528173068386948e-02 -2.888979892412681938e-01
-3.725592685575123131e-01 8.241114885144318336e-02
-1.887376101466963219e-01 7.761423839666181657e-02
8.713773305250105405e-02 -3.597548762398633526e-01
-2.375812449894387779e-02 9.472025422457008847e-02
1.257421613690090645e-02 9.014792072229527164e-02
8.217490917788861093e-02 1.284574497232205958e-01
7.109646783719136831e-02 4.205440452073504476e-01
7.611706266575590796e-02 2.149478348485158730e-01
8.572708557882791069e-02 -1.724589863794754319e-01
3.238026269851898009e-01 8.425700308899419788e-02
-2.250275463775329721e-01 9.602483876156997500e-02
-1.514547405747903586e-01 7.209506411693045180e-02
-4.061092719504525439e-01 7.531858266448010486e-02
6.311917554418733367e-02 1.569052580633090166e-01
6.220303015060146823e-02 2.119299362686337673e-01
8.663709407015773856e-02 -3.978003588302516658e-01
7.067206031598272098e-02 4.498452283429704712e-01
-4.131526611495830448e-01 8.119033737184733202e-02
3.979859369092625387e-01 6.239510696101402409e-02
-1.715827979953810090e-01 8.465628481182108089e-02
-4.746630241311156073e-01 6.471607159278303101e-02
-2.685989014274547948e-02 8.128471186930819048e-02
7.916621101634624402e-02 3.806174852586563517e-01
-9.993031187739120913e-02 6.139479386835577923e-02
4.619208032446429080e-01 6.942315000077003972e-02
4.723922304656142934e-01 8.233683057179708165e-02
-7.985632158211297682e-02 7.592718287675781497e-02
-2.744554803995824521e-03 6.195633738373984567e-02
8.372918354794267604e-02 6.274275769663273383e-02
-2.863357775336439204e-02 8.979103293778312178e-02
-4.194071242278408773e-01 7.663878775058130532e-02
8.571236497350986916e-02 -1.431573527923218903e-01
4.934017136629398337e-01 8.017468304790398292e-02
7.915217883596337156e-02 4.129753724411138194e-01
6.126617395819944356e-02 -2.445796998685658696e-01
3.479430600883504088e-01 7.346896863245477860e-02
-2.078903658710731239e-01 6.388583128620906049e-02
3.833614179976970737e-01 8.300751151324148314e-02
2.759467326624966965e-01 7.631166904918817995e-02
8.555545543407672149e-02 -4.624846787704977036e-01
6.893907155759737559e-02 -1.030968450246115831e-01
9.003044531477788492e-02 -2.833232549353935648e-01
7.197324552425254929e-02 1.731648850662494965e-01
6.065380908792716852e-02 2.145819638038787280e-01
6.792635248529521608e-02 4.564407188831364204e-01
-7.571303821469999029e-02 6.162370107139347741e-02
-2.030299859086944769e-01 7.237828342775465273e-02
6.387047150746427704e-02 -4.635624867749532640e-02
-9.353476985436914859e-02 7.513218521288711482e-02
6.896286975173948619e-02 4.722995818465413054e-01
7.099101478266689469e-02 -1.174488754495728315e-02
4.368310419474602524e-01 7.925018156874552577e-02
-4.510999760484473153e-01 9.140112630591401555e-02
7.904102326588180460e-02 -1.101350391072989376e-01
7.716292107942024359e-02 3.908972464290660920e-02
7.424899397776418830e-02 3.226816730845426529e-01
-3.783622007319408231e-01 8.467397325880654524e-02
-2.560724486657827148e-01 9.604261726713358982e-02
-2.486719025430955687e-01 8.972119371373876717e-02
4.326623586347589923e-01 8.444352166063029408e-02
3.047445395910084454e-01 6.298634400782021636e-02
8.771684359499221095e-02 2.922358510408822330e-01
1.778501180044025354e-01 7.093121038657990152e-02
3.355614975991825233e-01 9.170343627646759810e-02
6.756526943959273446e-02 -4.013480646575323663e-01
-3.169174476217658798e-01 7.601767100646594777e-02
-4.026395488179699278e-01 8.803323482385783105e-02
9.303934830215154772e-02 4.604790967997021145e-01
-2.565001484513557140e-01 8.673671781074021592e-02
-5.515800225902534049e-02 8.593827461279845981e-02
5.706524421192038510e-02 -3.634434402415542831e-01
1.119622625975964514e-01 6.258619624300321149e-02
-1.640815880302822771e-01 9.529470674267404018e-02
6.565379617594202522e-02 3.836644131434482352e-01
9.109486523291920879e-02 -3.549071013575799682e-01
8.714001236320978450e-02 4.881706941144289269e-01
6.138707633521955920e-02 4.627710175943010595e-01
3.951506041023503668e-01 8.718829727138788233e-02
8.565939485594653569e-02 -2.655744721260213659e-01
2.767176204365831005e-01 7.002391924073680940e-02
2.556541184434368841e-01 9.261485481933329211e-02
-4.940994306528512237e-02 6.576206895137037822e-02
6.813994973676051892e-02 1.672407946965734915e-01
8.459394852406387777e-02 -5.114818964341016905e-02
6.907179041563915600e-02 1.657409207587723365e-01
2.736177317302518341e-01 8.899584210255495620e-02
-3.768565188904544616e-01 7.246209312178297779e-02
6.141166810479192772e-02 4.156537044092774025e-01
-1.008247339669987586e-02 7.979072223147232190e-02
1.937717187469789604e-01 9.421593679965423185e-02
-1.504665736220037742e-01 9.537285271724416091e-02
-1.136878961288744216e-01 9.514798949345937285e-02
1.382991512335625117e-01 6.012507540243194892e-02
7.591291593645188573e-02 -1.262815461800010919e-01
5.860786162971154400e-02 -3.362850904462425516e-01
3.403587729635872972e-01 7.272077342330085514e-02
8.094977794609037325e-02 -4.076757794831964432e-02
8.793228838615130272e-02 -8.280064593675373619e-02
-1.706048376683271250e-01 7.953781358166678306e-02
2.665996257600079522e-01 8.218462624140954187e-02
6.752896908005279197e-02 -2.984376544783967633e-01
9.211973451463695284e-02 3.132495903444226792e-01
7.954494796480726659e-02 -2.836868283854191430e-01
-1.121688673200050834e-01 6.244310201579572617e-02
3.447187486821942093e-01 5.954091809407913161e-02
7.202543925116744461e-02 -3.723339398998058991e-01
-8.892000042252301562e-02 7.264566590822729708e-02
6.276795932826939595e-02 -5.448335116234326314e-02
2.095374688278854869e-01 9.040751486649700741e-02
8.200838486108175118e-02 2.896201277704399946e-01
5.725266780599524985e-02 4.158694417115988973e-01
7.925004005362146220e-02 -1.179929850081410381e-01
6.905362319214414235e-02 1.814003540044185625e-01
7.527755886923004347e-02 -2.087764763746181584e-01
8.605468446474362487e-02 3.291864546901847044e-01
3.580509659040499448e-01 5.872509739714937282e-02
1.248176587981748575e-01 8.926970794107125240e-02
-4.003960670251679455e-01 6.912068703318896556e-02
6.527062928283855481e-02 1.602448328969404701e-01
-7.940630852717878163e-02 9.012586371577013811e-02
-2.696092648495920230e-01 6.427296897791778818e-02
8.846957322647863720e-02 4.438838205674221493e-01
-1.103232385253282155e-01 6.244130920812129837e-02
3.047932262453754149e-01 8.867818252521164624e-02
-4.384745058888103175e-01 6.657413388597721582e-02
8.147545193745620029e-02 1.792567912974751820e-01
6.002802321264444352e-02 -4.615235301015062630e-01
7.154442304407671038e-02 -4.342345776442682048e-01
7.205190527389337962e-02 -6.619159635126492525e-03
-2.936039798854861438e-01 9.616438538318972107e-02
9.055504471097242103e-02 2.447145686391460906e-01
-3.891359684688476817e-01 6.854895985391851188e-02
6.937156291101176375e-02 -2.300175102359358625e-03
-3.510465598743646165e-01 7.802436749742658328e-02
8.716194502436580560e-02 -5.417001793633180462e-02
8.314567994010169105e-02 4.349373259640642031e-01
1.300401940024342728e-03 6.880754293967394908e-02
8.048644534817461782e-02 3.361731195196893118e-02
3.236988672923359900e-01 6.127820930065597249e-02
-3.822929170876483429e-01 9.433600836034361503e-02
-4.535761872294505892e-01 9.500868379205562597e-02
4.230050220576448972e-01 8.204463212259038851e-02
-2.728939389846205543e-01 8.958234190279235065e-02
6.572155357417142074e-02 -2.208550020296869976e-01
-3.136406971174138247e-01 8.749445769513053417e-02
6.386127069119273969e-02 -4.602654470038683998e-01
-1.945148346114808913e-01 8.484698340880769685e-02
7.471697861242387884e-02 1.774172538333476101e-01
-3.805705696029472174e-01 7.218738321789186507e-02
3.252354153874290610e-01 8.946579912498653364e-02
8.606625337989137758e-02 3.392166485997690772e-01
-2.865679502949745050e-01 6.300590902495417645e-02
-2.387541653631540806e-01 8.942991442794334667e-02
7.040138304132348424e-02 1.620457329759626974e-01
-4.287234537549136082e-01 5.871613742249603973e-02
3.571360077758836127e-01 8.690605260840977841e-02
8.889493452109364924e-02 9.652187657764732531e-02
4.175536915918776071e-01 9.221834072293677576e-02
6.075341137179712803e-02 3.220454824991370035e-01
6.296568471179009308e-02 4.667780918096187115e-02
6.937805479574288281e-02 -1.070855640083403504e-01
8.856435937697637595e-02 -1.495642693417088553e-01
6.244881100867372137e-02 3.248695512752780568e-01
8.776323221216264514e-02 1.447361265326539970e-01
8.197000825708078420e-02 2.271464939930801785e-01
-1.248699105467834247e-01 7.134632077219071888e-02
1.596435442811304783e-01 6.222367511020743258e-02
1.039544369664313628e-02 7.510918650671294383e-02
9.359737095624676151e-02 -1.501011520312396375e-01
3.069335825742572910e-01 7.436994427942233976e-02
-2.036732672253808163e-01 8.364807005603158707e-02
8.707410374356194804e-02 -1.642700029900410197e-01
5.787984566875914449e-02 2.096073718953030962e-01
3.828980036497224848e-01 8.248255519247715828e-02
3.883452971067206105e-01 8.044677198098992843e-02
-3.687267990467132384e-01 6.304737230347590149e-02
2.877677443093085152e-02 8.072255707297348870e-02
8.282019830839726371e-02 1.031954418703245890e-01
-2.811953372131543727e-01 8.741232653864561275e-02
1.227947680966590127e-02 8.680439993149136058e-02
7.949803595916893340e-02 3.033585161293563814e-01
8.777802731962758287e-02 -2.034304722665427612e-01
6.991279731904076478e-02 -4.709318681044379895e-01
-3.806979938229732019e-01 7.118213655636040915e-02
-4.901113648628013797e-01 8.726821573147947042e-02
5.996344155719235403e-02 1.085934704614944790e-01
2.478631366287482596e-01 7.450191148459195389e-02
7.965420255744903866e-02 3.785379992891101386e-01
6.324816841808811319e-02 2.744760970692273760e-01
9.005428633034928687e-02 -2.412769231905195211e-01
1.269911465440506371e-01 9.576018632453486834e-02
3.425974948028951417e-01 7.000763140222321379e-02
7.541108432663168326e-02 4.540435195360081888e-02
-2.367919456444211868e-01 9.357123684038270994e-02
2.605679927250940109e-01 9.391268266402563736e-02
6.626578207507050067e-02 -2.770676710851169844e-01
7.927095323839761232e-02 -3.966541808381910394e-01
-1.290714095449719823e-01 6.578119578147778590e-02
-3.128483248168852926e-01 9.464117963654272714e-02
-1.924747525168674089e-01 6.898350842798484095e-02
7.800413008699191852e-02 -7.083490715495743828e-02
8.927303368085992563e-02 8.760689777883112761e-02
2.722561558488590938e-01 6.876407589886834870e-02
1.000374709614715307e-01 5.986199008568926505e-02
3.660957786322868168e-01 7.106279631815304310e-02
4.440246463386624542e-01 8.342136973433211811e-02
1.419486582667245367e-01 6.083740409231275237e-02
-1.811557772055717441e-01 7.339397316008577921e-02
-3.611100244077579680e-01 8.867424910367771584e-02
4.301588984159263607e-01 7.630387503267910265e-02
3.515847427185940788e-01 7.661108999894306049e-02
8.516293276097552933e-02 1.198588731384687689e-01
-1.240186161957770317e-01 8.755336983980188670e-02
-1.852229685980949503e-01 8.010956158965543139e-02
7.976813436358110021e-02 2.916944544194931543e-01
4.556516821872846901e-02 7.195559222826697354e-02
3.828128106012806953e-02 5.951563569707762902e-02
-4.120197115211405858e-01 6.927239032117737949e-02
2.830287646200959628e-01 7.389707312600690692e-02
2.939420263590890592e-01 9.416748246443196191e-02
3.486980842281135473e-01 7.054673537556477303e-02
6.413497942493318060e-02 -3.776252394494743481e-01
-6.264728072930669800e-02 8.304632414867496593e-02
3.601569654991075842e-01 6.491710320434840309e-02
5.661331583900208742e-02 1.175549912225902771e-01
5.773012188489867746e-02 1.205839516078155427e-02
3.020904718095358543e-01 7.954688894709638358e-02
6.158943050935727914e-02 2.193007237021327160e-01
-3.795581942810135612e-01 7.026115625058781955e-02
-1.391393304708660184e-01 6.473385921189600545e-02
2.671519637868252639e-01 8.786180441699431576e-02
-2.191923582302989226e-01 8.292364305585597783e-02
4.760755926594866239e-01 9.466407958473643802e-02
-3.132304877831147971e-01 6.458687946364671806e-02
3.915996355750445135e-01 7.135804006091117646e-02
8.806970498773258882e-02 -4.178189684476758536e-01
5.667354947963909595e-02 4.201696003443496918e-01
9.292551305537799511e-02 3.429284324249501914e-01
7.594192577749281359e-02 3.144282125106958592e-01
-1.061635233832173286e-01 6.964856072261349507e-02
6.903396820877816253e-02 1.918746949119762846e-01
7.022708091221641080e-02 -4.425369205986129373e-03
7.194466340163807594e-02 1.259631403156932228e-01
-2.155809948215082761e-01 8.012968242269302710e-02
8.072806834598400538e-02 1.072069227063333630e-01
-4.120447307224559541e-01 6.964007055709964256e-02
7.324929914306110845e-02 4.106232046327530361e-01
7.893625335915477326e-02 -3.374025360576285992e-01
5.999940528136704643e-02 -2.535484562441594480e-01
3.543785077304510978e-01 7.624415503549963891e-02
7.082021208351119146e-02 -3.894251535821169341e-02
4.413337136547951234e-01 7.794143669371078609e-02
9.165926552138969896e-02 4.978595668010954434e-01
-3.820553277436909978e-01 9.334129019910109015e-02
1.129675461477149812e-01 8.910045676543343340e-02
-1.785123833184065756e-02 8.463087689154602522e-02
7.557664216144288627e-02 2.364433154848134544e-01
5.662763151876604173e-02 3.918563120997827776e-01
2.158313904362270108e-01 5.869957348457777169e-02
9.006537985997076223e-02 3.434303327705664488e-01
8.225715854418214068e-02 3.864561326767461669e-01
6.364525374299689897e-02 -4.538327476846303332e-01
-6.794233362610047067e-02 9.513899625649213654e-02
1.458555341937554095e-01 7.964459411318702831e-02
4.907960482034052774e-01 8.619991102901858326e-02
6.023777038469746437e-02 -4.030836089964031643e-01
-4.106955814825382634e-01 7.016275391525805816e-02
6.796388164607325422e-02 -1.225630077680684993e-01
8.748376811875802073e-02 7.632969459944316526e-02
3.786763804405268719e-02 8.972037816432198998e-02
8.753151932489611209e-02 2.878870029595695934e-01
2.386386445585932936e-01 8.564131638104743871e-02
7.981073920992354243e-02 3.516198648797124182e-01
7.288160536249266297e-02 -1.123943229507612385e-01
7.654798960530417862e-02 1.794953780790209397e-02
4.269201966215373512e-01 8.486221078430133957e-02
7.746098145211677277e-02 -3.579445205212600234e-01
7.692059680472174144e-02 -3.261044440434978098e-01
-3.684448542262961368e-01 6.835036298732999338e-02
6.758658908490189354e-02 7.088279092717686414e-02
-4.301892559140038097e-01 6.839681511371886735e-02
7.677213981092290140e-02 4.958271518375176878e-01
9.363106610584526202e-02 9.827712613551808918e-02
6.247603677210777917e-04 9.555321085434775874e-02
1.032127693019835313e-02 6.184841353782832840e-02
-3.793920810470617910e-01 8.440015662463873358e-02
8.768492970618624316e-02 -3.707915551602808391e-01
-3.144776026317391837e-01 8.921595874015131322e-02
7.657858447860699247e-02 -4.720779280836140401e-02
7.316516147942730974e-02 -1.936260821253263931e-01
7.687531522775503667e-02 -1.707273846753789570e-01
2.505484529172006258e-01 6.527284190753812609e-02
2.241847546040657280e-01 7.585892464390697754e-02
6.113912913050012499e-02 2.891213428476742120e-01
3.694905324524523360e-01 8.475135938551170423e-02
9.968479483700298793e-02 7.129716321109269561e-02
4.232069451805705596e-01 8.773780780305995286e-02
5.884264759478319284e-02 -3.861884688206016492e-01
6.006745097365884245e-02 2.954763887914494402e-01
7.591274550787530107e-02 -1.714540627495724223e-01
2.681476885125659848e-01 7.975026279972186050e-02
8.341828804750595072e-02 3.235055439946787903e-02
-2.286958530509838328e-01 8.816949708822974241e-02
-1.509731944624967959e-01 8.528568112067702600e-02
6.102786210103727793e-02 3.863193050722462107e-01
-1.261245504753212288e-01 6.733943939513054033e-02
7.036313591922371824e-02 8.193024475051857713e-02
7.294128536691746323e-02 -9.623941920400813643e-02
2.683674654500570744e-01 8.881166787783767447e-02
6.478467322675252049e-02 3.605040544126516533e-01
-3.885525080839670187e-01 7.545370784426919109e-02
-1.581073093549688613e-01 9.357641477150502318e-02
6.320030097169204719e-02 4.773327286581875439e-01
-2.888254019720037924e-01 8.404323014766112987e-02
-6.374866585770355698e-03 7.555420094461962055e-02
-1.459045912809372458e-01 9.079803366690397670e-02
7.321785127795277237e-02 -3.074271678405658959e-01
3.402769624607576704e-01 7.358474538398485087e-02
-4.339952827139481606e-01 8.377834766953029533e-02
8.331899359793137894e-02 -2.890159638633887917e-01
8.666846809138584184e-02 -3.837001372809121236e-01
9.214238078206093974e-02 3.950722932148619249e-01
6.539416259195984793e-02 -4.396526931469229016e-01
7.474321128754379817e-02 4.168612825599483651e-01
6.258419127913805724e-02 4.383960636051771331e-01
1.853842543527384201e-01 6.530786190665038848e-02
4.043992700162248877e-01 8.118772225488712913e-02
7.483241332153256486e-02 3.079305422672895531e-01
6.064364090795448803e-02 -3.128351233766157868e-01
1.499629627013099320e-01 6.789361155931072922e-02
-1.031501941055883442e-01 6.364608985297859345e-02
5.909520817878455290e-02 3.398232013246170746e-01
6.169326696816845867e-02 4.237243451380449111e-01
-6.885071319033442272e-02 8.878533252192288838e-02
6.174349787451260951e-02 -1.320218436510939286e-01
8.071535323086331815e-02 3.750386077218087477e-01
7.973828000699878515e-02 -3.231323876854721444e-01
-1.195532508274774752e-01 8.445268688223295239e-02
3.969722302631883970e-01 7.270397069788103739e-02
2.521398465306523562e-01 7.995065614433594092e-02
8.190221349519910543e-02 2.064961133249453296e-01
3.194027459812209813e-01 8.653823290778728250e-02
-3.388192176143023371e-01 6.668964269823474122e-02
6.712734194075997696e-02 -2.366145804047853352e-01
9.086906195599164793e-02 9.426776863785613081e-02
7.065288177045192519e-02 -2.181705629417903802e-01
8.670831739073114885e-02 -1.474613203196781797e-01
