7.471179864084442901e-02 1.452650021251176149e-01
-2.196429511485100683e-01 8.307824850762757229e-03
5.271516368830408972e-02 -3.838494077484421174e-01
3.792438736465584270e-01 -4.471723354517620486e-03
5.672158431468266038e-02 1.533505376475675641e-01
4.102713081370645831e-01 1.996000277065224093e-02
-7.751494524046520507e-02 1.930722666397521881e-02
7.167845004879969117e-02 -4.239426797468826003e-02
3.546542713198420627e-01 8.848869154750027555e-03
5.801705897572639881e-02 1.216223316917335318e-01
7.961542348023520344e-02 2.222423154781285604e-01
5.197306201565321526e-02 -9.795095111530760512e-02
5.067560245142688213e-02 -2.413130901562754449e-02
7.294980514985105469e-02 -1.774240243920149895e-01
6.095417385367063456e-02 2.451445071987495838e-01
6.576945650774035368e-02 1.878474432213573797e-01
-4.797679454038136226e-01 -3.374413126013720010e-03
-4.622798624056818628e-01 1.918693590743958399e-02
8.205108419187545632e-02 -4.967123907099635360e-03
5.735129089565049743e-02 4.887280925811308130e-01
-3.175802961518566780e-01 2.149949873386802768e-02
-4.175831516317529690e-01 -4.842410564976917797e-04
5.300326856113712903e-02 -2.526079664331508656e-01
5.839400519591742000e-02 -3.265976156646355211e-01
4.735927016438306048e-01 -4.298503301728762160e-03
6.753012989135065425e-02 3.913629825992914757e-02
4.961725333715483188e-02 3.486335312714644585e-01
-2.018559719792502039e-01 4.908746083362003354e-03
6.278674680475615499e-02 4.275753144662975958e-01
7.443896666425953157e-02 -3.121513405735537594e-01
4.642383055175869355e-02 -4.675717047254042136e-01
5.470593799340206509e-02 -2.299260165688299384e-01
6.821601837754187603e-02 -4.375779657152275570e-01
7.640118668694184656e-02 3.639251693571403656e-01
4.608398577328287615e-02 4.535256569571720631e-01
5.191842721560036011e-02 -3.497935979535350404e-01
3.166304870185858711e-01 7.885951369032584424e-03
5.026514657019975907e-02 -1.484837436042737435e-01
7.576779600829042227e-02 -3.684409218506681238e-01
-2.140495273023442779e-01 1.412198528011865406e-02
4.865622999029768359e-01 2.601228191743354401e-03
6.970816309709959580e-02 1.527129608726687238e-01
5.809064366503802201e-02 4.246639456181122707e-02
5.668346914875377340e-02 -4.872609817680245703e-01
4.461134696746804629e-02 -2.763009403169647271e-03
4.722049144975148938e-02 1.173418200878053597e-01
6.983944002873332391e-02 1.529790164729767366e-01
4.996777363492177493e-02 -1.086961089047293605e-01
6.140856969464447701e-02 -9.208275293396728234e-02
-4.664312949121496299e-01 5.564483245060869443e-03
7.802894213010180824e-02 2.783169461359424890e-01
4.435187405760271373e-01 -6.153056705771819956e-03
6.680564507957931220e-02 -9.413229748287188503e-02
5.840924935342373114e-02 -1.251678984156362473e-01
-1.811755913566250875e-01 -3.474832754094103748e-03
6.836527023036109707e-02 -1.277172063926446111e-02
6.549163055660267574e-02 4.573026222023593990e-01
7.781134473837503229e-02 -2.388093378626165997e-02
5.598876788614204347e-02 3.070103384822353565e-02
-4.651900047020743889e-01 1.584345962236688443e-02
7.588650813578246002e-02 2.170825895227244118e-01
4.986214108275133228e-02 -3.991856036459743295e-01
7.568383462877004142e-02 -3.922195502479876028e-01
6.915498181750401319e-02 -4.499794261398590844e-01
1.219392748739611676e-02 2.017524087120003973e-02
4.757668598861330977e-01 1.077569456638283185e-02
-8.156601793139495182e-02 1.883146488079912029e-02
6.273722475633503048e-02 1.442423428105119587e-01
5.523179713223169696e-02 4.795094415726484094e-01
6.417605426422845483e-02 -4.983220925209576047e-01
-4.751122823314912758e-03 1.352366745471755838e-02
6.373300361344047538e-02 -7.854647477908238695e-02
7.062708762201597157e-02 -7.109394940014990283e-02
7.325307190751473296e-02 -1.824229303487268083e-01
7.688271414587244390e-02 -2.923292777072198367e-01
5.113294271798474178e-02 1.551850153368593555e-01
5.624216873129794791e-02 2.228577564331862826e-01
6.435338423810688102e-02 -3.916533554123201588e-01
-2.820476439079903086e-01 1.639712956517924702e-02
-2.610299477764417286e-01 1.566160796767612773e-02
1.432408627363352949e-01 1.745915202150083445e-02
-4.556255061979771481e-01 7.693862409232754551e-03
4.463678589777508865e-02 2.017334004992381580e-01
-2.351922216917800013e-01 -2.219617655899841502e-03
2.601280401668649711e-01 9.377085260122930421e-03
8.510346739323526588e-02 7.529894402475090232e-03
6.742669577955873184e-02 -4.192584115260006294e-01
6.973393792321513907e-02 -4.304499101149821261e-01
-2.284418955434377452e-01 6.314184180040705030e-03
3.360518729608197308e-02 5.274797727248703438e-03
-2.885894885354264305e-01 1.964970786440967121e-02
5.009259123760056998e-02 -4.928001658824179287e-01
4.983216530139966682e-02 9.459347779819071711e-02
3.753232824953331992e-01 7.898939171273711146e-03
6.479972718639581686e-02 -1.740363371192475972e-01
5.654727960844230239e-02 3.054290836114409435e-01
3.395112821236745404e-02 1.152863689237737521e-02
5.494895250062659109e-02 3.086052961461471789e-03
-6.436962036604376713e-02 5.924148151307484511e-03
7.299844139418898425e-02 -1.136802403367150882e-01
-3.271753554005097930e-01 2.660259100372375229e-03
1.700954911875908193e-01 6.936074060269303843e-03
6.078666201181393003e-02 -1.666041699997534709e-01
6.083256219267529907e-02 2.851547167888729417e-01
1.765977426396307948e-01 -1.897625188734264334e-03
6.996839234669649521e-02 -4.451916766372651102e-01
4.695173783795758560e-02 2.030474986260912829e-01
-2.953714307383122906e-01 1.900504306470107707e-02
5.838583570718625104e-02 -2.965741475209278111e-01
4.631995539870270573e-02 -9.015956773128919188e-02
-1.738803632057562831e-01 4.347608718113016302e-03
-1.326341955696979102e-01 1.312559486256537067e-02
7.322518715719839033e-02 -8.391646926731655132e-02
7.317459572154094705e-02 4.247234425192549789e-01
2.594308776326202937e-01 1.273285102926036139e-02
2.059230776901570525e-01 2.100875543405733570e-02
7.290040172332756807e-02 -6.037722486372576469e-02
-3.545946340059076274e-01 3.750490364096248364e-03
3.499847620688630867e-01 -7.076217192060640926e-03
5.444140145326903379e-02 -4.697694673048420366e-01
-5.335767519380196777e-02 1.228858374107988372e-02
7.161512739832898156e-02 -4.412797614879218067e-01
-3.850209562336430746e-01 1.883719764724678392e-03
6.033339935623116546e-02 4.163238813045252451e-01
4.654130515198506846e-02 -4.280044208276803097e-01
6.348750024703098127e-02 3.330774086313563753e-01
4.981779324804036513e-02 -4.408135606712286769e-01
6.066343289042552822e-02 2.100995240495514560e-01
6.062428927165708359e-02 1.036374440731380187e-02
6.819655512938760378e-02 3.397207590379393016e-01
5.996881067977266611e-02 4.643323714446127015e-01
1.656878443871756534e-01 3.488779567350719368e-03
7.264454712256374069e-02 -3.716413601210404316e-01
7.208459296332236921e-02 1.037692228129384331e-01
-4.589032783797160064e-01 9.997697719970721764e-03
5.065561384457617500e-02 4.757897973112240608e-01
5.863189349678810114e-02 -3.450076089479835462e-01
1.745407112980357223e-01 2.324223667814595551e-03
6.922683106331239955e-02 -4.228082216773443314e-02
4.214438543376245461e-01 1.788892029958788488e-02
6.868972323978672634e-02 -4.848906810709658899e-01
5.260428579158282769e-02 4.901900599688266968e-01
3.197605726281370631e-01 1.005437952958188053e-02
5.277309259290297039e-02 -1.990470613138448641e-01
3.670711905433677869e-01 4.023486905493034449e-03
6.720892934865219104e-02 -4.158632139127763638e-01
6.214234441027566280e-02 -4.860683578672749805e-01
7.588837035643469786e-02 -3.334118064954949556e-01
2.410236675534265238e-01 1.213847407090251629e-02
-3.095421078914695201e-03 -5.364052445925304724e-04
-4.634651250547117129e-01 -2.655342422821505011e-04
4.477681363808406756e-01 -6.278915782886973496e-03
-3.255972130677724508e-01 -3.662005299142068182e-04
7.715711499644306581e-02 3.642343326891945843e-01
-1.916032169981587430e-01 4.575531460029536035e-03
6.103597513038505618e-02 -4.877195896788185658e-01
6.707377634697309077e-02 4.015056409581165831e-01
4.688193642801496974e-02 1.670826603534150134e-01
-4.802938375981202768e-02 2.044446594191950961e-02
5.329499010915628165e-02 9.889326214549098992e-02
7.150339150510931496e-02 2.938675953675917718e-03
7.244638469600972464e-02 3.009841948226033015e-02
5.077211100606349170e-02 -4.694086353595662287e-01
4.736194529279902365e-02 4.002880095732529453e-01
7.280413193616352974e-02 2.462606436774633645e-01
5.628298835652756349e-02 3.820559297100756257e-02
-3.846744855057041557e-01 1.093464522616272028e-02
4.481775444776772144e-01 1.139284949498331478e-03
5.355798372708886479e-02 -2.059931058340278565e-01
-4.099198877435599186e-01 1.104460005645413467e-02
6.142170550774816995e-02 -3.544554415862393171e-01
5.944343648042627049e-02 1.696501752236851956e-01
-2.485860873856737818e-02 1.995768850941614936e-02
4.967721189814633398e-02 2.724764683358394946e-01
2.007456070051137909e-01 9.491252978923947481e-03
5.059407458412201741e-02 -4.997503023668705691e-01
3.722233307048674611e-01 1.620068314363520834e-02
4.497356981857880687e-02 -3.672103055779526448e-01
2.276782736898028681e-01 -8.107725571922963503e-03
-1.292109692576124402e-01 7.682928425636226244e-03
-3.674878050742562685e-01 1.616773657705572464e-02
-2.375470250792155458e-01 1.590943120841625813e-02
1.668527367588972243e-01 3.971219693815641882e-03
6.390444554748553330e-02 6.730309544459223137e-02
-4.629378901631695520e-01 4.037967110263052106e-04
4.460715509867674289e-02 1.463631407087284675e-02
3.009723201712977136e-02 1.060911409612552703e-02
-1.363278063647883620e-01 9.386506363981084178e-03
-1.273407411740682393e-01 -1.508797680039974942e-03
5.522326639510088953e-02 4.490721180710829374e-01
6.322911370884454207e-02 4.230815394202803725e-01
4.687280543325611504e-02 -4.758230309184781071e-01
-4.923232690531139655e-01 1.682903159943915927e-02
6.721963854622636791e-02 3.344650409507945454e-01
5.479311501543404628e-02 2.457577825301173746e-01
5.819755932720271918e-02 -1.653484692577534831e-01
5.739552088978272515e-02 -1.748623503766433274e-02
-3.553819444105323910e-01 -7.589858089514400774e-03
7.554927922637233451e-02 2.398038504447203012e-01
3.140884830779222536e-01 2.154645161704282774e-02
5.375947440930595178e-02 4.039687708706151126e-01
-3.048646964577097496e-01 1.338018829767240181e-02
-4.295824933388144862e-01 1.154504126857469615e-03
3.425985111157207053e-01 1.123022317661315217e-02
7.541740788152739849e-02 4.440927715613306459e-01
4.677541443957966560e-02 1.292273983092940837e-01
5.699033734313374566e-02 -2.205644724911152155e-01
4.582843897157418134e-02 3.890895127651730068e-01
-1.391540728298896745e-01 1.145488468182087605e-02
2.832469896036472479e-01 -4.539747450766684622e-03
6.484832978769028422e-02 -5.490363706145451328e-02
1.451178587404271525e-01 6.712865073055684917e-03
-1.690938323993768089e-01 7.244766542615854732e-03
-7.431064017188515614e-02 1.236503105574737749e-02
4.614784568731317149e-01 -3.549440175374396489e-04
5.763722282605043823e-02 -2.047768429908058962e-01
1.574046221251287347e-01 8.825268404197061933e-03
-4.966425266213309042e-01 1.968958672623799533e-02
7.204986186070916343e-02 2.444604687487605954e-02
-4.773262745575177490e-01 -3.172185988130071799e-03
5.069907891564195968e-02 4.099955190223267820e-01
7.832490008208592425e-02 -2.205894052583134979e-01
-9.924272607826356563e-02 4.416657617546726478e-03
6.358662632860823116e-02 2.046684908239659872e-01
4.184916376879980193e-01 -1.864542291046822342e-04
6.109687123627638439e-02 -3.901197719821103416e-02
4.111958577144624316e-01 1.838240072407248960e-02
7.230915601973297857e-02 -4.594304720412517584e-01
7.805991754530483551e-02 2.695338495001999846e-01
3.725316685407169537e-01 1.304586603596347150e-02
6.271506565458406790e-02 2.891598666102564996e-01
6.909524824502966123e-02 -1.885570193369821013e-01
2.603673288177104084e-01 3.051126445354213068e-03
1.419134802514746552e-01 4.325099253218223083e-03
-2.716045929763002409e-01 1.768077955909996835e-02
4.986418470433295891e-02 -4.556969274821642824e-01
5.196556444928623897e-02 9.116393014414381213e-02
-5.067673430065344764e-02 -5.940275195767341643e-03
4.368480800500368355e-01 1.322523956234511466e-02
6.297578142757254138e-02 -2.969469320989702732e-01
7.208376232845170595e-02 3.330881994584833361e-01
-3.854877657320131545e-01 1.170912468398754847e-02
6.438458358758281097e-02 -1.042820246347800905e-01
-3.645006928983316463e-01 1.922128898247577045e-02
2.178180208412051622e-01 2.147600543472838464e-02
7.864387156190344452e-02 1.250799623879531586e-01
4.773566906693583745e-01 3.491185173975286382e-03
-4.602568449670676465e-01 1.274055911198779256e-03
4.773368285403389866e-02 2.874371787792560085e-01
1.841820022470668228e-01 1.828112040442719799e-02
5.233355387583316087e-02 3.656788752881100502e-01
-1.322545046169875116e-01 5.626870570154651752e-03
-9.623998674664113739e-02 8.897622683291417367e-03
7.924593537488722195e-02 4.853950919174599976e-01
4.566441648770969142e-02 -1.688016123339021179e-01
-2.531573389708943189e-01 8.929604536159763128e-03
-2.548180772437209640e-01 2.012168027019201055e-03
4.317084349957984735e-01 5.749062470209675979e-03
5.435368048185007517e-02 -2.056917927274373170e-01
6.828774458940156666e-02 3.474614873894704692e-01
7.802053993977275947e-02 -3.197364150412449479e-01
5.419339035359727053e-02 -4.136996784024923324e-01
6.521170625716044000e-02 4.956504876620679845e-01
3.905844557590031352e-01 1.758409552389528230e-02
5.537952873227636186e-02 4.265090711076988672e-01
-1.101637919451341485e-01 -6.350566020593806371e-03
-4.926344535133615476e-01 1.984776041859370732e-02
1.903729165723583305e-01 -6.115174626172614758e-03
2.991062182158712446e-01 1.468709846962135135e-02
7.536302030600594559e-02 1.865601331668078622e-01
6.363030383794876510e-02 4.881405518435766311e-01
4.748317108480337723e-02 2.073664156182005724e-01
-2.270755620880571257e-02 2.813239543754786354e-03
7.527999126968998311e-02 -2.979788094636731666e-01
6.370377956224337890e-02 8.781743417101250948e-03
2.540595718973301942e-01 4.026464707836741042e-03
4.991780130428491447e-02 -4.344181611419141165e-01
4.542133238294909781e-02 2.273881991750275056e-01
5.250858749240239209e-02 2.303316561409284313e-01
6.660711931539586850e-02 -8.175963698208621455e-02
4.942994747765472319e-02 4.406553283841001534e-01
-9.779776822167363104e-02 2.038957127278817616e-02
-4.760101926990534249e-01 1.884015725551058118e-02
-3.414425880449012407e-01 -4.275610825802411696e-03
4.999656036146482574e-02 -2.440606901256802130e-01
-6.118493456888907112e-02 1.310512707873601190e-02
-3.117271725611714395e-02 1.541131653200777940e-02
6.429223892862279133e-02 1.875655967991071149e-01
6.583499759495703429e-02 -1.955726815854775813e-01
7.073486179711074850e-02 2.092323206785563494e-01
3.676629614733503137e-01 1.962272506630002855e-02
4.673291914453248097e-02 3.633724261731601235e-01
-4.747692160960048646e-03 -8.049428073536701866e-03
5.271615856561606694e-02 2.927923421869930154e-01
4.858696901201375873e-02 1.570631119343595117e-01
5.422027401111750855e-02 -4.208029642743859045e-01
6.631393040624244950e-02 -4.989122186154696381e-01
-3.787315901897960746e-01 1.392633732227299692e-02
4.264498933816988080e-01 6.588163662883506078e-03
-3.731764881959603875e-01 4.144321827171615347e-03
7.495972019758212479e-02 -1.192666871755209135e-01
2.709503910077823985e-01 7.999742437738710521e-03
4.581127515680305518e-02 2.088191459887110968e-01
6.401514176856992755e-02 7.051326268023627719e-02
-4.106649243367118673e-01 2.055593141578415661e-02
