-1.041435368053104105e-01 1.809034485933096459e-01
-1.114289150597455036e-01 3.870138604414712358e-01
-1.077344646231510605e-01 -3.177071989984763256e-01
-1.098732620614054634e-01 3.075713537119738605e-01
-1.165667740304469069e-01 -2.681855563290124200e-01
-9.066580094145915147e-02 -3.255912748312014271e-01
-8.706093734401354478e-02 -4.382327298018440231e-02
-1.229926942780109611e-01 2.265311631246741397e-01
-1.075509745953699969e-01 1.961638696669683046e-01
-1.140729700403328994e-01 -2.576894069297488432e-01
-1.175760875048005305e-01 1.422418626182148094e-01
-1.039771134320998103e-01 -2.457286764225824482e-01
-9.404056994751686105e-02 -2.102057567007222794e-01
-1.133364985221990695e-01 4.454309798960435218e-01
-1.135887669150362767e-01 -2.324241545075146353e-01
-1.233005583921920056e-01 -4.488308856416729498e-01
-1.055004741624712139e-01 4.794516684736987999e-01
-1.087571679191549068e-01 -3.197307186023892189e-01
-9.654307994574606866e-02 2.287176175899441333e-01
-9.254891544743859555e-02 3.809989007231994185e-01
-1.172479150220928634e-01 -2.252814961396832905e-01
-9.608781006686861748e-02 -4.670182597855141449e-01
-8.547338999958109529e-02 4.953733042663891473e-01
-1.108695468193051648e-01 3.328200942487841152e-01
-9.125871014614950205e-02 4.611761461251385752e-01
-1.170435705470577181e-01 3.346958253958355334e-01
-1.137366290543164737e-01 1.809590520202137842e-01
-1.192127093105656011e-01 -4.831891196402821054e-01
-8.523200372171524375e-02 -4.674024772273461803e-01
-9.250017104880325913e-02 2.312088737126452020e-01
-9.901242222660100456e-02 3.075104798622927404e-01
-1.199097053985417327e-01 -2.814848406075646237e-01
-1.011569206864393333e-01 -6.450864539255829477e-02
-1.151192741009743337e-01 -1.809634400954839295e-01
-1.227610788359407845e-01 4.987642729925173546e-01
-1.161005634275232845e-01 -6.772166855612316017e-02
-1.214740957094943008e-01 -9.993471078439541966e-02
-1.047010065780876742e-01 4.316938815431412557e-01
-8.349361782608710758e-02 3.620902082674650746e-01
-1.031302521908272762e-01 3.502587269758784538e-01
-1.019531988800375100e-01 2.025925439580613663e-01
-1.152747001320664211e-01 3.352618864841326873e-01
-1.113319663269658477e-01 -2.480197931582845960e-01
-8.513474859874103906e-02 -4.380351078771869133e-01
-9.976128001329176431e-02 2.059346086325993808e-01
-8.197014325046703132e-02 5.111303816270240663e-02
-9.725012691632106687e-02 3.501689642001859504e-02
-1.010651453026769619e-01 -4.841640716630124519e-02
-8.916862458229202204e-02 -3.644196398684296234e-03
-1.093719612597967572e-01 -4.824413457234191238e-01
-9.859285120090577337e-02 4.056443030437661967e-01
-1.056583507740264105e-01 -4.753929279388421358e-01
-1.153957474233484604e-01 -3.099169207272574056e-01
-8.288000804267281474e-02 -7.197279737981987502e-02
-9.461637987575788333e-02 -4.232769123447805981e-01
-8.860162523582226779e-02 2.238275919892227517e-01
-9.531408510268835066e-02 -1.394065050126602756e-01
-9.719057342245640552e-02 3.211621920441419809e-01
-1.085580368660052919e-01 -1.217616748919002623e-01
-1.093004485159462247e-01 4.617955048716915201e-01
-1.047181593087500584e-01 3.622266076831959225e-01
-1.067892923529751847e-01 3.801917854329612823e-01
-1.006453383323108186e-01 3.577898476595950950e-01
-1.211474698411971751e-01 4.525633469406417086e-01
-1.105107118635837438e-01 -1.599311687493512046e-01
-1.235418031682242734e-01 1.288743458428651678e-01
-8.982801243493121479e-02 -1.448681973850356464e-01
-8.411006999689496499e-02 4.888647846949989439e-01
-9.239869072309292442e-02 4.883510228793512820e-01
-1.079672464967116330e-01 -1.827787338241879667e-01
-8.469699979633849019e-02 1.320755475200071638e-01
-9.834093649269659565e-02 -3.885765753179840631e-01
-1.016366569335851455e-01 -3.662334708099157510e-01
-1.087839716010272628e-01 4.237438835580696894e-01
-1.191384220097855273e-01 2.375895232105175170e-01
-1.163471822756684260e-01 -1.189289751809303741e-01
-1.204511728521322489e-01 3.094694646560566254e-01
-1.149550317563158286e-01 4.452640882827402224e-01
-9.730752917593243900e-02 -3.674363982306757537e-01
-1.041317356470491395e-01 -3.218137752182228528e-01
-1.168793507202950943e-01 -1.662129943823277278e-01
-9.062251960572886844e-02 -2.763390210956186976e-01
-1.080390083185847061e-01 -2.412781386368747505e-01
-1.190501140233335420e-01 -1.126918071952726086e-01
-8.252016705776754613e-02 -2.182705535100948335e-02
-1.070065667134353360e-01 1.542755888119765606e-01
-8.994571971306719593e-02 -1.938093754365046717e-01
-8.290948890900196044e-02 2.734036608183912920e-01
-1.045332958370412957e-01 9.340220284907996273e-03
-1.060775936601017211e-01 4.217410698077095343e-02
-8.386547851418868493e-02 4.638069710128457368e-01
-1.080564777033818924e-01 -8.782010216605851127e-04
-1.056543796271450786e-01 1.196770281921473167e-01
-8.377916900746884554e-02 3.546163365634237286e-01
-1.083020719388998465e-01 2.671128822111895618e-01
-8.644151445825531965e-02 -2.614965403631569485e-01
-1.094243608926559475e-01 -1.405100575792564976e-01
-1.197452815060529030e-01 -1.115902996920173917e-01
-1.068164716994682850e-01 3.892978651087634079e-01
-1.113824142456059096e-01 -3.465770394785053776e-01
-8.684259193551879807e-02 5.389155578584658990e-03
-8.839834947464486614e-02 1.619862254606654339e-01
-9.157113982646403194e-02 -2.350105102696397052e-01
-9.100811508687633999e-02 6.214323952540723450e-02
-1.141859278083183771e-01 7.573786311568997398e-02
-9.313784492701582263e-02 4.109833511727157829e-01
-1.199016296176440566e-01 -1.733602492201719025e-01
-1.079009172333083022e-01 2.307071687175734631e-01
-1.153704489263873700e-01 6.545091741801001284e-02
-1.188716283744832847e-01 2.678640908716900526e-02
-1.022418912495287602e-01 -2.328181509905382640e-01
-1.103647176108889516e-01 1.730213134392662999e-01
-1.096916401068739333e-01 -3.835199904767648826e-01
-8.324794866869145160e-02 1.058077174322019642e-01
-9.652986399383933769e-02 -1.275515196457188694e-02
-8.930102536063244667e-02 6.050453498630836702e-02
-1.026969551922610746e-01 -2.602554803979679754e-01
-1.113103071759282692e-01 -2.824354854815428473e-01
-1.089907461703196745e-01 2.867454164381919579e-01
-1.025708462839470814e-01 1.717639691084620335e-01
-8.467983854280058953e-02 -3.041758004681414107e-01
-1.113378974044170189e-01 -4.564131614681861127e-01
-1.031561719643602215e-01 4.522345228085314917e-01
-8.732784523566017310e-02 2.605046386370100109e-01
-8.776062637584969295e-02 3.218536965292900787e-01
-1.000528339993053129e-01 1.528370191610972650e-02
-1.009529534932392947e-01 -4.137267274927082239e-01
-1.000030813470660362e-01 -2.382770090601485924e-01
-8.959689318948160786e-02 3.326520260441665489e-01
-9.655939372384803043e-02 -1.208594376249774172e-01
-9.844032523142187685e-02 1.148469473542685915e-01
-1.235599972396071999e-01 2.460693743016922896e-01
-1.000642455426564714e-01 -3.738060353587179252e-01
-1.017298707612546149e-01 -3.767476379474531401e-01
-1.249163379849352884e-01 -1.956156843091860775e-02
-1.123103976305759311e-01 5.896083805386909127e-02
-1.210069374798202757e-01 -1.967725592255222811e-01
-1.190277404955016882e-01 1.173992452188766800e-01
-1.045354512620598753e-01 4.652829975774031013e-01
-1.183426598073524794e-01 1.246723444243669210e-02
-1.116965381056143070e-01 3.901665730992236458e-01
-1.149296806888349121e-01 2.326648653134913980e-01
-1.147493452689821725e-01 -2.662435327251471140e-01
-1.044732625953996852e-01 5.258345150735066476e-02
-1.219624176187056319e-01 -1.774666693925819327e-01
-1.024489663815713048e-01 -1.710179227968527949e-01
-1.147148453353669106e-01 -4.441001314346543216e-01
-9.142942357535199793e-02 1.592337259829447182e-01
-9.378128356453885317e-02 3.493136077793393968e-01
-8.893742401024196109e-02 4.190153663440306930e-01
-1.153585972946847837e-01 -1.774085814050465615e-01
-1.204748246775391163e-01 1.498499749387716129e-01
-9.152609792247012876e-02 3.493327751902414180e-01
-8.891503003577261310e-02 1.668745386140813025e-05
-1.081968747548928134e-01 3.261694358886790823e-02
-1.025112285158504832e-01 -8.992987274519215202e-02
-9.397534796239281896e-02 1.234741688637571722e-01
-9.379646923991258323e-02 -4.078348303782930451e-01
-9.689168784457624639e-02 -1.411375708175213184e-01
-9.978039548618244936e-02 4.595743673487606706e-01
-1.018651915543781206e-01 -4.187158929965995036e-01
-1.063266741182204989e-01 -3.827637481335706138e-01
-1.161888796702850168e-01 -4.922572047355167069e-01
-8.658753346140657392e-02 4.550654415265502628e-01
-9.399183309335890080e-02 2.716516414686837022e-01
-9.594526303549044677e-02 6.708018236309265525e-02
-1.185566151712923455e-01 4.740865515652845641e-01
-1.204711965195016665e-01 4.574089228991846667e-01
-8.413483989836367805e-02 -2.312055215764265981e-01
-1.212050175380320338e-01 -4.797953084979627025e-01
-1.164000744758181272e-01 2.239794048020610218e-01
-1.001829066756746434e-01 -4.280192276750007796e-01
-1.164314469979137456e-01 -4.847737252392720908e-01
-8.248698057088865720e-02 3.971401781022151356e-01
-1.242820416192723654e-01 1.314071717304853282e-01
-1.167164613106143056e-01 -3.235096123224793230e-01
-9.481855436094910328e-02 3.192530510939609600e-01
-1.165675594953852201e-01 1.376237241505184894e-01
-9.099890985389380571e-02 -3.828909360085572811e-01
-1.076135819607318966e-01 2.302005102168267481e-01
-9.988606366313146356e-02 2.251283005100479517e-02
-1.071095500698193703e-01 -9.033122782125069250e-02
-8.846008049992848399e-02 4.840523094161301998e-01
-9.081580077455730926e-02 8.854165428751392675e-02
-1.249247088705730535e-01 -4.976587446616790311e-01
-8.209725252384625360e-02 7.833244789667315189e-02
-1.187869418370565144e-01 -1.144913123701115643e-01
-1.088179767665005127e-01 -4.215749272095473676e-01
-9.763320941569431088e-02 1.598540731406391524e-01
-1.156697931494844456e-01 4.757562676081267261e-01
-1.203600431586717701e-01 -2.637165157894663103e-01
-8.754648339970205750e-02 1.225599142430128241e-01
-1.060584121966751114e-01 2.484427231366703737e-02
-9.549791646391514455e-02 3.232608058835682030e-01
-1.175270207143560564e-01 -1.110339482713481596e-01
-8.369501120658295878e-02 -4.262749690627614108e-01
-1.202964017361023430e-01 -4.681706206583845509e-01
-1.089225985548345488e-01 2.446451451424490608e-01
-1.097936184627100742e-01 3.022720473358543325e-01
-1.066456195546618968e-01 -2.749233939533725080e-01
-9.936269556840149342e-02 3.476507346251720421e-01
-9.488645874670453839e-02 -3.042632909810629727e-01
-1.042012498942186394e-01 3.453215613495201897e-01
-1.013381642142027195e-01 -4.305437734014052609e-01
-9.203697907830810099e-02 -3.640783045349101910e-01
-1.191460454527711876e-01 1.410710238078302092e-01
-1.088554313514206173e-01 7.156481258762736886e-02
-1.116106955985828320e-01 -2.576704255508406316e-01
-1.001907505614676452e-01 4.755123016412762249e-01
-9.943739242399485256e-02 -2.734994270554791385e-03
-9.757511065807955575e-02 -1.547481418520390006e-01
-1.193731996303388776e-01 4.260961425640942268e-01
-1.047497595709410145e-01 1.139813951373069845e-02
-1.073503869355998397e-01 1.816857633484302292e-01
-1.165153495320196964e-01 -2.162691607006617112e-02
-1.204364313161724320e-01 -1.429923650430772186e-01
-8.727482761697569202e-02 2.250146406318234149e-01
-1.210185513726851347e-01 5.418443995904198562e-02
-1.193425738491861177e-01 2.654033308904464317e-01
-1.179319801341222052e-01 4.714630415570928434e-01
-9.605898316447836205e-02 1.852310336777373001e-01
-1.039755327799899431e-01 -2.782687594894145411e-01
-1.174342776145650413e-01 2.885214013152413992e-01
