-3.481126482477431283e-01 -1.177781616394814046e-01
3.195056849335509153e-02 -3.699163086529632105e-01
-2.469585423843952965e-01 -1.144769100077742685e-01
4.886547785293160473e-01 -1.119691619353128109e-01
3.916663110823997984e-01 -1.410204456556288788e-01
-2.598832435733510193e-01 -1.058471853338222024e-01
3.411443656057089324e-02 -1.977979306869960263e-01
4.371847470336275299e-01 -1.272489025035925536e-01
4.909176754095168072e-02 4.033985092432929020e-01
1.431257677968145181e-01 -1.384332665093970238e-01
5.432100980221232778e-02 -4.736053484370692512e-01
-3.929791129322470766e-01 -1.271387869641820156e-01
-5.227660356887486870e-03 -1.141593849849934506e-01
3.306805000114343418e-02 -2.631005600750372375e-01
2.529432338603161412e-01 -1.085530656040083475e-01
3.659062558443582081e-02 1.331968277977887416e-01
2.395308627136183421e-02 -4.801991103764862157e-01
5.143085034945149570e-02 5.584076871436161049e-02
2.313039265762747432e-01 -1.061808952766724046e-01
4.770367175141565497e-02 -1.160339294750586392e-01
-1.396016060266347392e-01 -1.230416521109911621e-01
3.041980766941528858e-01 -1.158101457712259474e-01
2.646845659602786727e-01 -1.290765375895944755e-01
2.908632672368858252e-01 -1.129861805887610871e-01
2.497675081231123251e-01 -1.248067372707110101e-01
-4.812065976100631248e-01 -1.483867390171225153e-01
4.154184898728108255e-02 -2.794347381621995474e-01
2.513897181049290497e-01 -1.142681163886587470e-01
-3.944574922022928698e-01 -1.266658229009312020e-01
3.125647859461733180e-02 -3.033812776231443742e-01
4.535281848442418440e-02 -4.392555748075692712e-01
4.360747331741698929e-02 2.327474113518864796e-01
4.110224506845683301e-02 -4.521557014931948393e-01
2.733667761669724694e-01 -1.361849341226459842e-01
2.511782581586508023e-02 2.711280838720163677e-01
-6.370780676283560595e-02 -1.221100198204574383e-01
3.572730548923508387e-02 2.844215283600387556e-01
-4.099155895926049897e-01 -1.120810994740458755e-01
4.647237387491420790e-02 3.774925245424820552e-01
-1.103336473505786008e-01 -1.302935784552496923e-01
2.155323568371765308e-01 -1.078704165949102567e-01
-1.251156751276591983e-01 -1.471262019848434965e-01
-1.953586748506230819e-01 -1.122847091079153259e-01
3.211323863028836545e-02 4.371753289598752090e-01
-2.987176198815949535e-01 -1.331631370658595825e-01
4.056910598772667242e-02 -6.141070110358914924e-03
1.643690346664465896e-01 -1.398649820168891278e-01
4.285036373709449897e-01 -1.389880020911391512e-01
3.908273013680019226e-02 -4.490804803930115163e-02
-4.921185892851477339e-01 -1.134477716696213889e-01
-1.392000481637776232e-01 -1.213610844892615281e-01
3.979701427033688343e-02 -2.919743841069264434e-01
8.354632439033038427e-02 -1.057625431464677135e-01
5.280913730576797249e-02 -2.468924530586377175e-01
-2.378298721556015849e-01 -1.325386104484234107e-01
2.926184543926324544e-02 -2.791259658462020843e-01
4.054833127119439329e-02 4.126340859781008064e-01
2.867968605068027532e-02 2.629720894327314262e-02
8.091421297569789672e-03 -1.156615621504413216e-01
-3.842051216070785369e-02 -1.021016920587362042e-01
-2.711605576824673847e-01 -1.468743864417730860e-01
3.297772181994906848e-02 -9.920230803335183811e-02
4.454394234733919378e-01 -1.497955809112798686e-01
4.089736960849066350e-02 -3.046307074582897956e-01
4.338194766510472533e-02 -2.970289581450223926e-01
-2.402117755009578470e-01 -1.256815591398585674e-01
4.623496249471248376e-02 1.414550939559888754e-01
2.641214516277384794e-01 -1.167967183649766261e-01
-3.583863397760594927e-01 -1.249533837378509205e-01
-3.084966016630215080e-01 -1.397717488817498133e-01
6.248029632803242528e-03 -1.446881276916471837e-01
2.551704535656518225e-02 -1.507882057712330859e-01
-1.674585533906541857e-01 -1.292621008142883499e-01
2.310068772533035997e-01 -1.416381714555707827e-01
5.315117209674824483e-02 1.575613734110262731e-01
3.528712625602925534e-02 -1.390510990780335909e-01
2.926666829641988432e-02 2.373107883619428593e-01
-1.362276739010692683e-02 -1.453622818747147827e-01
4.323550325423886065e-02 9.175475873297156415e-02
5.030627739688087185e-02 -4.056461589032536175e-01
-4.274655534671500945e-01 -1.129469018354847254e-01
-7.127011955262629872e-02 -1.288488784829038281e-01
4.362044131174469541e-02 -1.405452929899564385e-01
-3.326609181025155237e-01 -1.142036441996969742e-01
-3.019116023515041602e-01 -1.192294560428954764e-01
-4.839966147410723618e-01 -1.236606002039797314e-01
-1.758209462892879049e-02 -1.250205030833423381e-01
-7.125279133992656888e-02 -1.120923824380516409e-01
-2.137458436226954417e-01 -1.466782749620461068e-01
-2.557069141927588163e-01 -1.238122614987193781e-01
1.828925100346469046e-01 -1.205182720337153457e-01
3.885822531962784820e-01 -1.408884034815122144e-01
1.189430482112623366e-01 -1.058879291161124447e-01
-2.241685680008498327e-01 -1.118672919765476559e-01
-5.708731793471155669e-02 -1.205036166207956727e-01
-2.550059630914734976e-01 -1.213695942818505680e-01
4.884901646650470219e-01 -1.393372772256956660e-01
3.642439695405507161e-01 -1.290865902655878861e-01
4.369579531533420713e-01 -1.480778101036135386e-01
2.654067185141004703e-01 -1.084478649660487459e-01
3.218633158667538741e-02 1.856496706210586378e-01
2.421485975149769709e-01 -1.474528925399253287e-01
-2.543932915960500640e-02 -1.409675158608297840e-01
1.974298360709799693e-01 -1.180642507621380011e-01
-2.256644497835507135e-01 -1.458234020311444112e-01
-3.670559739350236494e-01 -1.136403635500434772e-01
4.707558159305058609e-02 -2.776480256205566821e-01
2.760137389124595053e-02 -5.013543036632117644e-02
-6.821480816093794530e-02 -1.339713962701709615e-01
4.836831882919756520e-02 -1.553590102727669953e-01
5.084859178613554409e-02 3.532082802884973782e-01
1.855153908970930132e-02 -1.109577735390027131e-01
-1.519833973751153477e-01 -1.240414568168328735e-01
-4.740268331464747575e-02 -1.381576764390940459e-01
-4.737443856324905500e-01 -1.236916573837407718e-01
-4.923361660924837624e-01 -1.099534534496263705e-01
4.469610861215328468e-01 -1.352615119671831678e-01
3.393228976856876855e-02 -1.161253634010317448e-03
4.966439477213024922e-02 -1.680090100590726498e-01
-2.121230208326304600e-01 -1.250377562173593526e-01
5.419324427222727003e-02 -3.661636712450180298e-01
4.339226898724213299e-02 4.606661107064274896e-01
1.550169552868535527e-01 -1.475261253015387464e-01
-3.986340484645926052e-01 -1.319918175416363582e-01
-3.395141393394252027e-03 -1.040002103911911169e-01
4.551396095459182556e-01 -1.477824850975825166e-01
5.439975145355102626e-02 1.993362373518690056e-01
3.722754407976479607e-01 -1.249805054160114670e-01
-3.099925944386073828e-01 -1.076532155941292146e-01
4.256412528737041345e-02 -3.224691221206438252e-01
-2.946407068939811413e-01 -1.421754213501503772e-01
-4.156394778290700698e-01 -1.201648911601298497e-01
-3.771746059834421017e-01 -1.398613248350233373e-01
3.849761640122273398e-02 -3.747001892669638012e-01
3.945644997391040132e-02 -2.578809590246218253e-01
-4.076699369018832453e-01 -1.216873502337123547e-01
-1.234607194925438911e-01 -1.475637723542828628e-01
3.116405416170131559e-02 3.822372063120523800e-01
2.531580773616781688e-02 -1.922700578897732493e-01
3.529743415626573899e-02 3.800812783709486276e-01
5.184138727179576911e-02 -1.731134495484686342e-01
3.629384261423806990e-02 2.321352848743274411e-01
-3.073025142387312281e-01 -1.449847412321353390e-01
-3.760861984842335248e-01 -1.065846102060983291e-01
5.413407325549512983e-02 -3.238433763227003270e-01
4.337664264938190239e-02 3.183626786905890960e-01
-3.803681276913118969e-01 -1.284203774684158361e-01
4.010840751048541097e-01 -1.457407971459322438e-01
2.888901900556006819e-02 -4.984331395017793653e-01
3.319272637507423296e-01 -1.424571088561769061e-01
5.505511732197765351e-02 -9.313040379108317168e-02
1.761477776047511989e-01 -1.359687301735468257e-01
2.842582399709999708e-01 -1.451272279796866904e-01
2.803912562098986871e-02 4.279324214691542227e-01
3.371446414715673079e-02 -2.146814863523638373e-02
3.902379372482833730e-03 -1.392062281176329464e-01
4.711579176057301144e-02 -4.874059187854899999e-01
-1.355978076202416505e-01 -1.093249861074010454e-01
-3.391765207210272193e-01 -1.156842056302851418e-01
4.533293795326679421e-01 -1.136459140925606404e-01
8.950390093858096030e-02 -1.407291020682144289e-01
-3.301534136461494739e-01 -1.447552938214615725e-01
2.807368664112319667e-02 -9.890661205468298522e-02
-5.195538636707019986e-02 -1.297494160947059161e-01
3.463928241218624526e-01 -1.041010606800392146e-01
5.196290758221711048e-02 4.218876316260926629e-01
1.248652930895787216e-01 -1.167740801044975241e-01
-4.121919012308805641e-01 -1.171996474129036736e-01
8.615543765770383722e-02 -1.278438745501953022e-01
1.297594405250562799e-01 -1.447208897817741091e-01
4.067106313038542087e-01 -1.486797870741053407e-01
-2.509551014741822073e-01 -1.133863882024938041e-01
1.345625950176734253e-01 -1.153088824224179909e-01
3.043914820660522658e-01 -1.479275348181863237e-01
-1.670885234962149468e-02 -1.181252321512248349e-01
4.804327677220909809e-02 3.098577955986370203e-01
4.762125035012263474e-01 -1.046750262012332566e-01
1.797482997695007967e-01 -1.252077309996862953e-01
-3.953872081281331052e-01 -1.469950603889146334e-01
3.068333523471411528e-02 1.670621715483673331e-01
4.334617761598591468e-02 4.736128511310666589e-03
3.244429818621685779e-02 -1.845524542610876839e-02
2.629810101693552671e-02 2.243223465498305202e-01
3.082716195233070611e-02 3.762586530282466812e-01
2.468209028423085094e-01 -1.497424588930666989e-01
4.349846383691757801e-02 4.922429433970553214e-01
-4.620373583927138705e-01 -1.420994385781855218e-01
-1.318822144916064198e-01 -1.487863267546731816e-01
1.925803885996405507e-01 -1.433587134698590670e-01
5.387199681463084033e-02 -4.605685806172046259e-01
2.665947310061145270e-02 -2.268830542174767873e-01
2.287428573168382995e-01 -1.172432365572078083e-01
4.146714108048140668e-01 -1.307033419016551123e-01
4.148738295464193815e-02 3.140602001010205369e-01
3.268640482348095233e-02 -1.926356093939426417e-01
1.297264315085193687e-01 -1.432712374301877700e-01
-1.807534152062939548e-01 -1.494572053741158868e-01
2.381847879454768169e-02 -7.988728658452515230e-02
4.626209811302051111e-02 1.363953761001854836e-01
4.978569119003261045e-01 -1.215672331911794579e-01
3.571168946544500677e-02 -1.455863196216929945e-01
3.362727767320716765e-02 -4.674526728476788850e-01
4.868299186083835384e-02 3.350920341366799837e-01
4.343279627714857760e-02 -2.862301843976244875e-02
4.178904553693330026e-02 -2.278285556714334525e-01
4.182110879080700450e-01 -1.466416425028505000e-01
-5.430291342374393704e-02 -1.076110357043034149e-01
-1.984386755478584341e-01 -1.280200594256125646e-01
3.061907012024315256e-01 -1.231757927817012099e-01
2.962087918585949442e-01 -1.150800773325207915e-01
3.300231506454043284e-02 -1.268909717802303438e-01
2.383199386645510343e-01 -1.377453884739969769e-01
-6.301395352328476029e-02 -1.114247104580206038e-01
-4.571036386199299750e-01 -1.420617774592949356e-01
-2.662843803848879976e-01 -1.324916171401737675e-01
2.761155721537443819e-01 -1.452143020032302667e-01
-2.941464811709116889e-01 -1.476359621681849754e-01
-3.803418409115780774e-01 -1.039252727754343963e-01
4.186666636513924900e-02 -4.455917288282321698e-01
-2.688354016481286912e-02 -1.391559146539016467e-01
-3.669841263551447685e-01 -1.194850527645180405e-01
5.078408736574813176e-02 3.698693625560922627e-02
5.203251916508633279e-02 -1.850765718660573045e-01
-3.904387453520060669e-01 -1.169066702253191981e-01
4.151534047763139057e-02 -4.223376689700999442e-01
5.169976456518610153e-02 -4.579533724418034524e-01
2.236446692597032770e-01 -1.050693528201503968e-01
2.879779790250149851e-01 -1.177220406612314862e-01
1.375007745341702003e-01 -1.098123085665444476e-01
-4.168958179766568684e-01 -1.114847855053570091e-01
-2.944459451906751291e-01 -1.476878209935482689e-01
4.490891852003620066e-02 -1.347670826581044423e-01
4.987403267563594866e-02 -1.959301726458699822e-01
2.905563534350850130e-01 -1.457164306043575719e-01
4.933505767891321891e-02 -7.630887005267361634e-02
-2.928529840077332969e-01 -1.064917265894562703e-01
1.988047891315288807e-01 -1.058135825352788384e-01
4.907528856890318592e-01 -1.196860655221340108e-01
4.827783129451629351e-01 -1.325825687224740923e-01
3.873228522895710846e-02 -3.277684933776658927e-01
-1.770501409126944425e-01 -1.373657797546062875e-01
5.025236427355872504e-02 2.398813696083124114e-01
-4.124633400887302015e-01 -1.137283033416102151e-01
2.761322793706211254e-02 -3.793594412460254972e-02
-1.983902143879301416e-01 -1.041340382049376068e-01
3.186618366321714024e-02 1.648479772859875458e-01
4.880011210056345305e-02 -1.753951409543320628e-01
-1.579189211078014798e-01 -1.307543814820355532e-01
4.984424564283174153e-02 -1.454646256277458694e-02
3.004615936422079248e-01 -1.042662338575423009e-01
5.061993962748523312e-02 1.064949067500151614e-01
2.693650119726620495e-02 -3.078703502336255227e-02
-1.021054986442215817e-02 -1.335226970562602977e-01
-5.722374231562066260e-02 -1.377074666810470527e-01
3.542459558010040421e-01 -1.145941580080428457e-01
5.386044033253356567e-02 9.082576378200957201e-02
2.793802400561373744e-02 1.463578798909479506e-01
-8.322393744411771266e-02 -1.290998208884444054e-01
3.693748190210988103e-02 -5.634440044457145191e-02
-4.359071200721917894e-01 -1.101334545157250933e-01
4.268981122742177003e-02 4.280318107700777919e-01
-3.935416081715553682e-01 -1.503203118712067576e-01
4.867782918656611280e-01 -1.318977295360527213e-01
1.518327641359534796e-01 -1.465448421443924509e-01
-4.239790370790879059e-01 -1.263454972437445534e-01
4.255144799946919409e-02 -4.750977110819655236e-01
-3.446446936711475839e-01 -1.165945440319886561e-01
2.767504345616921269e-01 -1.035221593093513803e-01
3.474476720521346707e-02 1.898793848782889260e-01
3.147335051645450132e-02 1.049221148661354519e-01
-3.504522243778223078e-01 -1.198868044227694440e-01
1.778636731944343019e-01 -1.392550745184960581e-01
3.589471161362056684e-02 2.778423901406982255e-01
-3.225849163542329201e-01 -1.182387362564549793e-01
4.696285403486667454e-01 -1.351615383741124887e-01
-2.502141581103490831e-01 -1.248204142486355472e-01
3.803839328288416421e-02 -3.986523539837416585e-01
-2.516866713064690453e-01 -1.414092391179686548e-01
4.835048746673604736e-01 -1.468289473626310793e-01
2.785158171898682866e-01 -1.498104725109584701e-01
4.711556409179885607e-01 -1.476678860676606808e-01
2.614222374312066277e-01 -1.160211013272967051e-01
2.373577307234808753e-02 -4.758282367189621276e-01
-3.234378042590059232e-01 -1.071285370999985886e-01
4.701072450045618023e-02 3.272695924187126737e-01
4.332132052627624130e-01 -1.429656110059964735e-01
1.364379578925641878e-01 -1.230283642643738018e-01
2.540813292818278057e-02 4.146519518284373929e-01
3.908754556299358640e-01 -1.081870195490244324e-01
4.819583131507637619e-01 -1.111403171598680517e-01
2.345325205673390867e-01 -1.500689852954959491e-01
2.342393618431781732e-02 2.502183560579844812e-01
2.396167217858946596e-01 -1.024013240318718543e-01
3.961851227219692628e-02 8.977926844792205596e-02
6.102869221910689479e-02 -1.271993553103670793e-01
-4.993657720022937063e-01 -1.351144562171050501e-01
2.345621427852543350e-01 -1.494053203430208976e-01
3.197632714243593410e-01 -1.322943789830469674e-01
4.414515817100442829e-01 -1.373531765240858515e-01
-1.126591217932627620e-01 -1.199158175192015507e-01
3.693362532451849312e-01 -1.303028493687516942e-01
2.334436378066984119e-01 -1.099236754560330986e-01
3.736357491008408527e-01 -1.449803477863191858e-01
1.685217910067330349e-01 -1.277523431231214479e-01
-4.864530215955857884e-01 -1.111617464106282593e-01
3.728449618520379705e-02 2.092179230659033662e-01
6.616451720598415243e-02 -1.090276086777642872e-01
-4.069331106197686676e-01 -1.043074537508310584e-01
3.648354987355617585e-02 1.220441414811875847e-01
4.210455619356567869e-02 2.735567098426511246e-01
4.860388224891143416e-02 -1.973336221778940747e-01
3.622484762168776129e-02 1.897638216907457931e-01
5.324382314747144740e-02 -4.503998466131806655e-01
-2.526249509692815032e-01 -1.444763402857370815e-01
3.190972474307507412e-02 -3.342108872389711882e-01
-2.427646183581813055e-01 -1.329745291183318523e-01
4.549853874922349384e-02 1.223279710363011086e-01
-3.410512264177189001e-01 -1.352925740960198020e-01
-3.602250088649983084e-02 -1.359903077389180703e-01
3.036482047684729846e-02 2.750757582328430262e-01
3.576850856196045481e-02 1.107847819175212800e-01
-3.189137239944024316e-01 -1.160044594679204844e-01
-3.258769711177281758e-01 -1.271623910530703672e-01
2.191335329151833378e-03 -1.399794022111375824e-01
5.122622284718714170e-02 3.718885007963573797e-01
3.161577997456865852e-02 -9.584578993287429238e-02
3.299958761352537184e-01 -1.197508712867365599e-01
4.023948689431178227e-02 3.946002342371075500e-01
-4.062457039176126106e-01 -1.295793726553077230e-01
3.723917135008769641e-02 4.691361294446425578e-01
-4.290109316558977648e-01 -1.276898183897904326e-01
5.002585085416599853e-02 -4.646159792626125551e-02
3.747502486085396711e-02 3.464782645271911043e-01
2.197174553957715881e-01 -1.466350075201627856e-01
2.953310208452220031e-02 -3.227932228628771494e-01
-2.348692297712277055e-01 -1.336435800895333648e-01
1.444141691769058600e-01 -1.349872051577228893e-01
2.719406881615371585e-02 -2.325230718611740466e-01
1.997486802172586673e-01 -1.109189865272928177e-01
-4.877354803317995868e-01 -1.137767953139906529e-01
1.349269102146870569e-01 -1.215373728655069208e-01
4.604907215673703647e-02 4.625766249002689623e-01
2.466005361955436737e-02 -1.474794727640171832e-01
4.830857291269124998e-01 -1.464373458623502433e-01
1.286582368690172284e-01 -1.433447267890299859e-01
-8.403590850920328315e-02 -1.354478565804057011e-01
-4.780187962274861091e-01 -1.136688040368059038e-01
3.305982373070648350e-02 2.179425297561310426e-02
3.161961956918217798e-01 -1.231981120359189052e-01
4.318029038767368100e-02 -4.820543185599697189e-01
-2.927049665496607167e-01 -1.024460220192854321e-01
4.292194146848565817e-01 -1.271695395865414246e-01
3.110912713805513707e-01 -1.305041928489745207e-01
4.895496717993810254e-01 -1.193952720396079803e-01
4.261874664361220422e-02 -4.317445110196325153e-01
7.157592825111658286e-02 -1.111898266140738389e-01
3.647797253012530216e-02 3.931787892333046264e-01
-4.047027737064426978e-01 -1.449362864908443349e-01
5.356826819638027537e-02 4.921710428289747252e-01
7.751216695210216834e-02 -1.204416228643208076e-01
-3.419713246009390417e-01 -1.413892608022174757e-01
-5.497697797380618479e-02 -1.388808987731297018e-01
3.298891330626896323e-02 -5.961921602030451073e-02
4.955579134572507538e-02 2.960409398929438884e-01
2.555082585876613521e-01 -1.060176182244210175e-01
8.705516543920488459e-03 -1.268041268512901665e-01
-4.200296961251854810e-01 -1.369000264247823839e-01
-4.611918296119645877e-01 -1.403131280381137991e-01
3.243677763802406133e-01 -1.380398473423345429e-01
3.273141046755023709e-02 4.992857084297562809e-01
3.462370883817089684e-02 3.701938089667132781e-01
1.652569446524739805e-01 -1.304341302342607589e-01
1.712319762783657273e-01 -1.092614732800418764e-01
4.520989886518378409e-02 -4.710021574268737909e-01
1.554378182742188752e-01 -1.107826006798927621e-01
3.643180409132829034e-01 -1.266641004533911596e-01
8.776335763302522963e-02 -1.041953889852124115e-01
-2.468876777346054041e-01 -1.154592375738924259e-01
7.481500409835550869e-02 -1.392931969922340807e-01
4.784583311406187534e-02 3.101437531273287806e-01
2.778260063814652625e-02 -4.724387115776677026e-01
5.191235559369744568e-02 1.327948260150512150e-01
5.320590418100090702e-02 1.262516465357887974e-02
2.544343563225037741e-02 -3.742219585353051547e-01
2.409448140191405852e-02 -1.859531602837745101e-01
3.019065245397021258e-01 -1.065025829620159792e-01
-2.334310295439108174e-01 -1.156875722401926598e-01
5.015533909391511891e-02 2.817819319563781288e-01
4.492019614978415287e-02 -3.793224293281411974e-01
3.303828105357575762e-02 -4.151625551831560346e-01
