8.328689152144141961e-02 -1.805691372005395756e-01
5.735849127890269017e-02 -7.905631427991133275e-02
6.004828671653850147e-02 3.837836448470138828e-01
-3.426286329517234108e-01 2.821273820459369031e-02
6.092535540930621440e-02 -7.250897004000211865e-02
8.379517130120195390e-03 2.171073476195228835e-02
4.935432557710173196e-02 3.433966612593843948e-01
8.026381847305030792e-02 -4.967533809772417541e-01
1.952081657904205514e-01 1.947001754931931838e-02
5.768061795865320196e-02 -3.908988430517877921e-01
3.831621191319444231e-01 3.809675123146327724e-02
5.875723321549664036e-02 -2.392003769014940939e-01
-4.720978332282204093e-01 4.026197716041401975e-02
5.096300050266611148e-02 -1.756787739769626322e-01
-2.386933799391097732e-01 4.424950743656885788e-02
-2.768272414581546270e-01 1.618170438278376810e-02
4.424068641101034371e-01 4.254370862150536059e-02
4.850414384263745937e-02 8.764127868379756325e-02
7.285683228417816348e-02 9.272984384527516166e-02
8.411862124185132128e-02 -1.922735840056144507e-02
6.947902093148061731e-02 -3.497785671799200635e-01
5.859987649242681673e-02 4.197525355379873035e-01
7.703493618123102848e-02 2.683225490586516049e-02
4.893534159503709624e-02 -4.783492662603746615e-01
8.214419963093122501e-02 -4.446847061218157648e-01
5.572068136516472592e-02 3.122508485162811542e-01
-3.612674806110007797e-01 2.738742842890762308e-02
5.791292421549631975e-02 2.620035592830620708e-01
3.673762848839610129e-01 3.219191914520658226e-02
-5.938802557187683462e-02 4.630712118803193000e-02
-3.991551683465647260e-01 3.120968227780873683e-02
-4.266357222854483267e-01 3.560989384157109416e-02
5.047525023379706433e-02 1.465515890123822995e-01
7.293423617067884557e-02 3.637504632528791859e-01
6.073803146161216304e-02 -4.091087649592373143e-02
6.241176121680247491e-02 -1.942324823274176326e-01
6.058230600879166428e-02 3.263449737470881518e-01
5.840595527712766355e-02 7.459317934744658096e-02
2.260784573582146351e-01 2.429698106877464792e-02
7.040988804221659514e-02 -3.226695576330989024e-01
7.766675360943808837e-02 -4.725511799385720968e-01
8.306740233761644721e-02 2.072359546392520402e-01
6.999116883556344426e-02 -1.444593738623856094e-01
6.688812990257486657e-02 3.464974913566623016e-01
-3.895565921025340161e-01 3.828259053080174112e-02
-4.830097502676603538e-01 3.994160352492814869e-02
5.526731115438487940e-02 1.337035203816976381e-01
8.154082701075748840e-02 -3.513256767963135463e-02
1.640639586038229458e-01 4.411486673926079405e-02
7.504429159321335252e-02 1.361257329622880263e-01
5.363647119797976259e-02 6.973325035004251937e-03
7.022595765380768018e-02 8.042154488498431952e-02
-4.631093378328180465e-01 2.319172498029209439e-02
6.677604256357594359e-02 -2.646516763737370992e-01
1.794821925796892259e-01 3.953676171757336544e-02
-2.165040612871250714e-01 3.512412031018696812e-02
4.874016313439877290e-02 3.000880161955080672e-01
2.469946783497408704e-01 4.124912526309798544e-02
-1.280800159142015948e-01 3.125229681691998884e-02
6.882652841441927460e-02 -4.121931676964563085e-02
7.532905287455216037e-02 -2.922154197153281618e-02
5.110331195299477880e-02 -4.925838046458537178e-01
-1.310548743264344784e-01 1.949495001922574300e-02
-3.815154130163667112e-02 4.116822673742548400e-02
6.169917940284430635e-02 2.296954021151416114e-01
4.076275559348538913e-01 2.933811773448768978e-02
7.879181347032260252e-02 4.810015497023779618e-01
-2.888322359125607974e-01 4.666969238647900031e-02
8.190383867080464064e-02 3.087038415933296420e-02
2.507071063624541907e-01 4.046748657423415718e-02
-1.193584699270454630e-01 3.402551419548904832e-02
5.496905396050344450e-02 2.429470721119227905e-01
7.246265523407835474e-02 -4.436222031592418347e-02
5.748862840206236946e-02 -2.761604118517899664e-01
6.308709263514089560e-02 1.319641274615768189e-02
5.774508747127271580e-02 1.010492714242534618e-01
8.096832943986398412e-02 2.528586652562323511e-01
7.069335205160864888e-02 1.083757907869499215e-01
5.338186546853396219e-02 2.321920567399139435e-01
7.497152056809452958e-02 -4.491134971658766739e-01
2.268191813558454450e-01 1.809355568836912287e-02
3.791796459186034252e-01 4.611137421738298325e-02
4.493452871443017749e-01 2.076126125341837270e-02
1.197184345342505729e-01 4.243276796401862505e-02
5.067244525890624018e-02 1.905034162020863286e-01
6.293171910270978220e-02 4.521232836220286933e-01
6.568246426535806481e-02 -5.469093819761650099e-02
4.349478750968180929e-01 2.224074993193214667e-02
6.448601745107640504e-02 3.208476140528225828e-01
4.309859318861958277e-01 2.284607539232674789e-02
8.018494302111567329e-02 4.678061518359833970e-01
7.994044011976764175e-02 2.146768870850865873e-01
5.033089363766329871e-02 -1.187868946256276370e-02
1.630104825297187254e-01 3.915976641369156575e-02
7.198127088559491682e-02 -3.166264363557901307e-01
6.615786299039039253e-02 -3.675229196444839141e-01
3.624728305870321687e-01 1.748124497217717899e-02
7.134564221006967077e-02 -8.748162786521940237e-02
6.033690760314081025e-02 -6.290452557635661801e-02
-9.645225488087183496e-02 3.692379290408431824e-02
-1.949431611740145565e-01 3.944541905020737538e-02
6.308804205228490947e-02 1.543221257826805637e-01
3.251744665139498780e-01 2.063255587645385081e-02
6.051538035530312776e-02 3.709277630030569650e-01
6.088137105931112902e-02 -1.533489660077850258e-01
-1.409788932116305959e-01 3.652371249300945255e-02
-1.617735131076381005e-01 1.612292798413272887e-02
1.847932899536384177e-01 3.845323907254405427e-02
-5.957441489674475399e-03 2.430315836742880098e-02
-3.601381582450274843e-01 3.001752754633346676e-02
3.405749522832783871e-01 2.720463438853604199e-02
7.142661812075412620e-02 4.632304836074413457e-01
-6.335468104939245837e-02 4.342667110686893039e-02
6.476868696622684052e-02 -3.932534038499712059e-01
3.338027388051207911e-01 2.379829283112866456e-02
8.296474619748650525e-02 -1.075817349471318574e-01
-3.452079532409599860e-01 2.859730334386534345e-02
8.162194866291549999e-02 4.210573273945391604e-01
1.809638040356447153e-01 2.042609717095655864e-02
-9.710016815803790280e-02 3.129024165477212183e-02
-1.825601496344235741e-01 4.267861283985030507e-02
2.392212530757813482e-01 3.292179521783700213e-02
-2.918634001411046786e-01 3.659564180648033904e-02
8.424080140132250705e-02 -1.350323301565975465e-01
-4.105696270428680350e-01 3.462642931232262633e-02
7.146637917088938252e-02 -1.491490497482084177e-01
2.945513594584407979e-01 2.630200590441089670e-02
6.872934882909143006e-02 2.046834336783115438e-01
4.888787191079002614e-02 -1.920825511109378603e-01
8.005180016710755631e-02 3.388792124284806251e-01
-4.603112810458682702e-01 4.554237660577531432e-02
2.945136503233261038e-01 4.034387639858261210e-02
3.215962757907658842e-01 4.511046333212898052e-02
3.278652060673414859e-02 3.264118354240597153e-02
-1.888565935402471974e-01 4.228480298956416306e-02
2.751136514834918723e-01 2.414199763477176131e-02
5.299341237591193021e-02 1.064690933414536023e-02
6.337903068734518364e-02 4.559548220572825494e-01
6.440578657195217271e-02 -4.428993237117224702e-01
3.363506818310169066e-02 3.159475644177300868e-02
-4.692728534467446311e-01 2.847020375829067973e-02
4.758352848096371046e-01 4.656520759922344599e-02
6.258332827043455726e-02 -6.887734404654177744e-03
-3.487623721630165319e-01 2.322764596612980625e-02
-4.203318673610667577e-01 2.421405849565383406e-02
7.483144364143501370e-02 3.780635832706527033e-01
4.757475350548201476e-01 3.014318848956853980e-02
-1.444189191821065865e-02 2.471097354289875092e-02
4.857527268897188222e-02 5.380214402804017748e-02
-4.564662755128954252e-01 3.378625890863518055e-02
6.816432582624754044e-02 1.246482660470560333e-02
6.271531601366875375e-02 3.965441792587410808e-01
-3.190300301041171238e-03 3.086693906224868833e-02
-2.273986469817018685e-01 1.815799528214279146e-02
1.842132238442272252e-01 2.138864925980243914e-02
1.558877416975268382e-02 3.796186702323467443e-02
5.708623221871522713e-02 2.432184188865871288e-02
5.910724418000412594e-02 -3.134877392336407054e-01
5.532882011367090680e-02 -4.167397050227162891e-01
8.144123301134420512e-02 1.483172518529715100e-01
6.577058806740510022e-02 4.531885607265720983e-01
-9.628922339652934426e-02 1.990679931843175599e-02
7.913647554074931811e-02 3.362732102563664727e-01
7.707032500770905070e-02 -2.583906115214047450e-01
6.253259617033268825e-02 1.833190094515946278e-02
6.943063678779737291e-02 -1.303073710443791722e-01
8.277096794962468529e-02 -9.648381956283735850e-02
9.705204263793476560e-02 4.035583566732148242e-02
6.725145711096824908e-02 3.382512631969052386e-01
7.772981934059031150e-02 2.230030102811313419e-01
-3.843897906745339377e-01 1.803816390500889710e-02
2.328811299736766038e-02 1.676704244284843437e-02
6.729376735629566397e-02 -3.648330323841871836e-01
8.399306300519837620e-02 1.037850488591151032e-01
-1.098207137247966259e-01 4.689996544377084131e-02
6.739328847935732725e-02 2.744388014818813781e-01
5.990667354294620939e-02 -3.626811598680965698e-01
-1.447053716014233826e-01 3.271317999732492598e-02
5.310764296379366645e-02 -2.344270910323946744e-01
2.205998440389453918e-01 3.611609539684657033e-02
4.959032327129975215e-02 2.826387992269898675e-01
-4.748351221442077552e-01 2.022974903217344966e-02
5.399180714218887456e-02 -4.334224824526738962e-01
7.715223013859495715e-02 -4.044931984837867311e-01
7.491004481186080977e-02 -2.533377370843240550e-01
7.360334544615076968e-02 1.780567326311407461e-01
3.819056825743565309e-01 4.325595026089368300e-02
-1.280004014086839614e-01 2.923559008318565855e-02
6.807172227206825799e-02 -2.657270719798243697e-02
-3.909113560463779447e-01 4.235075152213907401e-02
3.827251350191896995e-01 3.278347410522464145e-02
5.227333334478756477e-02 -1.004351573522096475e-01
8.191895651622971286e-02 1.169318561550425351e-02
8.338784283981015566e-02 -9.501845893792515430e-02
6.265934386857896499e-02 -2.955491020895562038e-02
1.023064702066048826e-01 3.732174050799941245e-02
7.224361373674015319e-02 4.805485897857324495e-01
6.186975700721064619e-02 2.830146781284537116e-01
6.130221420774795149e-02 2.102239806690031632e-02
6.350428390033191484e-02 4.336349022043943791e-01
2.532384126444393591e-01 4.573427818171815762e-02
4.352999965908992408e-01 3.998965301384871385e-02
7.309365536063194835e-02 -2.519602459263281524e-01
8.297251086585311075e-02 2.663302052753743210e-01
6.607322640071511266e-02 4.858793210475128577e-01
1.578620737820697340e-01 4.088158511056538824e-02
8.424677231998911608e-02 -2.470258191836421924e-01
-4.848909470003369693e-01 4.377000428281829780e-02
-2.353848117344655710e-01 3.197035791469304833e-02
7.435746460371106537e-02 1.221309760562214741e-01
7.354521404542113672e-02 -3.220505824458318456e-01
-3.851739903145223742e-02 4.366688171899657522e-02
7.437337991097348056e-02 -4.582167834200119305e-01
-1.338631304952409007e-01 2.655130741991384991e-02
1.160320273434448657e-01 4.419882390943108419e-02
7.490780390390949783e-02 2.625910655082586143e-01
8.637585660627522532e-02 3.043140369378838361e-02
-4.157098672852205246e-01 2.787189460913708228e-02
-4.368032307327734953e-01 1.652327391612895546e-02
6.813289438539116283e-02 -2.979685278908227319e-01
-4.475128302753441645e-01 1.859640572240117695e-02
8.120469528058449349e-02 3.785890112878865787e-01
1.429309855207816504e-01 4.324086924284820110e-02
1.928755171972885707e-01 3.920783363521629372e-02
6.597773578744381417e-02 3.901286193131456859e-01
6.788514032745862625e-02 2.259102331781215334e-01
7.693959249280746260e-02 -2.555167612006911115e-01
7.239267325591691726e-02 4.329921277197518181e-01
6.085545540788361851e-02 4.586477440521071758e-01
6.640576429011579851e-02 3.177149686565730047e-01
-2.366941227550546367e-01 2.638061084836618164e-02
-2.030125119699427438e-01 4.598848723048132303e-02
6.876796988391653542e-02 2.798808579448123224e-01
5.511857859686863925e-02 -1.484347826246190660e-02
8.017198940702230381e-02 4.122549889104406562e-01
5.039389943801908522e-02 -1.810354930586444144e-01
-1.903056555481851264e-01 2.053839740000562575e-02
7.956297057612304879e-02 2.595454696035284226e-01
7.822735922548607057e-02 -1.035799358359138500e-01
6.130525031295841476e-02 5.965456910134392388e-02
-8.174588040069485917e-02 3.799232389819562350e-02
5.679454482742019028e-02 2.255372075480975846e-01
2.160124768319217070e-01 3.709208934581231798e-02
6.531703963675594693e-02 1.592023184158039006e-01
4.979362838368839306e-02 7.654675090281237715e-02
3.165028916266137138e-01 3.155132254580739204e-02
8.126285657348331082e-02 -4.092083376533224293e-01
7.533701079362975506e-02 -2.323998901169798126e-01
-4.317442841274341525e-01 2.916504487418924985e-02
2.947761228572858272e-01 4.125559042436699464e-02
-1.711808725418588750e-01 4.394350677543601424e-02
8.007471858926995534e-02 -4.947896161298726003e-01
-6.227102199632306156e-02 4.015194552353473778e-02
1.557851865495873955e-02 2.228491004770360995e-02
-3.781306293810406949e-01 2.970073361660940936e-02
6.499744290525033552e-02 -2.037933481585165740e-01
6.906822016754854410e-02 -9.020407223109239148e-02
5.710879763143861254e-02 -4.508167823534002805e-01
8.361873607347791726e-02 4.284607818835530768e-01
5.737397986014913798e-02 2.076229224353465241e-01
6.265045655587309081e-02 2.447486298279288874e-03
5.925152320546622775e-02 -4.295292149344066557e-01
-3.948951257268984438e-01 2.697417666470902642e-02
-3.442250617750275410e-01 4.541119779460922601e-02
7.494254716750636813e-02 -2.308053589224356994e-01
6.078907565817481817e-02 -1.129335074223407620e-01
4.458412235498124820e-01 1.826480877316050133e-02
-3.180298433702710703e-03 4.103370255663130184e-02
4.463304901380508172e-01 4.616075000858343991e-02
-4.390154931920510206e-01 1.682159084988732456e-02
9.168037082116753389e-02 3.498315795095063852e-02
7.996402674702585145e-02 2.986230633256855560e-01
5.138164468417960595e-02 3.021315866350693380e-01
-2.673196064961081975e-01 1.620625126883601386e-02
2.384302086289596945e-01 3.914731048562947180e-02
7.378381999100669386e-02 -2.035838601159489780e-02
-4.579517589907177166e-01 3.729931981527667695e-02
7.599062026944880532e-02 -4.660705802083033866e-01
1.735856387062195694e-02 3.584416389028044492e-02
-1.093308777819181898e-01 3.184593254062539902e-02
5.688446824488258002e-02 1.548722166263820643e-01
-3.946625972025310514e-01 3.207936622548324124e-02
6.344849085894221918e-02 1.841347249476710246e-03
-1.227130842281565215e-01 4.067054563306815584e-02
5.270467452400906527e-02 3.680506646322406761e-01
5.565673399529502685e-02 -1.326930285103807838e-01
-2.677101605534295548e-01 1.952889166420468392e-02
3.328861655357292504e-01 3.237985463370129935e-02
1.564421419933087476e-01 2.475614698292016858e-02
7.081951229624572353e-02 2.000353976027112735e-01
6.282997033290438349e-02 3.005757363423922079e-01
5.806508575926594418e-02 3.421805719287539516e-01
7.391994870607410117e-02 -1.300600383831027607e-01
5.450102022986602623e-02 -3.558173759198122177e-01
-6.472507768873847489e-02 4.674537479316676070e-02
-2.538421476401528931e-01 3.844038373797065145e-02
2.026859475691090706e-01 4.615401637830729431e-02
-1.126462670469208227e-02 1.787315879899520343e-02
-1.555142719632974790e-01 3.900638401709977110e-02
8.274997127950367570e-02 -5.751463398471379218e-02
5.767848956789578541e-02 2.220881141721824381e-01
6.499938626107382156e-02 -1.175309838246249017e-01
8.346874790686398260e-02 4.698406976010460756e-01
-1.976244190351729157e-01 1.717443669479779000e-02
6.958354125720034311e-02 -6.814097945648434074e-02
7.593327099829416671e-02 -2.533730651187485750e-01
8.289096257496242348e-02 -2.141463294713551457e-01
5.394204355007747864e-02 -1.922921642735762049e-01
-4.108083452961388549e-01 4.159653911370708723e-02
-2.653642835937969346e-01 1.915830667341045235e-02
3.528842987148030907e-01 3.896647710111389440e-02
-3.310123094699157775e-01 2.914649455573481429e-02
4.456480390091794863e-01 3.401161636383842612e-02
-1.745675844171158397e-01 3.996445684553207034e-02
-3.126173831085086174e-01 1.698628077468566921e-02
3.587466151178768659e-01 1.786560850518836840e-02
-4.771405149329329687e-01 3.324039556268043594e-02
6.699806065222702056e-02 1.576312091597437126e-01
3.357264372796613383e-01 4.254476036299270625e-02
7.201764460689996650e-02 4.513061874539295859e-01
7.219786475758682709e-02 -4.453148312068613279e-01
7.373919908274839674e-02 -4.974180823487784897e-01
6.469111592663734367e-02 1.120491807134783580e-01
-1.418096945054692082e-02 3.016237078366279523e-02
-4.081049953253000906e-01 2.722613538842455494e-02
4.950117542724441488e-02 -2.772885738252791610e-01
8.212975486526652436e-02 -4.020099303541885272e-01
5.021244844996286538e-02 -3.629199880948812407e-01
1.710932833501888073e-01 4.075657620784922663e-02
7.918321143239170912e-02 4.222038732554195262e-01
6.165146878897498350e-02 -4.207786372025366095e-01
-1.139096567983205466e-01 4.343075466549206620e-02
