1.691200505879437710e-01 1.303948741999487737e-01
1.599654629199241951e-01 1.904914799661203695e-01
-1.401011337746285168e-01 4.407003401080163973e-01
2.621269846433437190e-01 4.601540319307293458e-01
1.447317043569089634e-01 -1.856051393509129399e-01
1.445295943453830390e-01 -2.444128333836311784e-01
4.972737463469072416e-01 4.623023584345550274e-01
1.469169292996710396e-01 -2.815169898260931891e-01
1.856306692274426462e-01 -1.469055993820335138e-01
1.853479742400939712e-01 3.493116253913688407e-01
1.748506631819491952e-01 -2.411447531596500049e-02
-4.999967223843531094e-01 4.550798399277823370e-01
2.387182836352841342e-02 4.896477512310055680e-01
1.347443196437041468e-01 -4.599628860329317837e-01
-2.262615797282353514e-01 4.373147063202454943e-01
1.467792476576321725e-01 9.757226800550433676e-02
2.083781280978854733e-01 4.476425028414143803e-01
2.286336100051228337e-01 4.312638368762824470e-01
9.175910105761075908e-02 4.880302104487808101e-01
1.466347489172549201e-01 4.316367681076029861e-01
1.742366087395352814e-01 1.706262183219587891e-01
-1.785917271932921935e-01 4.414711997219278317e-01
-3.698625236293141549e-01 4.603768352762228622e-01
1.488545500947027200e-01 3.489984543838345887e-01
1.458125545944368717e-01 1.873562669384500889e-01
-4.125205555230109233e-01 4.572245654227594658e-01
1.532149675210131567e-01 -2.297249205543732131e-01
1.552535481372531168e-01 1.287771223304043922e-01
1.547346584551756443e-01 7.690610740144654400e-03
1.681341245221638081e-01 2.666397385813369381e-01
1.846775496953882989e-01 -4.553858669437510498e-01
-5.585949904909626174e-02 4.917290497871210642e-01
1.700949555440723904e-01 -2.408207023656424584e-01
2.302605703522311309e-01 4.427937937764709897e-01
3.672369196142000192e-03 4.877403580678456585e-01
1.124329563993776704e-01 4.405500268460698088e-01
1.667798135446998398e-01 -2.069827372604559068e-01
8.233484190452111662e-02 4.599276471983034797e-01
1.715230015260718055e-01 -3.742560941102202055e-01
1.847074889425965871e-01 4.099019232226914777e-01
-2.493808928004441761e-01 4.496744612066716495e-01
1.699688885779203629e-01 -1.246572746587967240e-01
-9.469459410572922398e-02 4.805332455900801492e-01
-3.189979097126660612e-01 4.981234864476843383e-01
-3.147828434754137428e-01 4.851876387539849622e-01
-1.573465886083246223e-01 4.917829756942526664e-01
1.586782238226445152e-01 -3.807225616593548079e-01
1.833842873496155379e-01 1.616800060883022416e-01
-2.979288360725234064e-01 4.626632994375549091e-01
1.622082561848174898e-01 -2.421199721020219631e-01
1.570098106681879768e-01 3.893386601766047894e-01
4.263579152711894915e-01 4.573579886827091601e-01
1.794454963684068982e-01 3.551169341147308867e-02
-2.175763948534971126e-01 4.523013179796274708e-01
3.067307673516006528e-02 4.690872718037368827e-01
1.352786484035217729e-01 -3.709734425817643455e-01
3.494740492427668155e-01 4.541761380965837480e-01
1.807579206554108531e-01 1.053443258628775636e-01
-4.052272189022519955e-01 4.430295942176181168e-01
1.581213303899158262e-01 -2.477070242277639167e-01
1.829910267714364158e-01 -1.122020439853321783e-01
1.834223061700512858e-01 -2.025735217699937696e-01
2.956117293643714117e-01 4.959968097825003808e-01
-5.507661372332262051e-02 4.760896899361505286e-01
-2.668044714140886953e-01 4.649753430586270886e-01
-2.891236947171886840e-01 4.775276058526145562e-01
-2.902418159977678824e-01 4.676329946198888310e-01
-1.737754725537599132e-02 4.487724874011009835e-01
1.623590216222605687e-01 2.859011639792174986e-02
4.367248375611986200e-01 4.297770026827502088e-01
1.686059587570399865e-01 -5.792820760504913125e-02
2.953430862752421948e-01 4.702149466945543255e-01
1.644281817148243174e-01 -3.431473796913480090e-01
-1.080418266202256561e-01 4.368276906541813664e-01
-7.383037417912663436e-02 4.588337322637227045e-01
-3.316061975315772736e-01 4.691440234715189561e-01
1.499459699604146490e-01 1.449548010938065401e-01
1.549211114101354259e-01 -2.165595203684780312e-01
2.610266716440616808e-01 4.296070400734236516e-01
1.485201958934289079e-01 4.033890808095508262e-01
-9.065249586630153011e-02 4.992441328058077055e-01
1.672674595256732344e-01 -1.859590076447987794e-01
1.824928351579960806e-01 -1.601962840465108728e-01
-7.009440081148321511e-02 4.767094213673359615e-01
3.585963857738050375e-02 4.515542099548586208e-01
2.376442336551958245e-01 4.559350503871913984e-01
-4.518564714145589800e-02 4.693034273088573238e-01
4.085552450546696690e-01 4.859587629923385332e-01
3.926164592205683146e-02 4.849462391927629179e-01
1.808053668826797855e-01 -4.600739899157580970e-01
-2.200364154645242376e-01 4.652896210221357798e-01
-1.112969492974258401e-02 4.305517168983814535e-01
-3.087749669635394545e-01 4.460719987039971635e-01
-3.575011035747182042e-01 4.323387629702415413e-01
-1.797906952858664420e-01 4.588409874807843902e-01
-2.253658090902542765e-01 4.622606682585691518e-01
1.758395197264041032e-01 -1.619246484408021214e-01
-4.408634441038883356e-02 4.895815824329950994e-01
-4.477750399841828877e-01 4.646293715566167659e-01
-3.676390336214028220e-01 4.644599397142780139e-01
-4.849477821584861070e-01 4.742983805128235808e-01
3.529646852465461171e-01 4.742992001137256164e-01
1.963554973217503941e-01 4.276089856473618278e-01
-3.640442441472504509e-01 4.543716645091689932e-01
1.589782709809466343e-01 9.459528440247222392e-02
4.445963251095039759e-01 4.630151037414548254e-01
1.649464119718337951e-01 1.122347245763655188e-02
-2.664616871196456849e-01 4.327842203347539440e-01
-1.755694161414422805e-01 4.607539077642236469e-01
-1.577908940483871980e-01 4.869398610876328748e-01
-3.238276088661982133e-01 4.409537908397609396e-01
1.817707415341111021e-01 -2.735830929130121936e-01
1.482856837653708793e-01 8.494702250556818157e-03
-3.277713876511968438e-01 4.966738267574335453e-01
1.537405468552524024e-01 2.128399557371758455e-01
1.358432820985234768e-01 4.524869398323013714e-01
7.561769610904445216e-02 4.365999048755782042e-01
-1.222245665283224758e-01 4.746677294407003478e-01
-1.383468514068832977e-01 4.352235639098416264e-01
3.210051796886725928e-02 4.331792750709727580e-01
3.203682804490493030e-01 4.879764592696147485e-01
-3.195731874488413338e-01 4.680262760331724836e-01
1.497668490093170268e-01 -3.532983880099755947e-01
1.716284042312988811e-01 -4.600869584144459123e-01
-1.526649742661659870e-01 4.709800839061709654e-01
-2.233562519704508365e-01 4.488374046884717750e-01
1.708100191697369263e-01 -4.890562396865814065e-01
1.481696151870238731e-01 -4.183072469623979606e-01
-1.018471439532120382e-02 4.595012444822573761e-01
1.798606190136454730e-01 8.777982110960713680e-02
-1.176160254042191156e-02 4.938317969463759116e-01
-3.261118686015312962e-01 4.519708019758401640e-01
1.752225293025128083e-01 -1.346894330720637134e-01
-4.647265953248997938e-01 4.619515684607908845e-01
-2.352575374834726674e-01 4.821071270562751199e-01
-1.462375879265428447e-01 4.451390940101457305e-01
1.804410376938437865e-01 4.673107298985317293e-01
2.087786413955066145e-01 4.276928812219930043e-01
1.351059310987754447e-01 -1.849856443311093113e-02
1.655754342406041690e-01 1.107556931018157664e-01
1.858178606858730264e-01 -3.455393138818018128e-01
-1.635912314722492988e-01 4.622127603067317514e-01
1.807649947338851870e-01 3.575682450132982027e-01
1.401822003445245546e-01 -4.025347082614683103e-02
5.311211145610006401e-02 4.346966207199060017e-01
1.495686588966136377e-01 -1.792347030989858148e-01
1.436753861404790333e-01 7.948618878422986089e-02
-1.098581322160827600e-01 4.931417651745039210e-01
1.398531273890227800e-01 8.939029914679097466e-03
-7.502370077219133737e-02 4.562928952630351809e-01
1.705351054136600153e-01 4.765326596782246682e-01
3.917211651306961029e-01 4.810390798543788815e-01
1.788660285368667280e-01 3.161049577259124055e-01
1.573465803435929455e-01 -2.477982751026164276e-02
1.366198804702472014e-01 -4.726230409904339513e-01
-3.787594989644432752e-01 4.557111922710848084e-01
-4.309217035030896703e-01 4.841508753141127164e-01
1.574848479864300321e-01 1.227314855534054061e-01
1.699950159076351053e-01 3.177209712697969257e-01
5.513909741268829823e-02 4.390047290396147384e-01
1.313332135797113942e-01 2.600084589213266240e-01
3.324317154413939379e-01 4.501696324286574846e-01
-1.743841672673726029e-01 4.901884846024010534e-01
4.503147819820353392e-01 4.624027634247582785e-01
4.429591491059249320e-01 4.519257146610196063e-01
1.438987537338070055e-01 2.873955415931103152e-01
3.670583476621510632e-01 4.776529821483246341e-01
2.646605751928194916e-01 4.419449426589588947e-01
1.622944431522580500e-01 -3.710352977926770768e-01
-1.983414908820042566e-01 4.489912193524545625e-01
3.459413861196899420e-01 4.832795515473706782e-01
-4.412739558043126120e-01 4.952369816087751619e-01
3.843951499135759287e-01 4.977531151558349798e-01
3.440309265193635113e-01 4.751716419326326157e-01
2.700865355627765085e-01 4.617925470642403329e-01
1.363186826405863306e-01 -4.019202073047535295e-01
1.328377010050627582e-01 -2.294466807286202892e-01
1.470816480495317213e-01 -3.127888213238104731e-01
3.623903619673221055e-01 4.674088002751800586e-01
-9.110635778092213144e-02 4.531413502958241413e-01
-3.254308119952804557e-01 4.470329326950605031e-01
-4.850839629020512467e-01 4.396162308108092498e-01
1.360264385529373898e-01 -3.554534420331617595e-01
-1.690435922641608801e-01 4.763256562075197653e-01
-4.998280022904776354e-01 4.544627851030966781e-01
1.707364851664067151e-01 2.552075712722353673e-01
1.623035446761704748e-01 1.343721057684797993e-01
1.365864010285071650e-01 2.533321084204280815e-01
-1.927812232843965079e-01 4.988338485797904065e-01
1.773308111943862064e-01 7.185674719756829365e-02
1.740050906239316575e-01 -3.021845509598475310e-02
2.763806384217960543e-01 4.686235514832384208e-01
4.703996880307903528e-02 4.280079000748279183e-01
1.502475844468406097e-01 4.812374028643047197e-01
1.792663419649479506e-01 1.685167596944666668e-01
1.757189704792484486e-01 -1.471427459898564383e-01
-2.097805224813409364e-01 4.422862143435378757e-01
1.659884511747103941e-01 3.971496653527819554e-01
1.682550613784580262e-01 -2.303642035167049462e-01
1.574829480590095310e-01 1.885685950081492646e-01
2.894229480691457024e-01 4.864036655184076352e-01
-7.891152607742346614e-02 4.719162713605059567e-01
-2.401267851470761938e-01 4.555512148548405138e-01
1.436815507204205478e-01 -3.987492180639575778e-01
-4.375771300611385195e-01 4.393578609039229255e-01
1.334096242740910876e-01 4.400517544691726624e-01
6.092884951566690521e-02 4.321119747238005848e-01
1.465633201178424549e-01 -1.951757909659150858e-01
4.388685618141924261e-01 4.874637094816086647e-01
-3.111937372749240538e-01 4.368458525861080854e-01
-1.377099133205241799e-01 4.479911165359109493e-01
2.310384966797739414e-01 4.665210800060370921e-01
-3.425151232867919004e-01 4.390604331519279979e-01
-8.521108440851010712e-02 4.280300824545316685e-01
-2.529824757211128761e-01 4.371561620172166318e-01
1.485752436958994727e-01 -4.055931784018264041e-01
1.639306100681811040e-01 -1.045197857398338925e-02
3.586847891437852098e-01 4.930377897234264895e-01
1.651349005847809748e-01 -6.141819466258247040e-02
2.052230721794391366e-01 4.672023756870876676e-01
1.822955194117932276e-01 -3.466861328745296511e-02
1.369721962070075127e-01 4.860699972946602720e-01
1.860055485598303138e-01 9.056768996453590237e-02
2.222630764556643435e-02 4.507722472505549804e-01
-4.241847546683888970e-01 4.748122124721204651e-01
4.096472002756709196e-01 4.621466823877738994e-01
-1.052726586653839336e-01 4.964676832750455349e-01
3.511149929348051923e-01 4.605897273162289363e-01
7.477804008470123609e-02 4.592646303363200344e-01
-2.370820902225679871e-01 4.856339496499303410e-01
1.724974113731583270e-01 -2.967107639642591055e-01
1.369188428794635426e-01 -2.693594557106981924e-01
-7.128889051811027056e-02 4.603538626870129491e-01
-2.693907591218303033e-02 4.414322866181562555e-01
1.649390673517081574e-01 4.120659798179199251e-01
1.381963940629581389e-01 -4.320404604558425454e-02
1.569373220866019381e-01 2.276014345333512434e-01
-3.775336414696769394e-01 4.333906155132279947e-01
-4.166216030637646117e-01 4.905320209403446485e-01
1.400033694310892640e-01 6.152453658280510052e-02
1.862810141559694266e-01 3.640437187274415676e-01
-4.661195642234605696e-02 4.658375109433423589e-01
2.070877874075789382e-01 4.448041461064285995e-01
1.422027502997381676e-01 -8.818375311975645836e-02
1.569132008748869156e-01 2.151089344132304237e-01
3.559873243602317272e-01 4.902240998406186545e-01
8.486242871747340377e-02 4.867841755756197042e-01
1.759425469719286816e-01 1.855023454910862402e-01
1.455913915963484850e-01 3.622339611066649478e-01
2.292442108947603252e-01 4.365228795136200102e-01
1.804063389059906708e-01 4.352055621628926341e-01
1.541277758764705297e-01 2.081359634428857630e-01
3.759267184305993270e-01 4.890494263141423881e-01
-3.156600664797992728e-02 4.754180910249375946e-01
1.247506195115775096e-01 4.463427852986192601e-01
1.654964680537017729e-01 9.210462314840128784e-03
-4.302864021842213171e-01 4.557891969967475809e-01
1.516162364964948051e-01 -3.204592195732737236e-01
-7.413210746815113161e-02 4.270291243980527396e-01
1.430447011899457221e-01 3.193892143186948251e-01
-3.992251610666308625e-01 4.844335957773644452e-01
1.685720534413315264e-01 2.535032227177703712e-01
1.337191167393304569e-01 -4.731142747097805135e-01
1.633765716083004360e-01 2.014556755598526649e-01
-1.966916747353981698e-01 4.843038597726220251e-01
-3.087864064703577105e-01 4.668999794011855498e-01
4.245458720527606200e-01 4.781426032280653438e-01
8.298069620345471797e-02 4.940363855834531970e-01
9.121865648389015924e-02 4.449675989320912572e-01
2.684441658807945608e-02 4.968579943621991291e-01
1.478421301939630839e-01 -3.661171448968825182e-01
1.402392364558580073e-01 -4.297591116063405048e-01
1.685314362667609256e-01 3.043967660766047079e-01
2.878535775148495235e-01 4.329123670784558175e-01
-1.651203524823060542e-01 4.337379215617371830e-01
-2.441288120917626259e-01 4.504022441919686148e-01
-4.493310893852708876e-02 4.738029607585381164e-01
-3.205128890815144294e-01 4.783399826579779468e-01
-1.876112568556214111e-01 4.534382143438460133e-01
1.778164083696787134e-01 -2.330801085136827711e-01
1.718561647395960845e-01 -4.925231069689766095e-01
1.771873084782390473e-01 -1.209201581545793491e-02
1.783174999066492461e-01 1.697450810474765426e-01
1.317120252211244624e-01 4.599302402764338105e-02
1.634165785471761723e-01 2.913832663333317807e-01
-4.534949037204815125e-01 4.887041897548226599e-01
1.370707434824185444e-01 4.519139567887635600e-01
1.623940861379100653e-01 -3.108485754614391805e-01
9.870361740723210264e-02 4.933807320127182594e-01
1.437703586476470896e-01 4.566457454246267700e-01
1.423068051365501407e-01 -7.296294568236760814e-02
3.435419837917641495e-02 4.300141266571176901e-01
-3.132954082881327373e-01 4.519269264936313091e-01
2.473683904263901390e-02 4.335135349741303656e-01
2.644678014272695554e-01 4.835566822215988658e-01
6.356161918188607540e-02 4.625427601705940361e-01
1.438194861440967864e-01 -2.082313868972683890e-01
1.699846853184959761e-01 -1.343207071546836939e-01
1.407451544791826770e-01 -4.899676425884967879e-01
8.785451800243038178e-02 4.552240783159261506e-01
2.511345077892570554e-01 4.987312148906054565e-01
-1.831392338616633086e-02 4.828197724966635240e-01
1.813860796102700901e-01 -1.949720878204177499e-01
1.473591061158258109e-01 -1.361905190659005171e-01
4.879514064278547281e-01 4.711142486477104541e-01
3.509359670412152132e-01 4.823976849152583624e-01
2.457238343476930709e-02 4.717082247091183289e-01
1.723716715038238201e-01 -4.592414797699438944e-01
-1.769748050741284384e-01 4.779804816370466503e-01
1.441498967799926811e-01 2.860058014545621141e-01
1.598696573236303431e-01 -4.096226308693696749e-01
4.177134186018797157e-01 4.972909662117519503e-01
1.350407041223268267e-01 -1.398359724568843943e-01
1.566411149156629046e-01 -3.149468041529167595e-01
1.441112352661286788e-01 2.877132264813231366e-02
-3.293251165603585662e-01 4.576987264737230054e-01
1.445769081642722664e-01 1.439114305201001365e-01
-1.442415080743980615e-01 4.401689174794075621e-01
1.350518817838003427e-01 1.478326223175412402e-01
-4.401159309142206322e-01 4.399744367667978162e-01
3.016522787238501424e-01 4.790497738564587493e-01
2.425028963174913343e-02 4.898763971280503116e-01
1.447730464053000876e-01 7.259944329740586344e-02
1.698989784594839847e-01 -3.383008506795162074e-01
1.306557291750655159e-01 6.287666620918741511e-02
1.483829402916924112e-01 4.089828110171903619e-01
-1.236841582345443724e-01 4.328267746845613217e-01
-2.059192389961613801e-01 4.311592888638909882e-01
-8.073191107866506400e-02 4.466473850329105710e-01
-1.916591301840655515e-01 4.523106011354833811e-01
1.861946335349721204e-01 5.124955372952144650e-02
-3.796887437059113246e-01 4.718581609903070850e-01
3.522622637359522635e-01 4.635071860865400684e-01
2.995299296699416303e-01 4.523958813267725532e-01
4.755368048943963144e-01 4.908576929754842055e-01
2.590748572572609820e-01 4.722252443551948620e-01
1.709619346935288275e-01 -1.415474320745198078e-01
-3.322840690873757330e-01 4.964782051102830662e-01
2.034380728687916751e-01 4.770525146493843627e-01
1.350789473472435720e-01 -4.520679023207225811e-01
2.167739982894907325e-01 4.742632190963140815e-01
1.653309892066631148e-01 -8.913133545194229512e-02
1.484492812101433357e-01 4.152252482108238496e-01
1.395476796830497079e-01 2.911534391246671793e-01
-3.705410955532650874e-02 4.767599428335648204e-01
3.914266633908199955e-01 4.312255751749572985e-01
1.408939492511612768e-01 3.158719425203841968e-01
-3.170604014081467303e-01 4.354211108519622231e-01
1.622809961248697919e-01 -2.724774652638680683e-01
1.401644394300083363e-01 4.914561204160161623e-01
1.326394945083398946e-01 -4.612402354873689214e-01
3.324553536382888197e-01 4.470477184643947277e-01
1.610502848388990493e-01 -1.895400134159370698e-01
5.387034413234692565e-02 4.353854697570150867e-01
-5.048505259061253359e-02 4.307037951024176303e-01
3.071117767687914224e-01 4.911009821646513673e-01
-3.878053238081543563e-01 4.823198627352390799e-01
9.425048364947330448e-02 4.424936311707671210e-01
-3.171814979810344548e-01 4.989914058119909734e-01
-1.434153309722888681e-01 4.938060942036665013e-01
2.295979738521524149e-01 4.710803075166503096e-01
-1.438022394511806468e-01 4.320465111074949238e-01
-1.471154333683822868e-01 4.402531066923728309e-01
1.628171315676224529e-01 -4.428735053153044499e-01
-1.038185712727224264e-02 4.968285592416380458e-01
-1.472491080431964638e-01 4.347885561851200231e-01
2.429472668866563545e-01 4.408714362913366269e-01
1.649412358839673631e-01 1.060678441167589581e-01
1.572480852924059702e-01 3.072011652363659806e-01
-1.566825320234577212e-01 4.790190080602165779e-01
1.715681159331770012e-01 -1.106162992259590583e-01
1.460221739364793159e-01 -2.075416207860305562e-01
1.744476718300332907e-01 -1.867786312763303203e-01
1.548587124995894904e-01 4.801672471671141196e-01
4.696071417999763131e-01 4.452107461848991976e-01
-4.196409484966877601e-01 4.393560667291910304e-01
-1.135278134194639410e-02 4.829557721889599087e-01
2.694887432438484165e-01 4.878022427313704057e-01
1.819309199326585302e-01 -2.427218961945009079e-01
-4.283185793984077838e-01 4.446523677678990705e-01
1.393614314071974780e-01 -7.233759820481233671e-02
-3.064458260045899163e-01 4.605108627284473233e-01
2.347891631477941887e-01 4.591825601711336802e-01
1.577165709904324586e-01 -2.218741333982650055e-01
-4.668509138485146259e-01 4.578991234252308695e-01
1.718129592559733965e-01 -3.016444558367137319e-01
1.845085141503465254e-01 3.053991378959920455e-01
-2.156110970231934765e-01 4.804145995007712555e-01
1.519712992152828512e-01 2.230869154533844378e-01
1.649237054845797967e-01 1.761757158326998640e-01
-4.903723075411703380e-02 4.283056918485869113e-01
2.581185521008263484e-01 4.978038426568457409e-01
-1.995832610654334482e-01 4.331261782117690196e-01
1.762233319194788095e-01 -1.672214670971332584e-01
2.405875111535255018e-01 4.869918978561197376e-01
3.270330686938086595e-01 4.563011769354130553e-01
1.350851189403046160e-01 -1.120871122822474364e-01
1.753561546139545957e-01 8.965481956175291867e-02
-4.621395179140384002e-01 4.607803015578405548e-01
3.939463551945299180e-01 4.366934196323838391e-01
2.494715146419439478e-01 4.284997227934004282e-01
-1.758839256051718536e-01 4.303671301705280783e-01
-4.102485484844218266e-01 4.480735349033021508e-01
4.576917253946897191e-01 4.898650284590512216e-01
-3.198269956606087927e-01 4.883061850672549831e-01
-4.164420677732100229e-01 4.637171129835845340e-01
-2.755524045957403745e-01 4.547431905834292687e-01
1.386059165204566179e-01 -3.442058807312688984e-01
-4.142175409278745501e-01 4.510618495246151438e-01
-3.071559459084428623e-01 4.361373605053661118e-01
4.655361386630264553e-01 4.344201893067805020e-01
-3.836396009532947460e-01 4.467602564994871406e-01
-4.421050762278651014e-01 4.503292630102668781e-01
-4.091707577257223116e-01 4.887712515772605348e-01
-1.694637726540957345e-01 4.529607190227815661e-01
-3.465638155120829289e-01 4.294725141907970167e-01
1.354986592515707855e-01 2.710704052379654394e-01
1.571332079706984075e-01 2.445827136607036101e-01
-2.011173322834758359e-01 4.343228940315009279e-01
-2.772367998964893054e-01 4.399410714412629320e-01
1.317009144389998943e-01 -2.138246679214482748e-01
1.419223896755593683e-01 -3.286198883716884289e-01
1.796885502544398605e-01 -2.502481581755569007e-01
-9.551990800404508430e-02 4.456041460570414614e-01
-4.177597159793497994e-01 4.953457930702088730e-01
3.785788691682299145e-01 4.454398381360054060e-01
3.885295965762369796e-02 4.919355819702432298e-01
-2.990372179673876918e-01 4.379050852664073679e-01
-3.111649810166320362e-01 4.873701976051051377e-01
-1.167417337502273389e-01 4.668192826065978851e-01
1.790141711819800419e-01 2.163101270336976745e-01
-4.627503351562555212e-01 4.829069399823967546e-01
3.291065001748609831e-01 4.935262907494332163e-01
-2.346099126807307256e-01 4.803445609969480001e-01
-1.523091921435826279e-01 4.662345253113191479e-01
1.748009046827297963e-01 -4.990907367304256992e-01
4.715905198845726787e-02 4.922545251732579619e-01
1.590868039535624501e-01 2.664715241578200500e-01
1.674708462141866194e-01 -2.290907388043047499e-01
1.637776796073864283e-01 -3.296486031683545370e-01
-3.545204439086276915e-01 4.353888132415126844e-01
-1.976126379946274714e-02 4.784172972619984421e-01
1.483586744199472118e-01 3.014613309572733435e-02
1.532930925891992091e-01 -3.463589860872546833e-01
1.057273185287720407e-01 4.401037296564045409e-01
3.623528249364293963e-01 4.755924223395712191e-01
-4.729366671440338177e-02 4.429993974265680201e-01
1.592554752134835994e-01 -3.511410680001163520e-01
8.139393019517171535e-02 4.418039014871645298e-01
5.757541249582820431e-02 4.585066385719779314e-01
1.405011316544875211e-01 -4.928593787241168922e-01
4.450488067533694414e-01 4.595214442483023243e-01
1.363960947821510894e-01 4.202101423478084019e-01
1.658754184737731840e-01 6.133851610101792584e-02
-2.842670606188857363e-02 4.992775958448912865e-01
1.781482537982725933e-01 -3.824544212783531627e-02
-1.314833124086192129e-01 4.308504304132041440e-01
2.025749074286128382e-01 4.552186591828447648e-01
-1.170783675056560336e-01 4.623839938633966806e-01
-6.335330759751001128e-02 4.499402134188492663e-01
3.313680417758311236e-01 4.981262346147056208e-01
1.805670561569282517e-01 3.201193298764806183e-01
-3.707628577235335676e-01 4.894417023231260044e-01
3.573269047417189093e-01 4.786883158503811853e-01
1.317487028610405675e-01 3.028647199378474708e-01
-4.448488762419633424e-02 4.551373166457722830e-01
-4.263710175888075771e-01 4.797490681455444106e-01
3.591944481471678330e-01 4.425166470404333641e-01
4.592813931792375515e-01 4.970953093734544748e-01
1.541240271237930282e-01 4.484933815345819585e-01
3.183281939424875695e-01 4.351821108928767279e-01
1.790575626039685453e-01 3.000753716670755411e-01
1.657055602169833497e-01 -4.798949371265426311e-02
1.701559994371378837e-01 -1.877121090484118460e-01
1.835245110929075718e-01 3.900733997098358996e-01
3.609383855353600623e-01 4.766843508869350599e-01
1.475009040884736056e-01 3.472427253433121308e-01
1.528083322956176326e-01 -2.313770477719352403e-01
3.679367010261974658e-01 4.535925515794390073e-01
1.598297388041572953e-01 1.062957511539346367e-01
1.421900063275643999e-01 2.304568583116546332e-01
-4.891300208898680113e-01 4.380925892886473605e-01
-2.439600735010608590e-01 4.971105730989860971e-01
1.388880796871286849e-01 2.644654855933555870e-01
1.324970591143126430e-01 2.141977136898790546e-01
1.356168982283906255e-01 -4.764359565784299644e-01
1.793039248808493413e-01 4.132385012771152555e-01
1.625860631770104092e-01 2.681656664261585776e-01
-2.434759524178892187e-01 4.275973398438918105e-01
1.482424106727955326e-01 2.639664806208525949e-01
1.829644255357626426e-01 -2.178297843066185902e-01
1.535421633592931601e-01 -1.716785437259126246e-01
2.098449399838739904e-01 4.595510736217865988e-01
1.510500981233330320e-01 -1.675366687517065856e-01
1.417436868363932678e-01 -9.057579573624530145e-02
1.692996987485709814e-01 1.705374503155843158e-01
1.731354581172034335e-01 6.691244752134861695e-02
1.672327974308607246e-03 4.455375142955467771e-01
1.753473275362457118e-01 -4.050724525744681115e-01
-3.269148785570048510e-01 4.414322889605095668e-01
-2.592750731367676753e-02 4.676216574900374789e-01
-4.875212261566228555e-01 4.412694341988601110e-01
1.510210498824409164e-01 4.544147694958886596e-01
7.678006606666298861e-02 4.316561177532782789e-01
1.347674337658587573e-01 -1.785281493371140282e-01
2.456937363245852435e-01 4.288739867795674510e-01
2.921915828876945342e-01 4.573954632264215503e-01
-1.763746130598553563e-01 4.299045988250400629e-01
-3.583096082517326364e-01 4.563709358536304217e-01
2.998406148778446356e-01 4.401019592467328989e-01
1.581003055833947180e-01 2.720584626550052176e-01
1.225390693492534044e-02 4.370603300159674465e-01
1.377547962951152227e-01 -2.222279874409649469e-01
1.659327874464906483e-01 4.846831188660214451e-01
1.723561193568573513e-01 1.299511258588421647e-01
1.527601864731236159e-01 1.766373551512656626e-03
1.069190853746412317e-01 4.944774636973230386e-01
1.552861760846375727e-01 -3.439162433761094873e-01
4.532617182369391706e-01 4.340944627211065221e-01
-8.449734883771808924e-02 4.510910913940587852e-01
-3.273027411849187551e-01 4.417171314048924380e-01
1.182358480655638644e-01 4.751578913028893236e-01
1.648240274953310935e-01 4.132097977136961475e-01
1.593321212135785370e-01 4.217392391464465096e-01
-2.095452968697748553e-01 4.461183426862622703e-01
1.060574210599900535e-01 4.467418357638083259e-01
2.332045464780040378e-01 4.833096932384431943e-01
1.734542165282245696e-01 1.463176107433729056e-01
3.281624653543150361e-01 4.658360449521050661e-01
1.610214077343258277e-01 -3.171524588866879713e-01
2.075111427740764514e-01 4.380465112747123912e-01
-1.925101422702260034e-01 4.749925689769182169e-01
-3.378298884108548172e-01 4.575564372888741849e-01
4.992244465861571667e-01 4.301525907933361204e-01
1.766178934374623699e-01 -3.846347678634984835e-01
1.599640569524056755e-01 1.015550424224196391e-01
1.321978587843561925e-01 3.252806699065281526e-01
-3.803400096933694519e-01 4.681253338238462458e-01
1.503682649658312220e-01 2.629055013941612451e-01
1.690397210147093210e-01 -3.173388841195731169e-01
1.341262768621116486e-01 -2.311889417167123373e-01
1.360526699091113567e-01 -3.483502374001371527e-01
4.674753520834165066e-01 4.492423038679022040e-01
1.529148231991124263e-01 -4.812516010186529414e-02
1.690333079369131797e-01 4.765027873819049908e-03
-4.898755358571382779e-01 4.881911311564716138e-01
1.752468638343555041e-01 -1.531286328601632052e-01
-5.145189934675842292e-02 4.694970696364898499e-01
1.634259286640881159e-01 1.657394015916081598e-01
1.470952321900191873e-01 -2.637762417669132775e-01
-4.990629338032871454e-01 4.615338732241399677e-01
4.069027950018044848e-01 4.326101848882799583e-01
3.654422630508390446e-01 4.311579044826641116e-01
1.498705644024455053e-01 7.809579572518010604e-02
-4.514632185450956348e-01 4.665069166406542456e-01
-4.388566683856238715e-01 4.854677454306181028e-01
-4.845295955907820140e-01 4.421314509086275990e-01
6.812175614711446503e-02 4.315278516546812160e-01
-1.157204720647536655e-01 4.312350764065887576e-01
-3.758913907224904483e-01 4.903000631742389093e-01
1.424981015349986446e-01 -1.915797050229961496e-01
1.507404879234990336e-01 4.019051726409422765e-01
-2.889358375421138270e-01 4.815885536772669395e-01
-1.071217282543461824e-01 4.839969756722891647e-01
1.812477291785105082e-01 -1.739209640704154625e-01
1.836717101638668526e-01 -3.878451047648308059e-01
3.247818837428791960e-01 4.847692993997573252e-01
-3.521665671157222510e-01 4.794082068676880359e-01
1.479935435970104463e-01 1.032841608871468697e-01
-1.111695714245610755e-01 4.725341269911152997e-01
1.448117149123687719e-01 3.942138391676994758e-01
-8.334265983752753293e-03 4.288858624211308035e-01
-1.899384842854031641e-01 4.309545613736484038e-01
1.638425944516173072e-01 -3.215386331576934875e-01
-9.203949158284241427e-02 4.890267269372642334e-01
-9.287485696287167691e-02 4.291172687675774977e-01
-4.777059812928566851e-01 4.689563365023590169e-01
-1.141731935530047037e-01 4.691360048527055682e-01
3.965249466260662992e-01 4.715513219097299258e-01
1.512848241033325492e-01 -1.761445136653265742e-01
1.665836733568462069e-01 3.495107173400993084e-01
3.028615110777757025e-01 4.450460193111777096e-01
1.755632253150420929e-01 -6.093887452890534018e-02
1.392215238679409550e-01 1.416174771114395714e-01
-9.836478253220959367e-02 4.809226334959169069e-01
1.662163282503477113e-01 -1.142448110116869309e-01
2.625239681881297304e-02 4.583200840350147853e-01
4.433922684444849827e-01 4.358173515767453932e-01
-4.149325818887836803e-01 4.847635465225456075e-01
1.778732019912332429e-01 -3.155974086024562197e-01
1.711370688709549226e-01 -3.813140316592812384e-01
1.866890540507166740e-01 3.315281050339236035e-02
-1.679942137515838541e-01 4.631371513484264790e-01
1.669121889684833659e-01 -3.395994541393769772e-01
-2.565111782631083193e-01 4.586532145903970958e-01
-4.302220563448511115e-01 4.930408299769708513e-01
1.640648064794282268e-01 1.289511977780711804e-01
-2.424504966675081752e-01 4.976887665411469097e-01
1.442097129529730237e-01 -2.705725774539483597e-01
3.095013446258908507e-01 4.956723826731991300e-01
6.977855081932871073e-02 4.685081715316528062e-01
3.449336874717601198e-02 4.871674353459654050e-01
1.821855243228970300e-01 -1.529701072543421247e-02
-3.734517317255997559e-01 4.914021637373523488e-01
1.778181204346597211e-01 -4.155946719507965792e-01
1.566094888798734708e-01 4.655477176631125369e-01
2.646270545297357835e-01 4.803065042270048268e-01
1.368809464196957260e-01 -4.112881646637944755e-01
1.532404217856753181e-01 1.768422168526420091e-01
3.609568027635531307e-01 4.274226146544654048e-01
7.551842311969370058e-03 4.853517279909235205e-01
-5.977657306530614889e-02 4.422271115319252877e-01
1.564826400344000445e-01 -4.778747510617424865e-01
-4.638275242455717207e-01 4.565889901573911835e-01
6.710296605636556500e-02 4.847242746698213756e-01
-4.749804672527350169e-01 4.763328382969699293e-01
-1.436942243643893891e-01 4.877541621710406172e-01
1.406672517472135064e-01 -1.664818284850430041e-01
-2.833875369685858736e-01 4.311073005015428894e-01
-1.270546926114745068e-01 4.894181795557067671e-01
