2.714454838893709532e-02 -1.282733897484121810e-01
-4.810718032407571565e-01 -1.603836196060952624e-01
3.613042304756197698e-02 -2.704715686668678343e-01
1.465648383507949237e-01 -1.422110117928849782e-01
2.185983358206918803e-01 -1.529977075780395435e-01
-4.378153544498876171e-01 -1.223077913464313271e-01
5.023624662482240044e-02 -5.619423912047405434e-02
-3.526774381416722948e-01 -1.188891514942026495e-01
3.205078880287470788e-02 -1.365053082561094033e-01
2.560861580379422131e-01 -1.463675820517827963e-01
3.235874384413861549e-02 5.623659143397796711e-02
4.654712675579778525e-01 -1.599172716633167068e-01
2.190490618194435024e-01 -1.354383785349042579e-01
3.814455210055522905e-02 -2.562132780894598172e-01
3.913501165952668615e-01 -1.596164867869187542e-01
2.896781461648512135e-02 3.846193145986144257e-01
-4.874592427563465558e-01 -1.177349126105476929e-01
2.618763735990481401e-02 -1.612649873160207914e-01
4.029309851584306212e-02 6.469920898544145871e-03
-1.581632370422463296e-01 -1.250851908920779243e-01
1.480756223146771910e-01 -1.411922504346103668e-01
4.670311529687642960e-02 -8.310037398032432687e-02
3.331102938737962038e-02 9.858226874791864436e-02
4.423381489752631346e-02 -2.074275783261125827e-02
-2.593514994657954986e-01 -1.362976791247968444e-01
-1.546724749531677157e-01 -1.264081417867967128e-01
-3.053138560183265016e-01 -1.612292562350968739e-01
-1.695922397744745735e-01 -1.560253282096466521e-01
8.504959988099070056e-02 -1.243633376443861183e-01
-1.451812298690304814e-01 -1.337437195392155997e-01
-4.087414709354716402e-01 -1.475289658859590958e-01
3.328291829365537247e-02 -1.393687087462839314e-01
-7.275753510442350969e-02 -1.173865787254324555e-01
-3.189573098216633706e-01 -1.415961049819540740e-01
4.258006183655116406e-02 -1.088952320439432464e-01
-9.495442788502772569e-02 -1.483349691364337364e-01
-2.597869008684570158e-01 -1.246627708807186430e-01
3.805001344208891467e-02 8.217955634704598999e-02
3.296611316949626946e-02 4.905900367813421648e-01
-6.028096180564634921e-02 -1.313985378750357480e-01
3.147301297152826915e-02 1.488808357239547187e-01
-3.500674480393578536e-01 -1.638403992190329284e-01
6.370597805149924575e-03 -1.478670253775691279e-01
3.318284012160199747e-02 4.541416228742912731e-01
2.161201582086247353e-02 1.296992273398615003e-01
2.227556905221184103e-02 2.131944770514156984e-01
4.490220524596677532e-02 -3.064189945488841049e-01
4.203639113861956655e-02 -4.319108136929468156e-01
3.091697595256459596e-02 7.787977146671387629e-02
-3.814778288135198814e-01 -1.232471814834619206e-01
-3.961467350833736134e-01 -1.204174042649770460e-01
-2.754535094493804070e-01 -1.427780306079784456e-01
3.447329409355615049e-02 4.949496149623743291e-01
3.103677266917914679e-02 -2.670937132054400642e-01
4.079437367298499595e-02 -2.689226171760464856e-01
3.256822172186080167e-02 -4.859936784848160052e-01
4.013717924202242493e-02 4.396244522872211347e-01
-3.564916907303856686e-01 -1.394448227217929270e-01
2.908737358320501176e-02 -2.196404602360737535e-01
-3.691212099824129345e-01 -1.342402034158171054e-01
3.455317830168190829e-01 -1.233473348877298648e-01
3.747172426206243356e-01 -1.283684805193860967e-01
-3.181710379722518800e-01 -1.599109458153535890e-01
-3.663451169820118869e-01 -1.234428380786560808e-01
-2.253635292176042748e-01 -1.628514474418675251e-01
3.856901456328276634e-02 4.623042074354793973e-01
4.549134111021169158e-02 -3.796892397179494338e-01
2.284306187166762481e-02 -4.893604289207816871e-01
4.146162657189017553e-01 -1.630099400371390894e-01
4.782777636754231843e-02 -5.502706161490655834e-02
4.049897488991560657e-02 -5.879697410066253571e-02
3.942312573981001655e-01 -1.361794411743726396e-01
3.067890968941534569e-01 -1.637850000320566490e-01
4.136271982011483495e-01 -1.394136064450144374e-01
-3.001244626915278157e-01 -1.389293063437898601e-01
3.417139562707660616e-02 4.767751436116414165e-01
4.136996855122498928e-02 -2.607792315605297340e-01
-2.592734161961891548e-01 -1.459680444060987847e-01
3.088734486173150273e-02 -1.315180974243136403e-01
4.940766466686252745e-02 -2.828470469067657644e-01
4.855402539999357225e-01 -1.225474557613478455e-01
3.159058852248224358e-01 -1.646751670568625814e-01
-4.660113882740186675e-01 -1.266295940009741772e-01
5.106354550770497713e-02 -1.387825812137178927e-01
-1.032360606989712881e-02 -1.247549516962449534e-01
1.860941298083871320e-01 -1.294662944436149044e-01
5.024363159495259801e-02 4.686028908065651422e-01
2.559831738129358936e-02 -2.666627775525797217e-01
2.802117129070069712e-02 -2.687380744411131950e-01
1.330828845576226271e-03 -1.195100400191706491e-01
2.374815632999871529e-02 -4.318488916078421225e-01
3.859049066928665894e-02 -2.944758327889664962e-01
-4.458008025063179280e-01 -1.627134927152723565e-01
-2.511201992614005007e-01 -1.171545129916869987e-01
4.287979077016256246e-01 -1.617462901245467766e-01
1.358895194604319290e-01 -1.648434387534744028e-01
-4.818672147876301715e-01 -1.458288218930353652e-01
-4.675902510254746902e-01 -1.505804669829950981e-01
2.579066652632899803e-02 1.258956511773824394e-01
-3.773238022119973500e-02 -1.590876495966617732e-01
4.264438787800239883e-02 -3.042239536403962274e-01
2.275910066781106078e-02 -2.446639510348680435e-01
-4.983909085787321391e-01 -1.250029213958598895e-01
4.550250689383694702e-02 -1.327419085155697731e-01
3.882074685141345682e-02 -3.241235037759931936e-01
4.622315537999621693e-02 -4.136665220208121108e-01
1.795339844636331117e-01 -1.170462047962160801e-01
-2.826727204483459044e-01 -1.325182077001586523e-01
4.478611595161674508e-02 4.213492568755395906e-01
2.396024032584418428e-01 -1.331873734073315552e-01
3.871090740402705066e-02 4.085432688869815587e-01
-1.238129778753881416e-01 -1.473553443386219630e-01
3.392720411422717186e-01 -1.544361017144119108e-01
-2.219560441848417165e-01 -1.676279556670604576e-01
-2.894228035105058661e-01 -1.238509729416767957e-01
4.204324135539938556e-02 6.484034684812978178e-02
3.826342088421074150e-01 -1.542371107373231576e-01
2.674592983123724732e-02 -3.149096506940132212e-01
-2.866001037605513391e-01 -1.464515446203289439e-01
3.761660906783237390e-02 -7.468345971855538945e-02
3.161444049771400255e-02 8.396503721382708729e-02
1.355377775721018363e-01 -1.285370505249724404e-01
4.683230996570553195e-02 -2.337451401664394357e-01
-4.064943890939930471e-01 -1.271167542123852190e-01
1.411419103487446813e-01 -1.277905819958079503e-01
-2.652221962318842552e-01 -1.394813266289235409e-01
2.340805475152107906e-02 -1.721490156755189904e-02
3.405597005164306967e-02 3.775431410269616261e-01
-3.849273734157828697e-01 -1.341541599763692583e-01
3.432456847765952279e-02 -4.741503643410029945e-01
-4.277340221537073717e-01 -1.413205585738795955e-01
3.320669754267635554e-02 5.662777831325183087e-03
2.598771787151421542e-02 4.111662598364340671e-01
-3.110141926650381583e-01 -1.183677586768318024e-01
4.358531752767413892e-02 4.461087571645738770e-02
2.365031733690137195e-02 -4.727523141633322989e-01
3.608470512181205514e-02 -1.671573077390942075e-02
4.687070735913031472e-01 -1.367468387765159443e-01
1.144757198000490028e-02 -1.327285947711311920e-01
8.686767452334798190e-02 -1.442683395837479621e-01
-3.476756521668478150e-02 -1.523107220065719192e-01
3.770423346841988987e-02 6.471318128669711900e-02
-2.382377489610191246e-01 -1.500248797675344248e-01
5.116213927413604257e-02 -8.305536978371108603e-02
4.477529966815900764e-01 -1.386552000334201340e-01
-3.922523354754022806e-01 -1.381112637072624549e-01
2.912062659898340122e-02 2.559458122040974004e-01
2.845985185315234034e-01 -1.498125107529127975e-01
3.541077605769823444e-01 -1.378705903927731624e-01
-4.096181482828733511e-01 -1.497961711655789729e-01
5.206826021337818133e-02 -4.382146943333786737e-01
4.806573717961859504e-02 -4.724742569017499338e-01
-4.797127670798979615e-01 -1.332124904858635883e-01
3.736244328609905629e-02 9.239811353988869325e-02
-1.496863896614994971e-01 -1.230306872678690322e-01
-1.510314345476253539e-01 -1.564021135100427395e-01
4.566247016261526515e-02 -4.151566392374875791e-01
3.612062044690300677e-02 1.592737616705354187e-01
1.460181482933687880e-01 -1.313655746898234611e-01
3.019531213928716706e-02 4.306891576336908667e-01
4.924208792065688511e-01 -1.411888921017490084e-01
3.075761469314408636e-02 -2.300202240075474025e-01
-1.162416413713525110e-01 -1.526884962196556339e-01
1.866595773477460751e-01 -1.570054582871176496e-01
3.666936234355444579e-02 4.587728517369482617e-01
-8.532894761103804182e-02 -1.453510796882070411e-01
2.615415561007448098e-01 -1.313643517249052373e-01
2.170866441079370990e-01 -1.569328287516430498e-01
-1.643484764954930011e-01 -1.495765155038870642e-01
3.223632783023464565e-01 -1.363769609130726090e-01
4.535206817937087465e-02 4.807206816820824846e-01
-1.314123480538131883e-02 -1.438676981973447955e-01
5.101543793217377942e-02 9.464336556358587949e-02
2.865559937365969034e-02 -3.855505248440125321e-01
2.491558714949618780e-01 -1.432193742103038403e-01
1.515875283751063618e-01 -1.666024142367067418e-01
2.189132974005425503e-01 -1.189877322119170522e-01
4.884592051981395677e-02 2.037233995194107639e-01
-1.419749001240245834e-01 -1.267117037744909247e-01
1.158778435449316913e-01 -1.220248736825118030e-01
3.282855800150297210e-01 -1.567533864929611109e-01
-2.806263183208901335e-01 -1.488726617768474370e-01
4.047149248691539469e-02 3.771226413019834744e-01
3.065667641012981282e-01 -1.393491065802219264e-01
-6.086736028507366836e-02 -1.653061683768771717e-01
2.540415928332259154e-01 -1.353458116719329363e-01
-3.137286278271209650e-01 -1.325049253920875802e-01
2.564425227507005633e-02 3.560460784924589506e-01
6.700934065772323756e-03 -1.283555707894082909e-01
2.724762221645982141e-02 1.893423928622856023e-01
2.257256328558632230e-02 -9.346473647847541866e-02
-1.148080011764933683e-01 -1.279403211429861464e-01
-4.886454142834751879e-01 -1.378235508035079437e-01
2.497703060882383586e-02 -1.288589314075258008e-01
-4.539724992692538708e-01 -1.579938908174300938e-01
-5.858686730725093383e-02 -1.497990993145638106e-01
2.112029688036298758e-02 1.547053314539748037e-02
-3.526290161520090338e-01 -1.506691186519196757e-01
-4.976259989119580229e-02 -1.333714336642018994e-01
7.092311210870272387e-02 -1.543435617423257744e-01
3.299675407011537498e-02 -4.215725573713964280e-01
-4.112063503049072644e-01 -1.545759564486371973e-01
1.757255250377948164e-01 -1.644361188891036996e-01
5.161962395486596744e-02 6.101277200695987002e-02
3.998984673432381953e-02 2.887368656824588209e-01
-7.937708100615470386e-02 -1.202962039616987111e-01
2.618541249378014690e-02 -3.195235219792073034e-01
-2.988071605569986300e-02 -1.185872575317282740e-01
-3.716658969603260365e-01 -1.420323662250357888e-01
-4.626889175022770306e-01 -1.194929487303086901e-01
4.489978450815412803e-02 -1.690556779911975838e-01
-1.537242541133551077e-01 -1.228248506793434558e-01
3.391973209519272281e-02 -3.945967368924272467e-01
-3.464911329897507608e-01 -1.631941356365299578e-01
3.296933200117790896e-02 -2.463548874311221049e-01
4.028215019858083501e-02 3.331050890112698948e-01
1.392550974908732808e-01 -1.637965187015023583e-01
-3.217744457952312898e-01 -1.528221835431604614e-01
3.167283589084124440e-02 4.625460501823089876e-01
5.024110412530924386e-02 -2.743765735172953857e-02
-3.071469108179993857e-01 -1.394973751888414215e-01
2.966700011581013818e-02 3.337625115175457680e-02
-4.331382047130888369e-01 -1.225910566186784179e-01
4.813902711668971435e-02 -4.140550321147562496e-02
3.092857621539635282e-02 -2.733827477367332115e-01
2.973421876814719145e-02 -1.117848262624832056e-01
2.099253266808220886e-02 -2.731251365020169741e-01
2.332089538801040973e-02 7.106786107828499954e-02
4.442424055879281575e-01 -1.249512078676964233e-01
-2.214641200711682245e-01 -1.430193941360722309e-01
1.848649727022745326e-01 -1.556878139472486211e-01
-5.691366302608580341e-02 -1.381217387782337491e-01
-1.884021277701933839e-01 -1.280285655538575540e-01
-3.979239430817150813e-01 -1.578354926333911390e-01
4.008701862741959054e-02 3.269810652555953379e-01
5.022370648096152745e-02 1.139724233866978853e-02
3.932063749636381944e-01 -1.249268440178844530e-01
3.427325635174904850e-02 2.046756942223360021e-01
2.447143400414208969e-02 -2.529001675723981934e-01
2.405301216919020213e-02 -8.585027065710926220e-02
2.875214717230989425e-01 -1.169841888854890044e-01
-4.474759029626921292e-01 -1.219194519092028361e-01
4.353937794612383616e-02 -3.230989712487946086e-01
-8.435452854023972602e-02 -1.588125673830406148e-01
5.076665148259562610e-02 1.610686436837610591e-01
-4.674505173449408080e-01 -1.334416128547867286e-01
-2.453928964254904477e-01 -1.381180626922731136e-01
2.185628444126996861e-02 2.524913989315409335e-01
4.479428251477879375e-02 4.215846465370192142e-01
4.497394794581227595e-01 -1.206048827058633366e-01
2.379759325688501903e-02 -9.579306951927268887e-02
4.592257809322553008e-02 3.048863853054609718e-01
4.770747815489040367e-02 1.467110522668537698e-01
3.533401787992829224e-02 4.586208262794569945e-01
3.285764147253380507e-01 -1.407848783915086610e-01
4.761993778036797131e-01 -1.601676523979489453e-01
4.924508561082552305e-02 1.170665902662192392e-01
4.917008933589073205e-01 -1.261092824776945953e-01
4.766539316518270120e-02 -4.235372015386577038e-01
4.267605475532487702e-02 -3.753116521491597357e-01
2.637810898221204514e-02 -2.953981870398580956e-02
-2.594976096899253015e-01 -1.621823251100041885e-01
3.527724648224994652e-02 -4.549191685584540457e-01
-4.381967811604037255e-01 -1.473507651228997961e-01
-7.758169272421611140e-02 -1.438790752079072144e-01
-3.942847157391440316e-01 -1.489196230376306218e-01
3.101621326381331922e-02 -4.290146531004135344e-02
-3.103583083296923562e-01 -1.381298254704773631e-01
2.925876800685345280e-02 5.987674159433709065e-02
3.503208454961802554e-01 -1.443693805751887771e-01
-3.148372371706271711e-01 -1.227677550745734925e-01
8.061822279772123956e-02 -1.580141723331121018e-01
-1.252711901887968438e-01 -1.222579898837481416e-01
-2.105932333868977269e-01 -1.239334939818135251e-01
-4.207279084981576656e-01 -1.246126285535998912e-01
3.540288342901787288e-02 3.781022719148477984e-01
1.357203920545722031e-01 -1.209050895159687888e-01
2.768681366993425153e-01 -1.556368444952340724e-01
4.560866832667302972e-01 -1.647824367132718626e-01
2.470684808599776794e-02 -1.837177874257845955e-01
-2.564859000221934027e-01 -1.465146759150536271e-01
-9.890978032025099509e-03 -1.204343023960401382e-01
3.027409909114153752e-01 -1.639366741042739273e-01
3.422699811489082755e-02 -7.416645874030880492e-02
2.345760816156339246e-02 2.008525705969639308e-01
-5.301868404818621539e-02 -1.517857252144176883e-01
-3.511735624199530115e-01 -1.183343049470331199e-01
1.434379906364537938e-01 -1.383559487742012095e-01
2.696858099414090049e-02 3.803887413434762221e-01
3.546093686871176764e-02 -2.309400596792223759e-01
-2.484774471524151540e-01 -1.508666839391943348e-01
5.210817193995143093e-02 2.422781678849961207e-01
9.548010446845789367e-02 -1.467194102414450807e-01
4.187499878870726278e-02 1.410219838619209964e-01
1.192674633865784539e-01 -1.507482352862460351e-01
3.569208773521959088e-02 1.130349810011498368e-01
2.344783131491301464e-02 7.391465648441486458e-02
-1.436046646389110837e-01 -1.448241197745713249e-01
3.896204256566933033e-01 -1.366073083124437204e-01
-1.100059908870798520e-02 -1.241469153418250926e-01
3.126485025796144068e-02 -2.955310684233658503e-01
3.561180012640805526e-01 -1.295481072084322394e-01
3.512259299267483925e-02 -7.673116010153901989e-02
-2.844367593034617947e-01 -1.298198105536023661e-01
4.548215767315033631e-01 -1.571590613848753426e-01
4.078875037114331192e-01 -1.504762180243819358e-01
-3.601865528260755900e-01 -1.352650393433122433e-01
4.964431305471417311e-02 -4.582769201355305633e-01
2.673005247884463476e-02 -1.043125416663075455e-01
2.195458745508305221e-02 1.122112992609622939e-01
4.919080732317366866e-01 -1.329514138430299974e-01
4.222824522656931645e-02 1.605354188532126525e-02
4.945016691697045053e-01 -1.445733844457304240e-01
2.588221225200926234e-02 3.489139347638812172e-01
2.694227348117430587e-01 -1.170320077223061528e-01
-4.257913230993440878e-01 -1.178397254089236235e-01
4.007054456741987458e-02 3.338071129339270637e-02
2.472272018556697093e-01 -1.389788626151036155e-01
-1.567009883931661518e-01 -1.625427394204886911e-01
-4.221685826303794853e-01 -1.292443020877348525e-01
-6.711742706774692646e-02 -1.635657822750149482e-01
2.668345696777940645e-02 -4.106499191399987092e-01
4.322190518358898226e-01 -1.267218856042814368e-01
2.479509857924488969e-02 -3.702007437756248409e-01
-1.457614448077919622e-01 -1.183030047174613575e-01
-3.146242973059371062e-01 -1.304119262158984771e-01
-2.104752408954877474e-01 -1.194158045953961356e-01
3.684990718836134160e-02 1.474473527875239665e-01
-3.951990304531675102e-01 -1.427143586166715883e-01
4.362772861563224414e-02 -8.108403672026887055e-02
4.306651729604926704e-02 1.739304722216612475e-01
3.313202431526551806e-02 2.383915981111356386e-01
9.222948329537394851e-02 -1.348340259899902804e-01
-9.961654057653079875e-02 -1.523058690654784941e-01
4.676714029112849502e-02 2.495347352797741003e-01
-4.635214512353342808e-01 -1.302492576017931780e-01
-2.986230889990574289e-01 -1.469031201661705754e-01
-2.394196736012543791e-01 -1.245289168026508797e-01
3.527887058180138036e-01 -1.532783396495953632e-01
-4.741494015291543018e-01 -1.547148837079415085e-01
5.085011279308138121e-02 4.522027715127274750e-02
3.204417965520489631e-02 -2.947275588891847820e-01
-1.170305997427577571e-01 -1.313420775056481915e-01
3.452651279044542942e-01 -1.625205410188659272e-01
3.964364792837512530e-01 -1.635668762719684199e-01
-5.745741763159550874e-02 -1.480598546770538482e-01
-4.377904911853884862e-01 -1.345692021698960961e-01
4.695595956913495295e-01 -1.275136227457180915e-01
2.781163317233886767e-01 -1.376594302835828509e-01
4.837327375265221274e-02 -4.817850882145793268e-01
4.694873000395994866e-01 -1.429745921256192487e-01
-1.972129577236108045e-01 -1.674451676535215761e-01
2.555753832821483496e-02 -1.298539601372779018e-01
2.315468774291340459e-02 3.352393524212433640e-01
-2.337789139735213517e-01 -1.619688120564789502e-01
-5.154470001979349902e-02 -1.337744209399733819e-01
1.350203583103486427e-01 -1.588509179030318519e-01
5.049089839010134639e-02 1.206359697960457389e-03
2.936605367047839810e-02 4.686603069866089877e-01
3.331930161199443408e-01 -1.588327568261923561e-01
4.475891369914508644e-02 4.248569607670472648e-01
3.881442334197393595e-02 -1.768383407312655864e-01
-4.862666396678192449e-01 -1.477915054629106439e-01
3.056256183549044270e-02 -1.404093335960313604e-01
3.446263348070266463e-02 1.443534885789782285e-01
-2.612096052164765148e-01 -1.359451806548257480e-01
4.357931889806987424e-02 -3.368452321161725660e-01
4.307623314276731730e-02 -2.276785438231505587e-01
4.107327778921554540e-02 -1.633773509935132484e-01
3.623164386215493860e-02 1.838150834434018055e-01
4.352538561712349097e-02 -4.719275185551718987e-01
3.515885241798877292e-02 3.291368460437662513e-01
3.173376998636778801e-02 1.744403543928255695e-01
4.620129140379580779e-02 6.611187334407542249e-02
3.818658165125665693e-02 3.721853074323150379e-01
2.256383168791347149e-01 -1.412174029595172353e-01
2.120685971164171235e-02 -4.983554986946316934e-01
4.344268721793465016e-02 4.602176080595554719e-02
1.687339632427012903e-01 -1.524478387147711889e-01
3.170124363459569938e-02 -6.947208284395323119e-03
-2.924760813933567904e-01 -1.227794873928773622e-01
-3.020651757199265264e-01 -1.277491483195374311e-01
5.243647632411574389e-02 -1.704822139544166504e-01
4.386826205219684915e-02 -3.558955638249134967e-01
2.874138918549096200e-02 -3.454188142218762581e-01
3.163070225558389792e-01 -1.216102248158634769e-01
3.501324976134811973e-02 -9.910906124806817541e-02
2.317362642796990668e-01 -1.646185686506884682e-01
-2.728127967115067110e-01 -1.651578854073948444e-01
-1.998847900747854345e-01 -1.281074993139557083e-01
-1.182552906884389854e-01 -1.600779059512135172e-01
-4.892499946704288449e-01 -1.373297254499129538e-01
5.112895986302223861e-02 4.855694280461737566e-01
-2.919403271122639199e-01 -1.445083254211564361e-01
4.851616874565400916e-02 1.601005827814541149e-01
3.362586717331106367e-02 -2.650329009011545001e-01
2.189818771977170009e-01 -1.413038346045379923e-01
4.859003577040055255e-02 -2.737887562277908637e-01
3.799463629619037608e-02 -7.954376573624688529e-02
4.072015064577294563e-02 -3.638745891383360354e-01
4.072329146745075068e-01 -1.165809978338351316e-01
4.053453182911748165e-02 6.921694514796028486e-02
-2.827399756595196934e-01 -1.484286472635482079e-01
3.837888308837931195e-01 -1.392228518526772429e-01
-4.721132783339946348e-01 -1.392493421721331393e-01
-1.954988965801396361e-02 -1.329575750105677079e-01
4.283330359410073562e-01 -1.173651240606742308e-01
2.299065085750373605e-02 4.064718390453414543e-01
2.774880708208182778e-02 1.545640121250920762e-01
2.788834194841416370e-02 8.451843299635020124e-02
2.982673483730469144e-02 3.128135840343018170e-01
4.510772325232759172e-02 4.542919814486021668e-01
3.966944121374768040e-01 -1.282871422436149267e-01
1.872281000234157222e-01 -1.238141468913191989e-01
4.703470962401390398e-02 3.168169449913756930e-01
