-1.620743080086617383e-01 1.941682497035286392e-01
4.897405560321705931e-01 2.270839129280274316e-01
9.388968042848655493e-02 -4.685794253038363388e-01
-5.933112143647112369e-03 2.122970577732206099e-01
-2.313381282998081545e-01 2.248301039017225333e-01
4.334796895404369188e-02 1.972039598880324096e-01
9.635346954732082470e-02 4.791390242043476189e-01
5.248154832687423887e-02 2.358911229771205598e-01
1.860825380000356022e-01 1.968438505868138622e-01
-3.810013863271469736e-01 2.013915024518690977e-01
6.405573543061127140e-02 1.839739356622130950e-01
2.407288147997940220e-01 2.479891847286618267e-01
2.632512663259707342e-01 1.861480481260688880e-01
3.170135405717721122e-01 2.056549793958517558e-01
6.994208451706596108e-02 2.239990097276511882e-01
-4.025704759185697590e-01 2.320133683232648014e-01
-4.114672608122889041e-01 1.987760479501180511e-01
1.200585609354306582e-01 -3.979053731560654450e-01
1.180074554751353588e-01 3.497360280405638067e-01
-1.528383457861561823e-01 2.480485755620371879e-01
3.390813981000188049e-01 1.792300517197893406e-01
-2.552034748715482637e-01 1.895600024523342864e-01
-2.637117266728807863e-01 2.196545420637311397e-01
-2.033870442465329775e-01 2.416598419554131238e-01
8.085071095596352286e-02 1.186854539671666764e-01
8.305201150995922266e-02 -3.495666325882748060e-01
1.037434051485479625e-01 -3.075117037640074935e-01
1.117479634896835217e-01 -3.922099694315059892e-01
1.250340061157084737e-01 2.017361858191563107e-01
4.286407680124130204e-01 2.320751923490207425e-01
2.482431997965198756e-01 1.803887726945093695e-01
1.010725941156298546e-01 3.261896572771129099e-01
-3.110320927237315569e-01 2.162155579525461002e-01
-2.599405546882723739e-01 2.050147758958564825e-01
3.263464451022013435e-02 1.807401759927500517e-01
8.850165580591384806e-02 2.553733296833453625e-01
8.708492045584337315e-02 -2.195724685527811193e-01
-4.797604795687726575e-01 2.028017171983941269e-01
-2.406645606378188251e-02 2.120155246992970755e-01
2.452531859151674265e-01 2.421097770721674092e-01
-5.415313159720525071e-02 2.297188862506360785e-01
-4.570454920349307226e-01 2.476680904476222800e-01
1.135669635711197278e-01 7.848329549392785154e-02
-3.141789956174837473e-01 2.459831434228919589e-01
2.719801369288090687e-01 2.221678531578824556e-01
4.063229772666598905e-03 2.019795881981308883e-01
8.448277877981003048e-02 2.150942926506218544e-01
1.021168110353578573e-01 4.073249748462614006e-01
4.575529513531212400e-01 2.144901838344593914e-01
1.185688479376666438e-01 -3.116991019645963812e-01
-1.714105981849236571e-01 2.014102909295488741e-01
2.768816994103669993e-01 2.322990879760178373e-01
8.630519891567844937e-02 -4.304895700069311104e-01
1.228284139708673006e-01 -3.341687705044945611e-01
-5.318533787727308670e-02 2.495711522825342366e-01
1.044908032273796916e-01 1.508748017633382288e-01
-2.810291603286289019e-01 1.998895536717921750e-01
-6.888474057338311862e-02 2.302555117659165207e-01
1.057385540967433757e-01 1.141427342892979979e-01
3.166501900124425450e-01 2.348444592027675304e-01
1.170660124453216655e-01 3.658554310547676991e-01
-4.413613891629813990e-01 2.195985583230688487e-01
1.123809252810715753e-01 3.726955730460246308e-02
-3.766655301629258101e-01 2.022443238919632291e-01
2.279554933279566153e-01 2.397569349817908479e-01
1.123207485795625349e-01 -4.004691749515593147e-01
-3.950815691141229546e-02 2.270962672211815914e-01
1.376587231050896420e-01 2.182474603924499101e-01
-4.574888045331038100e-02 2.278027329358309760e-01
-2.719189269947074328e-01 2.035310575694734281e-01
3.297890194528519947e-01 2.127511817552159012e-01
1.206988186197802682e-01 4.043090880724298231e-01
8.068386130335947204e-02 4.232995365216091210e-01
-4.445102492304356945e-01 1.984544646400479007e-01
-2.398541450039477496e-01 2.026339013289459867e-01
-2.176373833050666562e-01 2.449460448312249516e-01
9.895797805357609001e-02 -3.227819241063190070e-01
-3.157069026249035293e-01 1.928921067325971572e-01
-2.491425822879106411e-01 2.169664396448360844e-01
-8.670428428413845534e-02 2.331353128705898614e-01
1.150744052249380589e-01 -5.174776959246307761e-02
-3.714259848671263020e-01 2.048499515221015033e-01
1.182537298278134585e-01 2.968594957211208030e-01
1.226509133611261015e-01 -3.223407483577556132e-01
1.062359868017715980e-01 -2.472148251720915901e-01
1.172254593490302810e-01 -2.327541276686162508e-01
8.160811636723908080e-02 -3.377201302183562293e-01
1.117501181485760497e-01 -2.239466883835365962e-01
3.861976371328119662e-01 2.205804915632820773e-01
-3.203376953622595336e-01 2.101975657669360453e-01
3.905840064075073448e-01 2.033079002433332283e-01
-1.387373145902706106e-01 2.399619662579536294e-01
4.079541331428615525e-02 2.233267203630852071e-01
9.343818812614290703e-02 2.936973057655969388e-01
2.086013842849491207e-01 2.279878358382770864e-01
9.032074315807181453e-02 4.825003062360510020e-01
4.459664055808006955e-01 2.046187701680761695e-01
4.300691984678292057e-01 2.483777523612802351e-01
8.814375724408651802e-02 -1.643967122837443062e-01
-1.868899124078271523e-01 2.402312551085203918e-01
1.221460961431238834e-01 -8.985646481192877122e-02
1.086601783498052365e-01 -3.978906663427398405e-01
-1.441883982285039334e-01 1.869241935129734022e-01
4.612895480787191360e-01 2.191510047694569252e-01
9.794285949488101828e-02 -2.699335856103372011e-01
-7.186959813917814799e-02 2.062432082868188576e-01
8.802165053905197656e-02 4.633781730756713069e-01
1.208214248625258946e-01 2.706218385772114488e-01
8.996853289583517377e-02 9.132572155696960792e-03
3.738125405568595294e-01 1.869660969782620530e-01
-3.452239818422158102e-01 2.456041600679196302e-01
-4.457742096748461558e-01 1.892203261089666633e-01
-3.277165311197227648e-02 2.052488683605220299e-01
-1.011291654002982598e-01 2.023305717063508258e-01
1.053025940319612941e-01 1.057213663037342988e-01
8.091731880515695696e-02 1.897509904540075620e-01
1.078428205370274284e-01 -2.514029520048085553e-01
-1.574913827779456099e-02 1.984516122431865259e-01
8.367300264041177549e-02 3.189445312254237663e-01
2.813339183648079223e-01 1.953209658127733617e-01
8.144737216093111964e-02 4.359930787101747862e-01
2.117132999701027973e-01 2.246073020986681934e-01
1.224719384881962636e-01 8.627427623373729038e-02
3.508694742240978659e-01 2.223431958712061007e-01
1.139840947949268823e-01 -2.331862398206419051e-02
-4.764519684600697635e-01 2.488231398435285513e-01
1.177526654716725130e-01 -4.431272498530339776e-01
-4.576581859913279038e-01 2.186544525893889812e-01
4.172888471551193801e-01 2.326094793320877541e-01
8.516638335453319275e-02 4.837358146957406735e-01
1.173173985076243486e-01 2.924307321493202494e-01
9.165162880702859560e-02 4.526381097940834763e-01
1.170053003809673475e-01 3.037009974748905439e-02
-1.506483490622690935e-01 1.833516882329090381e-01
1.246456902518970900e-01 2.422463421804572636e-01
9.475147904589364956e-02 -3.455693179560013206e-01
5.367363504429345511e-03 2.302418331890676573e-01
2.036007606241414525e-01 1.982521611045523491e-01
-3.976544500882450706e-01 1.869305001683470024e-01
1.382037707588122943e-01 1.983677560613378299e-01
-3.986384265599128840e-01 2.336293978484319522e-01
2.686006818306601041e-01 2.100151353617534244e-01
-2.532439142326083914e-01 2.342519037502117651e-01
8.138905841053623025e-02 4.577102140627593574e-01
1.192092980527643675e-01 7.091732649517124010e-02
2.674891697122612211e-01 2.446951913666648437e-01
5.773872584504569083e-03 2.364445339195747620e-01
1.030033922249462552e-01 2.190563445020295985e-01
-4.548538686196620384e-01 2.231354866251358260e-01
1.440842398612252051e-01 2.282147906988327701e-01
1.108703902330778757e-01 -4.912151829474054043e-01
-6.503291708526892645e-02 2.386238246221307202e-01
9.999188820817106471e-02 -1.326478098556731489e-01
2.500755522974486000e-01 2.129849639610545964e-01
3.159880463451290034e-01 2.463007417854322645e-01
1.267454855043999018e-01 2.456564451623597378e-01
-2.329094890533357498e-01 2.475530474822040805e-01
-1.155418788526856311e-01 1.987069169066605356e-01
-4.804762005396078228e-01 2.017020766894012107e-01
1.143944123620372899e-01 -2.543021355363368485e-01
4.943504968644173436e-01 1.872087055777396092e-01
-1.847522194983620691e-01 1.996606893548624750e-01
-4.388718947327500119e-01 1.944940757367913386e-01
1.055598327874917031e-01 1.846898579345146452e-01
8.281856329290515628e-02 -3.238065768891286167e-01
1.624460436038857036e-01 2.199197006122352027e-01
4.400953755479816154e-01 2.460336569536851758e-01
1.085039837799881557e-01 -1.904358539508843595e-01
-1.728209002103971992e-01 1.951768271024452162e-01
1.186259190630432059e-01 3.407262374127950633e-02
2.267037441971542222e-03 1.902240487222203180e-01
9.801981924583302863e-02 -7.369055026213444659e-02
-4.007220248552324504e-01 2.263505152542860666e-01
4.811310522364731224e-01 2.363927197757158538e-01
1.018596865696270726e-01 4.454384577343594165e-01
1.169824529361670473e-01 4.447068826456466173e-01
1.029735511659225500e-01 -4.510274600888940499e-01
1.157098983801591041e-01 1.059327967161876050e-01
4.095433943336844740e-01 2.268270057968286846e-01
-1.230855789110408827e-01 1.972571593850829252e-01
2.191525090012931276e-01 1.858436807784660250e-01
1.866010961296934445e-01 2.345312522091180796e-01
3.933397425234286260e-02 2.033190724375940617e-01
-1.535322110933121653e-01 1.828900347836476259e-01
1.589582277308615454e-01 2.304643751360179182e-01
-3.025339254225855035e-01 2.100266610815832991e-01
-4.554715068319427074e-01 2.331974114679653542e-01
1.719371068935092728e-01 1.931459340393085755e-01
8.314105658100923169e-02 -6.037927749260640908e-02
8.407496039984763136e-02 -4.503351898747273152e-01
8.570928806152566803e-02 -3.886256984317566499e-01
1.221069140807921061e-01 1.824387831105757085e-01
-3.082266024573327989e-01 2.475355377627933562e-01
4.051985942346778558e-01 2.110740739876034722e-01
-4.963606817948096328e-01 2.064827457802776989e-01
2.573845437666685276e-01 1.934523042882203558e-01
-3.523001498181022040e-01 2.069968899938142703e-01
1.113486021798205661e-01 3.336965753344223184e-01
9.740035135180624692e-02 3.962411252196565981e-01
1.999352651748620424e-01 2.423182235256409189e-01
5.217547862505633738e-02 2.117153283728977486e-01
9.384152093749620338e-02 -4.928476617745182198e-01
9.475502665106649847e-02 4.763551123365372675e-01
-4.400057156279754134e-01 2.272501064212664179e-01
4.597336213396528981e-01 2.236667771749367706e-01
2.581072209934990314e-01 2.009960730127057227e-01
9.457707741722032324e-02 1.001122860686584071e-01
-1.647149947737217568e-01 2.126128859205369537e-01
1.069454171172984358e-01 -2.636538893342413870e-01
2.111075879882481354e-01 2.169319934229835267e-01
1.127799733208230126e-01 -3.636450205508670042e-01
8.345243757122267070e-02 4.443077280140957930e-01
8.565596514490558810e-02 -2.094556038532772169e-01
-1.470505439006706272e-01 1.874749193157597693e-01
7.400888797615645665e-02 1.978253559968680131e-01
3.838819315925261488e-01 2.314932535030956862e-01
3.440596202359992306e-01 1.869200920826474821e-01
8.465701404822223441e-02 1.050304357054020477e-01
8.250936771128447589e-02 2.963375172317150863e-03
1.097314660918923268e-01 2.517160383930339140e-01
-1.136252963670435490e-01 2.495645585569449265e-01
-1.770175381747376431e-01 2.471960725679768212e-01
-4.832351073120888518e-02 1.870481800522181270e-01
9.624896309180719367e-02 -1.571549428207920096e-01
-2.191384944988572503e-02 2.127493294817549563e-01
8.920951572499158377e-02 -4.567570774909591735e-01
-4.137125751953434349e-01 2.117445349746333028e-01
9.318493105827463374e-02 4.825103608676134526e-01
1.102991812530406124e-01 -2.456063337319156492e-01
3.461674252246125238e-01 2.129307043855096504e-01
-4.205214134874549758e-01 2.308026468939792242e-01
8.656315431095362722e-02 4.662740530939522010e-01
-4.931869372525334860e-01 2.090346849058887235e-01
3.099444286945601812e-01 2.387906894222516785e-01
-4.284580557621375796e-02 2.260705525975079677e-01
1.894624346722734165e-01 2.127618656861541835e-01
1.226764320195299351e-01 -1.233088025274430288e-01
2.405405579850947717e-01 2.220570337879502754e-01
3.091339078900007253e-01 2.394834822277592812e-01
1.060481709451892574e-01 1.609727789587871438e-01
-4.026529632320116070e-01 1.891317760058041086e-01
-1.639368585166943726e-01 2.199936077953217328e-01
-9.711775818485390843e-02 2.155833922795817870e-01
-2.487932860981112437e-02 2.237055108888267307e-01
-2.155015640210452554e-01 2.205229048825047000e-01
-2.493664548802773107e-01 2.488034705450691275e-01
-2.377553669338354769e-01 2.064725532289940491e-01
-2.519828875276204361e-01 2.147560039707413493e-01
2.427306110124081151e-01 1.925000601201276584e-01
-2.101611824020469532e-01 2.287791474874825148e-01
1.145964918654970299e-01 -2.099165446399644530e-01
-3.320714031674627531e-01 2.020494798109785384e-01
1.315990058647769079e-01 1.805078752599065250e-01
-5.585479923953262649e-02 2.114384783952152347e-01
-1.798935425635578289e-01 1.951776356114661715e-01
9.488513352886041030e-02 4.155433365512000154e-01
9.387417372336026578e-02 1.549564272042075475e-01
6.580444509259764096e-03 2.444943571774986779e-01
1.312875615879582902e-01 2.279369016466630260e-01
9.317334412174049785e-02 -1.824970384156949788e-01
9.949870405665872664e-02 -3.388607774363927572e-01
8.240056054535405128e-02 -2.122977753366744880e-01
-3.122203221211596880e-01 2.083969856431385770e-01
-8.905763566928648345e-02 2.443512880968005119e-01
1.125950410231592036e-01 -1.203436752451336744e-02
9.486809256338812890e-02 3.971999981779916755e-02
-2.788172138901280350e-01 2.445240229978594693e-01
-4.843930462419276939e-01 2.488112336399875835e-01
-3.528347507691110829e-01 2.035077655985523259e-01
2.136320593018405933e-01 2.024341276166600201e-01
1.123469630549966958e-01 -3.760341109042055763e-01
-1.123674367884551772e-01 2.450977405497756223e-01
9.128087640575577311e-02 -2.848955979067662181e-01
2.797281603684456108e-01 2.433193301107953177e-01
8.480298778535455551e-02 -4.515798898664957761e-02
1.047468215405872316e-01 -4.771607231057618526e-01
-3.910138195248702431e-01 2.105672540888080535e-01
1.026988285757065578e-01 -2.691974969475434687e-01
-2.440293208926914703e-01 2.053211513731820759e-01
1.973673555505983668e-02 2.327881108709027869e-01
9.131509983624408466e-02 -2.150946381049247957e-01
8.223285949053737998e-02 -2.692057545245455374e-01
-3.621981290472773285e-01 1.851905899947865475e-01
-2.767065139761635262e-01 2.026114831601566468e-01
-4.445772272691261850e-01 1.800388967435245791e-01
3.067834686131509780e-01 2.059350113602691490e-01
1.712221914524920674e-01 2.100245663593821588e-01
1.203397813681684747e-01 -3.712999393057363484e-01
9.848310582251851297e-02 -1.723222218453172028e-01
-2.799960906863041554e-02 2.345056188810852316e-01
1.021481207680343672e-01 -7.039907830935931976e-02
4.531500495632498904e-01 1.849804815722506657e-01
1.879917597733457013e-01 1.886277608173450027e-01
-4.172610927217831334e-01 1.829009805022674406e-01
4.641438528400406716e-01 2.273236076343735368e-01
-4.089652508685570620e-01 2.337972472970150095e-01
3.087816428213850939e-01 2.435095663708526370e-01
1.043879726675744912e-01 -2.988814326811672917e-01
-4.777945495260679243e-01 2.303458714226052084e-01
2.772309571454445454e-02 2.391394009367724394e-01
-4.681545356509771993e-01 1.827029291236679232e-01
4.363807549898520710e-01 2.388242601945899102e-01
1.148044420484219952e-01 3.287225853665499686e-01
1.030621667122472163e-01 -1.609146557985029480e-01
9.785354423020020675e-02 -2.570194338079762053e-01
8.074948327633579837e-02 -1.051001626213631246e-01
-3.565723247879863944e-01 1.815354440724220586e-01
-1.559661005624256580e-01 2.299504965460994477e-01
4.132049802379068604e-01 1.878763687111888459e-01
-3.618486606027426777e-01 2.343680785643967868e-01
1.687445477657995019e-01 2.058564863084700880e-01
2.635627534535786021e-01 2.416440430852591081e-01
1.136594997257345252e-01 -1.823161251128948557e-01
1.066150315559782902e-01 2.644254918755346573e-01
8.925737367750419260e-02 4.844441272238477758e-01
9.511691677469802375e-02 -7.743756381363209318e-02
2.850113525325000952e-01 1.893675317924088386e-01
8.062114076628290604e-02 4.157417010552979519e-01
1.035984520988126878e-01 4.800199824639995727e-01
4.377565563070440202e-02 2.493146071986367396e-01
-2.522527032826537008e-01 2.347022332962184210e-01
-4.178307094578141978e-01 2.130105636685876158e-01
9.494159805377155870e-02 2.333560421405546093e-01
-4.939851939795908420e-01 2.305140053656875576e-01
-1.922927852758710143e-01 1.791379770666121640e-01
1.090509566139243880e-01 -4.309580332662791280e-01
-2.565445442928386832e-01 2.343900048115928891e-01
8.773147148523585681e-02 -3.795776497012713913e-01
3.371005452618972553e-01 2.111791436224161878e-01
1.051188411871137873e-01 4.909509361433183061e-01
-2.430094788435528397e-01 2.140686553063966269e-01
2.810149543380612291e-01 1.848281804862718092e-01
-4.545046389675694298e-01 1.863681668571579575e-01
-1.730296321101306711e-01 2.308080054767844835e-01
-1.705373625185254705e-01 2.101748264892498996e-01
7.376020283907025465e-02 2.343397517621700343e-01
4.362952566345185135e-01 1.857941452262228399e-01
9.643606271654681095e-02 2.325372193558324918e-01
4.821789588727871667e-01 2.422294780719100871e-01
4.886602139396964972e-01 2.236304936586421821e-01
9.773477454636791961e-02 -5.745495333675010308e-02
1.024155351649251866e-01 7.290510180668130502e-02
3.303620910878867223e-01 2.208792543067842340e-01
1.099512301878503573e-01 -3.889302694496143964e-02
1.088533765290784494e-01 3.392208915285588322e-02
-2.116923964090768884e-01 2.458648396103818579e-01
4.205034396242279815e-01 2.075684158809627533e-01
9.407190732246484277e-02 -4.863919230880389133e-01
-3.777009170530301052e-01 1.858580810746566225e-01
-1.507729746462423970e-01 2.437718586720343250e-01
8.540300911801812500e-02 -2.984061723660855758e-01
-9.898776366873462962e-02 2.108448223521749432e-01
1.196747622560515589e-01 -2.946160307227231323e-01
1.125263168850972884e-01 -4.116939806176420635e-01
1.081373199689547038e-01 4.088168772519892302e-01
-4.780252779870447499e-01 2.300637189841007180e-01
1.217400680711857586e-01 3.352590436270385110e-01
1.152739003394042117e-01 -2.548955063770287355e-01
9.424661058235606070e-02 1.864446548376057500e-01
2.051548247769057198e-01 1.878379963547471831e-01
1.219137414453271839e-01 1.240005002822383018e-01
-2.153872991677884263e-01 1.821446656092079452e-01
-7.222639409681452793e-02 2.071825051011091379e-01
4.483002047881938790e-01 1.969376341321836810e-01
1.148669041174229521e-01 -3.385004449307716934e-01
8.056526082140436085e-02 -2.074946951458581657e-01
1.107844728411548907e-01 4.060546896108894188e-01
1.329348137950503439e-01 2.214468460976485309e-01
4.964741426671380742e-01 1.958758149077790556e-01
-4.665165690436183787e-01 2.302797168399650651e-01
-3.176771731662408893e-02 1.907390281696408341e-01
9.260290573340723697e-02 -6.592230348544492191e-02
2.009926073626533416e-01 2.431870465560146410e-01
-3.678221296590520328e-01 2.136695522395911651e-01
1.298614891105774882e-01 2.364515288195851994e-01
1.201816687951111629e-01 7.535158375225803340e-02
2.090569975208983466e-01 2.416767634253308428e-01
-1.454367085829910700e-03 2.372200534046075004e-01
-6.325392184325162592e-02 2.485824604073231248e-01
-4.001668608578550224e-01 2.384316413901709231e-01
2.910795043366605217e-01 1.806669419485265049e-01
-4.177986703280297531e-01 2.485169809552798537e-01
2.296460234731065864e-01 1.793003601134786074e-01
4.363319477693947679e-01 1.963382067220433846e-01
4.943075075790805961e-01 2.416225892365707617e-01
-2.792152766274638154e-01 2.180215942890343372e-01
8.610657137386268367e-02 -2.308535323005367346e-02
-4.997158081159733811e-01 1.789886602377310787e-01
1.097669940156428270e-01 -4.215290795946716740e-01
2.042447558129544261e-01 2.470003495711400321e-01
-3.387527115856303617e-02 2.299845625783013547e-01
-3.241830217466107333e-01 2.039907970717066421e-01
1.206764685575023588e-01 -3.791453930739596689e-01
1.215177441607769859e-01 -3.190759545132043629e-01
1.558483100871320692e-01 2.186216994280486547e-01
-2.900571492639969495e-02 2.081356806912483259e-01
2.318351415373614000e-01 2.207894799615511827e-01
1.057730601228755729e-01 4.316788224546026509e-01
-4.494389673672627428e-01 2.120229522402252709e-01
-1.790359311652069962e-01 2.421922003811383117e-01
-1.668912878001364009e-01 2.440232683842364914e-01
-6.269101509812879947e-02 2.319969923181913751e-01
-4.767195733164691918e-01 2.065079356668891863e-01
8.897147011894124269e-02 -1.409058438210427644e-01
1.116779171132495918e-01 -4.456171373906571143e-01
1.150077815648168356e-01 2.280107626902176943e-01
-8.030736108841840526e-02 1.918671869520517381e-01
8.806466215396879793e-02 2.484795973199553920e-01
8.990651727720255781e-02 2.189405197034827166e-01
4.840543358351940828e-01 1.821728771455300988e-01
-1.732004532678105280e-01 1.827861816904030601e-01
2.962755832226311448e-01 2.165050890951635276e-01
-1.623176542692337243e-01 2.071892918933210259e-01
6.308601119290146997e-02 1.953470135584342016e-01
1.122116449576041619e-01 1.992815519700424920e-01
-3.106516102212800723e-01 2.324434631557554809e-01
2.579820742768516029e-01 2.303574714196917617e-01
-2.900885265359085530e-01 2.093434727099632298e-01
1.223362472887240537e-01 -1.717892678356329750e-01
1.089965784335544807e-01 9.517570302126598936e-02
1.161038740202450237e-01 -1.825207259345078548e-01
4.374566026521564677e-01 2.244881983579196660e-01
-2.977025169724123455e-01 2.353725707340158513e-01
8.190639319413550723e-02 -2.781463315422146865e-01
-3.270522772127529842e-01 2.403386416618841226e-01
-4.552360500488722428e-01 2.299370404620718622e-01
9.178387231227924659e-02 4.942016335794403581e-01
4.647986237103437501e-01 2.337341782537650792e-01
-3.052996687677603793e-01 2.057076551661835007e-01
1.054622426295094284e-01 1.329551226491698657e-01
2.535920330566043823e-03 2.025995218853550162e-01
-2.948957131652476527e-01 2.119400118304006764e-01
1.197711478040317523e-01 6.054881751061136352e-02
-4.980056114225177577e-01 2.031742662785444020e-01
1.190019081917539356e-01 -4.072721218097816731e-01
3.113915309091176420e-01 2.239152434381858070e-01
-1.931254978194959504e-01 2.427156032483603898e-01
-1.833982749134474011e-01 2.468763800260950214e-01
9.764682201776375692e-02 1.754334537513992931e-01
-1.279573471003243590e-01 1.966548224740125583e-01
-3.092597924639036711e-01 2.166520900566998309e-01
1.169499192064082926e-01 4.321301048776967635e-01
1.098419068283122968e-01 2.542275867679651968e-01
-3.340419941355388112e-01 2.330991887353137670e-01
4.697166054084753739e-01 1.893486723298344332e-01
1.174603550990065415e-01 -1.868076164001903905e-01
8.133738142357238576e-02 -4.493267653049156651e-01
1.165134536034306834e-01 -2.996601402618482846e-01
-3.115234747417117145e-02 2.143769302659881415e-01
-4.293964453968839301e-01 1.928157042804282684e-01
-1.644766160340924710e-01 2.434527199144116416e-01
-3.933177979122420842e-01 1.822959778825666843e-01
2.047823796740753099e-01 1.882742136890716012e-01
1.034538722960783863e-01 3.717086280140257104e-01
-6.237939622716537347e-02 1.831908545751813611e-01
1.225204550655639713e-01 -1.010386201032742459e-01
1.090292618876673725e-01 3.114188773483357320e-01
-3.936946693453607926e-01 2.461593923669482820e-01
1.200671674630702235e-01 4.401740899900452586e-02
-2.044206908774973686e-01 1.953831115008298758e-01
-2.039578588737303022e-01 1.914885465263028719e-01
1.163374195001636302e-01 -2.475985798199696886e-01
1.226446259859576005e-01 1.374572282035574355e-01
-4.963380770085850102e-01 2.198552737792091039e-01
-4.660583484790056241e-01 2.086818992649969173e-01
2.640175558494776142e-01 2.266476092416962462e-01
-8.736307683617783315e-02 2.211235542722228553e-01
-4.036056544175538052e-01 2.226032334228231768e-01
1.113386342696567333e-01 2.629159071956918003e-01
-2.300903597437065073e-01 1.793265811218164307e-01
9.278052990699958702e-02 -2.416933900867709317e-01
1.226755275015066760e-01 1.983311740044350069e-01
-2.911494717549377720e-01 2.088753467396794461e-01
-1.286746652704612304e-01 1.824286207008618543e-01
9.543919887845231376e-02 -1.011877819915227850e-01
-2.293430309970062586e-01 2.156430212449795825e-01
-3.844535226503441594e-01 2.328029221926318781e-01
8.973304329200582075e-02 3.932377470279193599e-01
3.325883045107085323e-01 1.807590820494496819e-01
-4.913440872807495197e-02 2.168917514244611544e-01
1.396597312738362406e-01 2.096401550495186061e-01
1.137616538008369149e-01 -4.151589545632061728e-02
8.576499974859264075e-02 -4.899037264376149281e-02
9.129916415569028221e-02 -1.206368364573168206e-01
-1.001123597587302294e-01 2.295304213175556329e-01
-2.578391850427611542e-01 2.353220100077212384e-01
4.264518036100278797e-01 2.413076360506555273e-01
9.989350214496972580e-02 1.612617797262435593e-01
1.137636190622247634e-01 4.388974992613875470e-01
9.836892413900222287e-02 -4.482623281350446298e-01
9.543901766320606050e-02 -3.056962353915390063e-01
1.069250383501409996e-01 2.238250768163823068e-01
8.110745626506743466e-02 -4.523482838174253118e-01
-1.094904067656375934e-01 2.081698893498863390e-01
-3.001933099814331207e-01 1.990029307447259699e-01
2.205820629202620564e-01 2.008740695105584173e-01
8.614871077172514546e-02 -4.654324112146152048e-01
1.035317152760807380e-01 3.155333599163995251e-01
-2.157600393421498230e-01 2.240305014358185964e-01
2.585588461398453664e-01 2.057754527400927902e-01
3.798241372128242643e-01 1.894221352601348496e-01
3.106974905404890075e-01 2.238909436072779036e-01
8.163675766539701950e-02 -4.110384121507916211e-01
3.944840218870602211e-01 2.404150157496194318e-01
5.912490040029383387e-02 2.166584605131508523e-01
8.837712960671839646e-02 2.395934348371597800e-02
-2.372535910658071234e-01 2.059928231674458265e-01
1.096771539171870202e-04 2.066928211247370806e-01
8.446855375606387994e-02 -1.019880745158482371e-01
1.203913536065492895e-01 3.674456580921885429e-01
-3.537499063832814095e-01 1.845096385745058631e-01
1.219266483454733985e-01 9.883069439930469713e-02
3.246668928079367022e-01 1.953990472872972894e-01
-3.499269355733742870e-01 2.166286800386929556e-01
1.109224062549455381e-01 3.928623417848134958e-01
3.860323990065428479e-02 2.161355385110033112e-01
3.658993949527495904e-01 2.248981407229200258e-01
1.139446130805386037e-01 3.472146077563994515e-01
3.066267830085079860e-01 2.491875989544262149e-01
-3.833477179757062148e-01 1.891628004545151676e-01
3.143067534544329300e-01 1.951329283194347397e-01
-3.617413471701702576e-01 2.021740772205180559e-01
-3.078321713018553618e-01 2.157696376907743963e-01
3.446166835752888513e-01 2.226959833218241647e-01
3.039078668820980322e-01 2.439935032861758613e-01
3.154991814661511906e-02 1.788733608453066948e-01
5.678539621442602048e-02 2.372990640909483639e-01
-4.378665707093244430e-01 2.197292183375612051e-01
1.137073812506746995e-01 -4.136399731488646925e-01
-4.537703107024161353e-01 2.483838419408246345e-01
1.018841017329239484e-01 2.873582436240986748e-01
1.004656571756109562e-01 2.995485941661113483e-02
4.948822331909074057e-01 2.014474226164501003e-01
8.811607598052539903e-02 7.879482185659070215e-02
-4.113033684293412318e-01 2.488248407047175537e-01
8.353003955545035275e-02 2.039203643769226248e-01
8.458290935328027782e-02 4.332643979017334335e-01
9.570139111341613436e-02 1.766209734266155351e-02
-8.610663003451624053e-02 1.937761108873634619e-01
3.751715041629639646e-01 2.255509309275527396e-01
-2.007864783786371676e-01 1.885777517422889682e-01
1.352601606582415350e-02 2.127974941724419811e-01
1.047078758489594641e-01 -3.035074883030947079e-01
-4.509821751625706643e-01 2.125339858440142837e-01
-3.310130798540203978e-01 2.231702229013828864e-01
1.035548915307985540e-01 6.185655959905311807e-02
3.106232917811405647e-01 2.415607039400858858e-01
1.041044735220848505e-01 2.404170362797996008e-01
