1.223095443865567233e-01 3.879180236283482630e-01
2.762812329881525475e-02 3.368910790684571666e-01
-3.427558440329405709e-01 3.148991977529602693e-01
1.350498245174254208e-01 -2.334977235092959846e-01
7.498406891255160467e-02 3.578598216921237141e-01
1.401052043033442773e-01 -1.922098758797425866e-01
-1.975303907987946417e-03 3.452826628265549536e-01
-1.159986189377928412e-01 3.199332517174080515e-01
-3.831221678898879546e-01 3.080829554531573367e-01
1.137805957309289129e-01 -2.324052527950867253e-01
-1.994064483471861271e-01 3.760641692410902071e-01
-2.593087982522090940e-01 3.090186632708189496e-01
1.147823409179339338e-01 2.204709589852610341e-01
-2.832741444164345035e-01 3.446180473058312321e-01
-1.430041271006839976e-01 3.191055817333600109e-01
-1.122170433457859717e-01 3.085968693739390423e-01
1.458013401429223421e-01 1.661039763670482117e-01
-2.707487044267058440e-01 3.636070485112354866e-01
-3.826100018367206701e-01 3.428954370732235635e-01
1.124152844301342657e-01 -1.132878043373644061e-01
-1.598477807584657295e-01 3.694589591224406444e-01
4.958523408106261243e-01 3.626965119466994958e-01
3.901674307954094978e-01 3.052668930125256308e-01
-2.367192890369871350e-01 3.310806339953802357e-01
1.029637765923173687e-01 2.498659813240451388e-01
-7.421050034091725145e-02 3.870908558491836793e-01
1.160562909587422586e-01 3.616519442080015079e-01
4.966446682014121761e-01 3.753008301551625792e-01
-2.694815709522441205e-01 3.160867565023712800e-01
2.025152781348659170e-01 2.992456199971712527e-01
-4.256768254612339764e-01 3.178245292986268122e-01
1.798973929272184025e-01 3.594829473505850581e-01
-1.396115937631619008e-01 3.582787132916669393e-01
1.467247333337532433e-01 1.651081568434523694e-01
-4.501050264914986387e-01 3.253327570586782569e-01
3.279558333958643157e-02 3.367987878223347442e-01
4.954864879193719984e-01 3.712859859569016541e-01
2.011584699660577957e-01 3.869388081237726817e-01
1.433858473475488893e-01 -3.616102755373505895e-01
1.283016001734811340e-01 -4.046138986941760773e-02
-4.102836025562583977e-01 2.926479271167842233e-01
1.086294504747230549e-01 -2.807452655091413618e-04
1.068943604477611276e-01 -6.781213564298194107e-02
-1.743974003335235778e-02 3.070249601550225638e-01
1.129966553371831717e-01 3.871823569090563355e-01
-2.694789934979235912e-02 3.252138059970601791e-01
1.235260519807452884e-01 -8.308568728022303063e-02
1.099305387606639428e-01 -3.567783782780774571e-01
1.160121462517343938e-01 4.351650146386859541e-01
1.183934849334455919e-02 3.196963563809945841e-01
1.916253055483752021e-01 3.013561324472663339e-01
1.284177843085816395e-01 8.593287873759392070e-02
-2.607153625030406152e-01 2.894272563505735363e-01
-4.277326966105101658e-01 3.578445380528207931e-01
5.763840259426544765e-02 3.897287166846827855e-01
-4.889478030163790789e-01 3.721227165367564371e-01
-1.284984750820027388e-01 3.684245267506626176e-01
1.125013764858482368e-01 -4.353362043410248239e-01
3.098806662321775818e-01 2.860722039300596098e-01
1.186675205359788432e-01 9.967577696173690605e-02
2.484679592998843001e-01 3.595800200092175158e-01
1.187437556695967178e-01 -2.953410231885702508e-01
4.510503634139338969e-01 3.331997019308009511e-01
-3.092982335329972354e-01 3.614343446253955872e-01
3.935202269283691878e-01 3.618870499863942047e-01
3.787417618671851116e-01 3.564081890729889901e-01
-4.242133382153290277e-01 3.544050805827834161e-01
-3.735421491164729879e-01 2.902805830628345518e-01
2.702612623391076330e-02 3.901822891597312992e-01
1.712165160847777257e-01 3.066176455665544642e-01
1.232005548616366131e-01 -3.651936840892838765e-01
-7.961970614278368608e-02 3.240342306144596840e-01
-1.178292284548111413e-01 3.302472868310603049e-01
1.646045878634994075e-02 3.119316643214408158e-01
1.295868249701616071e-01 4.897872068069201168e-01
-2.531517187842716732e-01 3.257744731755548573e-01
1.334955325414752814e-01 3.599906678292653650e-01
4.168419078857553695e-01 3.534778968101579544e-01
1.391702981830298391e-01 -8.617140388918353988e-02
1.398594137563269335e-01 -1.783761690146800083e-01
1.132798130864695052e-01 -4.166818255745335930e-01
-1.569078122027700584e-01 3.883959162524005526e-01
2.768834300164382256e-01 3.609706263291097006e-01
-1.657198180435753843e-01 3.192559311273449607e-01
3.001501205023597851e-01 2.885876522602628391e-01
-1.920989696877747344e-01 2.950705125764523373e-01
-2.151477507619111718e-01 2.942725362908806819e-01
4.593620471286351536e-01 2.904121690179443105e-01
2.745338777992972767e-01 3.323788976795956085e-01
1.284802861816584096e-01 -1.789817746313597802e-01
1.248229942947577387e-01 4.299398472415062455e-01
3.305827638445031358e-01 3.570314103694154362e-01
5.403092233897421881e-02 3.614959931977372865e-01
2.099005072438374642e-01 3.447462358865079901e-01
1.415445861374179382e-01 2.197510804767723869e-01
2.974199638191399320e-02 3.899102807914194280e-01
1.307304980026631203e-01 -2.487232247061658130e-01
9.757578466035921050e-02 3.103104848477155064e-01
1.361289531299594291e-01 1.217525317391828787e-01
-3.867910425229548199e-01 3.479758219605921798e-01
1.032973553056955041e-01 2.740773514758316765e-01
-1.867481560971984145e-02 3.635463329064672067e-01
2.158765958576521760e-01 3.817610869998498968e-01
-2.910043276614074914e-01 2.901421205962514405e-01
1.086646316818083990e-01 2.433494209387190299e-01
2.701651489131120520e-01 3.199523733857444485e-01
-3.440589690140016810e-01 3.154052335789188088e-01
-3.115851238676086155e-01 3.878709615636913854e-01
1.628796805889132226e-02 3.727668287314994666e-01
1.419538019368555837e-01 -2.695668286656531798e-01
1.233540874918928054e-01 -4.022892445142174367e-01
3.977947310089313682e-02 3.764843129236120634e-01
1.463098853747586414e-01 4.776370120489533688e-01
-3.018611537697279967e-02 3.026782992520289373e-01
-3.502936228380174599e-01 3.664715030406835439e-01
1.333089145476924475e-01 2.209225170265540772e-01
2.708091519528669222e-01 2.961313373835060547e-01
-1.224740081331202601e-01 3.538683997177114460e-01
1.149959423815603010e-01 -1.608293101320356078e-01
-1.085680305708474069e-01 3.553436840803562147e-01
1.070660649972393630e-01 4.729437379835110811e-01
1.251711645957891417e-01 -1.587241165941650767e-01
5.950544520616851685e-02 3.073484448208514408e-01
1.776501869088364938e-01 3.094434848616339773e-01
2.340639029161362128e-02 3.718549198516579724e-01
-2.255492870871350641e-01 3.752428554968497698e-01
1.205706632272863787e-01 -3.176900177657304702e-02
1.271298775531849445e-01 -1.926796953075167185e-01
1.217275344476623777e-01 -1.242662206590310348e-01
2.829022344104642483e-01 3.722751739479038813e-01
-3.311802759062395518e-01 3.130521574879949753e-01
-2.956530023895113102e-01 3.399614117200758789e-01
-1.271561193927583933e-01 3.474199388411743916e-01
-1.124849584520314361e-01 3.056127255056578784e-01
1.351254347956093449e-01 3.195401254645624523e-02
3.978353621497429105e-01 3.636035389881346891e-01
1.355633240437082998e-01 3.540721027471607218e-01
2.001991090276442620e-01 3.126361807264633752e-01
1.157611655596642031e-01 2.736574994176754760e-02
1.095710775651835833e-01 4.226094192248197601e-02
2.062886053072692238e-01 3.478007940690126532e-01
3.507499178365338643e-01 2.870925727330446708e-01
-1.375803730777312994e-01 3.009025917339159806e-01
1.219115721894442617e-01 -3.517510382765417498e-01
4.494169128688433323e-01 3.875571277161236061e-01
1.258337406463343466e-01 4.378815769397665925e-01
1.421886980387684352e-01 3.761291001124631439e-01
1.534078847253439459e-02 3.286528199966385344e-01
-1.194494883938552743e-01 3.647946369439772907e-01
-2.187299524823105301e-02 3.817023905103054116e-01
1.496495844868891423e-01 -1.871552181598978848e-02
-1.070968602015901494e-01 3.167984955918266010e-01
-1.837641263958678106e-01 3.810724669336731374e-01
1.416520550800012268e-01 1.808436825820313176e-01
-1.894832165899862364e-02 3.656523287531401323e-01
3.457611945005808485e-01 3.132075233649302959e-01
1.375343654457193976e-01 -1.431973205987158160e-01
2.523522977558686486e-01 3.191092049176510459e-01
2.268204949271687143e-01 2.882472122600761022e-01
-3.090094119310384801e-01 3.589871817673758736e-01
2.153664373378125774e-01 2.962252160889697894e-01
2.211037267561251074e-01 3.559476344395515746e-01
4.227709531127116227e-01 3.030309074592233420e-01
2.893509425728663098e-01 3.595894837026341051e-01
6.756290451773649952e-02 3.156898840981207099e-01
4.782326200810870231e-01 2.964700453723950746e-01
4.575603332008486568e-01 2.914340744350198964e-01
1.478721064298847976e-01 -2.629550683050945192e-01
4.506522134912205324e-03 3.385636025177626296e-01
-4.651784224462430783e-01 3.725845211928798806e-01
-3.936341373644486330e-01 2.928649273673603615e-01
-2.537010283516322184e-01 3.770939124826298006e-01
1.077242659469491715e-01 1.854271213871985235e-01
3.553562161272569853e-01 3.772061853311835522e-01
1.118760163769443317e-01 -3.013457522677013278e-01
1.236192709888220831e-01 -3.369719366738207489e-01
1.255409745866506999e-01 7.952088641201660035e-02
2.627075420917072135e-01 3.411073477369485074e-01
4.915121054972364512e-01 3.633482103766723093e-01
2.007030133610998579e-02 3.892978214577207385e-01
-2.746906494983465397e-01 2.952236711243855227e-01
1.300318451314055324e-01 1.752940702272609563e-02
1.344538596466817726e-01 -4.362225684140850213e-01
2.067546597305940370e-01 3.297945203691878824e-01
-1.754146381774535080e-02 3.080255784907237615e-01
1.450749862507728638e-01 1.178512438931297313e-01
8.991899499340927360e-02 2.883736062035784364e-01
-2.175799164217203652e-01 2.889044891918813862e-01
2.785812748273392980e-01 3.690532647348443440e-01
2.684467946738787747e-01 3.026087003107247320e-01
-4.461152391541415296e-01 3.485052608417302800e-01
-2.096863350712854235e-01 3.603376857112574605e-01
2.266681685513090017e-01 3.285276501680152172e-01
3.376414101373027554e-01 3.075579758825291998e-01
-4.258745403744573776e-01 3.820910739616669716e-01
-4.746649072081861043e-01 2.944062838806597027e-01
1.404475387828778565e-01 3.108657089478287228e-01
1.230415129323009227e-01 -4.737729886571984128e-02
1.466662171860670938e-01 -2.798948789607599297e-01
2.283740904424653717e-01 3.693402540129805400e-01
1.207202128003649344e-01 -3.613091628253353171e-01
-5.823698290878209782e-02 2.978513782598511961e-01
-3.830416307679929133e-02 3.874301347303904519e-01
1.706491143311501535e-01 3.030186907816461162e-01
1.253279358131661469e-01 6.558763954472324187e-02
-3.946610446329893440e-01 3.051163831086919354e-01
-4.577142500622676247e-01 2.901049889503998225e-01
3.919798758319585907e-01 3.840698259315979968e-01
-1.242017812804040444e-01 2.864450944675469568e-01
-3.055186519543825474e-01 3.433890677027917615e-01
1.089668942854573608e-01 -3.434063001241641766e-01
1.391701653315348119e-01 -1.744767845012606955e-02
4.985663674968754400e-02 3.774612159652481758e-01
1.089599129331896288e-01 -3.342572197629821718e-01
-1.190851561753438759e-01 2.912584723251546714e-01
4.380387751585912426e-02 2.956488346807573109e-01
-2.819304319834269323e-01 2.999321194463449025e-01
1.166623259900155807e-01 2.720943934515286378e-01
-4.109501371049107954e-01 3.082667019357967497e-01
1.164373907962835686e-01 2.627212271389310905e-01
3.797540099283657211e-01 3.399448059553527024e-01
8.037709835470996378e-02 3.600267726160679693e-01
1.210322339786868984e-01 -1.046962227262250300e-01
1.336296846784876813e-01 -1.544639078166052393e-01
1.423305142691714265e-01 -2.499858783898299963e-01
-2.797379723485021730e-01 2.887985053781848555e-01
1.424580237418273665e-01 2.782562933139487438e-02
-1.996848495314612615e-01 3.159124792428281703e-01
-2.342680507122114619e-01 3.128597252906568649e-01
-2.352788289017152534e-01 3.192938342314175504e-01
4.133938750213617119e-02 3.771572207164566315e-01
-2.364049661841318706e-01 3.747095524740441386e-01
1.343680251678871507e-01 2.683943591899862202e-02
1.184403251245169653e-01 -4.034777073267320491e-01
-2.298590154320948598e-01 3.406065060839181813e-01
-1.982771543867298814e-01 3.799927790738819589e-01
-4.335761282212525769e-01 3.244099290585984452e-01
-2.308156508299422649e-01 3.200513136648166501e-01
1.358925906834240749e-01 -3.177497009597122224e-01
1.524053946353668421e-01 3.107580421987384822e-01
3.637263923493108120e-01 3.513992187063836869e-01
1.470754557876203794e-01 -4.331629687610594193e-02
8.668325073655958057e-02 3.089379526207390869e-01
7.920659145854425098e-02 2.860327760358959415e-01
1.347207314696284852e-01 -2.224447722847859854e-01
-3.202066162966198393e-01 3.473755699864160551e-01
1.161434480782369549e-01 -8.086445169442313397e-02
2.740344804809505819e-01 3.580966972264829629e-01
-5.083125138905753015e-02 3.022330391881337119e-01
-3.810291190953218887e-02 3.161245115500034286e-01
1.315007147787665698e-01 -2.445868051048987191e-01
1.302115583963545653e-01 4.083236910285154009e-01
1.232361714009186926e-01 -1.209362244382585772e-01
2.198721073155438521e-01 3.324489158387131660e-01
2.602937254899629904e-01 3.505509733088424396e-01
3.092055886299738265e-02 3.472043648121158066e-01
1.122501543838630989e-01 4.740569607152766984e-02
2.861643468796464251e-01 3.509961368867985376e-01
1.490333333789559678e-01 -2.538643279267684960e-01
2.849494543294628368e-01 3.111660767046405818e-01
-2.070540634584840944e-01 3.309286358916850856e-01
4.626599321652913321e-01 3.367799880058283124e-01
-1.819465848845012168e-01 3.255424557355879323e-01
1.897640080092488635e-02 2.878765667582104948e-01
4.075727935595495621e-01 3.236265641960532902e-01
-2.259527171044484195e-01 3.746932299256299226e-01
1.773686441030364325e-01 3.696549808979487928e-01
1.349575396406454963e-01 1.558245134124085496e-01
-4.782331620901298930e-01 3.429975286548055946e-01
1.097468436758975985e-01 -2.533474835206696030e-01
1.586615678275836716e-01 3.096984566230516212e-01
1.435859060377727703e-01 -3.675521697942729649e-02
1.174840602992031080e-01 -2.291502449039024558e-01
-1.336557667818700779e-01 3.488510185038824485e-01
-4.046716613822097797e-01 3.520969271276869206e-01
-1.428281046482590133e-01 3.553304397911483115e-01
-3.743956638763472622e-01 3.350920040332422412e-01
-1.076148465495331275e-01 3.259781186971374423e-01
-4.963802101347728479e-01 3.313411916065445162e-01
1.121699062710035388e-01 -4.331767215273529814e-01
4.239460930886057577e-01 3.771717553803590750e-01
1.586652468531064564e-01 3.852846285207804922e-01
-4.384444184045670490e-01 2.860100766854440923e-01
2.789127215660182069e-01 3.569030968442420404e-01
-2.583902011747163385e-01 2.928809525605735598e-01
1.499571053550005084e-01 2.938757158806097891e-01
1.199511331035632011e-01 2.547591977597534196e-01
-3.874502370177210775e-01 3.712877512973224992e-01
-1.060313089567949119e-01 3.815186562265742154e-01
3.070498891355800675e-01 3.821083257989085213e-01
-3.373539605557019927e-01 3.740516148626300552e-01
1.311019494876908276e-02 3.399389953314188029e-01
1.043642212520261570e-01 5.215169394849938911e-02
5.853836585750882282e-02 3.206022473941246842e-01
1.293981894009731404e-01 3.291936634905927583e-01
-2.301353301284471131e-01 3.212030373624642499e-01
-4.375017349095914332e-01 3.608458961980222091e-01
-4.591507528883231881e-02 3.626339149226328606e-01
3.590834284185321357e-01 2.894446930145301300e-01
8.203004393830126695e-02 3.275338419404696388e-01
-2.319812625942092588e-01 3.860982468379229315e-01
-1.863549004189238856e-01 3.632670999405174239e-01
4.842419529500321396e-01 2.880581264797971164e-01
1.170457673354797778e-01 3.376857473324572645e-01
5.272093060749938331e-02 3.196156064839100752e-01
6.276958589265346777e-02 2.920892471807806645e-01
1.301145748648772082e-01 -9.724368387947890380e-02
1.011820106296633659e-01 2.917818600815386132e-01
-1.102158178069414518e-01 3.666329436158046740e-01
-8.956400946379639016e-02 3.539309459139657887e-01
-8.286405050168688113e-02 3.105621624589444130e-01
2.815434306872091064e-01 3.036150846596744612e-01
-2.835127377838255747e-01 3.514796216116616856e-01
1.394516499296785117e-01 -1.195992090722756140e-01
1.169986363664698992e-01 -7.315571732064241051e-02
2.765457748871313903e-02 3.177761442271960224e-01
-1.969287000631145812e-01 3.271723954474631268e-01
3.614238239476680326e-01 3.623002850117422735e-01
2.396388242961627890e-01 3.190749765598459575e-01
1.215504338009453233e-01 2.372248742261081622e-01
-8.254652606022927497e-02 3.404267668503448974e-01
-2.567600315129785482e-01 3.647485882075490737e-01
-7.002424451839595054e-02 2.903348585169074347e-01
2.791996230933644352e-01 3.611933912100384614e-01
2.012202736392371127e-01 3.894459194869641649e-01
1.188953654578593921e-01 2.918435243031620718e-01
1.254021348189844343e-01 -3.082810016302777179e-01
-1.223780761635306913e-01 3.521150261529295555e-01
1.485328824011831195e-01 3.209408381740612715e-01
-4.232490514767791590e-01 3.418660722657189677e-01
-2.863249988765643739e-01 3.450789497758840474e-01
-2.104605212523730229e-01 3.469951305871155078e-01
2.523868497609360606e-02 3.720029406389746551e-01
-1.324579276152130225e-01 2.975546268872902855e-01
2.756133608331262641e-01 3.675166203458919423e-01
-8.874735434920488775e-02 3.376961223947013702e-01
-5.320174246108655414e-02 3.461049620433311880e-01
4.585753887958882169e-01 3.728877603380648109e-01
1.111050280060134066e-01 4.733321173571379825e-01
1.464836176129656886e-01 1.180887724417643003e-01
3.191177553018995638e-01 3.631387482958341462e-01
-1.805269285841697435e-01 3.390545981867727487e-01
1.141835053415921619e-01 -1.720958577531446210e-01
4.445535830058816584e-01 3.125320203839869748e-01
-3.219732987765990817e-01 3.398111043946946408e-01
1.348233987410797363e-01 -2.149910353672289665e-01
-4.261415055095270077e-01 3.799553986666550642e-01
-4.757110195807927600e-01 3.191058935294007748e-01
1.330546451560161714e-01 -4.745253845231924839e-01
3.948742840429161349e-01 3.265970182402524458e-01
-1.089648443976449776e-01 3.190293003817106232e-01
1.144401273543339537e-01 -4.943789659943191861e-01
1.034088653453079099e-01 3.184898564840917823e-01
-2.494825392346358139e-01 3.518883760078221901e-01
4.524122354583955952e-01 3.284934167152828710e-01
1.502521876990365879e-01 3.259752694320832145e-01
-4.187475964841589349e-01 3.192450279989195172e-01
9.883296815571063210e-02 3.610437713760519252e-01
-2.550374011545646358e-01 3.744049394850220702e-01
-1.536279824136843608e-02 3.250772290491069638e-01
-4.313189243324029309e-01 3.694063246628938035e-01
7.161798530753815673e-02 3.452151036352077984e-01
-3.930342189526627728e-01 2.964794562754652363e-01
4.682491437727670514e-01 3.800648352965350085e-01
1.661156588074584883e-01 3.676168953594035615e-01
8.606704653005481376e-02 3.844114171811698899e-01
-3.569351694428570809e-01 3.482957226159750785e-01
1.287408243705668864e-01 1.715124208259501959e-01
-9.273497374233430346e-02 3.516558704850336614e-01
8.138969631512837921e-03 3.411171879618781766e-01
3.877868014059120405e-01 3.830854902347291535e-01
1.426487576394124268e-01 2.501214176950550261e-02
1.168494072837292785e-01 1.739518680227863934e-01
2.156075260568858232e-01 2.875790611510683492e-01
-3.192737253116620932e-01 3.669300569584642568e-01
3.696978463363229661e-01 3.862906917069959256e-01
3.453626075430049625e-02 3.462953991392717645e-01
-3.563976531781736234e-01 3.539970496168703962e-01
-2.713985650568526697e-01 3.012046384880585626e-01
2.056649407404661511e-01 3.515745403496933763e-01
1.475825147657128245e-01 2.038748649328990803e-01
2.140330765701224935e-01 3.168999480149982118e-01
7.071928443852470991e-02 3.391843850375435565e-01
3.598521311348303886e-01 3.176088919282280543e-01
1.197165611781052519e-01 -1.173184220916880793e-01
8.012254781347438737e-02 3.305188813229256173e-01
-4.071098993930144516e-01 3.230449617897924730e-01
1.251374774772081588e-01 1.950859816082526343e-01
-8.451003977423376945e-02 3.564981867823039385e-01
-3.790344816742527989e-01 3.310827911552944869e-01
-3.528594491182854842e-01 3.348371057193936240e-01
2.368318719110380499e-01 3.620527151802778176e-01
-7.849595740783810172e-03 3.583595001743604680e-01
-9.034649448740761368e-02 3.589259861317052325e-01
-9.703219765753534620e-02 3.270881577555555531e-01
2.635694458886435054e-01 3.642619876285482228e-01
-3.580974681684531147e-01 3.182155792460100718e-01
-2.445351814237900490e-01 3.649327303858959093e-01
1.117630254421939640e-01 4.382822264431982529e-01
1.871828985971560888e-01 3.727155235028002389e-01
1.028190705049838449e-01 -4.580749494303647529e-01
1.451684505344142950e-01 -9.375680885843928891e-02
1.101731054025288925e-01 1.785578193124091051e-01
4.367685429239936967e-01 3.106141979572282219e-01
4.281347183586262650e-01 3.575875466053064500e-01
4.115726119425507923e-01 3.740684186964944313e-01
-7.083175002098740514e-02 2.969646295415221404e-01
-1.032949156622942066e-01 3.587158424627996389e-01
-3.290931217163773903e-01 3.781178721360385353e-01
-2.177914042724611310e-01 3.588363622941507236e-01
-1.356806248108897162e-01 3.731952492956683853e-01
3.761916374829378240e-01 3.707986646612934090e-01
1.065057989881910139e-01 1.968362123956677312e-01
1.042477340414986742e-01 -4.700066340202109227e-01
-4.352860087148091583e-02 3.530030500703043028e-01
-4.077174386367407033e-01 2.975868369895381393e-01
1.471698260363020205e-01 4.452246763846696709e-01
1.103895770867221460e-01 -5.549552416225611573e-02
-1.420953096406261107e-01 3.761341623511980092e-01
1.115923994496610394e-01 -2.357723585587445658e-01
-3.229329375410355807e-01 3.552744939259799839e-01
3.038205905237512106e-03 3.077261499071854978e-01
1.883033291991884628e-01 3.904347044036318159e-01
1.374122076158362793e-01 4.608776113264089203e-01
-2.868835771169545579e-01 3.248979245179006714e-01
-4.874629843330680057e-02 3.165060270866050240e-01
5.935224549091877577e-02 3.731904948692272850e-01
-2.713222732893203482e-01 2.860120425570187308e-01
3.359698780500212090e-01 3.032075244194818442e-01
-1.122993280904864832e-01 3.693762613066914335e-01
1.295921780918791733e-01 -3.147907069178822459e-01
3.746066887822212532e-01 3.390817197095027380e-01
-4.318626589500651480e-02 3.672865861524683417e-01
-4.170971876035179937e-01 3.047088974436354958e-01
1.371980991052951238e-01 -1.506270706799327508e-01
1.119105705829409603e-01 -1.068527205565427129e-01
1.338925715900634028e-01 -2.818666404383224355e-01
4.136834893753404963e-02 3.583946514364619862e-01
4.008019423950056614e-01 3.842448301162968427e-01
8.216400520743205593e-02 3.387552005148045664e-01
1.481549508172739227e-01 4.209727702729415544e-01
3.435755186138373940e-01 3.315888184443628317e-01
1.188943257716245094e-01 4.814152622373055745e-01
5.467504854277183135e-02 3.166206641505531216e-01
-3.328217652943886717e-01 3.016492695158100590e-01
-1.297345739612798532e-01 3.537678277667944959e-01
-9.292422984987380730e-02 2.865390959132899651e-01
1.142083398230643310e-01 -4.943517650292358345e-01
-9.379299718185307722e-02 3.466949201836894146e-01
-2.191509725849969392e-01 3.068825450385913589e-01
1.260952306553656532e-01 4.162294838407544217e-01
-1.978995155035485620e-01 3.529815429303096996e-01
1.434477489641192705e-01 2.873229946341893104e-01
-1.164842791518837517e-01 3.117632892687719481e-01
1.120771935401776442e-02 3.703966639628468727e-01
1.618034678456334863e-01 3.830015006363088892e-01
-2.248670118727370548e-01 3.273136275615227131e-01
-4.027308356545673540e-01 3.467425936261695485e-01
-1.414125008155845409e-01 3.102830476592276510e-01
1.440870893811612152e-01 6.756696296447706196e-03
4.919564078573755994e-01 3.098679857926122105e-01
4.060426644031138732e-01 3.783033781467679546e-01
1.407732694835998055e-01 -2.147722097556779008e-01
1.765955665452233481e-01 3.468865272714607428e-01
1.354216928612842485e-01 4.083337915571475518e-01
1.427337735487560488e-01 4.230419912049837583e-01
1.141116635861781914e-01 1.579088336066869491e-02
-1.391243557920126550e-01 3.591004615547509493e-01
-4.560188716258101183e-01 3.094220992025367156e-01
-7.301406126800080720e-03 3.578575930770008240e-01
-3.038363080014404582e-01 3.846271463901258514e-01
3.920538169118563676e-01 3.835849745176298509e-01
1.241768383583446989e-01 -2.106954698350855804e-01
-3.500051186774715273e-01 3.800585399005798060e-01
6.808269719891635319e-02 2.910807893116625911e-01
-3.100222560428476104e-01 3.687471150384726837e-01
-2.404054280311151981e-02 2.851516937091042037e-01
1.398592736315174001e-01 -3.550399311818190906e-01
1.510477994444994199e-01 3.208963612505547625e-01
-3.788194129533538623e-01 3.142994525005943229e-01
4.534219625580266921e-01 3.426684619043570690e-01
1.623381549394842249e-01 3.786306266283334665e-01
-2.345983610512714090e-01 3.048824677585582066e-01
1.107756924420961742e-01 3.215212222092334038e-02
9.045832833717959431e-03 3.463524395176467152e-01
-4.962403752578586902e-01 3.776550351617863344e-01
-3.753990547539685085e-01 3.305887965633614867e-01
1.478399157297326516e-01 4.337309970334419784e-01
-3.327360050814264225e-01 3.538824300943164136e-01
-1.286749085065765907e-01 3.637323709394177929e-01
3.651217425350224977e-01 3.860225437293490769e-01
4.077885496205865268e-01 3.168478725142389596e-01
-4.903012659130256967e-01 3.064587871360665572e-01
-1.732867186182205366e-01 3.591853228741527237e-01
3.909872700659168254e-01 3.520676320981120933e-01
-1.268605957530002382e-01 3.194970513964491277e-01
1.434844919632038973e-01 4.073710685338720605e-01
-8.940892252640264548e-02 3.820015475699179985e-01
2.578832249812722521e-01 3.845273430518160174e-01
-2.011778453478236806e-01 3.626875103517802623e-01
6.695701698473377483e-02 3.027659580501402825e-01
7.907376666648224806e-02 3.333547327691919193e-01
1.359078461555218720e-01 2.622568998857440770e-01
1.239397609983475812e-01 3.244322754376560702e-02
1.137258391883626540e-01 3.229626439740287402e-01
1.425377879035063522e-01 -3.488333848609149745e-01
1.260446395312280199e-01 1.937740650399391029e-01
1.326462246152169122e-01 4.651428176165534056e-01
-3.902727763562410246e-01 3.212485955075941035e-01
2.180455057478605241e-01 2.927560785882472594e-01
-3.600935451656752662e-01 3.554054134795116004e-01
1.424991784341930190e-01 3.813936455537563219e-01
-4.770829840122102761e-01 3.366780602367559494e-01
4.329606338640408225e-01 3.536709905831528777e-01
1.450089289078735355e-01 -4.378074913039048388e-01
1.268386461684961608e-01 3.350904249219155417e-02
-2.453980035040085328e-01 3.803816441401167703e-01
-3.668022135698800756e-01 3.045337589207544049e-01
4.053422185841657477e-01 3.026092998180821558e-01
1.297423871303228227e-01 2.212164582592723860e-02
1.348815750852161433e-01 -4.316985523881877729e-02
-4.079524405915404550e-01 3.604380875524638705e-01
-2.203255759066627961e-01 3.019693231067384076e-01
1.580416058655242928e-02 3.697413111502092509e-01
1.357255230415173042e-01 -3.157610704494795417e-02
1.961740035928433157e-01 3.860397575333969211e-01
-1.677594429277922128e-01 3.556056478027094236e-01
3.201423064677052510e-01 3.765709385202966608e-01
1.073835197547875486e-01 3.766228546815223455e-01
-4.757880788848883880e-01 3.614122515710078698e-01
4.386838106634247669e-01 3.682436445262138314e-01
3.384258453299254787e-01 2.898075831814111991e-01
-9.945761943479358713e-02 3.115385269176862426e-01
-1.835703697021870973e-01 3.491073975845118138e-01
-3.174609059978733550e-01 3.505507102978769884e-01
-5.015670233295621561e-02 3.394807535489673400e-01
4.829673135789536165e-02 3.508855888210061780e-01
-3.168600798634517712e-01 3.408712390070206544e-01
1.493955253547906148e-01 -4.674850523554279214e-01
-1.575431386805542511e-01 3.639687742850172825e-01
1.414680094567607460e-01 -1.990724567599169159e-01
4.421226715914999827e-01 3.431955782243441000e-01
-3.265606736658468456e-01 3.626962039746199906e-01
-2.695913834094439965e-01 3.397588102587569825e-01
2.677965500000354382e-01 3.054597264527201261e-01
-3.815372700436207021e-01 3.822525624778321252e-01
1.075466397825802778e-01 -4.875147543530736760e-01
1.348668382024207357e-01 1.268856839487321198e-01
2.225141322367241159e-02 3.441409427948486366e-01
1.440789004078822932e-01 -4.570217743977724734e-01
-3.867292351350961610e-01 3.331470961926391583e-01
4.096882389927631873e-01 3.672169166329888323e-01
1.097717093970145275e-01 -4.870337838501263006e-01
-1.557033215021990102e-01 3.289274819791343507e-01
-2.739749725413521686e-01 2.929273592973883344e-01
-2.863298983477164938e-01 3.089556554964736357e-01
1.155052063333463774e-01 7.045080125226721446e-02
-3.344382262099881986e-01 3.524201423793463794e-01
2.685546196619387205e-01 3.316440071543550472e-01
3.028437565865477188e-01 3.807262765719022779e-01
1.034772180486716042e-01 1.069483930428423157e-01
-2.284052052733752669e-01 2.946487606351558819e-01
-1.876369450657452420e-01 3.252054497455011406e-01
1.607805818351346616e-01 3.045217328120694011e-01
1.531512811484037062e-01 3.079855625730388846e-01
1.414002142530493833e-01 2.102233748277274605e-01
2.930579232235577258e-01 3.610192598662582686e-01
-1.285716626877818625e-01 3.437336391523371226e-01
-4.347959959388587592e-01 3.398156873833771963e-01
1.024835147349176800e-01 -2.046371192098549452e-01
3.092942132231666363e-01 3.711793883540644989e-01
3.466242863867053936e-01 2.991110982066914614e-01
1.370641003045772743e-01 1.269272646792396486e-02
1.039806287780542515e-01 -1.694025525175112401e-01
-1.165843044879935064e-01 2.989527222482244451e-01
3.736327771231718886e-01 3.089259719018299100e-01
1.252663255618511329e-01 -1.773836397213062188e-01
1.250381189195500786e-01 -4.149479762658824233e-01
1.336121799600420434e-02 3.403199105655763113e-01
-1.661912104275952151e-01 3.053325865511467008e-01
1.998676476839859051e-01 3.368858175412461353e-01
6.278585616163856464e-02 3.302171285989766725e-01
1.304094958763507561e-01 4.301147957237022590e-01
8.193690021621247155e-02 3.874002774455660436e-01
1.058176985747089072e-01 2.932200405486624639e-01
-1.035389281586381882e-01 3.121601490623945319e-01
3.360194615746517899e-01 3.673545903738710816e-01
-4.684882404161667679e-01 3.426365867299401291e-01
1.194667428950152432e-01 3.806319489830468639e-01
4.728253415622761802e-01 3.521082289023074186e-01
1.308771814855431703e-01 4.280152047184951902e-01
3.536346263671181767e-01 3.285287323948620219e-01
1.122184658555070991e-01 3.285136369240629906e-01
1.282935882135153305e-01 2.078163673079999052e-01
2.121074364789924394e-01 3.652221738326941747e-01
1.324979941880413126e-01 1.255475793147767805e-01
-1.241244226582668420e-01 3.211807923840036549e-01
1.190825537782999044e-01 7.187078276738267935e-02
-1.672329914203585233e-01 3.329224514557685977e-01
2.759193742135080951e-01 3.465312872398614852e-01
-1.748939338484427619e-01 3.163421244520757680e-01
1.179793648595892641e-01 3.992238814065591779e-01
1.411269386159599293e-01 -4.589450612253174189e-01
-2.860522613829380445e-01 2.937433526798979289e-01
1.084734771884849902e-01 3.989058776453475730e-01
-4.093516383065067821e-01 2.922415773607885958e-01
1.318232223034373485e-01 -1.282607559777068085e-01
1.068001786990563362e-01 -1.256434383102718044e-01
1.407567595349722422e-01 -4.496512242862260589e-01
1.533636666395243875e-01 3.476192516547322864e-01
3.707191419381067332e-01 2.946011557284092808e-01
1.028345944265423029e-01 1.759447522616559567e-01
1.112750430114772815e-01 1.324583387251482280e-01
1.473790701874866382e-01 2.314132182370903790e-01
4.844941434564125071e-01 3.064339448199611127e-01
4.688257179027131016e-01 3.572309604672713190e-01
4.941131161466032484e-01 2.978211749037313893e-01
-4.906620893033347697e-01 3.357606113103704937e-01
2.540424523124762413e-01 2.884302175712887273e-01
8.810291062541730778e-02 3.619215961359268929e-01
-4.078480371022691342e-01 3.694479493177814655e-01
-3.485749335807525329e-01 2.888579492626852652e-01
-3.352971823023703779e-01 3.788539336126824919e-01
3.279843475210340031e-01 3.303028260102136571e-01
4.102286394167758976e-01 3.326585597565062669e-01
1.395765666370228919e-01 -3.263048742697426396e-01
2.207965070318476108e-01 3.353147477231308571e-01
1.190908460620240250e-01 -2.045497340186689383e-01
4.517690496911289655e-01 3.021898371660732829e-01
4.833264853993701760e-02 3.044200114444843841e-01
1.163350692193797498e-01 -4.416030453580535031e-01
3.116306880204847696e-01 3.132522109423453438e-01
-3.524903906559330169e-01 2.936222602695613970e-01
1.475682433238754143e-01 2.121235642294156953e-01
-4.579425429038438411e-01 3.605876323556009844e-01
1.135788683415666078e-01 3.145215737311506388e-01
1.362847035756360459e-01 -3.902070903932948198e-01
2.038096565167042407e-01 3.628366336519371904e-01
-3.442026769405742703e-01 3.211019322114346819e-01
9.367277784144312225e-02 3.833512456732749429e-01
-4.167752351260990418e-01 2.958959700228822598e-01
1.857932828925439317e-01 2.953223800162751989e-01
1.435663208785081801e-01 2.060705392927305590e-01
1.068245179878214435e-01 -6.482442802704402318e-02
-4.002898870270454879e-01 3.372882800726240138e-01
-1.063817271843806589e-01 3.779387495069838065e-01
3.061472381185321723e-01 3.769724636204989654e-01
-3.676839211282896258e-01 3.518488266111561291e-01
1.379979432133472406e-01 -3.803571870895865459e-01
1.278083387241650826e-01 -4.424980650533960613e-02
1.321232905244578149e-01 3.715297145109542898e-01
1.177267140785969168e-01 -8.038032370786052372e-02
1.096903868569060192e-01 3.428625100703205364e-01
-1.125805213906809765e-01 3.743719327580575795e-01
-2.909676870768116430e-01 3.521736752498146883e-01
2.268833967779908534e-01 3.182166351195784282e-01
6.464837789514443767e-02 3.031987119994095092e-01
1.447980784680378274e-01 7.968528003681185634e-02
1.105804419840449304e-01 -1.233675460040098981e-01
1.410289709996910279e-01 -2.473043950673082803e-01
2.700993604454156038e-01 2.973236831234239430e-01
1.274871383646416501e-01 3.431211416650369328e-01
-1.512894976629522992e-01 3.036733132560699433e-01
3.686636659131840021e-01 3.101937803966029472e-01
1.027763256592483243e-01 4.693016576489156266e-01
1.446944023870344598e-02 3.620553868864940794e-01
1.398869608039380319e-01 -3.637489869927472697e-01
1.161752850813277949e-01 1.422004064263791001e-01
-5.431515807573594756e-02 2.912464531078229335e-01
3.307124687637279514e-01 3.495536648361244891e-01
2.809210970118141137e-01 3.678052623293137646e-01
1.171704821998588164e-01 2.060345971147460320e-01
-1.580547878454150457e-01 3.769795012407226587e-01
1.207660440270812430e-01 -2.125195220549004338e-01
7.462528634757348289e-02 2.911405647136705577e-01
4.618223181517167042e-02 3.569820861040160498e-01
2.303498711920346498e-01 3.113222214543744926e-01
4.571413803401677134e-01 3.216765342307527087e-01
-4.604447296030212966e-01 3.790565065257689437e-01
1.026907017286297075e-01 1.722884640924378097e-01
1.225047883505275825e-01 -3.171968254108376017e-01
4.265136771879078914e-01 2.866945063504584557e-01
-2.860960338472300357e-01 3.079800296871367804e-01
1.008382822857427641e-01 3.837649076857934105e-01
1.466407399599790606e-01 -4.317604664481592414e-01
1.477895471060430843e-01 5.065524793851261531e-02
-2.775596143177961883e-01 3.465509973780203090e-01
1.890574569261516125e-02 3.168468987940810111e-01
3.019556568462189450e-02 3.140324953506766770e-01
-2.247399382705197457e-01 3.759745040984344699e-01
1.341217139592276730e-01 1.478866149002825425e-01
4.969160978711317789e-02 3.518877692899415877e-01
3.583324229921469595e-01 2.951642914462442313e-01
-1.292040639057293605e-01 3.391068872226833397e-01
1.244938900586853858e-01 -4.692610763468820778e-01
-4.311963398502340894e-01 2.920537509368300588e-01
2.813822633216936930e-01 3.208824445378480883e-01
-4.841104396810451682e-01 3.707129199348120352e-01
1.652425147755592905e-01 3.197452241270717366e-01
-6.551192118108062346e-03 3.410161910772747662e-01
1.134884477679012349e-01 -4.869429098702277026e-01
-2.488001098470551398e-01 3.896211216903945340e-01
1.399530600094552879e-01 8.595797418749495655e-03
2.635073082998065086e-01 3.225505508330719362e-01
-9.705554561743046094e-02 3.562189545689574688e-01
-1.010391732374352758e-01 3.450777872534591673e-01
1.715298465350614254e-01 3.545385776249344589e-01
1.550977421313354254e-01 3.035358374125914915e-01
-2.566914882410012977e-01 3.135119066490013040e-01
-1.866629546022047226e-02 2.884853699018269380e-01
-3.219647082896879287e-01 3.236089129492565331e-01
1.174211927391163313e-01 3.111967888849602737e-01
1.052880222230052620e-01 -3.822437614510809656e-02
3.374517184902869893e-01 3.584416695607774983e-01
-1.516368451573619769e-01 3.094127817414595860e-01
9.170735672799446014e-02 3.321731936667553509e-01
1.322805072269186422e-01 -1.519857580971879507e-01
2.632839889649507548e-01 3.011850569594997085e-01
2.511190164076525511e-01 3.440190938352071237e-01
-1.959118804804582670e-01 3.261433388055560156e-01
-2.474783646198558396e-01 3.734255726837318878e-01
1.415650924620495132e-01 1.028123620801872917e-01
-4.072756478995377405e-01 2.991245867834683159e-01
1.173577214445654660e-01 -2.912825620423332706e-01
-2.865280551001193610e-01 2.908307312115925303e-01
2.852948407730426794e-01 3.527096133544858070e-01
1.249138562258791385e-01 4.018781535380764325e-01
-3.666213390482372381e-01 2.995721709771669294e-01
3.878211100681893120e-01 3.746688337991630480e-01
-3.128967188993142523e-01 3.662823668053635240e-01
-4.916392625556489371e-01 3.851234837633444874e-01
-4.801087023814599730e-01 3.618321047768487952e-01
-1.706534498886914664e-01 3.626259724079273772e-01
4.465666461908635032e-01 2.897188925061867648e-01
1.231548045417292236e-01 -8.390427379087350701e-03
1.233442593755091909e-01 4.242030905443949784e-02
1.111710513658740185e-01 -3.774354963238155669e-01
-1.346383764965627394e-01 3.873128771449578789e-01
1.063800557361418431e-01 -3.326536971869978876e-01
1.069759724719143712e-01 -2.461172826926935064e-01
3.417872667055649183e-01 3.094768107989328554e-01
4.871659674628848746e-01 2.949778092344989000e-01
1.290484855486003779e-01 3.718674721465601296e-01
1.110948754679540462e-01 4.686908231511666134e-02
2.790564428935724539e-01 3.315154025096797019e-01
1.145245200302748012e-01 -3.466380702670206482e-01
1.433379661048498344e-01 4.153934288481005987e-01
1.244998496033730140e-01 3.141084335033815789e-01
-3.473341111666166103e-01 3.603259801639742133e-01
4.635537339617514796e-01 3.007025376661274230e-01
4.659531643382643917e-01 3.235287241212049247e-01
1.149422358094210894e-01 -1.383675091523184353e-01
-2.213494724293896265e-01 3.280856697237196640e-01
3.964545308800815349e-02 3.613696912274404482e-01
1.219259791957796324e-01 3.316369789037720839e-02
1.676510931441845820e-01 3.006867440563378846e-01
