7.350428618657922630e-02 2.707618346469570225e-01
-3.839537632630910524e-01 1.448199137238133094e-01
6.759330853342471190e-02 1.808954329694013596e-01
1.059189839706298208e-01 3.764355638764155243e-01
2.533400729723147560e-01 1.827832885015040487e-01
9.740903106114640053e-02 2.208756584992555005e-01
8.691675973046408821e-02 -1.882949828894620037e-02
-2.470217085676473801e-01 1.680147849368762714e-01
1.063797182130369334e-01 -2.954434728250544540e-01
7.262783515540427448e-02 3.241422740520016887e-02
-3.259845749830313499e-01 1.651170104119155102e-01
1.151033719850302894e-01 1.899841259122174719e-01
-3.617998555541457328e-02 1.702550368908625211e-01
1.040085890602355789e-01 -8.695052314833828788e-02
-3.505711020103517983e-01 1.529957229971097288e-01
1.471566952243792414e-01 1.775557776540248600e-01
8.348949664005256288e-02 -6.028959716909931821e-02
9.924387184346705748e-02 2.521041829234913489e-01
8.979016118775695610e-02 2.324611779860985550e-02
1.098811389891021228e-01 -2.601002224849735533e-01
-4.215386085878116695e-01 1.826247925327731947e-01
-4.022956879580000811e-01 1.772385000504356212e-01
-4.484959599300164523e-01 1.664186432079668432e-01
-2.614492715474489026e-01 1.442213933010776383e-01
-3.164429927364224016e-01 1.418467189700277631e-01
3.953795119213256992e-01 1.817198152656601673e-01
8.480627693134035194e-02 -4.241727752910507965e-01
4.616590230641204329e-02 1.595443444597899330e-01
9.417687347224179550e-02 -3.620101869112158921e-01
-2.717455480045859462e-01 1.633479978110070618e-01
1.045634712740491912e-01 7.462341791526028167e-02
-4.879059873204512066e-01 1.562582074468031879e-01
7.736025414852432114e-02 -1.854141038126398966e-01
-4.223640652635878290e-01 1.707640646083133928e-01
9.777639419284656075e-02 3.260633714061267341e-01
1.769999471893035636e-02 1.504304332281538592e-01
-3.208039915148686028e-01 1.550638842509604043e-01
-2.060754421284037852e-01 1.693875539744585934e-01
1.048834631599178113e-01 9.415782117575322019e-03
1.119458737600872444e-01 2.611205284833924001e-01
8.610292446818601508e-02 -3.367006494612588829e-01
3.146752820897400493e-01 1.645395733875424371e-01
8.939471562568135354e-02 2.060738436088369596e-01
8.869365553147612324e-02 2.302244093639593814e-02
1.090598542715496277e-01 -1.138153791360294598e-01
9.664224438057911204e-02 -1.970148446340105330e-01
1.633791601959262429e-01 1.480591807785271996e-01
8.676220308798276992e-02 4.651870292256485850e-01
-1.757885210041194579e-01 1.953236761656683695e-01
-2.883316619476432585e-01 1.597344755249917592e-01
7.432168131047867110e-02 -4.278190598156492719e-01
2.283278455151254160e-01 1.414691613058404185e-01
-2.404706373747848014e-01 1.700883863486559733e-01
1.237303963953115815e-01 1.577718133213468210e-01
1.089375197471750267e-01 -2.409262887565732925e-02
7.934471617125316012e-02 4.133966576879593013e-01
-1.942749112291808355e-02 1.975500803961524054e-01
-1.485869344840586859e-01 1.707683068147939354e-01
1.058741875306987712e-01 -4.066720335674628428e-01
9.018064791794810908e-02 3.314654960101368619e-01
4.068316284322819332e-01 1.690347087335321019e-01
9.207080529079492148e-02 -7.757151155020591826e-02
3.260654549351987841e-01 1.412789683470129232e-01
3.527967511123307753e-01 1.718793209731848126e-01
-3.150412580185847355e-01 1.481444106597141763e-01
1.526938309253748072e-01 1.728976783263060923e-01
-4.026684102602129389e-02 1.628335791013313383e-01
7.356779197297902417e-02 -2.416139593299021504e-01
-8.950682613186911052e-02 1.945624415374339611e-01
1.113891143888365853e-01 1.457320633156854450e-01
1.026062154815879923e-01 4.094496234996142237e-01
-5.508666281756613436e-02 1.498901001428691870e-01
-1.921589121429646552e-01 1.582868496200836583e-01
-3.563040599844291556e-02 1.424915122608382267e-01
3.929312727730157606e-01 1.539905738113740430e-01
8.096367637386614469e-02 1.535997156622292970e-02
3.043753865616161125e-01 1.697111820476839839e-01
-6.382535230676211757e-02 1.962502058212558520e-01
3.369713309358595144e-01 1.933183540794783939e-01
1.068853130839669818e-01 -1.369793843926562227e-01
8.797753276915754039e-02 -3.186951303589885542e-01
8.139750455358418790e-02 4.446344032293262361e-01
-4.947879557413539242e-01 1.902021914564441252e-01
4.867456364815289094e-01 1.956954939348665157e-01
1.109439131952087987e-01 3.878413778165166192e-01
3.572984153492723136e-01 1.750579925708842799e-01
-3.916189336960316236e-01 1.957403891295937948e-01
-2.167380698607224154e-02 1.640470035924485037e-01
9.757781239293095155e-02 -3.022424071435555470e-01
2.864579085376639522e-01 1.393460889598133745e-01
8.832197435492916693e-02 3.212530158727474605e-01
-8.559406680374881393e-02 1.441728117779929041e-01
3.148829844101624920e-01 1.756006472071451885e-01
1.046334489398487166e-01 1.157652507725465130e-01
3.020783494844155870e-01 1.427221115961679887e-01
1.051479612081606119e-01 3.621423537874446374e-02
-3.992424674932191220e-01 1.717304448960152996e-01
4.201788964130087622e-01 1.469430944932571537e-01
1.033276731790282454e-01 4.968791356045857421e-01
9.270056860832820433e-02 1.297763333061692226e-01
7.640724772714579949e-02 -2.326058714843489694e-01
2.111148690716021514e-01 1.552372704391158376e-01
8.019575073748397287e-02 2.679321525192315256e-01
-1.592605657258714391e-01 1.933408280099049303e-01
-6.178327658947690981e-02 1.563041287230702014e-01
9.474362436196415160e-02 3.152006987665655346e-01
1.118994504370482979e-01 3.581107219305209588e-01
9.664358022918317914e-02 7.652643503295963878e-02
-2.976061364287586608e-01 1.632438195744383425e-01
-2.055960475325667725e-01 1.611369623961548259e-01
-2.396453560815271500e-01 1.765773798931473682e-01
1.030936023958076708e-01 3.602440418695779245e-01
-2.083802184604792718e-01 1.682475688869075059e-01
1.093483162099363470e-01 -3.503836086869542843e-01
5.073693521256317229e-02 1.635627444491801752e-01
9.442253666793198885e-02 2.489079856178206818e-01
8.409130778666296102e-02 1.770347473564263252e-01
2.880271787078554357e-01 1.849480593676687823e-01
-2.671242898202493832e-01 1.823480364651481889e-01
9.778598252058845475e-02 -1.446180220528630045e-01
7.623661157180716685e-02 -1.684527931618239327e-01
1.095655857709032510e-01 -2.508999317792410810e-01
1.086503711964571517e-01 -2.873886093210139547e-01
-1.552738216049562858e-01 1.486296181572696051e-01
8.543526928739442194e-02 2.263300678872903759e-01
-3.522341782622909756e-01 1.822846385916725431e-01
2.432565524258342160e-01 1.754760249735735078e-01
-4.997433601012126747e-01 1.596477524617440080e-01
-4.687921319130321507e-01 1.868403461451570990e-01
-6.860069821307757110e-02 1.842731320823228769e-01
-1.858004836263255077e-01 1.939417188762024846e-01
-3.299585094103284488e-01 1.671976733029340023e-01
-1.711587269359735597e-01 1.946581410270928902e-01
-2.628783276435119332e-01 1.943717384117686908e-01
1.023901166971413756e-01 -2.102956017367394459e-01
-2.415803319788302206e-01 1.863251148303608495e-01
9.733528843738403769e-02 3.505213204443347053e-02
3.595091043808710252e-01 1.753750390737106590e-01
2.322042535587164336e-01 1.888351590647484590e-01
1.047352538801873401e-01 1.670896894214402018e-01
-2.930613157345116626e-01 1.733952155111765370e-01
-4.607925074541109334e-01 1.941420675962804987e-01
1.034346921269142516e-01 -2.418339197834510346e-01
-6.438068346401037978e-03 1.758935942384660667e-01
8.416367107655442492e-02 -2.123335596397316616e-01
3.495865106279305579e-01 1.491045884908244190e-01
1.990986514770798355e-01 1.680321387755950857e-01
1.072792290798105785e-01 3.304486022387054245e-01
1.024155440269144401e-01 4.693764390032872935e-02
1.014957545640344794e-01 -1.999615636717484435e-01
7.860295189677013461e-03 1.843356038795518348e-01
4.560611109523305950e-01 1.560859974258945737e-01
9.848332085296995775e-02 -3.642819045799817745e-01
2.535274481092607557e-01 1.826204268413924581e-01
9.224848936807894528e-02 -9.688961282724772861e-02
9.105898083308683333e-02 4.339640942664251266e-01
-2.974820819399268679e-01 1.421736354807271452e-01
7.673574460055476720e-02 -2.419105808851315098e-01
4.600751517332893892e-01 1.784823621997301268e-01
4.560314717520072003e-01 1.453153734867859148e-01
-9.583927860871566118e-02 1.459082108025511193e-01
8.921277806581628944e-02 -4.893774833897847065e-01
-4.946136192894646788e-01 1.840409108593488163e-01
1.773374602847606063e-01 1.916812642605720818e-01
4.441194871727243143e-01 1.667497517525318163e-01
1.041041350657387898e-01 3.658496113614488898e-01
-2.358900245151379638e-01 1.525781962644525702e-01
-3.650242852853058384e-01 1.404077464638647799e-01
-3.495134252245912787e-01 1.502748391842732012e-01
1.129505020121004399e-01 3.598828543852327089e-01
3.340269908838405799e-01 1.887823171361098229e-01
1.095398464300643138e-01 9.384879651456645711e-02
1.738206434489042440e-01 1.780218741884493916e-01
-4.310506601833064000e-01 1.933346457648572603e-01
7.609279961276849136e-02 -4.063430724160250751e-01
9.436983149029554152e-02 3.377799205391479598e-01
9.521881711577728780e-02 2.979706041647158798e-01
4.304231679394944221e-01 1.764219730486528137e-01
9.372490450453474509e-02 -1.612664129340660724e-01
4.243196737209095071e-01 1.662149778919790322e-01
4.954623567573659404e-01 1.778244643234861977e-01
4.015569872324054046e-02 1.896919947317853294e-01
8.027735744164266052e-02 3.676017080655418212e-01
1.036548939964759830e-01 -4.553811291145604123e-02
7.801496869358859332e-02 -3.924790158712399002e-02
8.315240284581015828e-02 -3.617580425515374287e-01
3.335091525135854829e-01 1.700404215629052196e-01
3.305737311661969269e-01 1.569264921107138555e-01
-2.474263502618374577e-01 1.831625248736890033e-01
3.217433334947149559e-01 1.968017503346874975e-01
9.071458199259119226e-02 3.257460574169181999e-01
9.043359333579636949e-02 -6.840025256501069961e-03
-1.861245729388527614e-01 1.673342312981214164e-01
5.230855334965034409e-02 1.619573707453572098e-01
8.282903240965366898e-02 -3.909912646962628857e-01
1.083612764323864663e-01 3.347142805087448547e-01
2.360089873203153887e-01 1.733387502429961646e-01
8.924192365261662818e-02 -2.606354877680857607e-01
1.101202831501528756e-01 2.123278435760461713e-01
8.780812747336697033e-02 1.208862436222668535e-01
1.017488597172988563e-01 9.363871799985135080e-02
8.353482159958391939e-02 3.598349845588829643e-01
8.518024507763199971e-02 3.388025187466928712e-01
1.033637633154034230e-01 3.114829242615934080e-01
1.255480290889181560e-01 1.745946660377053483e-01
9.768416422172832014e-02 2.442335554881808202e-01
2.827561310325771293e-01 1.811708743917090914e-01
3.725713950065561164e-01 1.422029381094532807e-01
4.178077885084977572e-01 1.700357588622651850e-01
-2.714980267326159158e-01 1.698902085500172410e-01
8.127165962792171072e-02 2.602668724784339416e-01
3.214404295490170815e-01 1.914572566696713940e-01
3.984251459307301957e-01 1.405170998929281545e-01
-1.701287917358146329e-01 1.456160537826426404e-01
2.580670678885451652e-01 1.485814117757621178e-01
-4.987290214967428081e-01 1.531430301018005258e-01
1.060612264232616564e-01 -1.619172344738860625e-01
-3.725496622376263112e-01 1.425153889914710925e-01
2.383404854829968000e-01 1.454758586630817696e-01
7.495368534763691137e-02 9.783771920284634049e-02
1.021396112890762264e-01 9.708275476683436711e-02
8.309008518023963674e-02 -2.156872359414842011e-01
1.050258963764649778e-01 -1.592982178429387385e-01
1.063437740229562500e-01 8.475433691546763182e-02
9.287024580927183415e-02 -3.795853432060858346e-02
8.303241969177055370e-02 -3.669277058629722976e-01
8.061284180924221943e-02 -3.245204574627291727e-01
9.603628601907521212e-02 -3.885634175442552740e-01
-1.050327047714693096e-01 1.771096261796170079e-01
8.637533286303311630e-02 -1.911182528438835071e-01
-3.618083780414631523e-01 1.663343267960847305e-01
1.123618382186590825e-01 4.388203326443110841e-01
4.282900721109875741e-01 1.701044416122882152e-01
1.101004303868245993e-01 1.226349653284284358e-01
7.451381479852148271e-02 3.103738216537191841e-01
8.194337399186912840e-02 -1.017054538258332919e-01
9.677217636233736986e-02 1.534090985709176680e-01
-3.766857282491709036e-02 1.401717105574354916e-01
8.740077946463331582e-02 -3.651991055749300719e-01
1.918015820368035307e-01 1.948015302291566941e-01
-1.241334841209529305e-01 1.464019082666169203e-01
-1.403190766102024867e-02 1.935455851880534262e-01
9.503401336597661064e-03 1.947052142920659978e-01
7.348590168759239205e-02 1.282494064096543207e-01
2.087552987919932823e-01 1.972291143940509972e-01
9.026351289526601818e-02 -3.286257882355789750e-01
1.047221624417888908e-01 -2.364253765029122878e-01
2.629530289072701255e-01 1.597269838831005817e-01
1.088352378411143739e-01 1.822255447489420366e-01
1.246960961413594582e-01 1.643453573401310042e-01
5.461279448217548627e-02 1.966302639571757549e-01
9.142568603408740557e-02 -2.305998345329771659e-01
8.080200817538607527e-02 -4.493800918599013539e-01
-3.319973474450823581e-01 1.665209273263942302e-01
7.245637492853662653e-02 -3.629123674227555663e-01
1.061677988663624062e-01 -1.687556535043615025e-01
9.096703689776330926e-02 4.851969485432828799e-01
7.426718815793553752e-02 -2.261878538688175677e-01
9.184106109543788143e-03 1.827228740685532538e-01
2.619093924175135424e-01 1.950831552083697185e-01
1.068916435139251053e-01 -4.749584069146450815e-01
8.157501258640809105e-02 -4.060336383019597095e-01
2.886854905805391613e-01 1.579569730856710263e-01
1.123885456029594110e-03 1.659147333445837313e-01
1.584408596679831582e-01 1.863661989270286590e-01
2.193022559761992341e-01 1.868891394397732553e-01
-4.509950862293732321e-01 1.658640439150316226e-01
-2.185239272072477812e-01 1.564302607985323945e-01
1.052771558931052676e-01 -3.433052884099225821e-01
9.001528443045958561e-02 1.531455456662369485e-01
-1.752271345707330230e-01 1.941281763085231926e-01
8.414700684097764505e-02 4.905322783728179870e-01
1.131859158345839278e-01 1.425825521386699934e-01
7.674083375132678686e-02 -2.083732988987622159e-01
-5.499689633481796847e-03 1.746262471584548726e-01
-1.352712086342389153e-02 1.599641197483083754e-01
1.826102800281873551e-01 1.939195674074067899e-01
-1.430215167666391007e-01 1.843610264858960290e-01
1.054753097968914588e-01 -4.510997606631607093e-01
-2.146053832921329674e-01 1.438078271562591715e-01
1.053324547782783505e-01 3.811853235198512380e-01
1.113719327666213843e-01 -1.302939834988960932e-01
4.984217697617531195e-01 1.833976721221131090e-01
1.014958901578388861e-01 -6.822638487761401027e-02
1.059049142433331481e-01 1.734920887128900135e-01
4.103429778940465011e-01 1.588881761420462002e-01
-1.078079171280752480e-01 1.599605303204557627e-01
9.923111841421838886e-02 2.206476115007902639e-01
8.877278962149315333e-02 1.335285515812146828e-01
1.124910947038487707e-01 2.441360101044443009e-01
1.010579516370148090e-01 1.145492117179182090e-01
3.633713682147362567e-01 1.597803888999623778e-01
4.377331327164334374e-01 1.946603887115762044e-01
-8.186349301711937088e-02 1.633519708429582717e-01
-3.359576690473983218e-01 1.968842575291254171e-01
1.619835819257448017e-01 1.800721887935220478e-01
3.092977917670187704e-01 1.680949336835780850e-01
4.345326844023724711e-01 1.479785541210354438e-01
-4.470937013829902051e-01 1.957701387489380052e-01
-7.427321977664236297e-02 1.532698005550019449e-01
7.818411358954346912e-02 -3.178478662847858960e-01
5.479910797060316696e-02 1.447436591778149539e-01
-1.537151563081555761e-01 1.589509400505052517e-01
8.126789735678752180e-02 2.799758629997780579e-01
9.056586099569219339e-02 3.401564746391076977e-01
9.227652957599630223e-02 4.810680493120926826e-01
-4.806750461743392044e-01 1.708095765644016550e-01
7.959135540560247080e-02 6.311548832443625301e-02
-1.425669905243666102e-01 1.453924168375873016e-01
-2.951062557803862951e-03 1.826810642539988816e-01
1.076000102342252740e-01 4.346933400028867300e-01
1.018128785647568479e-01 1.543423679885769229e-02
7.468193889911212136e-02 1.612841556525836939e-01
9.618877812102788472e-02 5.225986072347155176e-02
8.789639008777661022e-02 2.461099855657907787e-01
-1.087183157032494130e-01 1.467426152592130606e-01
8.408371793789970461e-02 4.232716099460859249e-01
9.949661626632433364e-02 4.485738858594946477e-01
9.510312548121679921e-02 1.133770900658227498e-01
2.942272828047183264e-01 1.722792207462527925e-01
7.914626586584427859e-02 -1.208538136079958525e-01
-1.790847984896495326e-01 1.523548348139832642e-01
1.150533260389328127e-01 1.508093874858471573e-01
3.717196110726515013e-01 1.832742858130221864e-01
1.002640930873389680e-01 2.342574030759461134e-01
3.274673837276175226e-01 1.483028341365726366e-01
1.100768567749240701e-01 -7.401212845543769792e-02
7.472928469750961256e-02 -2.838129853424029569e-01
7.294884151502067926e-02 5.285414424158563218e-02
7.680054391722535012e-02 -1.310277194665020462e-01
4.972380242154268437e-01 1.808278954796201932e-01
-7.349956064741858253e-02 1.915681726407802987e-01
-1.464288782764784358e-01 1.948630975208923699e-01
7.841789924307829285e-02 -2.692444477792313995e-01
-3.413134218131307351e-01 1.815159864429201075e-01
9.063382252687979257e-02 -4.047140015141026392e-02
3.676185343532722971e-02 1.639854278363112039e-01
1.026271215681345828e-01 2.668592015530126815e-01
-2.335838333737774164e-01 1.792592119397756756e-01
2.972560512877155947e-01 1.805239351518632684e-01
-3.261527163638580085e-01 1.762600827999651898e-01
1.840155163643074632e-01 1.473635618164990113e-01
4.207584963019810331e-01 1.822943464734839703e-01
-2.484623176735094585e-01 1.822539926122221932e-01
8.592647950510112764e-02 -4.183133432747110358e-02
1.040100586875650768e-01 -2.034235782662400238e-01
8.164454661523545820e-02 -2.745238217168383121e-01
8.354397837563976026e-02 4.304532727113541402e-02
9.666113047723556839e-02 1.436808290166865509e-01
-3.976394753242458169e-01 1.484914765898586175e-01
-1.194523478693956253e-01 1.973934654852610437e-01
2.923674684539806501e-01 1.965042725373535859e-01
1.021195461090457224e-01 2.571063951290812888e-01
9.971500186043202874e-03 1.541384164358520215e-01
1.042953204635093112e-01 6.895318349631129884e-02
-6.496521160272039630e-02 1.397782535714359176e-01
9.232428597199526799e-02 -3.956893202233888740e-01
-4.352600436573825782e-01 1.973569627282946159e-01
-6.644009000203365822e-02 1.628718447449086781e-01
3.472492666493164348e-01 1.747007260380680771e-01
-4.792722149239155849e-01 1.759241544412202263e-01
-3.909168144188125416e-01 1.638808889309836259e-01
7.231559683009103345e-02 -2.344407114011823889e-01
-2.913348271347253604e-01 1.567615911991238065e-01
4.397310459220623580e-01 1.793974794524462180e-01
3.241346473215256374e-02 1.604894485207275512e-01
7.990452154551530572e-02 -5.250401090310363728e-02
4.452695696126807157e-02 1.887784014992025527e-01
1.069038280737669711e-01 -4.891528627233108217e-01
-6.119442372247851925e-02 1.746486600430118274e-01
-2.704048020986848933e-01 1.827135870628522341e-01
-4.263315721872140696e-02 1.934420400396172912e-01
3.989314547251794352e-01 1.934242223631937874e-01
-1.166674978475445990e-02 1.406741016190281579e-01
7.662241660914015373e-02 3.293748555784539178e-01
1.307470654999863813e-01 1.734375206836449301e-01
2.936867983019485484e-01 1.739702027791670824e-01
-2.032104462058196281e-01 1.948076717634686927e-01
9.477184665104965156e-02 2.166528100161412285e-01
8.076830932586287481e-02 3.517512996799010416e-01
1.130019739896842568e-01 -1.943381426977869308e-01
3.552632878194310617e-01 1.922833037617808216e-01
9.739794151798597532e-02 2.476561663367444766e-01
3.876608950257287578e-02 1.754230853811258317e-01
-3.899314273456185864e-01 1.976547715108316616e-01
1.046474735961937519e-01 1.190690227637422050e-01
1.046100950494033288e-01 -4.638841187595414972e-01
1.769730589357598749e-01 1.970084122856603503e-01
-4.242309128110176575e-01 1.778145802215361782e-01
8.907855135385422951e-02 2.613375872803054278e-01
9.847810415060465061e-02 -2.037122751585921376e-01
-3.553124453596429033e-01 1.858877548285903236e-01
1.289481217804145929e-01 1.956807624666865308e-01
2.571940690062151091e-01 1.562187068635225717e-01
1.026479497259954465e-01 -3.086286566673781540e-01
-3.731572841910271165e-01 1.853288639497084889e-01
4.258003550553565164e-01 1.923525258310286867e-01
-3.922498172758601687e-01 1.603595986447449162e-01
9.294662956446264612e-02 1.150367741124247445e-01
-3.127119350792058050e-01 1.943529907366162712e-01
-4.663629382268080770e-01 1.493508883138590093e-01
-1.180361356215594570e-01 1.592771691736178941e-01
8.565955974647387894e-02 -2.657076528739616972e-01
4.376961613471060941e-01 1.719409745638768028e-01
3.286703491470434058e-01 1.732684078766729696e-01
1.700922562441882224e-01 1.644084762694422164e-01
3.288505834693754570e-01 1.957309508277118582e-01
3.815893848560800716e-01 1.524136343913535807e-01
1.009008571183890313e-01 -7.819151504753074633e-02
1.100496055389637018e-01 2.277922515685503191e-01
1.020103038179640542e-01 1.646404834665649020e-02
1.052302540343748039e-01 -4.959985035912398699e-01
-2.307630459023750635e-01 1.441536112164143457e-01
2.693879695686598463e-01 1.799092313096328777e-01
2.343389124759197584e-01 1.671939018027756019e-01
2.455416774353701426e-01 1.936503070080833888e-01
7.783868137083960193e-02 4.920729631310285512e-01
-2.630546440280218112e-01 1.585295256149773513e-01
4.699786071753533356e-01 1.879740735301951293e-01
-4.900727026661080288e-01 1.791744861632671437e-01
9.583935341332161517e-02 2.597435843034714420e-01
1.057937764355285637e-01 -4.676579465081860398e-01
2.972142790920094813e-01 1.747052352980122958e-01
-2.128618448045194178e-02 1.856565262192866328e-01
1.178848583036351538e-02 1.923625246888943652e-01
1.067257879479278637e-01 4.376202497750629750e-01
8.264226466190960352e-02 -2.205614947222496181e-01
8.484765522313453268e-02 -4.257727383527413201e-01
1.110841213155870921e-01 3.522821065650901806e-01
2.823718519875797472e-01 1.746330615666713548e-01
9.910881183515551918e-02 4.897269918810751577e-01
4.835460556710728941e-01 1.906102512790405212e-01
1.089218699535609014e-01 -1.856592892478508006e-01
-4.349522548005749778e-01 1.690832690631732804e-01
-2.095002358168105427e-01 1.704230889142334116e-01
5.589022091830742056e-02 1.482256724648538526e-01
-6.181724798069410109e-02 1.588763425144666952e-01
-2.034107829545961366e-01 1.809270206574773443e-01
-3.938837993289294737e-01 1.548463087597905519e-01
7.575041968157891770e-02 -1.599454786526554040e-01
-6.228398575190341457e-02 1.406034518684108336e-01
-5.322206214538616198e-02 1.544907272083777539e-01
1.096749100591879467e-01 -1.231785750319606132e-01
3.421827175845738589e-01 1.581546553315290593e-01
2.655975251577713525e-02 1.511313597612514714e-01
9.855191956253372965e-02 5.656898495563111862e-02
1.094570563023380405e-01 1.462855819684160119e-01
1.113800175493661060e-01 -3.893914339520342383e-01
3.057118028664480569e-01 1.814555716465232615e-01
8.612948643991968911e-02 2.156878878932559918e-01
9.408496561672741176e-02 -1.801960313232412458e-01
9.490335921095571781e-02 -4.662666539240484243e-01
8.433548250543299041e-02 2.822224548181816450e-01
-4.558034525414257354e-01 1.925470522272356710e-01
-3.741376663290369997e-01 1.933229523000048466e-01
-1.839160021265832112e-01 1.588272219716545530e-01
8.381524366732406861e-02 6.979585941960475548e-02
-4.192951091449109713e-01 1.713680774786107142e-01
4.436194040267571470e-01 1.597193744297671358e-01
-7.963473251731967295e-02 1.537026262086218509e-01
8.245441279736853701e-02 -4.608413152771070331e-01
7.786242055930714390e-02 9.873539810806197803e-02
-3.682682314934830892e-01 1.775945359072799157e-01
1.072142704169696259e-01 4.835138620781775920e-01
9.539964858120475455e-02 -4.241649734232990632e-01
9.196673474496652734e-02 3.917791624831943320e-01
-4.936876171412792891e-01 1.825017967444159117e-01
-1.037443707612832888e-01 1.876010787370779864e-01
7.630599093645007436e-02 2.834071415218697432e-01
1.685794287167415861e-01 1.704634038166351617e-01
-2.472792139493147356e-01 1.823250915294800656e-01
8.351009659999963919e-02 -4.281501232824969083e-01
8.663533086142227724e-02 1.729180092388603596e-01
8.198567852003468825e-02 2.815096488072874603e-01
8.489657775564907194e-02 2.229161449969231379e-01
-3.222359015313813746e-02 1.727858217724632661e-01
3.549973445217196044e-01 1.673353669204651339e-01
-2.323278578728954491e-01 1.653604114833220340e-01
1.425052646070386064e-01 1.767581431576735751e-01
2.260207290385224388e-01 1.611623125469383577e-01
1.043287499672899132e-01 4.293901288151403817e-01
2.016279546331535277e-01 1.623632707577095102e-01
9.442913255415430474e-02 -7.869429703971886347e-02
4.249721557355475854e-01 1.479030336475710694e-01
1.049271256311780087e-01 -4.930009704376214774e-01
9.248446959593503713e-02 -2.584457402519498848e-01
1.132730479648447197e-01 1.615658619965605336e-01
