3.571432673750789544e-01 -9.700854807733738649e-02
4.821523883597095272e-01 -9.082838585212404947e-02
4.952891303671624890e-02 -1.825393285786331976e-01
3.430844427978313460e-01 -6.966075697186113747e-02
-2.032587079209028369e-01 -6.272997610620767439e-02
3.387605357070389012e-02 1.907365649904024796e-01
-3.861738644006650345e-01 -8.976048182173457235e-02
4.051594401980529447e-02 -4.664126118636335860e-01
-1.290306790839872431e-01 -8.350390836959042939e-02
5.790873334673851680e-02 -1.683372328392159778e-01
2.604417246129580032e-01 -6.360051243252662356e-02
4.242285545508572842e-02 4.435282026481969231e-01
3.886230379245425581e-02 6.774200656065154647e-03
-2.534412211477674592e-01 -6.818184026192708469e-02
4.021057167201336213e-02 -4.786365357283338673e-01
-3.963170229371759667e-02 -7.057379909316607858e-02
-4.885729061332367840e-01 -6.734871115118357121e-02
-3.866290953397203412e-01 -9.195587301765917321e-02
8.278632890139081546e-02 -6.458233911281785478e-02
2.792265474626973720e-01 -8.927094855607753399e-02
3.786240097359417911e-01 -6.084692989643725181e-02
3.913739249658887420e-02 2.782819329111454465e-01
-1.307864394514041129e-01 -7.220860300953213518e-02
1.628602977325515067e-01 -7.946896343813769636e-02
3.565106205865961053e-01 -7.845446196280303486e-02
3.186185128118834697e-02 1.074681552131561135e-01
-1.551937554485780524e-01 -6.298441556792067075e-02
5.869200574544708449e-02 9.397216056340507162e-02
4.594002173842248737e-02 2.866518815617216109e-01
-2.686262607285382353e-01 -7.406776806815285052e-02
-2.965521481575937868e-01 -7.788667401722215722e-02
-1.693949925070729057e-01 -7.755993166924912696e-02
2.111244932664401164e-01 -9.586746959808456481e-02
4.749668476856860888e-02 1.614219510430140447e-01
2.913641113534979343e-01 -7.784798046773544478e-02
4.602591062588889947e-02 -3.319997482932156574e-01
-9.370136264585027241e-02 -6.996546409105941500e-02
2.710388836195487539e-01 -9.482464539979262863e-02
-3.517230065036578424e-01 -8.833142798181792266e-02
1.623346904141149682e-01 -8.245957240712198377e-02
2.900906137210859104e-01 -6.542758190580233446e-02
-2.787912993620774715e-01 -7.926989023471997520e-02
2.418834448593844000e-01 -9.579083088223538933e-02
3.809781095573216980e-02 4.948105414143398884e-01
-3.626983009489973542e-01 -9.256276933073070978e-02
6.291760871409435296e-02 -1.862225257198422135e-01
4.366312828179841343e-02 3.542922632855577403e-01
-7.352592998870477459e-04 -8.663212487124882788e-02
5.281306706607002965e-02 -1.572921805376524818e-01
-5.880728016160174931e-02 -7.317175617762483597e-02
5.154853759269961699e-02 2.261246567000471108e-01
6.198872542419264775e-02 1.361481990405559728e-01
5.201264708433672723e-02 -4.390511476917624556e-01
5.188804695617033058e-02 -2.158552432109125396e-01
4.253698489415236317e-02 -5.601208578425320717e-02
-4.848453610557000859e-01 -8.139955157839129374e-02
6.332945047495752711e-02 -3.754943526410481347e-02
1.697552106890137802e-01 -7.422391839442354922e-02
1.451530928276819621e-01 -9.276593363749663368e-02
5.823580089803126469e-02 -1.426638300457517827e-01
-7.086327657939150981e-03 -8.453321329499796644e-02
4.387579049995605773e-01 -6.974534605976756563e-02
5.521698490944693116e-02 2.469582877578635483e-01
4.446631545873891422e-02 -2.810589383229038507e-01
-4.394354178908665975e-01 -6.986882334283617269e-02
2.001699379283801150e-01 -9.104657076080180378e-02
5.815875623633037783e-02 -2.824317002038155833e-01
-7.426138342656540825e-02 -9.565907185349908914e-02
6.154401461274894292e-02 1.924569896751726628e-01
4.138962282979052887e-02 2.341064748863180833e-01
3.358337946612490743e-01 -9.488566019624844472e-02
3.303387262252932555e-02 1.459410726742395026e-01
3.818617620775666133e-02 -2.540499990970541688e-01
-3.867686163308223790e-01 -8.642302828096859457e-02
3.915205656256026678e-02 1.078187019565347571e-01
4.119736940780239776e-01 -7.606422801711376636e-02
2.483600087053049466e-01 -7.210744800026813728e-02
-2.118452706359736926e-01 -7.564643356075262393e-02
5.341041462049056499e-02 -2.771793202016763491e-01
-4.852376084538014833e-01 -8.862230781267455004e-02
5.320466772552945312e-02 -9.301936398747256973e-02
3.621570723080536069e-02 3.886747685528336715e-01
5.664730391302807977e-02 -9.868990791148180008e-02
3.475890837009537604e-01 -8.139734369020334981e-02
1.719529534272667970e-01 -8.875628993164119684e-02
3.935695474172629105e-02 -1.855268652739124891e-01
5.982487330172192586e-02 1.018525129142697772e-01
-4.294984448723027093e-02 -9.626578340631508635e-02
1.592236487772460407e-01 -9.727278869064104327e-02
-1.470547617213202596e-01 -6.140748946458385316e-02
3.166489019817420036e-02 8.371418596431545733e-02
5.815873397128701328e-02 -2.901089296064846001e-01
-7.458068210054646929e-02 -8.051976338622235385e-02
6.217841461101913936e-02 2.873118142202952807e-01
1.086427213968369498e-01 -7.713604641146920571e-02
4.141621826102193094e-02 -1.638364538852604690e-01
3.283980958542442874e-02 2.139425835888033589e-01
8.480212552765664658e-02 -6.402419855932395265e-02
1.171858947862657319e-01 -9.648211894991687299e-02
2.760539028332017475e-01 -7.310721916145501709e-02
-4.828176867457059096e-01 -8.048121050781753549e-02
-1.593231493094019458e-01 -8.324677941787850255e-02
3.284324895675072575e-02 2.205409561050339917e-01
4.836837147045217611e-01 -7.811969670765994689e-02
5.726359298305505607e-02 1.008739268368660236e-01
-1.509382999678066106e-02 -8.500890491437518293e-02
3.893376969163797607e-01 -6.770373325504341899e-02
4.078096746304984421e-01 -5.979845281794471390e-02
-3.917948079032596009e-01 -6.170554884672296847e-02
4.801209371846748564e-02 -4.225006545032422567e-01
-1.841218161097164518e-01 -8.570403965716244521e-02
4.816572150719899970e-02 1.093086013640031107e-01
5.700882965025966254e-02 2.612568820655155610e-01
3.151867435583101118e-01 -7.732723407935737647e-02
5.524067553130762587e-02 1.252682918255730860e-01
6.496252547630232410e-02 -8.438988194176211266e-02
5.717224376052365553e-02 -3.635562715349806018e-01
3.802273281629064972e-02 -4.398784314346357860e-01
4.956616370787836345e-02 3.567768494001100077e-02
3.494940346646868701e-02 2.003788107192998602e-01
5.609387400433818449e-02 2.268495668091047301e-01
4.898426879138284562e-02 1.008114540742468535e-01
6.765363450375261323e-02 -7.060618523283179737e-02
6.165591551352267441e-02 -3.877995307201120845e-01
5.211366512233195358e-02 4.833148051443112436e-01
5.710155188348742250e-02 2.062817394380515035e-01
7.886789161070972831e-02 -9.465120625442158264e-02
4.232378215015120126e-02 -2.486701621768538928e-02
4.991185511755066306e-01 -8.876858445003366072e-02
6.124169906050358492e-02 -1.681982311642257200e-01
5.531294528786734332e-02 -4.982290168088191473e-01
5.274784411862787348e-02 3.651196716248097385e-01
4.017400718139765292e-01 -9.655752455749089247e-02
3.807090478709423964e-01 -9.072256702214831492e-02
5.614613904411658307e-02 -1.712696287180333066e-01
2.019538566478269459e-01 -6.112024944918148517e-02
3.844048336504657382e-02 -4.686328529192276271e-01
-2.004575864548048258e-01 -7.276159356146372215e-02
-4.456156183709192309e-01 -7.421483340902212955e-02
-2.697997140450263398e-01 -8.862090123073562697e-02
-1.305725161466567696e-01 -9.281319188130410236e-02
3.329195815795149560e-02 3.985179709692329153e-01
2.363969585922925942e-01 -9.444858215053630879e-02
6.065612428722588767e-02 -3.931466743924495466e-01
-4.655436741340167606e-01 -7.129849171445112876e-02
4.109260279380733127e-02 1.918954181382492852e-01
-3.269804728146173955e-01 -9.669228046488720363e-02
5.415755627414442497e-02 3.747497161601472948e-01
6.077516767372470596e-02 2.999479855343490931e-01
-2.686499259095362913e-01 -6.931946897222074355e-02
-2.574742184365432784e-01 -8.432959530961336991e-02
4.231921428999430024e-02 -1.946347896540411293e-01
3.143852339482056113e-02 -1.741445985533353058e-01
3.586997053000873237e-02 4.320557709366084076e-01
2.518342562825932607e-01 -8.833424948357115891e-02
7.446749546757636118e-02 -9.331443420391583032e-02
6.188027002686180555e-02 1.437894131835393274e-01
5.995644615078210560e-02 3.866000891923014882e-01
-2.180934206454735458e-01 -9.176130815725946910e-02
2.707449830766279764e-01 -6.114225728353905875e-02
4.319863932753142954e-02 -2.508315384844164164e-01
-1.788840754086739038e-01 -8.112316561683974303e-02
4.234157177668285144e-02 4.558228712952999695e-01
3.731864077421558346e-01 -9.530783064362380319e-02
5.114279297322743556e-02 4.429354496467632352e-01
-3.315697855988849474e-01 -7.751375041649299913e-02
-2.595547568217144718e-01 -6.290655071661088726e-02
1.823238308169389255e-01 -8.948867182436182066e-02
6.347221690651971837e-02 -1.007964954505728983e-01
6.182969859055575945e-02 4.536756919409064004e-01
4.248064437923759762e-02 -3.502431010615307816e-01
-4.737679528834896070e-01 -6.747355196235838015e-02
-3.226451923178255132e-01 -7.874460985293374460e-02
5.082740873586810704e-02 -3.130273595562909072e-01
1.830720551915809846e-02 -7.818091936373183781e-02
4.463184042838697074e-02 -2.298384848406054282e-02
-1.254602759382895671e-01 -5.966115524428605710e-02
4.486594957346912160e-02 -1.547409551095365599e-01
2.415078418644411862e-01 -7.901054923859252010e-02
4.909687149998618327e-01 -7.969813898212574355e-02
5.787847815524271855e-02 -1.090865767421488330e-01
2.632830475881614563e-01 -8.718249808239642018e-02
4.236852728625339903e-02 4.110904288799643869e-02
3.730101489558212968e-02 3.889698414588872444e-01
5.600568870853406267e-02 -3.966004757666060643e-01
6.096070408073384073e-02 4.353956259372006032e-01
3.836464244267704382e-01 -6.207870455693809131e-02
3.138281985265956031e-02 -1.372895568855225790e-01
4.035626282103021989e-02 3.032133735015055676e-01
-2.192995759733544769e-01 -7.968060295995027520e-02
-2.516556606508890681e-01 -7.706155892030874810e-02
6.155474118708414988e-02 -4.129011489355738362e-01
5.180857229778634832e-02 -3.151604432763029928e-01
4.092246373955599203e-02 -4.648814662126833364e-01
-1.390591868706799739e-01 -7.167289358447759273e-02
4.053020491346672749e-01 -8.290335309031426902e-02
4.442397441171563877e-02 -3.044428621656625200e-02
3.620421309505573726e-01 -7.530719996746693123e-02
3.552232211599277711e-01 -7.027590479961498549e-02
5.913690768691615141e-02 -1.577167525922864577e-01
3.175722478479181543e-02 -3.936756494975368614e-02
3.106248716226034379e-02 -3.652380898287425071e-01
3.278056957568453722e-02 1.797880469051859054e-01
3.787486776963078228e-02 2.485461704240861103e-01
-3.070323344377036134e-01 -6.252101626871298112e-02
3.836923779141476754e-01 -9.773322531477923736e-02
3.065101732637920406e-02 3.524560554975536553e-01
4.402358160673114362e-02 -2.308956835164794885e-01
4.359979476060960035e-02 3.930906117876235006e-01
-4.894232445083418481e-01 -6.797404388324890245e-02
-1.609043739630278136e-01 -9.432989035662764365e-02
4.618662798083827958e-02 2.973744491110480448e-01
2.105659721538024609e-01 -8.604964985105079123e-02
3.808615081524424628e-02 -3.578905974225861097e-01
4.371825929649075793e-02 5.591964681732009002e-02
1.854614897806363683e-01 -6.645288340527688575e-02
-2.363541830048971892e-01 -7.412830450684471106e-02
-6.028152687585930369e-02 -9.536735950299402020e-02
4.067093636857110894e-02 -2.245929309607533897e-01
4.808484895776571344e-01 -6.879662191608704180e-02
1.337422319511806235e-01 -8.601786468417382814e-02
4.538349265313579295e-02 -3.371394546602934916e-02
6.192210508155115978e-02 4.515930081244102778e-01
3.158244811193631207e-01 -8.731889734760689414e-02
5.393951087804793598e-02 -4.741201797397565088e-03
4.119233495467611306e-02 -3.959967748652086783e-01
-6.852571454258704620e-02 -6.751050751121490112e-02
-3.033537272275697028e-01 -6.653047802252087806e-02
2.627923612981563073e-01 -9.705347651589302238e-02
5.162097776712915032e-02 -3.758783384312528453e-01
4.810182174736543637e-02 3.131295806607982124e-01
1.904969753087388806e-01 -7.898028337767248885e-02
-4.203236985003799830e-01 -6.501534731565650205e-02
3.772880847044235431e-02 9.539717363766275771e-02
-3.243463968034854261e-02 -6.758018118286079901e-02
3.889594969932286261e-02 -9.395106999981572837e-02
-1.032318054413559061e-01 -7.060585198675539687e-02
3.747195789072566008e-01 -7.974253577593548581e-02
8.412196542112460040e-02 -9.489154388145171204e-02
4.912546872772083351e-02 3.345110733510359147e-01
5.473506048463938622e-02 1.618558706792972979e-01
-3.832703496506597585e-01 -8.902680719569822099e-02
3.314358793805483039e-02 4.992649275121748831e-01
5.247615019208395903e-02 3.094669643374553525e-01
3.673505140842392436e-02 3.136897965186442594e-01
5.839605990228136090e-02 1.466521592972347410e-02
5.831170200130664227e-02 -2.677877265769268433e-01
-2.485237929594950046e-01 -8.835019070687066822e-02
3.672056475949125876e-02 1.672149410910506173e-02
-4.702892788114724221e-01 -7.420459617199515190e-02
2.653728170913062234e-01 -8.894312286782679600e-02
-6.179860449944429845e-02 -8.180490980445953575e-02
-3.760330713392492363e-01 -8.218663567062878261e-02
3.495702133587667015e-01 -9.324653903759549944e-02
1.858345674122229285e-01 -6.285578211298470386e-02
4.324312343792510172e-01 -8.861301672098509385e-02
5.542448117374876304e-02 -2.581518138509217852e-01
3.331378394477102489e-02 -3.230207746886437636e-01
5.479848159070810354e-02 -4.601115693949991980e-01
5.235457593068437721e-02 3.920108042718717378e-02
4.502809846831989926e-02 3.228554294572292260e-01
-8.589267768156216842e-02 -7.778326114248301781e-02
-4.046435493428424124e-03 -6.185688562185831518e-02
2.209909930408255896e-01 -8.932758979619670470e-02
5.211102464992645178e-02 -2.927685172317466833e-01
-1.407373329280647845e-02 -8.005740430124552720e-02
1.701950966665859433e-01 -7.345997032624029810e-02
5.707999540141561745e-02 -4.962880384154956248e-01
3.704707987537847469e-02 -2.112205118337081577e-01
-1.309645003872466074e-01 -8.502325850377967509e-02
-3.409145287536875513e-01 -9.398400267827100585e-02
-4.117318371160579860e-01 -7.459554822374148131e-02
4.846083161038028386e-02 -4.948514569534085972e-01
3.745015782837057827e-02 -1.198954067134817558e-01
4.988920434366973522e-01 -6.651984972401592255e-02
3.055393613086654359e-02 -4.737836964334023460e-01
-4.276140609912584267e-01 -8.863126701549950415e-02
4.789428464169100952e-01 -6.166366416556912089e-02
2.757190210270467068e-01 -6.393334588752741521e-02
-3.579592049017096267e-01 -6.458301436063773604e-02
3.128004467802258937e-02 -2.700508096518403622e-01
4.323899243119210256e-01 -9.556620558531814247e-02
4.672799367148605665e-02 -9.636854625979685007e-02
5.549701190888789437e-02 1.910323423035805712e-01
5.925891949729289454e-02 2.239102550184676188e-01
4.033073779642815104e-02 -4.043816734227709819e-01
4.820903076678628718e-02 -2.910658689772996910e-01
4.307091390850770196e-02 -2.730844985573440686e-01
5.969828906266849700e-02 -1.928869652803391066e-01
1.910905484470156734e-01 -8.324938508895229905e-02
4.307796023032772759e-02 -1.022661691222015445e-01
3.108312417283628504e-01 -9.232760314300003657e-02
-4.892335723637153411e-01 -7.592479253060702149e-02
-4.934658486572734981e-01 -6.185748725376638557e-02
-4.675476824461538561e-01 -6.482676584920610274e-02
2.053715295520333051e-01 -8.695307010641351031e-02
5.354034922914674421e-02 2.111862877522791004e-01
4.694590429737566240e-02 4.294233272165237647e-01
