4.507447017666299516e-02 -2.840075359176675862e-01
6.990886855167754987e-02 -7.306452169506649774e-02
-1.394444242931427436e-01 -5.253749620829140099e-03
-1.648200941839892408e-01 -1.881687791169273094e-02
6.018456308846154013e-02 3.643118521740806859e-01
6.450785691688132317e-02 -3.064983191349729408e-01
6.596342353828843486e-02 -7.248797690452790654e-02
2.205771337953584821e-01 -2.513528242834006665e-02
6.066776277697261133e-02 -1.624082238515367482e-02
-1.442503618396343557e-01 -7.890158540821423649e-03
-2.977408461749004864e-01 -1.513205851149224124e-02
4.456409176948787909e-01 -2.252233377456147601e-02
-1.759083560908691890e-01 -4.683100379574089978e-03
5.842830143153965317e-02 -2.303874214236936169e-01
5.322471197400280296e-02 -2.354407575327800428e-01
4.394318014007658757e-02 -1.272242440626710769e-01
3.729522742300733773e-01 -1.911210932002072038e-02
4.308563470232773529e-02 -3.475467841135589930e-01
7.519945000847183536e-02 -2.143294085208207189e-01
3.469339854366810805e-01 -2.009875384818726740e-02
7.421922612382991780e-02 -3.282904633278176387e-01
3.033870027085536769e-01 -2.505398144265724714e-02
6.249919504218581778e-02 2.083225891380574568e-01
6.261469391968632614e-02 1.379483989917307252e-01
2.483570952523165287e-01 -2.759056956922234516e-02
1.941132514340109250e-01 -6.510223304783235854e-03
-3.647118078213451575e-02 -1.374492894650380936e-02
2.863889573975880731e-01 -2.273871860570664261e-02
-5.149269224074048967e-02 -3.008168782976494704e-03
6.284212391902466166e-02 2.955723924755173648e-01
4.645066733815284010e-02 3.843745425196514187e-01
-3.731126161058804236e-01 -2.583495958943027304e-03
3.132797575636004916e-01 -1.618744028234442300e-02
4.714130771443014734e-02 -2.533843010281663366e-01
-9.558599086101859932e-02 -8.847752522690321975e-03
6.660170994336578332e-02 -8.652486774598788788e-02
3.966902413049194775e-01 -2.906462116348373925e-02
1.110167838631376247e-01 -1.643733975024519456e-02
1.925123228490628335e-01 -6.631818862984473206e-03
-3.500145874839984961e-01 -2.651181989494211244e-02
-2.935371220329917596e-01 -5.984982018226614464e-03
4.890874873100936604e-02 -2.729350311725933231e-01
6.734819700525007669e-02 7.215515658632210005e-02
4.304303136244813643e-02 -3.051958772452497692e-01
2.781575806602729628e-01 -1.006697214083318581e-02
4.856299311049856460e-01 -5.118331132473064038e-03
3.822157988415311181e-01 -2.808530728531521969e-02
1.520153724383900284e-01 -1.845678983833520803e-02
7.417420957880105359e-02 -4.253872560408020753e-01
5.409242050175444572e-02 -1.781591478948503227e-01
3.425178511265636327e-01 -1.585862941266835691e-05
6.866532425712723597e-02 -1.456170251914129521e-01
7.138391026322998822e-02 2.976887719623411144e-02
2.012445488201675126e-02 -1.208496940748782222e-02
7.205072101645781935e-02 -7.997113297805169552e-02
7.016977729282003473e-02 -4.408262601167556305e-03
-1.620207040397347864e-01 -1.432989489983949039e-02
6.311519777919094576e-02 1.602117911092446612e-01
7.201965706504154241e-02 4.742428768796980165e-02
6.374097901410014089e-02 -3.396383314160784650e-01
4.887393516535221138e-02 -6.633712101702882169e-02
5.049119846754412944e-02 3.065952165839935795e-01
-2.489053958135549749e-01 -2.715256137472132902e-02
2.099356768492812719e-01 -2.752501212988611723e-02
-3.500762972716809918e-01 -2.603750784267599983e-02
5.726708551432857508e-02 2.550076331787763939e-01
-1.485476142339502426e-01 -1.577126300192277508e-02
4.796565368437255561e-02 2.229104899703192588e-01
6.925283504110346655e-02 -3.867006493409047563e-01
3.125844055332249738e-01 -2.773549276145748088e-02
2.028853881358657629e-01 -2.512669268047051929e-03
-8.996973159997867509e-02 -9.981468011904803816e-03
2.761448844524035939e-01 -1.348028935501499603e-02
6.255737846952202919e-02 6.478544658190144023e-02
6.284035647696051274e-02 3.423174295835110792e-01
6.286099846515336154e-02 5.765195211591989111e-02
4.284545645418513793e-02 -1.987373725961604221e-01
5.424617404235876350e-02 -1.268557862002305248e-01
4.934922919094586469e-02 3.243043717660094583e-01
-4.303419458732312686e-01 -2.799998846973394961e-02
3.619090841364753786e-01 -2.162813844200583979e-03
6.562727323366723819e-02 -1.855721525577082032e-01
9.334200938522307922e-02 -1.602909177163325261e-03
4.648481021614736530e-02 -5.234348708486957769e-02
-4.985169592738424305e-01 -2.223856559367665131e-02
6.201296621804885945e-02 4.945297560889855282e-01
1.055366716696820584e-01 -2.792933166832378689e-03
6.572098425852457293e-02 -2.523246079398991926e-01
5.063362729124509798e-02 -4.306164598613055894e-01
7.428997040285634235e-02 2.370200473703627519e-01
-3.373827259207057283e-01 -1.354059269995711023e-02
5.581162597901945244e-02 -4.806685589626462640e-01
4.604489176370540893e-02 -1.754902578338989327e-01
5.070632082277282127e-02 -4.228124994266343473e-01
7.073513164708955525e-02 -4.381001559544087653e-01
3.261772085936583965e-01 -9.753909724066534004e-03
5.167434668977188839e-02 -1.750537022828465572e-01
7.461309590679110482e-02 3.257327123482159914e-01
4.878757152975932154e-02 -1.986652209932104896e-01
-4.805224980893525455e-01 -1.205448991429713956e-03
-1.675100945489356175e-01 -8.191149696004762504e-03
4.701304851781507033e-02 -3.527784785027910930e-01
5.195781505350927088e-02 -2.836830585415216488e-01
4.406602774766495978e-01 -1.336505449047942218e-02
5.131931454060811859e-02 4.624971235008864534e-01
-1.004813868729910187e-01 -8.442547309642112197e-03
-6.807057583370201836e-02 -1.947429386201426915e-02
6.605658980926942814e-02 -3.903873718032594420e-01
6.728366707660449197e-02 -3.842193834907252636e-01
9.761456042834626423e-03 -1.983562525186188807e-02
4.259767985053741768e-02 2.709277580550742970e-01
6.649029227705882672e-02 4.478654644326555134e-01
4.724045834943761957e-01 -1.028012874634942619e-02
-1.052848196541498194e-01 -1.841943294150794053e-02
4.060171653475639353e-01 -2.946924705175102410e-03
6.645709383526843261e-02 4.441101045606348219e-01
5.997059342595312259e-03 -5.531152814387541028e-03
1.014680010182567038e-02 -1.948863956543522846e-02
1.706595384775375646e-01 -1.961380651756516880e-02
6.115790033487378263e-02 -3.375524831391416569e-01
4.435183378527407516e-02 2.021545410626996997e-01
-3.042629225005918370e-01 -2.198922003352354881e-02
2.917731916314570961e-01 -1.059206830698200541e-02
4.369373501316420327e-02 -2.904926575493947949e-01
6.766937468706757386e-02 1.325142879184005862e-01
4.915552725881733309e-02 -1.533565748632220727e-01
3.398226818796156179e-01 -1.921193418660882557e-02
-1.976006253054229944e-02 -2.988938331806134663e-03
-2.961944948038293113e-01 -2.589415379323634081e-02
-4.867332777869735061e-01 -6.192563469711198643e-03
5.682348417155924647e-02 -1.084436181216892336e-01
1.076608505501059909e-01 -2.671580335260981265e-02
4.251928802162452392e-02 3.590181553203886100e-01
3.913725116724036113e-01 -2.586736063285444143e-02
1.100687678260102720e-01 -2.020722477128034100e-03
4.266341902957424548e-01 -1.862598034975582184e-02
6.473910859166698284e-02 7.482391637770158255e-02
7.293149064119597291e-02 9.803307636623181942e-03
1.219162893441539941e-01 -2.500633657548967381e-02
2.686213805469200855e-01 -1.124743261360305890e-02
5.524357761849008064e-02 3.226431579975608255e-02
7.523248605225218988e-02 -1.467761342749960285e-01
3.844470424919679274e-01 -2.303235315383822535e-02
5.923422022864632819e-02 -3.808983945153128214e-01
3.750862253195021978e-01 -2.117463402700248132e-02
6.148651109292624373e-02 -1.351632848269901377e-02
6.073043113324538833e-02 -2.993753716126239528e-01
7.487747173661896127e-02 -7.471254934221771560e-02
6.478697201561101071e-02 -4.972447808681675907e-01
-2.586909205747037754e-01 -1.366929940013905664e-02
-3.128420835852570026e-01 -1.219249412025613655e-02
4.841999521421869179e-02 2.972302467232816880e-01
4.495248963966602673e-02 1.142092419603935038e-01
8.595079414719120070e-02 -7.194316881228846050e-03
4.378086706032735531e-02 3.496400937594710268e-01
-3.714775629806242874e-01 -5.763022689927010944e-03
-2.913159789114762033e-01 -2.562896974100614678e-03
6.653877298601518220e-02 -4.113458102911945469e-01
6.530735384215258232e-02 -1.843941682023337858e-01
2.326201844692143972e-02 -2.352846165373467802e-02
4.746954252970636556e-02 7.354862293022268460e-02
2.440546325779946457e-03 -1.996141656293515254e-02
-3.219446348992079932e-01 -1.793121359982596807e-02
-1.432519838949681823e-01 -5.008939174493076685e-03
1.385024117805364607e-01 -7.395485387089673068e-03
1.885205186966495416e-01 -1.462770108663413726e-02
4.881748999575891146e-01 -2.679831525679909898e-02
4.165863281756154723e-02 -2.997732197126363740e-01
6.302485003364166616e-02 -3.048520200012366788e-01
3.628568663294381436e-01 -8.896192360696053569e-03
-1.301694730994249483e-01 -8.110700600762799084e-03
6.381597985908282755e-02 -2.117551229101405363e-01
4.319227287002957993e-02 -3.953411003973972271e-01
7.512801398738766512e-02 -8.485487650320644448e-02
4.951620362165177758e-01 -1.340252981755418737e-02
-3.456434678676895134e-01 -2.382459867573794021e-02
7.515466368958734211e-02 4.135466977108885889e-01
6.904734049504579474e-02 -3.556998935039437093e-01
5.278155689853847310e-02 2.384074309839934180e-01
5.853880422876323042e-02 -3.942894170923627595e-01
4.727649552107948683e-02 -1.844456722006959648e-02
6.753539580230916162e-02 3.437881087066710917e-01
4.105488092755882334e-02 7.727439781696110455e-02
7.506798114733737037e-02 -1.152985039669915945e-01
4.386687804054179018e-02 -3.002408538251962744e-01
7.478595917677910432e-02 3.221167646439228038e-01
6.634567976389638133e-02 -3.475902932483037056e-01
5.555769916208697090e-02 -1.927325468207068404e-01
6.384056218741607225e-02 -4.943633580735461441e-01
6.365800119518216782e-02 4.553558354554847476e-01
4.097750351307741790e-01 -2.736187567102521534e-02
4.789300633698956311e-02 -4.717393141140103774e-01
4.759945338127191672e-02 -1.878256332427576947e-01
7.131320917313255237e-02 -4.420808590720570752e-02
5.238504933309040545e-02 1.600274320752315127e-02
5.028535342535545016e-02 5.105115777334368055e-02
7.349267809194715007e-02 -4.811972369803078076e-01
4.975919624649112194e-01 -2.264836874605746786e-02
1.346343875569699922e-01 -7.716996008158560905e-03
-2.066206102891311458e-01 -2.081102602309392591e-02
1.330560664366946533e-01 -2.934444798526913978e-02
6.600629897926890699e-02 -4.897718236918654489e-01
2.618978049721588652e-01 -2.321965555268534764e-03
4.547570980258552886e-02 -8.794265996349925896e-02
5.743919245276030150e-02 2.145568092651355396e-01
7.140579024151072485e-02 -4.719990815841043075e-01
4.400298884934084054e-02 -4.141338991344905018e-01
-1.527945987168723985e-01 -2.772112683457794713e-02
5.215772920886285746e-02 -1.130128576578264266e-01
-2.610808075669494022e-01 -2.777461996816132928e-02
5.239708058525271994e-02 1.489937780119835464e-01
6.503021358183858069e-02 -2.480687563894686809e-01
1.376464379184616504e-02 -3.922381176280520521e-03
5.841925372853362664e-02 4.906393536084128204e-01
5.678051722921662048e-02 -1.647345611408508326e-01
7.301577868541830885e-02 3.716596912051761681e-01
6.435880327884080376e-02 -1.383914241386280386e-01
-2.075178052187642841e-01 -2.785206129116446494e-02
4.771080127229454515e-02 3.113018153581526004e-01
6.742541278827951512e-02 2.644529652549987286e-01
2.491543146706743928e-01 -2.173408276510957471e-02
6.470167601955389980e-02 1.839258761847397672e-01
-3.399036635742702650e-03 -2.955541412550288793e-02
3.703795911271879904e-01 -1.064357371536039931e-02
6.316715934330774385e-02 2.888638617398608943e-01
6.756546214565917197e-02 -2.611797107834660236e-01
-2.429629763692577882e-01 -2.674356297766100621e-02
-4.892146367858504208e-01 -2.635321205910468034e-02
4.850838675720559046e-02 3.093564976271865330e-01
5.041503278923886722e-02 4.270581786074881814e-01
4.546799334063722497e-02 4.205609274489745530e-01
-2.110268229323432054e-01 -9.611804932237566490e-03
4.786349391078004167e-02 -1.247688019354051825e-01
-6.506108041480418436e-02 -1.542005938612511784e-02
3.714011197737911996e-01 -1.215612682891520357e-02
7.419893728688264911e-02 -3.564038482593598900e-01
-3.598498370616123321e-01 -1.822416449801300686e-02
4.622677092646276797e-02 -3.237269429780564867e-02
4.708912531685803815e-01 -4.282360524666684043e-03
3.717555944414553393e-01 -2.110957716969374953e-02
4.657847007934001748e-02 4.562338314109459780e-01
-4.346210685401511453e-01 -2.388965664361386576e-02
6.197827528585975188e-02 2.362341525286252297e-01
1.576968590563742056e-01 -1.295754162950302213e-02
4.966852203419891421e-02 7.780480002718337396e-02
4.340917915124387072e-02 1.589234622622313076e-01
2.448362638649503875e-01 -5.010489576664833855e-03
5.625580971592736290e-02 -3.083661135302261380e-01
4.567812697488320417e-01 -2.819364054489070792e-02
4.319009518293626115e-02 4.922234882148944779e-01
5.358815805629757456e-02 -1.805882262347114908e-01
-5.004161444995836039e-02 -1.354202104759816283e-02
-3.278505641299419571e-01 -1.843360803694893413e-02
3.051044785372669654e-02 -2.449537171416160675e-04
-2.042110080162589103e-01 -1.561178994276779530e-02
-3.581289203671114141e-01 -1.822498301179198421e-02
6.492854954986404525e-02 -3.769952571869708002e-01
4.833855736462233654e-02 7.585362545745366614e-02
7.160841977986898144e-02 1.308211207780384244e-01
4.369384875986770389e-02 6.856972285955231783e-02
-1.474307791754186914e-01 -2.514880843260935972e-02
4.632149875794311367e-02 -2.993770835657906249e-01
4.208192070996763512e-02 8.137496637501506758e-02
4.840599451103988482e-02 3.632480040227581419e-02
2.931283584288109090e-01 -7.142394272701801938e-03
-4.024888705755255147e-01 -2.515803549289652441e-02
6.662477953578982426e-02 -4.480353899107676341e-01
4.152916530456685074e-02 -4.574368185151298505e-01
-1.360731210269526814e-01 -2.809588809205243454e-02
-2.852709760726099830e-01 -1.470056627966154217e-02
5.761494184782778305e-04 -1.406864055381817913e-02
1.254030893788681267e-01 -1.114429119124182854e-02
1.695383322629020473e-01 -3.609890065248033686e-03
6.552657523316074428e-02 4.617486974245303966e-01
5.243005740541595294e-02 2.311822752223415822e-01
3.166943047509446219e-01 -2.900934714204839171e-02
5.179855158679036453e-02 3.082291674908528289e-01
-1.063323775933877613e-01 -1.928402020069786005e-02
4.976713968683543765e-02 1.895554616296765138e-01
6.755422978176195414e-02 3.258523593598759982e-01
2.784093476204640982e-01 -1.979051974985079898e-02
7.188214713814999879e-02 -2.357141121577099874e-01
5.663635623781004824e-02 -2.754883593517426510e-01
1.056360425629954136e-03 -2.726650211098102794e-02
-2.831628395632646011e-02 -1.716013314811970503e-03
-2.366302230424119912e-01 -6.565133554524260617e-03
1.624203994554729302e-02 -2.137231370352610238e-02
3.135621818073059952e-01 -2.702032197868342589e-02
-3.333217750885233421e-01 -2.039565349880056999e-02
5.639964114929452155e-02 6.529659182620606295e-03
4.312442943371608273e-02 -6.839038919770523695e-02
7.081792429225763907e-02 -2.739743281937895292e-01
-6.765625712619760534e-02 2.607420956133310597e-04
2.016901460866280527e-01 -1.820352317955697963e-02
5.072540833483518696e-02 -3.708379242757923189e-01
-3.156037572619043718e-01 -3.733878684065938813e-03
-1.705258303922531082e-01 -2.027538743395784770e-03
5.857802226014796609e-02 -2.145270775189163093e-01
-4.131640548232262677e-01 -1.629248490258639048e-02
4.330445151200246201e-02 3.031887120396702384e-01
-1.284663050612315782e-01 -2.681195950110903947e-02
-4.782999005539521065e-01 -2.380767925731386292e-03
2.539373384868162109e-01 -2.100833565852844309e-02
4.624745154997383922e-01 -8.028416551094652576e-03
7.321826063135694618e-02 1.101279261943629573e-01
4.646509986092306477e-02 -4.146229502952987200e-01
6.751152087667222634e-02 2.091075292671044084e-01
4.201283785560416817e-02 2.048202498679020378e-01
-1.843872076932109305e-01 -7.768675150501946902e-03
1.045388975651372343e-01 -1.686309227878635131e-02
5.884644592393606377e-02 9.054942112371233698e-02
7.160448148928455492e-02 -8.131863730814581359e-02
6.568947937379543411e-02 -3.088844037510953822e-01
3.132487024598100689e-01 -8.734935408346578001e-04
5.211434813506965469e-02 -3.570969152976610772e-02
3.599708787672334376e-01 -1.569666642035816295e-02
4.627792570165634167e-02 4.700421404263005476e-01
4.935523026006216618e-02 -4.006208171191403267e-01
-1.286876313928229099e-01 -3.581751526573251354e-03
4.699366542095206878e-02 1.913323462717599899e-01
-3.281219307509523064e-01 -2.688242982867639075e-02
