-4.841377239026019019e-01 5.336114618814669086e-02
1.860015743600266225e-01 8.103251996087434961e-02
5.832024868557961206e-02 3.564507442045420360e-01
5.612040619574787392e-02 -3.062674466904690140e-01
-3.409206938738340575e-02 6.048229018230588672e-02
8.629701488368723972e-02 -3.685702249482950554e-01
7.310590377388503924e-02 -2.198152295530628741e-01
6.221423525100200358e-02 2.637416958967945257e-01
2.249460431706992170e-01 7.422246950965460943e-02
2.366694142043668236e-01 5.338132364446435130e-02
-1.722016529770407089e-01 7.507794640381171281e-02
-1.684113463481377027e-01 5.308891230891277235e-02
1.023392968599167174e-01 8.314455152812605387e-02
3.387127184168857719e-01 5.107727457478683508e-02
2.396141248029386439e-01 7.430446227370346435e-02
-1.012151427774723444e-01 7.351881911873181519e-02
8.756827825942381516e-02 -3.581905815931114567e-01
-3.784804126262503177e-01 5.596571797816907168e-02
-7.042143404367029458e-02 5.483607798116985066e-02
3.392993243298086936e-01 7.548005026445903098e-02
3.128470318895241187e-01 8.327739016846014142e-02
2.072087244560507635e-01 6.377806142831976555e-02
9.103698488488609630e-02 3.893444817757567566e-01
4.131367032758268554e-01 8.368780823112464962e-02
9.144125512562162328e-02 2.179285427298945921e-01
5.925553206164235753e-02 1.451516043385169263e-01
8.743262419957664733e-02 2.516083409895844003e-01
4.743846456743183726e-01 8.053496245488456218e-02
-6.262527824568164814e-02 6.310346720440629387e-02
8.450910428365610016e-02 -3.543028497509687069e-01
6.757536738039182644e-02 1.999948468888540498e-01
1.741894529187484331e-01 6.324363420634548927e-02
2.319028573105939017e-01 7.964495516809921849e-02
6.534111663771469125e-02 -4.084302494647832349e-01
8.124963711693178325e-02 3.762365577445878628e-01
2.738560942063031911e-01 7.364506118873481721e-02
7.151118382116927741e-02 -3.321417617844745207e-01
1.239840358774468854e-01 6.182931094189625387e-02
8.928634465405282938e-02 -2.409712074736544141e-01
7.165607308953325649e-02 -2.461283579879449679e-01
7.022913207102554622e-02 4.345158215061684093e-01
7.039385925418495393e-02 4.705687845559561877e-01
6.052892820655420003e-02 1.704289364276738716e-01
-2.214978602178271361e-01 6.871091871637047266e-02
3.128417860341835555e-01 5.327169202400805492e-02
-1.333886878337441351e-01 8.445101394708665055e-02
7.762035286029977943e-02 -4.355496505569890209e-01
9.076033762725732590e-02 -4.684926207432328349e-01
7.607846310070054408e-02 4.987927334368491561e-02
-2.193943473062274219e-01 4.929177402046724943e-02
5.717409474356538457e-02 4.460763435296924984e-01
6.584324354682624669e-02 1.442394211980774221e-01
-1.100725133599308458e-01 5.826011145182918849e-02
9.058345840812476180e-02 -3.878340121584245015e-02
5.797850188334807697e-02 3.038455619951481168e-01
6.355611576669917273e-02 4.294156662996752027e-01
8.668338051318758009e-02 -1.054747399890725301e-01
-3.499322591215442424e-01 5.234747574387810243e-02
-1.120256794227401098e-01 5.232962017287479117e-02
-1.426447572630850091e-01 7.447119564000448388e-02
-6.323335278456332365e-02 5.002137485462854194e-02
6.252303644655621273e-02 1.938479579181834334e-01
-3.534434692118807453e-01 7.406275253937466552e-02
8.973521575963805397e-02 2.479128167134317939e-01
-1.405449567380686604e-01 5.957481393224572930e-02
-3.332119916483323729e-01 6.397963122572036809e-02
2.324556673219081437e-01 4.988652101238144621e-02
5.601267912757679213e-02 4.256019278710060361e-01
6.601155721855633818e-02 4.631892018082973683e-01
7.305387152073317125e-02 -3.099282637276224994e-01
6.594469013124859558e-02 -2.598192238083448791e-01
-2.425536321519222716e-01 6.489223393020127073e-02
2.489792507148524958e-01 7.839729326460298520e-02
-4.219760192282298039e-01 7.260534384234684779e-02
7.007613850231808605e-02 -1.935190422904790042e-01
-2.431687179877798366e-01 5.471662163209123353e-02
7.030117848456651775e-02 -9.757492832279823780e-02
7.708921588675010650e-02 3.035403051812595177e-01
5.761655690395872664e-02 -1.501181160941015280e-01
1.540971608006633797e-01 5.947355194039560811e-02
-4.748896799972767147e-01 6.953028393227778103e-02
1.960073985499545257e-01 7.027920287917166497e-02
9.114099348273085877e-02 2.943023626040867091e-01
6.872582714563513218e-02 7.699005363622268838e-02
6.665711630475334992e-02 1.145582145588065481e-01
3.687182060330570499e-01 6.696421023271925677e-02
-1.324033816009775322e-01 6.752612775889199614e-02
-4.321814462952450198e-01 5.839322869615815037e-02
6.063083764429488820e-02 -2.754627513494345425e-01
8.368194812831208917e-02 -4.524272617419503595e-01
8.341160921924384297e-02 4.496868875669475241e-01
6.545633391920269162e-02 -3.948434140242518264e-02
6.511183572429435351e-02 -1.935991597790693852e-01
4.459296012172900836e-01 7.550123077458803511e-02
2.060960891462085831e-01 8.110747786466387943e-02
8.537746581569471971e-02 3.380951220099021048e-01
4.077605001312838429e-01 6.737639771634384989e-02
-4.468148935903590857e-01 7.704598629592385173e-02
-2.113071128435863866e-01 6.510759658338138856e-02
2.254658202872998896e-01 8.314359487497646750e-02
7.733690447662100453e-02 4.539661897454123629e-01
8.412905855208063777e-02 6.295835561921969692e-02
-1.373921542022433773e-01 6.687251036223662570e-02
7.653915471330807740e-02 4.910304454548329867e-01
5.754230142242722224e-02 -1.136842022980968370e-01
1.448912529772209412e-01 7.374420526998615166e-02
3.482716296373440379e-01 6.683839433874205760e-02
5.665501660837535258e-02 -2.006392889027187598e-01
-1.207300933903185935e-01 6.551601995879452467e-02
-2.035153332264880710e-01 6.895922730701087300e-02
-3.140920870507194484e-01 6.833340982594970914e-02
8.118558671249853642e-02 -7.210813294552498309e-02
5.537647551266056123e-02 -3.165134675665807196e-01
-3.376036996098231713e-01 8.404421002444584232e-02
7.449598104985111213e-02 4.629937423013950060e-01
2.010633020813124006e-02 7.919715312153219333e-02
-4.692909604297490489e-02 6.736412877680197919e-02
5.527454878858395482e-02 -1.823036929136655493e-01
6.443081060440525309e-02 7.593260687002389986e-03
8.079147827929833436e-02 1.647567072950912870e-01
-3.832280226776161314e-01 7.212332964088918885e-02
-1.439075086669350245e-02 6.543604069986119764e-02
6.114512951432149457e-02 1.684843663785291490e-01
-2.351535768076093991e-01 8.427806303028939627e-02
4.442706010240771164e-03 7.689148438942672303e-02
8.905681122262565363e-02 3.952238753082254474e-01
8.716658297195445382e-02 2.866680287392152637e-01
7.511637533653303667e-02 -3.170313477633542876e-01
-3.507247166665624638e-01 5.275248143097432951e-02
-2.930712961211610068e-01 8.374641954895412077e-02
7.949805007199883811e-02 -4.234927009608435711e-01
-3.186873002321541914e-01 5.903451878292931276e-02
7.311150615715789058e-02 4.135568592425669099e-01
5.984812371439518497e-02 3.981692811450646685e-01
5.748629397938065377e-02 -9.112957660585951913e-02
6.706980837344411750e-02 4.999102699551962736e-01
-1.292285629185679907e-01 6.191996158969703679e-02
6.216440855098948060e-02 3.444353940486366561e-01
-3.983498819175183003e-01 6.485217764310147182e-02
8.492743273704228546e-02 2.830376751516883171e-01
7.509679620217468710e-02 2.209020573595390502e-01
-4.823106284223638296e-01 7.349728792168719327e-02
-4.502775598382890987e-02 7.826883222304270582e-02
6.434966330277425151e-02 2.940880135137388107e-01
8.752817984000749174e-02 4.083370650749101882e-01
8.187555656457323749e-02 3.274052166752441373e-01
3.830874007301102724e-01 6.870504069866278929e-02
7.602461999367804424e-02 4.029564182975710063e-01
5.928454829008955596e-02 -1.190676983973721903e-01
6.464645222458786922e-02 -3.561104036789342064e-02
8.122960090686948131e-02 5.412899466122678138e-02
7.814691571487542010e-02 3.685598360718055355e-01
7.424365482644523784e-02 3.820107786250261928e-01
6.052404711403280846e-02 -6.891515343488063827e-02
-1.877166814466766365e-01 8.300325376440065295e-02
3.876390234478622743e-01 5.818403960422136034e-02
7.656880555654987930e-02 4.221351638585810750e-01
8.634144061291049166e-02 4.510728119169405970e-01
7.252950748588926633e-02 3.526434760055436879e-01
8.938050678575115704e-02 -1.653960265545270092e-01
-3.407082038895226095e-01 6.842302761861485116e-02
7.173567822720983145e-02 2.433475575871224539e-01
7.637134856347949086e-02 -1.794514932342801128e-01
5.473381066326399313e-02 1.979045133530816791e-01
8.400525290365656872e-02 -2.420778430881803667e-01
-1.265455537351920512e-01 5.150328453042807286e-02
-3.263046128358182418e-01 5.051761726924797191e-02
-4.488958411443616514e-01 5.830649857526881696e-02
7.784636178833037601e-02 -4.768020923049520743e-02
-2.500466285764822993e-01 5.619242991975414991e-02
9.165438159720817879e-02 -6.316090016586506373e-03
3.908013361729180124e-01 7.199962702008599891e-02
-3.942429419002326796e-01 7.079349473566132200e-02
8.755512734530235264e-02 3.427254297640174308e-01
-3.136770342864516614e-01 7.431280401701434446e-02
-2.263288199351953800e-03 6.743217889856589764e-02
8.467952631122621643e-02 -5.044827896564529901e-02
1.733330904635282943e-01 4.967974737089975168e-02
7.418107857640920955e-02 4.602914238449706819e-02
-4.858252772506557182e-01 6.851786166544959755e-02
7.690473576576417614e-02 -8.056129211498186393e-02
7.133838674067560781e-02 -2.290738101116788217e-01
5.646731300762797279e-02 -4.304249412059288904e-01
7.975835851571233537e-02 -7.089428136026543203e-02
9.015110455526165190e-02 4.036737336595916936e-01
6.567275250676818388e-02 -1.036796474424793724e-01
9.121718452260030308e-02 3.385904267544120883e-01
6.682888349451299170e-02 -3.494274688177940735e-01
3.000813586733748206e-01 6.326948983877589416e-02
7.262563759503348759e-02 -4.604633661317050208e-01
7.629176416934002614e-02 2.022603439527385083e-01
7.640510727690585924e-02 1.404773978010102065e-01
3.057202142968834524e-01 7.889175622450705916e-02
7.623884310780204565e-02 -4.022197694365677867e-01
8.737789401810047707e-02 4.456690661991774549e-01
-4.786204530988680261e-02 5.574958462364376643e-02
-2.699001456958816103e-01 7.239282046842454577e-02
7.608752688211350979e-02 -3.491264126884295882e-01
-2.497988062409625121e-01 7.728772052858545738e-02
2.590809975868946236e-02 7.363568003882303703e-02
-2.159130198147607427e-02 4.931248941951227316e-02
8.469382339333586529e-02 -3.258285792017676652e-01
6.855202172744245814e-02 1.481876886079954714e-01
8.582994543525013231e-02 1.890220072731263468e-01
8.567310077970868853e-02 3.079394446526552143e-01
3.352371082513162515e-01 5.794098239212419621e-02
6.463528797257400704e-02 1.646449855115191818e-01
-2.727171178485626735e-01 6.686421216995885874e-02
8.059149119852149212e-02 4.739872088514116566e-01
7.408861047456727356e-02 3.928569811114417387e-01
7.024887611422681033e-02 2.033813482925376226e-01
9.074089378272665041e-02 2.228320475934902900e-01
6.626988749973561355e-02 -1.159399703189033515e-01
6.101938488910629843e-02 -4.469493806985016526e-01
8.530270859515043380e-02 4.901352856895796473e-01
-3.869003495967691109e-01 6.348151778996791172e-02
6.388560782773500257e-02 -4.415838039824562244e-01
-1.561951612007672630e-01 7.089062069543539124e-02
8.600430962645266852e-02 -2.529820631791357410e-01
8.631232293995971805e-02 -3.917834719120103504e-01
3.678859400537846103e-01 5.119594536597249501e-02
2.610852637744425220e-01 7.625171164941546564e-02
4.128026208123247720e-03 7.189031015634372856e-02
-1.832508070637423048e-01 5.760080970166658876e-02
-8.259048024363158103e-02 6.030335666556285723e-02
1.627128621898135119e-01 6.470874117436042905e-02
7.406961926124644435e-02 1.277342335301830945e-01
9.087791638727726884e-02 4.630454260095917540e-02
6.634251417831893427e-02 3.194107237066197147e-01
6.332004004433866573e-02 7.971295605178985166e-02
5.919142356224504908e-02 -2.106571597956150566e-01
2.904236084853251132e-02 6.305914080921481979e-02
8.851775078779167139e-02 1.244232478286075860e-01
7.749147811956147436e-02 4.904454370886467407e-01
5.482690743035056880e-02 -1.134337736245860651e-01
-4.396440917303173768e-01 7.266935931313411867e-02
8.531822971993496818e-02 1.709223855659454117e-01
6.426253363140832509e-02 2.949029604431885332e-02
6.906790903112647317e-02 -4.319650836300880092e-01
5.610994419192349980e-02 -4.852198389486234165e-01
-4.659592382706635449e-01 7.020307088794142114e-02
8.236156265479566141e-02 2.348849358964427703e-01
6.444207511162924895e-02 -3.574900441660554540e-01
6.329907263337619661e-02 4.230613991217176961e-01
6.005478469854808043e-02 4.544555735919054706e-01
8.512708408499480850e-02 -3.482991925897059859e-01
1.272739958296548179e-01 4.922237597093737094e-02
7.161232282452467679e-02 3.519345957139298209e-01
-1.522833958116397435e-01 5.955965627866766088e-02
7.034465303876413778e-02 4.073058973454132259e-01
4.132145427341687993e-01 6.575631507948842547e-02
7.985539546894282470e-02 7.783554349444998799e-03
9.068829433945102547e-02 -1.054492956949488747e-01
9.115290911132389873e-02 2.054226046665821315e-01
5.565413740435354306e-02 -3.764296322886803159e-01
-4.571630169490109585e-01 7.784991392989804027e-02
-1.576847881578552490e-01 8.112785301936398241e-02
-1.811383143188314282e-01 8.015823350362616395e-02
4.223870192541252511e-01 7.788276027688567638e-02
-2.530575385357028972e-01 8.434737408524062285e-02
6.156087568488921580e-02 2.421313110560329163e-01
4.788202315333968118e-01 4.961757978195413532e-02
2.810301131970421862e-01 5.622622296226464922e-02
-1.291370836692519175e-01 6.520634690745252815e-02
-7.145993878641787589e-02 5.245298220552663260e-02
-3.888495424104192466e-01 7.863731037841026339e-02
7.851045799171629813e-02 2.482069700726716732e-01
-2.934098324430052251e-01 6.033237500758248384e-02
7.587447176252171133e-02 -7.247132530468269884e-03
7.407983726022915327e-02 -1.765125981237080088e-01
1.876839481900757223e-01 6.054841278768796631e-02
1.971409103049353018e-01 5.863147357779152635e-02
-3.091346686387774767e-02 7.152495346751497340e-02
1.412189402446661912e-01 7.648656442311785320e-02
1.989847083743675471e-01 7.616082769917142947e-02
8.359713267285906468e-03 7.608813043945750199e-02
-4.202099755101849077e-01 6.936466016251352507e-02
5.562051794681599493e-02 -1.545415038309037037e-01
7.731594879618186589e-02 1.411851590999827488e-01
7.617298722277932033e-02 -4.527972007137148758e-01
6.765977289847890930e-02 3.702054623590024240e-01
8.809869604190301295e-02 -2.404598550411259916e-01
-2.059582273077437131e-01 7.880334974942404536e-02
2.929202331363983669e-01 6.693285892883160670e-02
1.775870577001614770e-02 5.020356061861008801e-02
7.507086249220429330e-02 -4.474372843984653070e-01
5.777902297223569406e-02 3.488447333869615363e-02
-5.327792942378140051e-02 6.300992921805781410e-02
-3.303107589441532932e-01 7.797303863381011002e-02
-1.128533982264617874e-01 8.085483657783654188e-02
7.952740116083811817e-02 3.957073177901688776e-01
-3.193930744506453534e-01 5.451496923799037386e-02
8.351257525681188287e-02 -3.893835641555358773e-01
5.465764034656506176e-02 -2.892980684693271520e-01
7.563421852538043666e-02 -1.010548051850923557e-02
-7.298306826016442983e-02 6.932654195473075820e-02
7.986318220233346032e-02 -5.925782663310052989e-02
6.827867820985167313e-02 -4.938151536912981365e-01
7.493497220396783121e-02 3.900018723570827239e-01
-1.027770812649647647e-01 7.332241210553902544e-02
5.554682297677415725e-03 5.674362649103015244e-02
5.865895519312136486e-02 -4.937422791344966422e-01
6.760941186348778942e-02 -1.305867885741207601e-02
5.542849117854709018e-02 4.957037474964731683e-01
1.061097414191941590e-01 8.223253814559650099e-02
-7.271066695740902031e-02 6.867122782771939438e-02
6.120136210469928617e-02 -2.625872059111823420e-01
7.308129215071101914e-02 -4.598760712763050318e-01
-4.478225437153134925e-01 5.415724877199845633e-02
6.228251584202926239e-02 2.535673817615694547e-01
7.649986100225159014e-02 2.472855798319236742e-01
8.531405540163705670e-02 -4.730637020277311811e-01
7.137798791915161978e-02 -8.893585776607237925e-02
6.453409467410553546e-02 7.665021338545063845e-02
2.089949611091621584e-01 5.088374813227747318e-02
7.464316866980136300e-02 8.676803831532298172e-02
8.451628631779584122e-02 -1.679363261065650592e-01
1.806150813805298405e-01 6.467338206225914377e-02
-4.496500538395108437e-01 8.493297477001426898e-02
6.570913093836838748e-02 -4.070744834891625308e-01
5.914272055423164254e-02 7.791038949047202067e-02
-4.131301683747921061e-01 8.457277199132173795e-02
8.034399797669133925e-02 -1.889160095576981613e-01
-4.422173427422548819e-01 5.447520804788574811e-02
7.780647868663226330e-02 8.336903911473125817e-03
-4.828513223704753443e-01 6.591236989982884875e-02
-1.708515556620108233e-01 6.787508153675481104e-02
2.972458031435387671e-01 6.701881804589937541e-02
6.534166712636113594e-02 -3.520471392767500207e-01
1.639935724863256228e-01 8.092969736537314329e-02
6.440659401893511493e-02 4.126352797613938028e-01
2.719054686118829167e-01 5.154307754389853002e-02
-3.911842387856392378e-01 6.180530510756643281e-02
7.420275312825030944e-02 4.232211107121844895e-01
6.462365758040911068e-02 -3.372989739598287739e-01
-9.932959944410824082e-02 8.277818513226076202e-02
-2.664770740918127601e-01 8.486001307604706945e-02
8.596060642092651083e-02 -2.981169394208568191e-01
8.388376001674513471e-02 8.755768447067302507e-02
3.136916223299894835e-01 6.058824474999013887e-02
7.962385136640326433e-02 2.154890140115204300e-01
-2.455808812428978971e-01 5.211907193557996365e-02
-7.889299266942495503e-02 6.631755129258076753e-02
4.387281845946976455e-01 7.904692928608936242e-02
-2.053188983839011605e-01 7.248668636859467718e-02
2.285583778807495081e-01 6.184933517257062974e-02
3.455218234903805197e-01 8.180844188589597721e-02
7.489430937893004625e-02 4.430878023350985906e-01
-8.950008039698620355e-02 6.421054246648871811e-02
6.310549334941073507e-02 -4.283361582999455353e-01
