4.487034592523331256e-02 -1.922616308322941947e-01
5.828094797367533442e-02 -1.643209798783131781e-01
-3.384860610784448109e-01 -5.001292308334459591e-02
-3.376763803196924929e-02 -4.471918245409989279e-02
5.166214745451580548e-02 -9.798300764621004078e-02
4.097618413671244575e-02 -8.135233134330199789e-02
5.071465956976939360e-02 2.200325747972442514e-02
-3.092496081065225777e-01 -6.876838404576801622e-02
3.462136852583130864e-02 -9.978247613458568477e-02
-1.484685633648100689e-01 -5.884994728335402048e-02
4.570632518914918840e-02 -3.998504869259316141e-01
2.696881552258378889e-02 -6.373962389236098591e-02
2.359634729967374778e-01 -4.604553817084267031e-02
5.700739291811873777e-02 2.563269195085311480e-01
-2.123231984769017311e-01 -7.410304267948364387e-02
1.205812575894138483e-02 -6.143454689721639106e-02
-2.127771259299038320e-02 -7.376606923255146775e-02
4.261069954947316329e-02 3.542545449532933377e-01
3.441749266523117523e-01 -5.433610614310990794e-02
-4.071637121057846143e-01 -4.791983514248110421e-02
2.006513520133651474e-01 -4.617883719711479706e-02
4.380482129990714846e-02 -4.271352686826992429e-01
-1.114248123385541689e-01 -4.650434384760471218e-02
6.169433630743303976e-02 3.299920057268300733e-01
-2.531482797141199059e-01 -6.034601976875075824e-02
2.848619451314468032e-01 -7.129246381439258151e-02
-9.432851050308221907e-02 -3.992418101887584836e-02
3.990816889906911857e-02 4.513917037485754014e-01
5.835979629621712572e-02 -1.366100003718777600e-01
4.255146260406343917e-01 -5.517793920688340847e-02
4.420446715495445211e-01 -6.857126193319440510e-02
4.661016097393566593e-02 -1.539860664595391615e-01
5.878560421032219541e-02 -5.099477007981367827e-02
2.709829698122547814e-01 -5.318706347275514723e-02
5.796174060882552936e-02 -1.018813185142325439e-01
3.502622666885724101e-02 2.833149216299927220e-01
-3.936788965591067058e-01 -5.577862236665820372e-02
5.637553003454942591e-02 -4.549537399072359767e-01
3.524480523170547830e-02 -3.980199974008103991e-01
5.220229474525339697e-02 4.108149807206331605e-01
6.687465473006404260e-02 6.053860194366855740e-02
-2.879984573236357148e-01 -5.347686619655744877e-02
1.800539268195660014e-01 -4.299494946172932597e-02
4.563002727160148098e-02 4.855492372929681721e-02
-3.102411704632318523e-01 -4.427718496084787070e-02
4.875382831409225126e-02 -1.741147701896039734e-03
6.278412675766631423e-02 -4.367954708147753218e-01
1.722091055394621151e-01 -6.953603146351139408e-02
4.448920725013993938e-02 -4.162383944854644025e-01
6.164854875921388366e-02 -3.704366144976900532e-02
5.095776615406699683e-02 -3.960651243295945090e-01
-1.274980495318448481e-01 -4.299582943880908559e-02
4.378254096021582109e-01 -4.295429934070305045e-02
3.412680040396995906e-01 -7.017949277653545703e-02
-1.445327935642737316e-01 -5.417063207773376021e-02
4.804588980422340727e-01 -4.523612703060286844e-02
-1.653833088238068072e-01 -5.395306327906468358e-02
-4.360975916847431577e-02 -6.362702365759365097e-02
-1.971672101170989233e-01 -5.758577405938558602e-02
5.026367224776762122e-02 -1.168935589144451948e-01
2.811796900690122225e-02 -4.974497174768244268e-02
9.273836665502943610e-02 -4.444648248972904447e-02
5.337719187302170099e-02 2.305117930885410837e-01
-2.385861910512038220e-01 -6.954688096151040444e-02
1.614816797199988274e-01 -6.722436332474934773e-02
4.869990055657746897e-02 -4.139717637422621888e-01
3.932395287515537685e-01 -4.073383795624985204e-02
-3.082900114972585426e-01 -5.299271354637669074e-02
3.071896193424910049e-01 -5.427097656425949879e-02
-9.729281018709867723e-02 -7.406467693626561655e-02
-2.471471759359290532e-01 -6.365289754280900603e-02
3.499767984116106678e-01 -5.219904039929168515e-02
4.580363117843389009e-02 2.832166005230420947e-01
-1.336233227411492974e-01 -4.106021514905744407e-02
-4.486721695169327839e-01 -4.217980068179061348e-02
-3.449991733057466980e-01 -6.235567707417644101e-02
5.706274831684665649e-02 -3.491860300755259550e-01
2.084777498768900506e-01 -4.768471395866014095e-02
7.786193025911525289e-02 -4.092680834882900243e-02
-4.333434605951635987e-02 -5.636232556439946251e-02
3.411953454672878028e-02 2.018289470000287356e-01
4.244020595811159868e-02 -3.607426012713402796e-01
4.923012788275474838e-01 -4.360749844665079422e-02
3.928735912528014129e-02 -1.082635140627151715e-01
4.650397921073079477e-02 5.718115101154919167e-02
6.108054868490120359e-02 -2.162516285756074241e-01
-2.873178246601428842e-01 -6.024475102087889500e-02
-1.365311296561695364e-01 -4.833158210289301149e-02
-1.413731311550747716e-01 -5.613848833343793032e-02
4.509478987362491864e-02 -1.771385760840549217e-01
4.624501578183570771e-02 3.139106452658502189e-02
2.134833100939330652e-01 -6.167651976409915804e-02
3.611948414866372747e-02 -4.828629138879414473e-01
2.731826371085214200e-01 -4.526679983537906793e-02
5.377645171738698604e-02 -2.890079427552305624e-02
4.423830644075665841e-02 3.002836390631908881e-01
4.477981238517536600e-02 4.429805353871679729e-01
3.234354529531863198e-01 -5.934444352942402912e-02
2.542231041043139239e-01 -4.267686423662386819e-02
5.700794382541241045e-02 4.337221614117579005e-01
-1.352340974508378091e-01 -5.781487432769261137e-02
3.679730107101297776e-02 1.835087413026115222e-01
3.784397036327096231e-01 -4.304174021971740594e-02
6.280086455549749314e-02 -4.222150378447538932e-01
3.740826512736183940e-02 4.731014165153912820e-02
5.749175026449304671e-02 -7.895217991814051928e-02
3.866688029180211927e-01 -4.143472895122901622e-02
3.453748155839109213e-02 -2.583173916515467683e-01
4.667457481380876683e-02 6.430279489583712316e-02
5.003069769755508212e-02 -1.778725675544895468e-01
4.920000614465414035e-02 -3.541015813510201005e-01
-1.101459861170577259e-01 -7.269724143437572561e-02
1.943735352099451585e-02 -6.192937487129757113e-02
-3.119128622870671608e-01 -5.771522615060464823e-02
6.530052116958673381e-02 -4.989957902583542770e-01
6.544854384959353233e-02 7.846122980461933683e-02
4.373630250070148495e-02 1.657875839677669383e-01
-3.960160402295862525e-01 -4.436704536741276073e-02
5.913264755162672692e-02 -4.196202843901687407e-01
3.688759087375648171e-02 6.494149311321717466e-02
6.741336816665433052e-02 -9.268144686390622500e-02
3.590243971933892997e-02 -1.437110082759529561e-01
-1.532668631586088237e-01 -4.357787934215728853e-02
5.799245879144898641e-02 4.847552931643595020e-02
-4.522849857608974844e-01 -7.269386147727552316e-02
2.213734165901845019e-01 -5.956614336891885575e-02
-4.415675479715581719e-01 -6.191851666590864056e-02
3.853798318614765073e-02 -4.724423135669510998e-01
4.584218400512780622e-01 -6.268922834207768524e-02
6.661548718683441006e-02 -4.040597847230532613e-01
-1.915532275669055151e-01 -4.870250067110892811e-02
-2.690763317531135179e-01 -5.720400474428000148e-02
4.216931577458826741e-01 -5.259542933191718728e-02
2.255040512467916258e-01 -5.078903454928718197e-02
-9.603737604708340037e-03 -5.284570600343718727e-02
6.439717937426203687e-02 4.984466478119309318e-01
-1.428107203715478501e-02 -5.719806698719009930e-02
-1.413464234019311538e-01 -6.677770308158337276e-02
4.557641718129656905e-02 4.678369268937165870e-03
-1.842178789598899469e-01 -4.361201127146241419e-02
1.648722947298797425e-02 -5.871271269628586253e-02
3.903740160395330339e-02 2.380323967313809908e-01
-4.611471023091886501e-01 -7.162277997985389000e-02
-2.583134956183885667e-02 -4.635227479601145006e-02
3.611904842397795079e-02 3.947647449120533780e-01
4.634713838986859180e-02 4.858356494388417213e-01
5.727801247303654364e-02 -7.720178035181290976e-02
2.442303273402481878e-01 -5.700605652420109859e-02
3.932482056729476039e-01 -5.382937371638529811e-02
-3.371605421614298770e-03 -5.375784244353221109e-02
5.803232504050737095e-02 1.474792905225020823e-01
8.814006502039606339e-02 -5.725941206597506827e-02
1.367794742024074361e-01 -4.181743416780780986e-02
1.292779258159075795e-01 -5.621245662278939736e-02
-2.210658025746103927e-02 -4.299360121098427800e-02
4.040510476716726584e-01 -7.440830747572402259e-02
6.101902272030468311e-02 -1.859931474415758013e-01
-3.641315649930318976e-01 -5.508973410588524633e-02
2.156898312523983785e-01 -7.286930354829912471e-02
-2.095815533976941314e-01 -6.160698910221484859e-02
-3.930654880212552937e-01 -5.639436524374918935e-02
-2.937987189222533990e-01 -4.257839807659791198e-02
5.982520258829915338e-02 -3.402641142342105463e-01
6.069662591220148506e-02 -5.741394072744265831e-02
-3.068614200429526928e-01 -7.110293375865028853e-02
6.173142757254757029e-02 -3.735098078642977715e-01
2.319610362948232307e-01 -6.422489179933099646e-02
-4.900305020248219012e-01 -5.880791003422458640e-02
-3.979154953095147551e-01 -6.823096621191482303e-02
4.525602776081016909e-01 -4.850149542462101060e-02
4.124512454051310062e-02 -2.111166512530645578e-01
5.678939214593647922e-02 2.814797027344136948e-01
-1.372753111445956797e-01 -4.109457222825985134e-02
5.881993263840157304e-02 -1.168607151704788016e-01
6.052021828053855135e-02 9.639503370710278407e-02
3.919368092193342701e-02 1.543175251511023083e-01
-3.136367248043310241e-01 -4.296681840508742578e-02
2.757325298419388560e-01 -5.257169458847299470e-02
3.129510528101597799e-02 -5.387909861336648287e-02
-4.606886015267807055e-01 -7.199666087422185168e-02
3.694584357287988841e-02 -3.423178897570489099e-01
5.275795996166876556e-02 4.663538672141955832e-01
4.621348614846432223e-02 -4.934718971652753972e-01
5.041680260006609071e-02 3.669943565179120126e-01
6.515055549759918296e-02 1.059828854090192340e-01
6.640432499957482637e-02 -2.780362756960933490e-01
4.206055497267324750e-02 4.674530597237313012e-01
4.381045237366809619e-01 -6.355977951248459323e-02
5.087222165756377645e-02 -1.483944095511978700e-01
4.242321044709551625e-02 4.933068867430339122e-01
6.053499949866747443e-02 3.411481662952183802e-01
-1.765670158219042607e-01 -4.472268330197082253e-02
5.783081685590263366e-02 -3.386022790231575375e-01
4.314776503691852838e-02 2.463614545660020028e-02
-4.325248632597111786e-02 -4.472897092216843173e-02
6.618483824762833034e-02 1.710621377191630099e-01
4.409369679433283729e-02 -1.738012408098290607e-01
8.268084237882644683e-02 -5.334972644581637002e-02
4.402461661626233536e-02 -2.140813529993494946e-01
3.164886999866870498e-01 -5.662479853757107495e-02
-4.218235889703770836e-01 -4.669099892811034991e-02
4.477356702058765681e-02 -2.601451073238576495e-01
-4.189825727110355613e-01 -5.698866842675953670e-02
-4.121020077468927623e-01 -6.518965770103335444e-02
-2.772451017213819480e-01 -5.064563243620667787e-02
6.055772656825264555e-02 2.788437671210897140e-01
4.194205147838599990e-01 -6.773683583182354973e-02
-1.738178800954497394e-01 -5.153669637108315715e-02
-5.814155744469928777e-02 -6.512677908290409601e-02
5.765638217274104971e-02 2.799896593617482443e-01
5.930792706156917671e-02 3.696000735033311280e-02
6.360476655888036568e-02 2.108018484484760480e-01
4.486267558544561052e-01 -6.319200269896863009e-02
-3.805589689983801538e-02 -5.048961888976044587e-02
-4.943266124614326129e-01 -6.979176581111534716e-02
-1.293880721669689038e-01 -6.833145597415857253e-02
-1.923970969850030688e-02 -6.709697508247824960e-02
3.004476186895203016e-01 -7.313332247154835652e-02
4.588334346728406565e-02 4.701071313201558022e-01
3.775903533471580698e-02 -3.104923229972593735e-01
5.706621302788994488e-02 2.213475906692777828e-01
5.361103499746011636e-02 -6.623596322692992810e-02
4.968487474939009552e-01 -6.364654073999098660e-02
2.187547807130677535e-01 -4.249858834428232868e-02
4.112937718018239153e-02 6.109915017927936010e-02
5.074819874825586830e-02 -5.737648014215568359e-02
2.253819880004245269e-01 -7.394588473636720671e-02
5.515468172362048005e-02 4.033826029834605142e-01
1.427145943813308282e-01 -4.837609359377748053e-02
-3.977213101202514700e-01 -6.881969879406024670e-02
-3.510661105333356957e-01 -5.025727739387253479e-02
5.616008145362094695e-02 1.448450846627006294e-01
5.014968800642594093e-02 -1.114173261864567221e-01
5.349903634169117517e-02 4.637343893766429082e-01
-8.549613131442002079e-02 -4.487005651676634344e-02
4.917580419321834206e-01 -5.152146360912646106e-02
5.724848001847915313e-02 -5.722778845428444505e-02
6.615105307750002162e-02 -1.664230977795738697e-01
4.007495047468800919e-02 -1.990445796040524185e-01
6.112531117885056098e-02 8.427705099350579765e-02
-2.451729122122808802e-01 -6.660711316054834796e-02
-1.251516540247853415e-01 -6.295811237884807454e-02
2.204285739791603804e-01 -5.375593178003701400e-02
-3.112077959442710595e-01 -4.665960825273318680e-02
5.624786750789934064e-02 -4.868938532033304512e-01
5.044928025450845510e-02 3.223160753813524293e-01
4.744210550275296256e-02 2.884476666068380712e-01
-2.356963871924658838e-01 -4.596272196236506069e-02
5.422413377233836762e-02 1.079607618619483622e-01
4.327754165915521645e-01 -3.992241817400887793e-02
5.573315076995388750e-02 1.114593666201751931e-01
2.200003241787498176e-01 -4.399666168956395396e-02
3.410021926339612541e-02 -2.016601457638999007e-01
6.430941917789245732e-02 4.329534580742604444e-01
-3.030338763597469898e-01 -5.989166243780830179e-02
5.297570771979409621e-02 -2.132336693147659501e-01
-3.035946931725466147e-01 -4.174286735801491233e-02
1.602749361083154467e-01 -6.968067154777890515e-02
4.942453237019417411e-02 3.068710137851318187e-01
-1.344340148324411066e-01 -4.630413315379011685e-02
6.682181581597013142e-02 4.088610709384195019e-01
5.196369221248409165e-02 -3.431446578369815592e-01
4.320120532773152888e-02 -4.854463774065796988e-01
-3.324267923392341118e-01 -6.195951143240385761e-02
5.199098757707787399e-02 4.542576168480425558e-01
6.496795207895567081e-02 -3.940646119852027063e-01
-4.723216367084893674e-01 -4.569707083663421265e-02
2.493764633300510347e-01 -4.125636520590658662e-02
2.914354302515833606e-01 -6.320233055617885398e-02
5.242755941609378301e-02 -3.955838188517482035e-01
5.360079826396524361e-02 -4.661784420991303968e-01
3.840725125992916489e-02 6.837499543803504665e-02
4.356585698697957865e-01 -5.938859778429739222e-02
4.067748942851345806e-02 -4.939041700090857079e-01
5.902628330810366641e-02 -2.795194762427344326e-02
4.951970773934266656e-01 -5.532446660234024982e-02
4.631143339023091610e-02 -1.405506101190400203e-01
2.695369443585816649e-01 -5.598593303261267806e-02
2.640261269613676243e-01 -4.124235138229093156e-02
3.731630366934035603e-02 -2.753523340907452210e-01
5.724826261478743739e-02 2.561436325549528714e-01
2.850210168547585576e-01 -4.397211041716131419e-02
-1.124120085961037852e-01 -4.444371358720811127e-02
5.188174030115144664e-02 1.936756965217761861e-01
1.589994740232902881e-02 -6.634314248584771700e-02
5.292077347393553399e-02 3.383235243859057384e-01
6.403759776641082535e-02 -4.252373688806911911e-01
2.581322376522576789e-02 -5.634883089782316556e-02
-1.628628895422158385e-01 -6.877918450400710704e-02
5.594459451931510507e-02 2.227095585146836587e-01
2.755338003408400738e-01 -5.153360377691218464e-02
6.334282161794846377e-02 -2.660869872801302494e-01
9.815363825623957261e-02 -5.866307906640177983e-02
5.158046530198001633e-02 -2.388768456341745505e-01
3.601762829944488153e-02 -4.410906675805428279e-01
2.685849364556217589e-01 -4.897609536273095365e-02
4.217555970698627643e-02 -4.785469637884541827e-01
3.668399173887859632e-02 2.634581703530829433e-01
4.884051128224768945e-01 -5.262828189223567321e-02
4.094972336079483188e-02 -3.812100692237662125e-01
5.068206116174334142e-02 5.661079670137791897e-02
3.513310178648322291e-01 -6.182825413167014617e-02
-4.095395395603272926e-01 -4.224593427683942526e-02
3.556945598643734829e-02 2.911632693870213062e-01
-3.705720438281803197e-01 -6.429382632447777635e-02
6.694236877476400505e-02 2.575808427454258087e-01
3.156733372815436756e-01 -6.011403021208172603e-02
6.268919546732198977e-02 -2.898918987811598402e-01
4.097770677397416517e-02 -2.818945481474978143e-01
-2.439727589060193269e-01 -6.131896828614191719e-02
5.443304104183765979e-02 4.546926097675566547e-01
-4.123615131650637533e-01 -4.569089335493348170e-02
6.128093900938857974e-02 -1.787979610669215846e-01
-3.410874000940398165e-01 -7.062076383328008689e-02
4.342821050516199044e-03 -5.944133519892125239e-02
3.686238991048099711e-01 -6.925035760544862029e-02
4.874233873154432128e-02 -8.586450488146302185e-02
6.595424661903248609e-02 2.720207269937013894e-02
5.747690814331218867e-02 3.998558467537216554e-02
4.237389121098333877e-02 -3.874646177643034095e-01
-4.466650293452448794e-01 -7.227637271879316927e-02
2.759717558193236497e-01 -6.103962501741921898e-02
-2.050356328943048201e-02 -4.189396734712480530e-02
-4.169359373263697988e-01 -5.260691660675520520e-02
-2.296295513032176050e-01 -4.186599523480649676e-02
1.789430394730947560e-01 -5.525839728101011872e-02
3.775214484444888718e-01 -5.315019973284063060e-02
-1.508526031590239347e-01 -4.072786599265443286e-02
-7.448566151037783190e-02 -5.168853949552898452e-02
6.678608916859385403e-02 -2.390783823918750661e-01
6.567816566585804594e-02 2.628405516089052929e-01
5.886988176159113628e-02 2.600809162643518135e-01
4.154222697923315444e-02 4.761889488912741664e-01
8.499334645212119899e-02 -5.051439172071992001e-02
6.140999558357973509e-02 -3.043089729407090216e-01
5.584989341025126119e-02 -1.413931101780874222e-02
-4.981619066229402426e-01 -5.733521907646677018e-02
5.330938150554487276e-02 -3.025462407149402955e-01
-1.803593019060517610e-01 -6.419174505758751259e-02
3.646229524772304220e-02 4.867134850600628448e-01
4.312690165384269747e-02 -2.240898784620756201e-01
2.825495138400460071e-01 -5.668446390639236832e-02
-3.630264673769385553e-01 -4.968084898239699676e-02
5.529518153464785257e-02 3.752725652154527136e-01
3.564167153647602726e-01 -5.139051096175561995e-02
-2.165546465617138594e-01 -5.765771859663593180e-02
4.138938007067860525e-02 -3.183505648217795914e-01
-1.367908988677613014e-01 -6.685603731464073718e-02
-3.524866623672641142e-01 -5.099048901487934771e-02
3.644847868530487478e-02 4.564594389170292255e-01
-1.094989388553977427e-01 -6.940872328372016398e-02
6.589117421096390981e-02 1.045591535498540114e-01
8.961153393880705309e-03 -5.713930645747733461e-02
2.090835011850399328e-01 -4.481110302325774786e-02
4.888098716097144525e-02 -2.436256611220044554e-03
-3.044266720893503697e-01 -7.252015124380850608e-02
4.485953908104556298e-02 -2.552081364783043149e-02
-4.778214339154632784e-01 -6.650159826782808814e-02
3.443335259812563276e-01 -5.452615118656922721e-02
5.415971915098549694e-02 7.467914604023551117e-02
-1.084206673095267082e-02 -7.133126198163886045e-02
2.765672331497669445e-01 -5.971558677517629921e-02
2.646574916926522913e-01 -5.824397485912635730e-02
4.539729033685835358e-02 -2.278960459646520720e-01
-1.678339918240578932e-02 -6.065409161571200247e-02
4.358682472273097686e-01 -5.638151113570522011e-02
4.845879599106517333e-02 -4.928523092255029381e-01
