-5.914882367489682213e-02 -5.767604429141637290e-02
-7.064560371818218165e-02 -4.599343820317285392e-01
-5.961125172099401848e-02 -2.609025128712041397e-01
-7.687240189249899824e-02 -2.916630685709636905e-01
-5.185152028746653485e-02 1.816578558947317124e-01
-5.930621917158618306e-02 -6.509370037949124832e-02
-4.740215015446447300e-02 2.049898144589350490e-01
-5.203095364252507959e-02 -1.482949455140682993e-01
-4.777272774858842830e-02 1.860253159267719614e-01
-5.198596602338101391e-02 -3.587958761009498732e-01
-6.623293808153052353e-02 -5.182262351685429369e-02
-7.662932879689188237e-02 5.209845511508404137e-02
-5.029387467418855451e-02 -9.473362771137705529e-02
-6.634027101811790228e-02 9.855464023697191323e-03
-7.867205406099564424e-02 -5.274884568558180220e-02
-5.708951465085532195e-02 -1.317196107761973156e-01
-8.025574784885780577e-02 2.878031498013077227e-01
-6.023557335446494410e-02 -4.738442367905670860e-01
-5.859025905687909042e-02 1.351448998809712254e-01
-5.745471292364168203e-02 -4.396522371585613875e-01
-7.569639984349596507e-02 2.587785568562895877e-01
-6.995194346963429233e-02 4.132187396397898338e-01
-4.683535504123281790e-02 6.739707029113328751e-02
-7.715790623765395040e-02 -3.619890756012603683e-01
-6.190789672235397223e-02 -1.123703410951130133e-01
-7.289627091807615589e-02 3.560225548613626945e-01
-6.492453717742574515e-02 -3.492244070622608776e-01
-5.716380072065585516e-02 2.982180935172418224e-02
-4.562830856367239285e-02 -1.824235607291745387e-01
-5.496512656765917271e-02 2.679874179556016589e-01
-5.884739101492064695e-02 2.547379975575458921e-01
-6.694775817294817966e-02 4.228570957846851108e-01
-7.968094458704955141e-02 -1.186616250885386137e-02
-7.598122964845344107e-02 -4.706355844221546958e-01
-5.197971752225316600e-02 -4.366427745618199907e-01
-6.810076599689474097e-02 1.201720325587531946e-01
-7.801559074903896551e-02 2.537994103312050109e-01
-4.652891391483537920e-02 4.871734114306913721e-01
-5.659823721425283338e-02 -1.854316218062291854e-01
-6.889131808103510224e-02 -4.755111755553803610e-01
-6.978103035551208588e-02 -2.191190554157185222e-01
-4.856409439183151378e-02 2.425226795103063715e-02
-5.433201058445613629e-02 -9.594651841645518431e-02
-5.472048614191848959e-02 -4.173260474933715436e-02
-5.461781631023399086e-02 4.349139794853417174e-01
-7.456352766812601729e-02 -2.351648875604273048e-02
-8.062681784680547636e-02 -4.176200733485826433e-01
-6.970781702010420133e-02 1.657785587137445837e-01
-4.770965561963336210e-02 9.143807617190702342e-02
-6.847400272379877695e-02 -2.620305038496050232e-01
-5.636276645685500686e-02 -7.537513889288738334e-02
-6.828679562691974958e-02 6.561671050487194456e-02
-7.197815541506846770e-02 3.090429618513087506e-01
-6.255605057179924877e-02 2.943211618605815483e-01
-8.090379716936069165e-02 1.173312833149277035e-01
-4.861567918913889397e-02 4.578415054056417244e-02
-5.602316045753974461e-02 -2.188234287128869582e-01
-6.560347376822228682e-02 2.428747851969202953e-01
-5.165423757273313043e-02 1.773146174067881109e-01
-6.365297680509429679e-02 -1.943340575604144416e-01
-4.969558887788738666e-02 -4.554089153448098726e-01
-4.805120921583883042e-02 -3.960645843225765184e-01
-5.152805364383195030e-02 1.500504931733158687e-01
-7.227341731019976123e-02 3.369474003805824625e-01
-4.924291196650021352e-02 -4.314786528491304507e-01
-6.895114479462371992e-02 1.693816604937581349e-02
-7.987076987852548271e-02 -4.513326089146530995e-01
-7.284164159576533848e-02 4.666468702292014825e-02
-7.462031593901252702e-02 6.766116175224023976e-02
-6.204029983945980042e-02 -8.987227652467577599e-02
-7.250103416047215532e-02 1.390568377713308212e-01
-7.661128299659636376e-02 -6.816134929780759411e-02
-7.046314376570450566e-02 1.315084175550587098e-01
-7.610264010234957244e-02 1.393982625063121539e-01
-6.053698565237608520e-02 1.325365586143104624e-01
-5.099925614915723493e-02 3.837820156635585178e-02
-6.257585309198321344e-02 -3.994817665872422152e-01
-6.184271012951958468e-02 4.915495564546445983e-01
-5.873291916335776630e-02 -4.992644937912351644e-01
-7.625819087598117996e-02 2.683131599091803654e-02
-7.530536314942315457e-02 -2.919120004166156912e-01
-5.921588592348292490e-02 -3.524267625790795666e-01
-6.459247240870735762e-02 8.162628975080488125e-02
-6.384441112708905131e-02 3.372518105906349151e-01
-7.629661541814403147e-02 2.344744289491385025e-02
-7.318775908733887725e-02 -3.549620497035106403e-01
-5.163681444390588737e-02 -9.459213762364104827e-02
-5.794021086479939076e-02 3.874643051175417074e-01
-7.216938266309502747e-02 4.590204005575944102e-01
-6.915803916287333042e-02 -2.678767501566118314e-01
-8.009511537627211908e-02 -7.613992842231276370e-02
-5.256096416145028538e-02 -4.891158953345609017e-01
-7.794288762236378787e-02 -4.229356220435627201e-01
-4.976082701232276140e-02 2.693931934717717080e-01
-4.824272580178623482e-02 -2.028251607359244924e-01
-7.955953977163521262e-02 1.980375898358861519e-01
-6.428964842327633544e-02 -3.622836216182057090e-01
-7.765327060770721435e-02 3.549114049923253189e-01
-6.820970313107299621e-02 1.767890657342987559e-01
-5.661977331505585465e-02 -3.324459486171602585e-01
-6.648534986695497917e-02 -3.203079284479962707e-01
-6.956013823579731969e-02 2.442578516723866722e-01
-6.353939904384398041e-02 -2.299627732369784461e-01
-6.788210031084773721e-02 -1.479419810172766248e-02
-7.884189540777919447e-02 4.882014491156468905e-01
-6.636997208314565633e-02 1.561986138734073881e-01
-6.323063762529967935e-02 -2.511556088385680230e-01
-7.065792353842836881e-02 -2.129552694357339515e-02
-5.534904531354922774e-02 4.494029123608457299e-01
-6.178726227073594313e-02 -4.285843624055594159e-01
-5.513664251546812611e-02 -9.446898446980978026e-02
-6.896931333437550382e-02 3.900880752626481041e-01
-6.919565905594549093e-02 -8.212311646709524737e-02
-6.957220213923576146e-02 4.611205404817251274e-01
-6.749404598589781035e-02 2.739788919550039115e-01
-6.505719849751212536e-02 1.289478744020460255e-01
-5.244133046927501596e-02 8.264540725147440092e-02
-4.829085618018147397e-02 4.795886500974136935e-01
-6.519144223630590762e-02 4.771632229478333098e-01
-6.788181943278026598e-02 4.904964241095155497e-01
-7.151271065913833436e-02 7.090402368414361334e-02
-6.331624116873946218e-02 -3.493054809076633349e-01
-7.051971509485088774e-02 -4.123929297717988662e-01
-7.704984591115704440e-02 -1.761001151917175322e-01
-4.638978864156839688e-02 3.735589646772951022e-01
-6.402486349791891573e-02 -1.938450189524699718e-01
-6.846606097420027126e-02 -1.583956955434655534e-01
-4.765012422877801246e-02 3.375129106250303046e-01
-5.081100590562803720e-02 1.621416969304932953e-01
-4.561053843433215960e-02 2.047711857099313582e-01
-7.212195481742000869e-02 7.212749369550652823e-02
-4.768069875660774226e-02 4.996016234521911681e-01
-7.724930784141392781e-02 -4.565938128729203349e-01
-7.686387611947653742e-02 3.134768185391139106e-01
-7.556181256426508508e-02 4.928815123926828523e-01
-6.042640228291051852e-02 -4.121852390585404313e-01
-5.506121279722242523e-02 1.044037155056216637e-01
-7.213747287135063857e-02 2.813378656101377384e-01
-7.491886682987813906e-02 2.924076885504246492e-01
-5.566283523481696527e-02 1.284831680109679297e-01
-7.414526844557955965e-02 -3.674587644466089653e-01
-5.880616184685860670e-02 4.297941664179166787e-01
-5.398601259514945738e-02 -1.486239450062182277e-01
-6.859897782654178489e-02 -1.871943324575474632e-01
-6.203524187231246323e-02 -2.351643464916627346e-01
-6.645457991360681493e-02 1.546671690870249360e-01
-6.946558942692837579e-02 -1.443003682630742412e-01
-5.628831366836550831e-02 -2.178174254547523558e-01
-4.714248474279736367e-02 -3.834715827585395420e-01
-6.795933134761344974e-02 -4.660596493850748256e-01
-7.601764707683567046e-02 4.326639144987420860e-01
-5.702268246498531923e-02 -2.154730488025177193e-01
-6.946065412362378844e-02 -1.989996034877929976e-01
-4.828551213222287419e-02 -2.198596902535454589e-01
-7.738906315084792542e-02 2.532873528093996240e-01
-6.935416863954391165e-02 -2.385480020216528274e-01
-6.282298031685673578e-02 -4.462099026360198950e-01
-4.971265199332774998e-02 -7.507059174967989357e-02
-5.075858772010333197e-02 -1.451070032546249999e-01
-6.051717981541382407e-02 1.995462584278142604e-01
-5.488552024871207191e-02 2.934203111638515882e-01
-6.240376561012106471e-02 2.306195311167404949e-01
-5.617636992422714304e-02 4.984860069256890069e-01
-6.285861736816311662e-02 -1.764899308612093431e-01
-5.767681641811672755e-02 -3.372441631405524998e-01
-4.567106985780511330e-02 -3.279634142740639469e-02
-7.867825783177218035e-02 -4.857593274307946407e-01
-5.685066214022571618e-02 -4.094368022839665056e-01
-4.961392120252727800e-02 -2.491302072584888894e-01
-7.440194105161523908e-02 -2.002600982225962722e-01
-7.762302855452241079e-02 -3.308430141688558646e-01
-6.790566192522806688e-02 -1.160103469205138182e-01
-7.414456141572189907e-02 -1.704437152156687008e-01
