-4.873775219535181336e-02 1.472329485266422600e-01
-4.110135361706934720e-02 4.934850418077707523e-02
-3.937915905713273990e-02 -4.131318213203029055e-01
-2.363741570698740802e-02 3.553700139893476440e-01
-2.721922871217252737e-01 -4.975957849255850940e-01
-3.437790757500480687e-02 -4.699655751269276038e-01
-3.422651188118741583e-02 -4.691595246678716968e-01
-4.553851120871288405e-02 -2.474610937008966394e-01
-4.568992797391757676e-02 5.609976717904652244e-02
-4.172763772393206505e-02 4.523182892959989321e-01
-3.946493248562632505e-02 -2.131164784637961107e-01
-2.935236250680162140e-02 -1.975502424847317418e-01
-4.461132642578302665e-02 2.453075609519647093e-01
-3.180114463468264319e-02 -3.403074957065171935e-01
-4.649294061485065299e-02 3.265658531122084263e-01
-2.686392064053633177e-02 -1.049799322016049530e-01
-2.785782831597183318e-02 2.697279667521567115e-01
-4.443499181687526889e-02 4.462376013639636207e-01
-2.836216156566884194e-02 -5.004661636676877023e-02
-2.389186112007701812e-02 -2.200535482775429763e-01
-3.451858458138901131e-01 -4.969625255393532726e-01
-3.719465309755198845e-02 -1.696766832033798078e-01
-2.210866796927046796e-02 -1.516345153275181490e-01
-4.767347204643856973e-02 9.514583087828798469e-02
-4.486969656423978048e-02 -4.965772427848396120e-01
8.248200639599712058e-02 -4.987106323944461295e-01
-1.600273849314703956e-02 -4.960081891510612628e-01
-4.681871219034461351e-02 4.111651214892098061e-02
-3.732532250436981780e-02 -5.625885239234329482e-02
-3.265839113954571715e-02 -4.060586664691683279e-01
-5.004598818949368422e-02 -4.892037724054605352e-01
-2.569164432642789819e-02 -9.225085701002944116e-02
-3.373402637441169638e-02 -2.753449866492346798e-01
-4.921356688044375982e-02 8.491787675284367953e-02
-4.522969687421318774e-01 -4.997336481539126352e-01
-3.921313492509204135e-02 3.972436913182811891e-01
-3.316009075003667483e-02 1.227335471532516875e-01
-4.298565795739556217e-01 -4.973061730022217963e-01
-5.071615386844607887e-02 6.066270025039455227e-03
-2.738958089563015008e-02 4.801949618041093659e-01
-3.309900567546708583e-02 -3.371888855414857389e-01
5.234412554050260624e-02 -4.971156904244198316e-01
-4.635262626507752337e-02 -1.524684638717546115e-01
-2.756575342150446861e-02 -3.963460450859167539e-01
-3.421956020706562462e-02 -3.467033071582040771e-01
-4.611273390830439300e-02 -2.633982510421953860e-01
-4.861738587299468950e-02 2.825431101813089541e-01
-3.115898380778248100e-02 -3.449720718571622768e-01
-3.520287207504446680e-02 4.533283648752876038e-01
-4.631784834195251666e-02 4.101413308296476545e-01
-2.782822755714009499e-02 2.624877566207788337e-01
-3.963371590884900986e-02 -1.427531053266946071e-01
-3.870306131555878437e-02 3.073848925801625498e-01
-3.564967554435660713e-02 9.795682748636869164e-02
-2.145093458430058497e-02 -4.790589843526464886e-01
-2.336133211055524406e-02 -4.824238024270309788e-01
-4.857667227075501692e-02 2.921005177102140582e-01
-2.652930090459526546e-02 4.794768314633278683e-01
-5.123751674823673330e-02 -5.031359312277450258e-02
-3.368366703006886453e-02 4.615280187723295180e-01
-3.732113443534701425e-02 2.701967782745173796e-01
-4.525388374365169053e-02 3.722087891702047235e-01
-4.105237631346163596e-01 -4.953096371648314511e-01
-4.875140949267275925e-02 1.174420721671620704e-01
-3.534875393532777021e-02 2.183343918831643915e-01
-4.855885432642292887e-02 1.546792704993839029e-01
-2.193552612244753508e-02 3.003685744173639760e-01
-3.202252666604143982e-02 1.536985372472488010e-03
-4.580968223881587420e-02 -4.022210044656810979e-01
-2.752177935501198824e-02 2.481557954673765387e-01
-3.472151967546743823e-02 -3.890741655248965980e-01
-5.087404862322297827e-02 2.124716251186080651e-01
-4.464628671956571981e-02 -3.739370681887128622e-01
-4.035338881299477265e-02 -6.226662138809035962e-02
-2.733035493669755400e-02 -3.848370740557142122e-01
4.336953163910755027e-01 -4.960876307750724523e-01
-4.601876965753074478e-01 -4.960992168911392275e-01
-3.906649899752046018e-02 -3.676394455118588978e-01
-2.739164885158940077e-02 3.240032716393195233e-01
-2.027502006849224436e-02 1.366688888049804040e-01
1.047749284978455320e-01 -4.993615621326332743e-01
-4.572555904229125279e-02 -2.915010210359448850e-01
-4.624896943713274755e-02 3.489769859010203312e-01
-4.522244601118707852e-02 -1.389666589410517572e-01
3.015966923452864101e-01 -4.954699610223298745e-01
-4.957007173668415145e-02 1.901144203167115521e-03
-4.572621971607926383e-02 -4.527132734314253115e-01
-3.605825062957079830e-02 2.502942795893279282e-01
-3.634325093734502854e-02 4.744972084580277860e-01
-2.377084800008466559e-02 -4.558054621408645923e-01
-2.862876098009570214e-02 -1.863675363101211513e-01
-2.628530947071527901e-02 -8.091692126902250148e-02
-3.081466317418801726e-02 -5.387039998565390508e-02
-4.395874764992901973e-02 6.523422126970579438e-02
-2.095556863468928110e-02 -2.236036077829600677e-01
-2.736073166776886723e-02 1.914783993984769950e-01
-4.094269866294875104e-02 -1.737060187056855831e-01
-4.891939675763490314e-02 -3.458902311431529819e-01
-3.419054607482585606e-02 4.518373481907382860e-01
-2.640926239738639048e-02 -1.796253436450933050e-01
-3.648607917549551161e-02 -1.048959638924624738e-01
-3.583731860183958506e-02 1.827670683248747707e-01
-3.144425583048671147e-02 -3.156778257942901567e-01
-2.250120445703718275e-02 1.185158534509622719e-03
-1.966041696882103729e-02 -2.721976978972024952e-01
3.005789986334690411e-01 -4.969010573863702485e-01
-2.765009888142422323e-02 3.387262817578684526e-02
-3.029210990601394204e-02 2.500298956027798836e-01
-2.913186759418273652e-02 -2.665414950466111765e-01
-2.886539536480479118e-01 -4.962195494666112872e-01
-3.987005053666137222e-02 1.426865437016405780e-01
-3.734066913804934273e-02 5.269827183414343974e-02
-2.804033513387493848e-02 -1.488293407202682106e-01
-4.470634543017293350e-02 -1.392354360838614635e-01
-2.727159818668756230e-02 3.599658330151123131e-02
1.160230863929868628e-01 -4.970925576143450098e-01
-3.762977234468722898e-02 4.480134728690425838e-01
-2.607969753670569268e-02 -1.921980353664143326e-01
-1.978578717689327693e-02 -3.849372124878506218e-01
-3.896930362989781127e-02 1.027885519188314056e-01
-3.969550631232776627e-02 -3.736623708262519772e-01
-3.312399279986322220e-02 -7.662022881302910093e-04
-4.677167088083233892e-02 -3.011163420529767709e-01
-4.024376025135193435e-01 -4.954239286071473458e-01
-4.060607983703823365e-02 3.026363445099456984e-01
-2.098557630108728311e-01 -4.979115371618766384e-01
-2.915590050041416692e-02 3.257855433821604807e-01
-4.925069585546426598e-02 1.891186247440556079e-01
-2.545186719270398079e-02 -3.480827647206452546e-02
-4.374373256050112513e-02 -9.746845626489142322e-02
-3.229859464230622201e-02 1.114580785627437010e-01
-2.206238536521565319e-02 2.545392919621544126e-01
-4.876004891645324690e-02 -3.546371871914356655e-01
-3.462286332913511178e-02 -2.462365693958803448e-01
-2.584138464264262858e-02 -4.193277925376927007e-01
-3.967449470213324503e-02 2.266693570526315815e-01
-3.783591305943423411e-02 -1.627879103309628483e-01
-3.578961589491891360e-02 -9.540096338811365762e-03
-4.249558875020653659e-02 1.490189872149881856e-01
-3.141253484670980534e-02 -4.175232530613988136e-01
-2.096643038517220781e-02 -1.665438383265184230e-01
-3.767294422683631350e-02 -4.600097055054779283e-01
-2.405058562706974268e-02 2.395265171103300172e-02
-3.104652098502713731e-02 -6.177185999687173634e-02
-4.093119971993086637e-02 1.006237236064171370e-01
-2.789579509728912221e-02 -1.704522159254351354e-02
-3.855635950543045976e-02 -3.556057598851746215e-01
-3.679039911783055228e-02 2.465270148665504868e-01
-2.335592590522561629e-02 3.981226252311301783e-01
-4.797709960961760167e-02 3.882002013189103096e-01
3.882327488493565459e-01 -4.965040727923217823e-01
4.343714166425489687e-01 -4.986636563133617361e-01
-3.521771210981727851e-02 2.628533421973657802e-01
1.300873622315958933e-01 -4.981576188074166023e-01
-4.235008574740639631e-02 -2.012085794391865745e-01
-2.994400688624754281e-02 -2.747314397106324080e-01
-2.945089689376612085e-02 2.337260644909688878e-01
-5.041345626128235224e-02 4.154789900471722586e-02
-4.069155071529539924e-02 -2.643374375075757676e-02
-4.363118913903296647e-02 4.354355972892942628e-02
-3.643626120913823208e-02 5.221130646988458857e-02
-3.860044427302844472e-02 -9.554079036851004236e-02
-5.102299425974143876e-02 -2.743873515549796194e-01
-2.240159490835669232e-02 2.125863341936627959e-01
-4.580218645802136557e-02 -3.572197558086804836e-01
-2.589562886748131287e-02 4.312244598370876814e-01
-2.990874633983009456e-02 -1.265763678397791026e-02
-4.311148598256231423e-02 1.157820780146643358e-01
-3.092047684679899433e-02 3.530396244403132266e-01
-4.722093872678212456e-02 1.694436915184155401e-01
-1.708517410904850653e-01 -4.971020389085349933e-01
-4.366034344123070898e-02 1.264893149130990047e-01
-2.698323034147398491e-02 -1.421522037062419308e-01
-2.203215949220993508e-02 2.460989517858028774e-01
-2.860188022511722661e-02 -4.614456910120121602e-01
5.198934196860005574e-02 -4.983172016580909025e-01
-3.885242016551115896e-02 4.557352643463272734e-01
-3.819309511831370241e-02 -2.099504312234399261e-01
-1.968601742523012899e-02 3.059804336312008655e-01
-2.849977422531568827e-02 1.378364085918881710e-01
-4.434422926267655996e-02 4.888979204030595715e-01
-2.513777288830376655e-02 -1.875199975204475678e-01
-4.002041501575204219e-02 -2.577124773470420571e-01
-4.410464374298905810e-02 2.825185173987607712e-01
-4.643339484113495619e-02 -2.318121736677621891e-01
-3.173439373080011450e-02 -2.537137083579784624e-01
-2.640829857522608570e-02 -1.134489164884333601e-01
-2.177852245212652527e-02 3.767755840854473126e-01
-4.373355452202332128e-02 -3.192441798578568024e-01
-3.647196601945401628e-02 4.953581983502106656e-01
-2.332971102172665123e-02 4.987253405017891827e-01
-4.323950268073317726e-02 9.991188681811280503e-02
-4.336881388415836369e-02 1.997381440295008526e-01
-2.990780473102727655e-02 -1.035466628205364836e-01
