-1.767563898222093144e-01 4.312796334974141610e-01
1.483481765801103469e-01 4.937332241588343607e-02
-4.460880667563934532e-01 4.194336217232932373e-01
1.255071517682879723e-01 2.534461823044761308e-01
-4.437994359922481369e-02 3.517890681270278153e-01
-3.236677422677726179e-01 4.394605511969792433e-01
1.436479127830949665e-01 -2.964725910909524753e-01
-3.896718114107022846e-02 4.417252749253103294e-01
-3.505148575587316850e-01 3.764274285009744370e-01
3.729005128333131580e-01 4.081308028153959322e-01
1.630887411579791113e-01 3.475047979543305354e-01
1.830030715110575468e-02 4.171031536446613286e-01
1.460601210619881796e-01 -2.799189843674299016e-01
1.387715678372305472e-01 -3.515023485009405313e-01
3.382774559599516229e-01 4.214024990759762668e-01
1.500806394077458528e-01 -1.554275858888094497e-01
1.445966983271305129e-01 -3.435921549587747093e-01
-1.911131631191708147e-01 3.954422240905592911e-01
-1.334021075645492882e-01 3.748560758355432565e-01
-4.772322093602288096e-02 4.264097442928390658e-01
2.156490013969548647e-01 3.901597271756686025e-01
-7.297635967985005578e-02 4.385842570286134778e-01
-3.382184531831801122e-01 3.564515234167746627e-01
-4.894961800102213267e-01 3.507152965839261949e-01
-1.279433321627183595e-01 4.413591120473122631e-01
-3.027477952380227544e-01 3.904209327332268664e-01
1.464968668485433501e-01 -4.991923058990048734e-01
-3.043544924567195276e-01 4.533736496311467912e-01
-1.691801060194210171e-01 3.950503221343173443e-01
-4.915109755826442273e-01 3.583563892466207212e-01
-4.569331870147687047e-01 3.891023150792300989e-01
-2.229027420202627230e-01 3.907918582325446977e-01
1.254349134142368483e-01 7.414824626639104910e-02
3.590492773969389262e-03 4.412385167655894502e-01
1.301798875968072089e-01 4.233127734198187664e-01
-1.320689141198245764e-01 3.610323340824316274e-01
1.364652466423312838e-01 3.900658435453796535e-02
1.206667834174213194e-01 2.607054086183733244e-01
9.108344693624959021e-02 4.436046709226625362e-01
7.895017006657434333e-02 3.600389069895467697e-01
-3.909778227743430090e-01 4.176812869975454756e-01
1.656077604271671833e-01 4.401007220493440286e-01
1.475344175943481551e-01 1.896167861028690282e-01
1.169255534325006618e-01 -3.840852809193717743e-02
-1.110555717512164975e-01 4.571368248571803239e-01
9.613896801427590511e-02 4.544713204604565737e-01
9.543463640774962897e-02 3.725296091414248556e-01
1.429799433248661877e-01 -2.086846666016217711e-05
3.055509068871903322e-01 3.887152260080765087e-01
-5.825148225763510101e-02 4.189997766648009270e-01
-4.198058648318158115e-01 4.392765561139883035e-01
1.652526853506991467e-01 -2.773797198262994979e-01
-4.766896862884537622e-01 4.446545399074767202e-01
1.462721880961862508e-01 -5.838931268808755792e-02
-2.821972123239462338e-01 4.436153093673995684e-01
1.014844444423923520e-01 3.913964782142078658e-01
1.515451419057186611e-01 -2.418530661053873709e-01
1.521569387339575252e-01 -1.013482965126908386e-01
4.558062523959395262e-01 4.494517265962817421e-01
-2.240510756164427741e-01 4.567704196656651172e-01
1.594822498920578369e-01 -1.169636745814915946e-01
-1.996592580573219866e-01 4.221804182652082460e-01
1.194381573105426364e-01 2.237354398233926123e-01
-4.578954265490275954e-02 4.568706744915363993e-01
3.527568625097936561e-01 4.122048902367000389e-01
3.679385435260156267e-01 4.422317901012123853e-01
1.456212315036743421e-01 -3.149730689951107943e-01
-4.348249604456292383e-01 3.791753057799678306e-01
-2.537336037185872195e-01 3.674692693889543005e-01
-2.984556071188450010e-01 4.764152550930620400e-01
-3.701293665140553690e-01 3.586030363006716959e-01
2.319700090054123143e-01 4.520575025623839727e-01
2.256009915846818314e-01 3.909231265213023443e-01
5.924714509628969950e-02 4.697908626167708324e-01
2.294511927418335651e-01 3.878117737614009686e-01
1.179254151468640543e-01 -3.596253591956196649e-01
-4.757914136716396847e-01 3.755543742119986650e-01
-4.067880387134338305e-01 4.749889131943682008e-01
1.648273190912370456e-01 -2.440988731762128161e-02
1.304908235228341429e-01 -2.302242263263630795e-01
2.345572777065441095e-01 3.586691237962593704e-01
1.304610001205751546e-01 -5.434692210633129683e-02
1.649064389150468601e-01 -6.380995147958767877e-02
2.840927040475325072e-01 3.570624159375092033e-01
1.236815536439367369e-01 -3.696597512021755350e-01
2.076456660905235951e-01 4.762184915310553324e-01
1.464048534576055660e-01 3.262021434411511711e-01
-4.875349717054326959e-01 3.608653726629631464e-01
4.492234721021614030e-01 3.526187966376079785e-01
1.344071562842255041e-01 3.295864230979488330e-01
1.549120518073767716e-01 4.497510889560086822e-01
1.296453132551281806e-01 4.682772745733199127e-01
-4.100016906270483874e-01 4.409310959092743731e-01
1.327303902494142429e-01 -4.927131400054353128e-01
1.437482532113666389e-01 -2.575236227245849552e-01
-3.272131469357431044e-01 4.756698710245398365e-01
1.328853868408199634e-01 -2.093754010998926107e-01
-3.226449011791713284e-01 3.916957501308601097e-01
-3.131956524455488111e-01 3.702942628262972935e-01
2.244167277746589306e-02 4.620447852729085980e-01
1.324381771908856864e-01 -2.295298812979019720e-01
7.656554655080860528e-03 3.995913457714341810e-01
1.337193249139739804e-01 -2.800383422344083773e-01
1.282837302484414188e-01 -2.681936488512771666e-01
4.574923608680925291e-02 4.416321905081699306e-01
-3.776127700591340730e-01 4.607685569654298430e-01
4.716638760904413585e-01 4.691418374047812145e-01
3.317150561862504121e-01 4.428939911363867221e-01
1.700158436944384510e-01 4.236268338951625356e-01
3.238724624295419297e-01 4.577454929882740498e-01
-2.328539523399506539e-01 3.528939187796539256e-01
-3.663306903014323934e-01 4.114205893154877502e-01
1.373462798229768689e-01 -9.625887690522938467e-02
-1.613729357881165116e-01 4.708314218761443515e-01
1.527520851338557417e-01 -3.246620818356356075e-01
2.475749058431579996e-01 4.250716245320799169e-01
3.395343454262448324e-01 4.625250961612245026e-01
-1.863320378781818665e-01 3.746005396548361954e-01
-2.723995259415809000e-01 4.435581970338647873e-01
1.652418758497165019e-01 -3.903406155668746047e-01
2.065093402573089376e-01 4.177975573785116525e-01
-4.923570744278196187e-01 4.357596926738485088e-01
-2.571945454206536752e-02 4.436101140374547613e-01
1.190656232860518582e-01 3.715034214098589249e-02
-4.051357046261060413e-01 3.652420485958000063e-01
-1.036103295219487075e-01 3.908825684150115665e-01
-3.425903313120846061e-01 3.661259704932565695e-01
1.924114025552030594e-01 4.603274505253598381e-01
-3.323631047681696593e-02 4.487865198107066078e-01
3.800753070188580551e-01 3.525069994539563600e-01
1.197482950814544589e-01 -3.312791873709560742e-01
1.457679509358807968e-01 -4.278060962451237792e-01
-5.995722591798635648e-02 4.161052972886082335e-01
1.995606870492090401e-01 4.495885236583831990e-01
7.345054450648191846e-02 3.919257649151652867e-01
7.732774335978365166e-02 4.413488592225505158e-01
1.401656517766759480e-01 -2.225196974207788170e-02
-4.879888649522039490e-01 3.857965123575902711e-01
4.003177284827130755e-03 3.821839557952131372e-01
-4.441413300121839214e-01 4.511414497428023473e-01
1.259059811885780977e-01 2.009021386742460002e-01
-5.594054606892273629e-02 3.772890094442624687e-01
5.288421915318131106e-02 3.899948899462954977e-01
1.240840554195583589e-01 -3.606033000502426589e-01
1.154092773748545131e-01 -1.315778945287751078e-01
-2.342222098466819613e-01 3.932465666413286209e-01
4.109819699837108375e-01 4.706670850225849190e-01
1.271899652765768884e-01 4.846778899752438585e-01
4.893264387928401016e-01 3.521859991296414361e-01
2.687461578167468224e-01 3.836590432446452814e-01
1.246625535115519767e-01 3.699559107987073769e-01
1.152904814338859829e-01 1.256688828343033304e-01
-4.838202568899907519e-01 4.640771659658013970e-01
1.463898682515379912e-01 -2.834433200690905652e-01
5.130643006475510415e-02 3.792395692021648390e-01
3.648621109569805121e-01 3.917227804295407845e-01
1.543785187898601974e-01 9.518546924782100849e-02
-1.669857319611725011e-01 4.001689096133174139e-01
2.233712643414166310e-01 3.576734438349632450e-01
1.397745659969231724e-01 4.775619566994853127e-01
-8.512799020920713833e-02 3.530022749222440082e-01
2.705781984685085018e-02 4.325230690102075393e-01
-1.667384065325037135e-01 4.343012537204188339e-01
-4.032267114514069828e-01 4.098522709246192886e-01
1.460459363908249708e-01 2.279193346275563137e-01
-2.347916052264672482e-01 4.669895119538816086e-01
1.209530272554996122e-01 -1.234736407202894348e-01
3.968552828698462820e-01 4.065761779636405393e-01
1.543372323066486418e-01 2.325408292216080142e-02
-1.853626726845141182e-01 4.187386792652271206e-01
-3.914551524248843783e-01 3.877874321221062015e-01
-1.489597356965914887e-01 4.655838721034112337e-01
1.168815467054941104e-01 -1.276655923617442401e-01
3.945181891808127173e-01 4.024384869340097426e-01
-3.691791078930561909e-01 3.912750028414713199e-01
-2.554274611831445219e-01 4.755428932254208707e-01
1.302081036782215540e-01 -2.618344943182934204e-01
-2.041560580635463085e-01 4.705895980132979162e-01
-1.025399832001667733e-01 4.247871420579419910e-01
-4.458063510318148737e-01 4.517203118829629105e-01
-1.159510825067158191e-01 4.279320652023959060e-01
-6.792013591597456657e-02 4.743820773023854631e-01
-4.721792210991924144e-01 4.662702079818059619e-01
1.509864415275624649e-01 2.734604073034740956e-02
1.088324536386751085e-01 3.714007185929629751e-01
-1.526143357081262142e-01 4.657393129129027143e-01
-3.389503748561882857e-01 3.903414905344561037e-01
-4.982732582127418208e-01 4.505353177317688029e-01
1.265481068633194095e-01 4.767329108771785062e-01
1.370241310685040848e-01 -1.562639390971526376e-01
1.594033348387708937e-01 3.732749949175889759e-01
-3.748548714972670393e-01 3.502652164332641371e-01
3.615163369827478768e-02 4.475763318321930306e-01
1.181675580960743766e-01 1.470413355675762590e-01
1.224631958670171494e-01 3.993507011873932422e-01
-5.414005998111925955e-02 4.396600623714965739e-01
-2.656234414298134228e-01 3.570807161161174692e-01
4.635707772295247775e-01 4.328931954298629314e-01
1.325943892650400802e-01 -1.501734773336383943e-01
1.496755423468826285e-01 2.672060478474306278e-01
-5.359367907517631480e-02 3.740921411382064354e-01
2.347706956991513216e-01 3.972202780678467660e-01
2.660356431818292622e-01 4.146842536705666049e-01
1.549998713248645910e-01 4.643363123110021418e-01
-3.142419062789453266e-01 3.601827676511170084e-01
2.698486939713109489e-01 4.485423415191072127e-01
-4.633714870698972810e-01 3.572610302120994286e-01
-4.959505744961449913e-01 4.659199027242058033e-01
-1.053828533890788233e-02 3.496149243327233425e-01
-3.731440508928296484e-01 3.823585406237990370e-01
-4.505354740716958073e-01 3.646457042266585402e-01
-1.059815060697459899e-01 4.302022716808047154e-01
-4.383576772587862713e-01 4.244091495652458912e-01
4.523633528432191575e-02 3.717429498342921246e-01
-2.268257095819475877e-01 3.902404185578915996e-01
3.739960064139928875e-01 4.516074796240652223e-01
-1.188513219051816616e-01 3.716548779174488892e-01
2.703492454815045187e-01 4.623463546048537376e-01
1.478034090364618303e-01 -8.735295638918838534e-03
-3.897818853333167022e-01 3.991855690878236551e-01
1.281011276045819214e-01 -3.254690909812036903e-01
1.278349021896247883e-01 -7.214586993640714763e-02
1.347491508197203869e-01 -4.383786268079351567e-01
1.454696217679158909e-01 3.559668237404108870e-01
-3.820864597394932893e-01 3.889872978696765626e-01
3.714946764432874859e-01 3.671548450821759957e-01
1.649469962670082612e-01 -1.659243104240333277e-01
3.480484108849233316e-01 3.963451712018944972e-01
1.370034846768932724e-01 -3.417286826855547854e-02
-4.825455816119605945e-02 4.214633908948653973e-01
-4.400642580581262120e-01 4.109818112336350859e-01
-2.290982655446491822e-01 4.147415397323114261e-01
2.566989914110487936e-01 3.522877386097690300e-01
1.249073239657165768e-01 -3.578972009764903595e-01
1.949746897148073588e-01 4.272147461833661897e-01
-3.690915830108719708e-01 4.269358313072537658e-01
-2.439577200796916312e-01 4.018328945327315216e-01
-4.276302540926202322e-01 4.259349583513223347e-01
-5.923415327743652981e-02 3.507641021187960506e-01
2.668514653972422490e-01 4.031065372538001901e-01
1.642858291932118853e-01 4.569550605358707607e-01
1.285912180277918315e-01 -1.904920400021199445e-01
-1.724630907302758809e-01 4.633603667631622791e-01
1.550377308456365455e-01 3.030698269882344809e-01
1.999739156387320138e-01 3.820036583897794547e-01
-3.124666909872472198e-01 3.565915042251150968e-01
-3.640888434481341918e-01 3.560918703541857688e-01
1.540955749933837771e-01 1.126312333077628125e-02
-2.307034452421850013e-01 3.551177133131848684e-01
7.529018091774664079e-02 4.185158969597533307e-01
1.073322075740117398e-01 4.468149813428058392e-01
-3.338107539258530210e-01 3.667855061980189735e-01
-9.651080535017453332e-02 4.335392709476894035e-01
-1.358061546517580487e-01 3.902115625217675854e-01
2.902754885253766570e-02 3.568910163683746140e-01
1.170412577291317646e-01 8.589211705284882648e-02
2.938728080162951173e-01 3.860526833898043630e-01
-5.564963119994914553e-02 4.313081885519154390e-01
-1.873859179501117245e-01 4.094896900007839458e-01
-3.887106571839347158e-01 4.707291013929957302e-01
4.448838028378098164e-01 3.756739746461353890e-01
3.302631444272952077e-02 3.718979334580612139e-01
3.814890866324283092e-02 3.770992256425097500e-01
3.871703468500009571e-02 3.553638059441613928e-01
1.591611178235109447e-01 -3.576871228380487100e-01
-1.561654841549263706e-01 3.735085198679040097e-01
1.284591262001587575e-01 -4.574057203160419860e-01
1.544835256550017855e-01 -3.067427185074365070e-01
6.540819307845291419e-02 3.924135373705061047e-01
6.501904028875660213e-02 4.462698766488815139e-01
2.458991374695047583e-01 4.115057924574232473e-01
3.586595501912753781e-01 4.015684083439222674e-01
-4.836845866937669047e-01 4.012202502473164456e-01
1.497022595427949243e-01 1.324806277863854742e-01
-3.429757552087707717e-01 4.178397024476835364e-01
-2.314883011334732954e-01 4.263195324590818291e-01
-4.761691172197748401e-01 4.619074656564384762e-01
-3.151105802622755636e-01 3.590124838352284353e-01
-1.488044375402504116e-01 3.913052220533368430e-01
4.824331979263559722e-01 4.218680719176558513e-01
1.356617302090488142e-01 -8.712486728600166153e-02
1.368584599262031576e-01 -4.654437667655835220e-01
2.855754038208211387e-01 4.591950631398771243e-01
-3.462581231673864668e-01 4.223416733342655327e-01
-5.867260675458429997e-02 4.028096479333738156e-01
6.136149857523442996e-02 4.364311000688696485e-01
1.419080116757234222e-01 9.738942769243397191e-02
-3.727120478197953890e-01 4.649653178882936500e-01
1.307582775852735857e-01 -1.784773382401636521e-01
4.034085983478800097e-01 3.868805459396913449e-01
1.215101371847809864e-01 3.625137903811340712e-01
2.047684739269856058e-01 3.513549223450443959e-01
-1.411911910260266190e-02 4.058536677375987889e-01
1.323299109871248769e-01 -3.069646762061262191e-02
-3.119401183028699398e-01 4.316550771038710765e-01
-9.703253644810028167e-02 3.527094904751308935e-01
1.654599164277498202e-01 2.050083751817974864e-01
-3.730605476672105292e-01 3.824626396675998574e-01
-4.869310436883268478e-01 4.685383726301536322e-01
1.551933483174474659e-01 -2.937223552933655446e-01
-2.630356003377954943e-01 3.975030454484125286e-01
1.427720428658207918e-01 1.420657216006228074e-01
-2.339565684027191672e-01 4.398802635672155459e-01
-2.923092869204867439e-01 4.646168060858072435e-01
-3.201118753481136947e-01 4.476402352855711753e-01
-9.489103304565815744e-02 3.972292264789476501e-01
-2.635252463981768711e-01 3.645681404838324591e-01
1.549581708060681073e-01 -1.177371559367290654e-02
1.315864372898846169e-01 -5.626039828225515294e-03
1.283369440248918192e-01 -7.009806024952769388e-02
4.005937711429500281e-01 3.862164341827117875e-01
-2.593374072500996830e-01 4.589570957559624409e-01
1.357604015087459093e-01 2.394713866177426986e-01
7.101305231956156483e-02 3.556922852595565399e-01
3.529414943244536529e-01 4.078395321435618337e-01
-2.447155101163984714e-01 4.547229182497047884e-01
2.141596519026716106e-01 4.500247483990137409e-01
1.056093205224307718e-01 3.805869616235107999e-01
1.314114513424976538e-01 -1.694660913939951552e-01
1.791301692222124764e-02 4.416449099449144544e-01
2.388243568775156866e-01 3.550677639100188188e-01
1.227950671203872357e-01 3.472192396447854046e-01
1.080856528023388385e-01 4.215727217412766903e-01
1.602762085478032228e-01 3.621376005338218240e-01
3.969345517348344954e-01 3.687491176222089662e-01
1.555807812341585272e-01 2.683856871164618241e-01
-4.066863132848778095e-01 4.218490199778391903e-01
1.622841568060384709e-01 -3.625554322640910376e-01
4.490746528890572353e-01 4.050895683488603405e-01
1.298687817608089601e-01 4.894509628542209612e-03
4.590296827744273500e-01 3.890750231473949494e-01
-4.810534669015019693e-01 3.563113684780189194e-01
1.526795325742169585e-01 -3.394941231674978299e-01
1.369463995080612007e-01 2.456167896129081152e-01
2.951281005256315426e-01 4.264709104373466397e-01
-7.637491852274280735e-02 4.174387269835517777e-01
4.658126050527354733e-01 3.940316209433663008e-01
-2.090599626180675852e-01 4.612377369494065071e-01
2.560863393738788130e-01 4.530636670172528691e-01
-1.108669303006299955e-01 3.883354903667592950e-01
-2.102453706764491059e-01 3.591799267429827136e-01
1.207756114778155698e-01 -4.069827258352040067e-01
-2.296970085068911205e-01 4.734485649198617585e-01
3.389557760284137578e-01 4.317357643904250475e-01
1.873038547671070919e-01 4.153076077941326716e-01
8.788424877777301081e-02 4.429670838041985803e-01
-4.665883854277808052e-02 3.663150763904513552e-01
4.520488358076348856e-01 3.697286628737537217e-01
-3.910731079926129672e-01 4.349208442418891485e-01
3.367299023543697256e-01 4.401257434200527285e-01
1.504263421356031305e-01 2.616585135467870415e-01
1.521057947604602667e-01 7.287512408285790055e-02
-2.097524305525085841e-01 3.635497942373434599e-01
2.356458156139137339e-01 4.058714999559270842e-01
-3.054524594277718830e-01 4.500586489037337046e-01
3.545133687959540758e-01 3.911393699653625822e-01
4.910822720677691100e-01 3.682061674227041781e-01
7.384150967524216735e-02 4.404299139147026532e-01
-2.272849841090515133e-01 4.445909019039036014e-01
-1.304797520382595666e-01 3.979686057058873239e-01
4.682308924507752046e-01 3.676481512252219863e-01
-3.599861717358888713e-01 3.611239931797673997e-01
1.150084493697486332e-01 -9.724226576834316127e-02
4.935338296633647870e-01 3.636238013941311964e-01
-2.504111774765946929e-01 4.302676383945984728e-01
1.710282360249267830e-01 3.939587366043815209e-01
3.372586190044261079e-01 4.566246877554624994e-01
-4.022395047944389290e-01 4.088137721133592306e-01
-4.413709942769145078e-01 3.803005105781824824e-01
1.152315181261104327e-01 -8.544662359085863912e-02
-1.651863323679203521e-02 4.483347863248732246e-01
1.150190490182947389e-01 3.869398872003275702e-01
1.390542295670749162e-01 5.601794902978041168e-02
2.875537441540643169e-02 4.679843655372524225e-01
1.510037421416901005e-01 2.454670040006786680e-01
2.306067930029147561e-01 3.620165261735821538e-01
1.410299003939901041e-01 1.737045745611168757e-01
-4.237384603053455656e-01 3.538410969239733639e-01
1.172863089113316271e-01 -4.417182554086638291e-01
4.367333574027942866e-01 4.511165381620103609e-01
-2.608842743482852056e-01 3.678527954328669747e-01
-8.560734384846568901e-02 4.489247235380322554e-01
3.824946461741974835e-01 3.609081928663674388e-01
-3.986281968007261423e-01 4.694588946083479986e-01
4.904720652781082713e-01 4.140052421819534478e-01
1.175161817394048125e-01 1.698897446893904428e-01
1.073244782215269089e-01 3.971807602896848532e-01
-3.281250822076634543e-01 4.666560571475822927e-01
1.350798522232622423e-01 -4.244442840789225402e-01
2.974790115989485173e-01 3.662301562405094746e-01
1.189310623235139142e-01 -3.922214012334480637e-01
4.016880429298866906e-01 3.609336002928623666e-01
1.517096363469744302e-01 -2.807862293397206388e-01
1.595941859844784982e-01 -1.923846388229830673e-01
1.446574404790850199e-01 2.300704889177214163e-01
-2.206787722124377016e-01 4.374390690123725056e-01
4.981980426124097416e-01 3.746791045816713073e-01
-3.701372042523920491e-01 3.637461085055794241e-01
2.633021633764889291e-01 4.565278573852901145e-01
1.204466167486556438e-01 -8.884527523975016550e-02
-8.258516620552047716e-02 3.926790809284217421e-01
2.868216122158495640e-02 4.217990875682995355e-01
2.949281544401637367e-01 4.341704328347401054e-01
-1.814081035144226028e-01 4.378873270623054870e-01
-2.829424874083962260e-01 4.691689947973514130e-01
-2.752366874821111642e-01 4.564439222379098604e-01
1.363512013639118781e-01 1.491215540142285523e-01
9.144248547961930651e-02 3.937541321978245135e-01
-2.414673793526661560e-01 4.005574460279868187e-01
1.251033909803418442e-01 -3.443272565652035766e-01
1.402969296224880758e-01 -3.610275763413814953e-01
-3.625405139055166703e-01 4.147931896381230610e-01
1.536446436967257023e-01 -4.762135525444793904e-01
1.510260417941923228e-01 -1.471398347011164676e-01
-1.136730188308697764e-01 3.679196947825580377e-01
-4.935474231824276137e-01 4.224483823336736554e-01
1.617489358600994187e-01 -4.466106451193549987e-01
-1.779384947895331637e-01 3.836878386104338734e-01
1.251590999538059190e-01 -4.658996867085745119e-01
-1.863484646128226174e-01 4.496820511348308402e-01
-3.847956659094431409e-01 4.638042441408593008e-01
1.610346965380122786e-01 1.831338760107306118e-01
7.332846078074384266e-02 3.666501448594016166e-01
-3.111441749208285756e-01 4.600203593352351072e-01
4.637796402772387250e-02 4.710055114550659727e-01
1.288382184740092251e-01 1.625093974632674243e-01
-1.891014413677862827e-01 4.272688749137167896e-01
-2.127711202940252289e-02 3.767720713350311001e-01
1.544804565250115225e-01 -1.234605510573744125e-01
1.521682654428124781e-01 -3.434453935175528771e-01
-4.993127216230711651e-01 4.757629421467133302e-01
1.648439001414524485e-01 3.282239193120177756e-01
-3.097780047874885145e-01 3.848811067764741356e-01
-2.246097173398471369e-01 4.763519280819435986e-01
4.939001701440910441e-01 3.668453964086222374e-01
2.169133291408863462e-01 4.700195588825779591e-01
1.151653933011347331e-01 -1.124562192332793087e-01
-4.729521431821435140e-01 3.520320139983342811e-01
2.860096599982370202e-01 3.979329615508913065e-01
-4.382252150810997948e-01 4.696188149492660502e-01
-7.729827829320401467e-02 3.769212245655770843e-01
1.279024059263654811e-01 3.712777734821041120e-01
-4.699456539623315665e-01 4.201674390882096377e-01
3.047975209462324697e-01 3.849388527285126926e-01
1.235971281007437472e-01 1.599584590206236667e-01
3.573580478101123781e-02 4.243906136385564576e-01
1.879386931017257290e-01 3.726860282447653772e-01
3.048185120849318253e-01 4.281060285068916116e-01
1.238054861829024356e-01 1.401635622389826308e-01
1.212979002936334094e-01 -4.843837674709944308e-01
-4.978685165838165894e-01 4.046217866181758271e-01
-3.560695704365336445e-01 3.747320242509429855e-01
4.070593755455464979e-02 3.784149461974392059e-01
1.261916556981046433e-02 4.714249467410540628e-01
-4.407406366061329406e-01 4.266844140190192425e-01
-2.362461496505292580e-01 3.653538013351400604e-01
1.469889234943931866e-01 -4.582878282960199945e-01
1.291956229818865820e-01 -1.469282753787145568e-01
-4.824085397305113432e-01 4.031938901797340602e-01
1.006761086407188532e-01 3.830881705078641453e-01
1.848143189487820859e-01 4.218140598356105997e-01
4.877233037894581624e-01 3.835636451435745498e-01
3.989678537483684062e-01 4.153381368284910780e-01
-3.600872862103754457e-02 3.658064771760844991e-01
4.557251259460048942e-02 4.661040026868128461e-01
1.533042636994716990e-01 1.998294657420962572e-01
-3.221547765648420381e-01 4.023387352176427401e-01
4.522145387919054293e-01 4.647579230798937200e-01
1.246890570528869091e-01 -7.634538017436398594e-02
2.810200213275627634e-01 4.057416983873671779e-01
1.377282276246419856e-01 -1.414093504294776649e-01
1.320365157822902535e-01 -4.919859725281895413e-01
3.161227988976256231e-02 4.586120747278266130e-01
1.337050348508070918e-01 2.239143999178380140e-01
2.182997992312248892e-01 4.110100758259747078e-01
1.490510305312851003e-01 -1.338629507650620498e-01
3.745965775930590880e-01 3.797403520952781220e-01
-4.012085121121591325e-01 4.159807397509981408e-01
-3.580145296142235312e-01 3.683181910900534817e-01
4.826992244360652773e-01 3.541272256328410473e-01
1.651386079849899158e-01 3.508614097014060018e-01
-3.990579708167876216e-01 4.263046175889877443e-01
1.579132586022838902e-01 2.843432005282129360e-01
-4.325463403098874782e-01 4.640070944012609777e-01
2.836888229422088736e-01 4.718752607796720122e-01
5.465598262055559875e-02 3.900613556688760086e-01
-4.556286805040794530e-01 4.489125916815004391e-01
-7.074563293075220027e-02 3.510794682483171503e-01
-4.834969863034087600e-01 4.204593854508685835e-01
1.346090043913027445e-01 -2.793756066790142878e-01
-1.095016256479219852e-02 3.757021755880797231e-01
-1.614419861162992298e-01 3.888560280127693058e-01
-1.798602570878859996e-01 4.261876057953216668e-01
-3.704685524343802605e-01 4.683728822462359664e-01
1.296528342453617810e-01 1.579134929884443705e-01
1.421254105460396655e-01 -9.215678391677151193e-02
-7.479101920635611300e-03 3.632915681119753826e-01
3.349922805411749138e-01 4.627579629332990718e-01
-1.283816184222732470e-01 4.672569596085832666e-01
1.214745205735536793e-01 4.076074673383214275e-01
3.800532061084682667e-02 4.427770988584625034e-01
-4.240445923900681979e-02 4.167342134570796164e-01
1.577110250730286989e-01 -1.504543335759277456e-01
-2.058713696650794622e-01 3.708758242797460802e-01
1.382694352375272162e-01 -4.493739053899336033e-01
3.602288840858026697e-01 3.968295282852771777e-01
1.757659207360631193e-01 3.932174465379550954e-01
-3.816067021478344312e-01 3.609305843781847045e-01
3.848917896748917933e-01 4.649095270446975681e-01
1.469341523265537131e-01 -4.708101889654325856e-01
-4.867244704484653406e-01 3.754927418475052514e-01
-9.067432431628219547e-02 3.743004564570089343e-01
-6.409387138145994367e-02 4.017761991781302333e-01
8.804964361331946154e-02 4.548837202853921458e-01
-4.452133896033771965e-01 4.436337601807394115e-01
1.152849261236148504e-01 -9.584673863958703688e-02
-1.697723348040778291e-01 3.585233924958476370e-01
3.349125633199421248e-01 4.612976745490666719e-01
-2.403844272568056439e-02 4.015112504261600934e-01
-4.382285931307015048e-01 4.105848287698089516e-01
-2.148344637166709203e-01 4.351007059751279549e-01
1.475375405375706217e-01 -1.031721774784468693e-01
4.036942686461499896e-01 4.402650255785974798e-01
1.162290655830242603e-01 -3.223950429972345377e-01
-4.227295910892218123e-01 4.077364189326375676e-01
-1.523417487269229653e-01 3.839957095844891422e-01
3.742202160595107241e-01 4.495683815699913488e-01
-9.783441645185431135e-02 3.659921418471960841e-01
4.724793246658114398e-01 3.606470327627158134e-01
1.647394099162740044e-01 -2.123657144730565216e-01
1.155650943871172620e-01 2.090664618686799425e-02
2.170659032930579713e-01 3.601789047566782420e-01
1.405050036813826342e-01 3.236102148841850656e-01
1.187264801144322091e-01 -3.843688290775477689e-01
1.877657528606465620e-01 4.137634798589814311e-01
-2.971595802520127227e-01 4.426632325658779177e-01
4.935042286910670262e-01 4.619897543317009747e-01
1.253026107112072962e-01 4.663820443241772917e-02
-3.639630204056478746e-01 4.386909913004547468e-01
3.654846221456375943e-02 3.672905490099872550e-01
4.385206678408670733e-01 4.355609477695583376e-01
2.130613181032441350e-01 3.921994728207948144e-01
3.326805705578951278e-01 3.801993289567159318e-01
1.041512909402294573e-01 3.579390149083163664e-01
1.620021893817152892e-01 5.678642485905116555e-02
1.497963419595702561e-01 -1.392247349763990893e-01
4.074109364086024865e-01 3.818998928388505076e-01
1.612179597333862624e-01 3.672909304918452467e-01
1.412614205469894246e-01 2.213005452048456556e-01
-4.868437832895278206e-02 3.748352396536858144e-01
4.985418216825118209e-01 4.545967641267015802e-01
1.432789720432554592e-01 -2.251530849510663401e-01
2.286654933912467547e-01 4.289709905724222727e-01
1.291306013682290699e-01 -4.961038384988181171e-01
2.139050063515053335e-01 3.794402005045948156e-01
1.641533800534256127e-01 -8.939922063815297637e-02
2.601407673999264203e-01 4.426157356302337087e-01
-1.693043938143302674e-01 4.642267886218306439e-01
-5.020576747924332395e-03 3.685229042619839745e-01
3.154164853201814056e-01 4.384402336760159224e-01
-2.306738258499974048e-01 4.438668444296067772e-01
1.365899843236983990e-01 -1.585972844587781871e-01
-2.752217965843735126e-01 4.260963084216385921e-01
-1.949009000051917795e-01 4.350112973440046771e-01
-9.777961074176577672e-02 3.947469152082622168e-01
1.184043951883394508e-01 2.714171424602078719e-01
-5.892802107593875238e-02 4.281015608425431385e-01
-2.327503092755026648e-01 4.504452613305777176e-01
6.128672547270930249e-02 3.577859507875654765e-01
1.210310096779303457e-01 4.941279972604137871e-01
-1.928144266552289654e-01 3.961231846648134436e-01
1.448996238810912329e-01 3.065218884097237195e-01
1.229303939856530858e-01 3.340654965048364122e-01
1.482393771688591544e-01 3.015185677775771289e-01
1.571772558444033407e-01 -2.349657866986267774e-01
1.426352370582322227e-01 -4.662893839645118055e-01
3.612905463994771083e-01 4.600433349236914271e-01
3.875906737873229257e-01 4.192719433420607489e-01
-7.161897903976655044e-02 4.687762621006449359e-01
1.650236867717486122e-01 1.659694475739091901e-01
-4.497618774994063262e-01 3.508329478919902655e-01
3.096811165813896372e-01 4.361962857207507538e-01
3.288716689963726569e-01 4.367096838118016411e-01
2.560920243499185123e-01 4.679388656727635487e-01
1.420539550290105257e-01 -3.905869390180337630e-01
4.624976158876898946e-01 4.292525776628215439e-01
-3.991428523379957349e-01 4.132844447679666633e-01
-1.824465616332205942e-01 3.667116446959127751e-01
1.758789099040318771e-01 4.499141835456187399e-01
2.165737420194282503e-01 3.506239475290857666e-01
1.316619104867263745e-01 -2.424707562960161100e-01
3.734334942574859539e-01 4.297546420204291229e-01
1.442853979330178671e-01 -2.812824532540457723e-01
4.304128716026478507e-02 4.510805814472739206e-01
2.025939400266074664e-02 3.911391677740764239e-01
-4.724617637470037712e-01 4.698863562301934804e-01
1.238913008579647368e-01 6.028290243956779815e-02
1.634277076900070291e-01 -3.945612388522711234e-01
4.421225583013832505e-03 4.031594712499247946e-01
-1.412874179484011616e-01 4.672760265148133696e-01
1.305817690888954052e-01 3.830287207728180210e-01
1.391734822875358990e-01 2.125957660791002457e-01
3.711571767037801228e-01 3.593626921790648021e-01
-1.278435432508376879e-01 4.267690356416269370e-01
2.470451684432355410e-01 3.573829846949561073e-01
-2.093324637485829420e-01 4.418159913434953623e-01
1.299512250339110997e-01 4.058037654051793730e-01
1.398378721957935777e-01 2.609821669706154923e-01
1.854073936293573199e-01 4.230009482875891624e-01
1.625931525401914657e-01 4.458551697830135385e-01
8.085611880865528622e-02 4.459760991103043359e-01
1.163711175687465182e-01 1.510102279442747664e-01
1.264692102115890782e-01 -4.457414546782327847e-01
-1.583154495683591900e-01 4.628855394910296184e-01
1.387191500868613092e-01 -1.256747005104918991e-01
3.050228240966564863e-01 3.847656777922292548e-01
-3.947684038724231792e-01 4.349643282254186394e-01
-4.109958544149489024e-01 3.574719027985285846e-01
1.651245961707369370e-01 2.531708309925768674e-01
-4.136121239954334561e-01 4.073187145642491735e-01
1.577394698039438214e-01 -3.867044318521872803e-01
-1.905088941807285829e-01 3.624689434254430020e-01
1.578009336591080780e-01 5.513578742569080759e-03
1.169899881080832538e-01 1.407872504346491249e-01
1.525995269319244674e-01 1.999374830540995296e-01
4.374405157510711240e-01 4.242478914956016034e-01
-1.159596675171515878e-01 4.321022137113235129e-01
-1.166523935789244293e-01 4.340135711796679896e-01
4.217175769671244190e-01 4.308676741614773098e-01
-4.784248549566227915e-01 3.560486602252312949e-01
2.575797903065351058e-01 3.904745138241985103e-01
-2.822752117195838073e-01 4.468831148485810090e-01
-9.040607360873531562e-02 4.485671075304766831e-01
2.022377439262281751e-01 3.953669985006574850e-01
1.366331569308438798e-01 -1.695215779993163308e-01
3.281479622385883310e-01 4.527541997933797191e-01
-1.708244471765096861e-01 3.784265194605295202e-01
1.235845644540920496e-01 -2.162906028270862313e-01
3.134919410422034591e-01 4.257685403012314573e-01
1.437013923406961213e-01 4.093604310765289744e-01
1.167380759874466767e-01 -2.805420939493142862e-01
3.026980606970226528e-01 4.438647207107883075e-01
1.493960086817878175e-01 7.500129100554653316e-02
4.007709380348449812e-01 4.729503336359899279e-01
-1.837117184152056160e-01 3.906459323368814962e-01
1.724716185498313958e-01 4.018053545050379594e-01
-2.590213067176604378e-01 4.316857433289146284e-01
3.294128726960611209e-01 3.649769024347568891e-01
-3.139679569313851282e-01 4.349952346026426664e-01
-1.335545216980965622e-01 3.816266851925531611e-01
7.185860922178088916e-02 4.074465210776982982e-01
-4.539719802468505927e-01 3.786052549899869835e-01
-4.190009938574233983e-01 4.556306780729022510e-01
1.281104796812249091e-01 -3.618253432059049812e-01
1.346353529814353633e-01 -4.906482972087685690e-01
2.127932664005387497e-01 4.351501519222624736e-01
1.643709820810470568e-01 4.759061001447761896e-02
1.337046003935070670e-01 2.425688355813592212e-01
-4.209315632437847787e-01 3.836978881297560262e-01
1.340717048167257008e-01 -4.007358385313606330e-01
1.514559400803278111e-01 4.070882684002782304e-01
2.741158129771635865e-01 3.895305394269046317e-01
3.447127522288547796e-01 3.889596518220220789e-01
2.441683070539426570e-01 4.452108810362109814e-01
1.372812932718918688e-01 3.150954851413731994e-01
2.033762704524959553e-01 4.103188817568451663e-01
-3.689099036393816977e-01 4.135534843720326537e-01
1.450981315543989902e-01 4.636841807992626574e-01
-9.309502422281878964e-02 3.889914514415472313e-01
3.429812782444718877e-02 4.150422993712036268e-01
-3.193575850551784168e-01 3.889178014303369402e-01
3.905587249381676784e-01 4.526190237694065477e-01
-1.964721702046311469e-01 4.750349820421404523e-01
2.214398771864748428e-01 4.170834224191410922e-01
-4.752313984742111419e-01 4.733614210320711280e-01
1.598948210819296500e-01 -2.008160290285607719e-01
1.409982503846249902e-01 2.997498314192071911e-01
6.729578845087624828e-03 3.602113098543482383e-01
-1.460031234903029773e-01 3.801131657909957440e-01
-4.153589802481115756e-01 4.065324351648316181e-01
-3.399307233735625600e-01 3.932532257238890994e-01
4.317376631695313272e-02 4.177914099866212316e-01
3.473542913760648831e-01 4.348053649858180103e-01
1.213433151512177677e-01 -7.975331586523326521e-02
1.656587998406100493e-01 2.194345429484443333e-01
-7.032737680116785128e-02 4.180161918381634090e-01
1.097849564138397849e-01 4.066875042623402381e-01
1.152880419637837273e-01 -1.693795950220411406e-01
1.337869990273852228e-01 1.437541783924909389e-01
8.789717298691057668e-02 4.721696525848178005e-01
2.317716362325653590e-01 3.706984676930312750e-01
-1.878419353080033050e-01 4.351021307855312825e-01
3.621164462158203978e-01 4.656195967433720551e-01
1.172667477177785633e-01 -4.393053188026433409e-01
1.809915829429691314e-01 4.202346463038150182e-01
-1.184468116023572604e-01 4.503914640495525479e-01
1.747232334363647555e-01 3.712343168056049247e-01
2.612951774824490148e-02 3.509300833748152382e-01
1.531196928089146869e-01 -4.641896082758726338e-01
1.258256254572366339e-01 -1.000892595159573739e-01
2.145952367063597155e-01 3.907476298958991734e-01
-1.337750471815210007e-01 4.485947131555965139e-01
1.405679180456097521e-01 -2.161072282424498781e-01
-1.599308062641002781e-02 4.014391718565083478e-01
4.248778372876939047e-01 3.832020567293865643e-01
3.980759310353836344e-01 3.818303317413301867e-01
3.702008537745128391e-01 4.730941744000436433e-01
1.959585309569692457e-01 4.084217656986756095e-01
-1.519427618463069507e-01 4.011196734843555101e-01
1.215888670022263751e-01 3.579246313003969782e-01
-4.878381056545325611e-01 4.267796833436164894e-01
3.304878222898230966e-01 3.986764176104383717e-01
1.623579097826960416e-01 2.540623291258534699e-01
1.755601967030674393e-01 4.411712882505628430e-01
-3.850339692727239305e-01 4.051975023462566217e-01
-2.328101643695267287e-01 3.541370789865071478e-01
1.275195379541314011e-01 -2.062261831630817221e-01
1.361601637735543324e-02 4.199936134773996077e-01
-1.351597221297017315e-01 4.086314084585309647e-01
2.121407701054414119e-01 3.808626684793742223e-01
-3.658078732980364345e-01 4.149863539449404337e-01
1.416201537926750076e-01 3.588031719442851264e-01
1.560116644291700272e-01 -3.932107837794007743e-01
1.252245966736524885e-01 1.445022034136209665e-01
-2.872573858511245914e-01 4.212106333297640504e-01
2.152477803114049015e-01 3.609931339696089703e-01
2.246193520643647856e-01 3.995250068041781288e-01
4.131079379061808332e-01 3.898966939487564787e-01
3.468588907404501764e-01 4.218437955161230546e-01
-2.959487645524779831e-01 4.162870928983035679e-01
1.420475160633841716e-01 4.924310470768425985e-01
3.230641487582718296e-01 3.553982624888029074e-01
2.757599430069670454e-01 4.672154160108495935e-01
-9.382282764940541586e-02 4.269467069802356241e-01
4.769479611519856777e-01 3.926151055262290246e-01
2.464534883897214756e-01 3.925182684344633577e-01
-6.263217307003154932e-02 4.389554617227940936e-01
1.417010354089781599e-01 -3.635899754007221318e-01
7.694547401605034143e-02 3.817488017858171601e-01
1.695006615962115770e-01 4.437567169971096126e-01
1.316408390827610297e-01 -3.842820043159581589e-01
4.341614062271040853e-01 3.873417305369233343e-01
1.156606315392438855e-02 3.880234011971729347e-01
-4.985991264216238505e-01 4.320600988482967697e-01
2.042848326002759674e-01 4.268833562092807510e-01
1.523247642194837104e-01 -4.855741139024805086e-02
1.313741157002785709e-01 4.791675577400528185e-01
-2.986679312176975243e-01 4.465778620493456863e-01
-3.940003579603814643e-01 4.037458504445107232e-01
2.997740631794860722e-01 3.729130314221583697e-01
3.603997087083565809e-01 3.852637058717907070e-01
-2.438796835830225884e-02 3.918990191804803125e-01
3.249025299466213879e-01 4.763345047018167078e-01
-8.067383192720944951e-02 3.828204163767013890e-01
1.416824946480291780e-01 -3.551163919174192829e-01
1.508385591952067228e-01 1.614467960789496281e-01
1.523844605473623215e-01 -4.873944498755558019e-01
-4.449926749958164063e-01 3.931795369263292317e-01
4.184421566154108429e-01 4.516469691532897235e-01
3.533145975057150334e-01 4.079264664953464736e-01
1.657146372886577623e-01 -1.728514710662062415e-01
1.838156614773502895e-01 4.692467395457901036e-01
-4.362087432088893602e-01 3.969614640064945688e-01
-3.998045750031474777e-01 4.674238427607730895e-01
-1.488636811951667971e-01 4.669285015439429420e-01
-4.799938242397416843e-02 3.519146753783025661e-01
-3.350044473524715904e-02 4.738772737269149049e-01
-4.442760727303713963e-01 4.249352155744630100e-01
3.258183460920972552e-01 3.999218465665521638e-01
3.312451739201359713e-01 3.696797664147748463e-01
-2.382055152866613401e-02 4.468125627439631931e-01
1.458807046654940764e-01 -1.052741908246878078e-01
2.525961438204614717e-01 3.641656386385780930e-01
3.126834242825339283e-01 3.886215831643516916e-01
1.416561787871378764e-01 1.336941288166041408e-01
4.149205329411835841e-01 4.718772539448184977e-01
3.398488050615142697e-01 4.604407486350031720e-01
1.167721577890346030e-02 4.039150069656841646e-01
2.186494656179986951e-01 4.711158641700702310e-01
-4.887906672587918333e-01 4.579665242263800673e-01
1.647711585710430748e-01 -1.912369370112600997e-01
1.237176830602634281e-01 1.169353164147501900e-01
1.138503492234826941e-01 3.994085325495636551e-01
-3.450638294522395677e-01 3.921737467004837718e-01
3.469171066007694648e-01 4.280039733087681597e-01
-2.854114653660078105e-02 4.382345973407458795e-01
-6.812202668588729360e-02 3.820950205463686800e-01
9.622289426244567956e-02 3.936810386294812281e-01
9.591524199586776156e-02 4.165164444710804936e-01
1.161774263817131336e-01 -4.964972347029980027e-01
-1.592644849669574425e-01 4.409690094851732578e-01
1.178816290537455513e-01 5.961641315465360247e-02
-1.455919728966637017e-01 3.501883089474385757e-01
4.063680193338514712e-01 3.759890314424375601e-01
-4.869887803115593439e-01 4.238594525554553183e-01
1.694628199051950723e-01 4.340674293577950760e-01
1.186532227775266568e-01 -1.040826728520304334e-01
1.165596984966525973e-01 1.536893462649220332e-01
1.278798589798804120e-01 1.441044567754914407e-01
-3.806051608404328324e-01 4.152783204359303815e-01
1.459544493532985987e-01 3.649760332711138311e-01
-3.142335006219610927e-01 3.838908040268164124e-01
-8.159351671772308023e-02 3.635056092249425719e-01
-1.633116530932368082e-01 4.023747175946339460e-01
1.285529716224917962e-01 4.633292930220134220e-02
-4.552512166485727096e-01 4.546433451706702877e-01
1.470567109649437709e-01 -3.011216933440682419e-01
4.474998783105017530e-01 3.648533283728560006e-01
1.325435318015542041e-01 -3.255686637695894836e-01
-7.311311815543686254e-02 3.764637384397787612e-01
4.969274427637493385e-02 4.376641461219397122e-01
9.937495379195881995e-02 3.667367545095014947e-01
-3.666587712316971004e-01 4.110295313016595342e-01
4.354857177726286777e-01 4.587524032453363931e-01
4.738990760553053461e-01 3.625741070469010729e-01
-1.176176109385479451e-01 3.836680529943842233e-01
1.571045523828030754e-01 -1.252804518283555657e-01
1.371049268547180899e-01 -3.915846303418274443e-01
-2.122327192610877766e-01 4.279820181387886668e-01
1.264382355918951539e-01 -3.734161071431957302e-01
6.399363077990993798e-02 4.039518529508865363e-01
1.561329897453059834e-01 2.206283695135787815e-01
-2.361012551731455078e-01 3.850996568698380473e-01
-2.548521579926175118e-01 4.129317992712646657e-01
3.167697854144199132e-01 3.675269395481162160e-01
1.556931249943906970e-01 -7.882977999035833960e-02
2.213285803585052225e-02 4.285122118933456514e-01
3.627836902181751366e-01 4.557511507458069655e-01
-8.495992281033237781e-02 3.832399052387389649e-01
1.666001813500223028e-01 -6.223863291439768464e-02
-1.637089993691678291e-01 4.415415093363926902e-01
1.330436763466574801e-01 -3.809495677884690013e-01
1.451429502768234459e-01 1.066220628074554533e-01
-5.155596235976522834e-02 3.854608802459944528e-01
3.954179840159099957e-01 3.522956502927554467e-01
4.223390376769786680e-02 3.724974689967506247e-01
-1.351341262953668076e-01 3.864551778726560416e-01
2.255944620507192022e-01 4.425735751351904668e-01
2.233731462784377397e-01 4.454091588621088560e-01
-3.089964696945629585e-01 4.426940573872673035e-01
3.156540994800565159e-01 3.619057487157054664e-01
1.277791864256971888e-01 -1.136837508866451740e-01
2.253123806878452040e-01 3.803339025312924004e-01
4.160446226876910458e-01 4.106890995766336871e-01
1.156348433377742957e-01 -7.651830403209003428e-02
2.548158938594001777e-01 4.565611823451197759e-01
1.956251974875030664e-01 3.958992506032250613e-01
4.879139866177580886e-01 3.649341531433234476e-01
1.450928374916080621e-01 1.646749596811967198e-01
1.399553802398948443e-01 -4.759861587049296627e-01
3.962919721027433617e-01 3.662292017030770452e-01
4.939171062322545991e-01 3.782271672883223967e-01
-1.346473817694897601e-01 3.862276830908168979e-01
-4.432059056187687140e-01 4.379836108340565692e-01
1.214125221334043658e-01 -1.224470201345466691e-01
