-1.308192610411910151e-01 1.394689280324613589e-01
-3.189895720722105699e-01 1.626406186353510641e-01
4.182591932277196500e-01 1.802045695224822053e-01
9.484861462704430313e-02 4.380696086021613755e-01
9.229530923860074232e-02 -4.945827262368317490e-01
9.687227648036977889e-02 3.688727758497734044e-02
-4.897560979585436902e-01 1.564841133487225866e-01
-3.214006418654585806e-01 1.504759384145107903e-01
4.794205533214430659e-01 1.353605437506136822e-01
1.261301111011257081e-01 1.508426294293255809e-01
8.384705871922326637e-02 4.492223437138898046e-02
7.704051983186122055e-02 4.072687081219712457e-01
-1.146398377946691305e-01 1.409731888090950402e-01
4.766513454716875264e-01 1.509863250274650071e-01
-2.988648881687119285e-01 1.587997713307124359e-01
1.066344345187612008e-01 -2.904241759059222883e-02
8.075136893442691477e-02 4.737777010858932325e-01
-2.944892559901858275e-01 1.522863163430883127e-01
4.151406498859965266e-01 1.664540329593298118e-01
7.459068164232629528e-02 2.189361675969662135e-01
3.826395358087102405e-01 1.835570756680069415e-01
7.882571010162253700e-02 3.905645963085624395e-01
2.077939717931583941e-01 1.722125769515060467e-01
-3.716880719242343645e-02 1.650534653684455622e-01
2.696701425693855958e-01 1.725960911497611550e-01
4.824550718796558613e-01 1.435436503465538083e-01
7.202662428142159179e-02 -1.144028889217345579e-01
7.892344827666386564e-02 -3.708849375006337823e-01
2.183583406962094076e-01 1.533566925823210969e-01
-8.917469887630835590e-02 1.764298310246396051e-01
9.052502820559460428e-02 -9.840165441248627243e-02
8.999466416931622970e-02 2.129610841811919730e-01
-4.818073216356766331e-01 1.763943735473734176e-01
9.172289177479031608e-02 -3.079456828261193380e-01
9.079116920810215152e-02 8.712409085245287343e-02
-2.490445347234429008e-01 1.784162478124263762e-01
-3.638109065633383654e-01 1.641365279683525413e-01
-4.249646694462354546e-01 1.423459977477687932e-01
9.101377794163689749e-02 -2.166681682315018120e-01
-4.505576811500630052e-01 1.399636228754825851e-01
8.733855136160828536e-02 -4.453569878393452974e-01
7.397442830708078620e-02 4.921972504820326666e-01
2.189262171567574189e-02 1.867026796624077223e-01
-4.699150001593941361e-01 1.872001397519360566e-01
8.316145639429706193e-02 3.969454565622876352e-01
8.807842916357344620e-02 2.881244097583861574e-01
-8.505522821873867656e-02 1.666034187256441035e-01
-9.602103718400678556e-02 1.880937146948039596e-01
-4.076397765976685905e-01 1.726712957109947100e-01
9.465949376022730899e-02 1.444853101717301636e-01
7.800754812878807343e-02 1.643192855430457566e-01
-3.854147400022732706e-01 1.601160118818754086e-01
8.245674388621193618e-02 4.601535671278901285e-01
-6.405889259333674701e-02 1.719508605629919140e-01
8.955174802182630511e-02 4.335853292703396589e-01
9.306815713277971636e-02 2.312601651747488996e-01
-3.408843532491954154e-01 1.736839260735307811e-01
6.859438533043293873e-02 1.753358036071797077e-01
1.248752577615157566e-01 1.583952573336210312e-01
3.773117898477732490e-01 1.455028710011641024e-01
-4.823446541358611395e-02 1.703843210602558056e-01
-4.233273554788008486e-02 1.725885223669704205e-01
-3.733858815352283367e-01 1.423438420500146018e-01
-8.344926974461397418e-02 1.418899388530899808e-01
1.049651598253809048e-01 -7.926929673420113343e-02
9.521365584080954125e-02 -4.540819896539923795e-01
8.238589562851861281e-02 -3.387837725046418669e-01
1.083288698193604072e-01 2.380795902290600008e-02
1.936688514297951746e-01 1.704115126439085248e-01
8.829753974409182415e-02 1.756052321944312489e-02
9.734037767029080079e-02 -2.715765882671583586e-02
8.313111368594516826e-02 -3.371269014462718872e-05
3.446522714793964770e-02 1.699204924106406667e-01
9.648033722132065559e-02 9.218483178982772586e-02
-1.348399925918711828e-01 1.519610315508744813e-01
1.062600675912361847e-01 -4.152469428490220826e-01
9.020646692246292453e-02 -3.361929356512276534e-01
-1.657756304218903631e-01 1.492974293697104660e-01
8.331752527131275343e-02 -4.971190711155148989e-01
1.110760548609291964e-01 -2.910949123670526495e-01
-2.248697826900847296e-02 1.605478676676185268e-01
8.506126525406576544e-02 2.122175994751640538e-02
1.044928671686673471e-01 3.501547029636450370e-01
-3.775634113183080620e-01 1.414421024425379647e-01
9.361006345690192632e-02 3.173468886579433601e-03
2.016594386258830918e-01 1.600702884207071408e-01
1.073903026604733357e-01 -1.162725526677262922e-01
9.501536848235303534e-02 -2.002806306688897919e-01
-3.630730486573024995e-01 1.897573012685140892e-01
-1.866827967150757051e-01 1.646203758964529529e-01
7.789507861275368761e-02 -2.517906906117799437e-01
1.022564045954008627e-01 3.739425795506562400e-01
8.124835326404233893e-02 -4.884086394083103633e-01
3.064040059246141423e-01 1.423443798101280411e-01
1.134086227180237660e-01 1.708613302335195705e-01
1.010780379101774429e-01 -8.896707366576206422e-02
8.530856918060414351e-02 3.816904589972826001e-01
1.741732643157515303e-01 1.334349826894269953e-01
8.829861096706259627e-02 -8.046244100447896841e-02
9.708978801180379037e-02 -4.566733240567655283e-01
-3.665397602975484226e-01 1.647743940271914065e-01
2.357835526640149615e-01 1.860253365364470390e-01
1.191052653575668252e-01 1.625802093146788696e-01
7.855846467643823328e-02 2.523604336043026031e-01
7.501313997766800856e-02 -3.228135252498839369e-01
3.991593153721957332e-01 1.768873940912879528e-01
-1.901706615088323282e-01 1.855193211328243219e-01
9.831863081913394531e-02 -1.664080710359784332e-01
3.119305199800037620e-01 1.389733366651013657e-01
9.541693556873476201e-02 1.466048109679272127e-01
1.066941136378165567e-01 4.840157927938257831e-01
3.684549621478605541e-02 1.447745661304629117e-01
8.183637649228914235e-02 -2.992060447347908436e-01
-4.691558333006869974e-01 1.342142562717575371e-01
3.544093818226802250e-01 1.590715753435550939e-01
8.282569335606959626e-02 -3.356481653566290024e-02
7.613943659878519288e-02 8.288866788549487108e-02
-1.080079472478734370e-01 1.429214706925988621e-01
7.300205319271724225e-02 -3.006584189624691428e-01
1.105342020645198042e-01 -4.430937231955744959e-02
1.979285351200977816e-01 1.510036029198512653e-01
2.248897417640539631e-01 1.818845739373288195e-01
3.326427915241344513e-01 1.602314482196806056e-01
7.714683269066591187e-02 2.494128552588200654e-01
1.046588632055215351e-01 3.956541349935028817e-01
9.515528607301448893e-02 -1.109320222356355856e-01
1.088056266354343604e-01 -8.561972738986101117e-02
-4.395463315277838845e-01 1.417914006384753955e-01
1.070318792277156206e-01 2.456647524710176000e-01
8.625720755632659831e-02 -3.793165180951940663e-02
1.067455044883198756e-01 -1.989479682904863322e-01
-2.738285432981737433e-01 1.760962287675642557e-01
8.757510891396824704e-02 4.341418902576678063e-01
-4.621056239379238706e-01 1.832468917350227322e-01
8.935201417260296708e-02 -3.793378011502630542e-01
3.994835900380807603e-01 1.866567169218331657e-01
3.543531632288385858e-01 1.543312944682817545e-01
3.711265169902011607e-01 1.614160135301516696e-01
1.322509880052642472e-01 1.586425929987225203e-01
2.423724183357096607e-01 1.529331641916965578e-01
7.676311234745492040e-02 -1.526763901320573602e-01
-1.565730595027139405e-01 1.875755061738683116e-01
8.514483074762646542e-02 -2.874860802987188046e-01
1.726304180823133860e-01 1.606880683920702824e-01
-3.961232842274812205e-01 1.619302543478302603e-01
-2.341822009514457070e-01 1.397141453652366305e-01
7.479844612160280182e-02 2.413837725082212948e-01
1.379580638346953325e-01 1.786301188443180088e-01
1.051767601579403077e-01 1.414830257871840802e-01
1.660853888860757133e-01 1.783566981556153896e-01
8.171871706408206926e-02 8.442032692108381031e-02
7.787557061808403347e-02 6.915907918813357647e-03
1.060517160431737604e-01 -1.232445896601479518e-01
-1.448339224742045683e-02 1.840205970374145794e-01
7.366543623834576060e-02 2.275058307488367904e-01
1.760159121798724469e-01 1.593350137614889528e-01
3.682525839163353076e-01 1.731626600920310732e-01
4.795832598691619486e-01 1.880818096605733070e-01
-2.489685902025284836e-02 1.700463412024306731e-01
2.652512321199411716e-01 1.392184200250962123e-01
1.059543515372377565e-01 -3.568738133958972991e-01
7.526211255158710145e-02 -1.537219630735100484e-01
2.858925402585020814e-01 1.670846500222430420e-01
3.149355014956674026e-01 1.419442557888849210e-01
2.908536130074551584e-01 1.446155611954780262e-01
1.114053709984705876e-01 1.562690077900845687e-01
-1.328442315967903742e-01 1.729428469685697634e-01
-4.655063405922743591e-01 1.530137102610500399e-01
5.003600899847282513e-02 1.410067691179007765e-01
-1.679227462172360186e-01 1.506691866037460636e-01
3.054163244041618874e-01 1.775392700895398468e-01
2.839730751384198504e-01 1.748097108028623392e-01
-4.959864689327191378e-01 1.729706851581533922e-01
1.291265299588985060e-01 1.560170617327998333e-01
1.281215838196001489e-01 1.838408454412846504e-01
9.753948918441446292e-02 -3.251503276909428752e-01
9.054477137825811539e-02 -1.866931506705504784e-01
-3.653513696161686530e-01 1.525188428102599580e-01
7.570760660720521340e-02 7.347443532674302613e-02
-4.847110346843050976e-01 1.416572586822159030e-01
-4.402466051189662943e-01 1.679383553036409849e-01
-4.124098929710973138e-01 1.575639477092816154e-01
3.934548947419187481e-01 1.894059867355154525e-01
1.068011249819832420e-01 -2.526188946778908928e-01
9.169271267256584590e-02 -4.252831164150507881e-01
1.096199427904792634e-01 -2.140111848573547082e-01
1.586918677573578851e-01 1.751818265350975068e-01
1.058422519066145595e-01 -5.759355082446682150e-02
1.041398695535267205e-02 1.734096525246148213e-01
1.716569033491956997e-01 1.871956153744834817e-01
7.642323406537010477e-02 2.247668384703420674e-01
2.266691245416652123e-02 1.587962029831826438e-01
-2.042716830465525213e-01 1.733749020814917552e-01
1.006956257136074617e-01 -1.480362624491378121e-01
4.116982001796454238e-02 1.628504176652606494e-01
-3.116499164675856637e-01 1.883677358978649297e-01
-1.092536731702808961e-01 1.855163401234700693e-01
-2.306206974288598222e-01 1.865576179609572671e-01
8.967890712716442003e-02 4.314205438814660010e-01
-4.497745767294586416e-01 1.769436772094548083e-01
8.419614555066901040e-02 -2.814398350370506119e-02
3.392211121620273273e-01 1.391930645267677180e-01
3.028774171855498354e-01 1.836966508744323212e-01
1.032661243729400269e-01 -4.470835080823184482e-01
9.460920041006459780e-02 -5.994825591191421665e-02
-4.941859802739709817e-01 1.726061513973018435e-01
3.482473265905438042e-01 1.652993522560405326e-01
3.764185637836336973e-01 1.847393033751362212e-01
-1.092583802772143509e-01 1.787583920076840638e-01
3.281941683610570815e-01 1.798797132179025260e-01
8.427157663984063962e-02 -1.304141882784273232e-01
-3.032407980311245810e-01 1.388371784311129842e-01
3.503446835367689527e-01 1.656067395835658651e-01
9.787502113235091450e-02 -8.429483515220803636e-02
1.049426656514016454e-01 3.340404419020944760e-01
1.027358366894270958e-01 -2.111398878603082396e-01
9.011322011560440881e-02 -3.206406649022567334e-01
-8.747396789704886544e-02 1.372528535436929875e-01
-1.143328646111360092e-01 1.722329625543785880e-01
3.469033058821262561e-01 1.813328567844946226e-01
1.071551227354629043e-01 -5.252456463565513545e-02
2.635905562772956623e-01 1.507068156622898281e-01
-3.934616950474801866e-01 1.472725284954077285e-01
-7.579854775597805183e-02 1.755383436396433794e-01
-3.252024912874069695e-01 1.779490853071374890e-01
-4.653727754878976830e-01 1.355289659202429942e-01
1.104137454449348743e-01 -2.760868993970787555e-01
-3.822181934357901101e-01 1.867007176232893251e-01
7.155151444062624044e-02 -3.043978465629713082e-01
4.038715034079453092e-01 1.564493300133659170e-01
-2.323544046584752332e-01 1.771413220397626276e-01
4.912702548710987660e-01 1.750688090834383592e-01
2.185087284637737826e-01 1.756521418102297005e-01
-1.229543800218446670e-01 1.611732321287678849e-01
-2.782453729958627164e-01 1.891036700733981224e-01
-4.047760034174285870e-03 1.826915384108205309e-01
9.559054285955503882e-02 1.908919002119511266e-01
7.071862494740988048e-02 1.703778176175526626e-01
-2.247567932357276144e-01 1.559032111027143230e-01
-4.485888691571755515e-01 1.752163619847036946e-01
1.000777922859585889e-01 3.572919227513970952e-01
3.160769493688220244e-02 1.648758059704336087e-01
9.927038409151944798e-02 3.630042733443361591e-01
8.531149562312922985e-02 -4.420729417336386469e-01
2.749740128193659539e-01 1.708619316467008264e-01
9.549859909547897541e-02 2.868487266658068524e-01
1.071706268646456239e-01 1.598265508702878535e-02
7.388441835144377023e-02 -4.092489499407524489e-01
-4.211504251319717618e-01 1.487935802670201646e-01
-2.077639006291782664e-01 1.466049616108306974e-01
1.064302667896963595e-01 1.376546700314074112e-01
-2.162092959469540387e-01 1.787163535305786866e-01
9.941483628839531406e-02 -9.241258649474370923e-02
-4.205795501790454693e-02 1.635139661548690171e-01
9.719329581043212318e-02 -3.420504913564108573e-01
4.334596467479396864e-01 1.424703920844501148e-01
3.149917319889204981e-01 1.451408289941170660e-01
8.846292329062621640e-02 3.197754664890665177e-01
9.469362403356895719e-02 4.613710759921811899e-01
1.051777711337743559e-01 -7.602635606356877851e-02
9.154185761502009466e-02 4.377764675834630026e-01
9.965274563259940432e-02 2.897802049584767836e-01
4.164846940760144056e-01 1.639006378015691601e-01
7.803009491847368029e-02 1.139906236678540630e-01
4.147484648463524159e-01 1.778616235070454854e-01
7.202323852704273222e-02 -1.779379989474656476e-01
-1.161091736051561574e-01 1.755000203931872393e-01
-1.974634283196028406e-01 1.696614115695415093e-01
8.519451877374661919e-02 4.104224700338781062e-01
-1.645465777685468645e-01 1.437729152958541201e-01
-2.146057569338292170e-01 1.797096840583906063e-01
7.779762895536201928e-02 -1.847373188180579939e-01
3.784653155953004999e-01 1.618315823944220799e-01
2.566477713035245634e-01 1.418894070269756114e-01
1.046454031107936222e-01 3.968237026873323581e-01
8.923272932869241725e-02 -3.128963057934075476e-02
2.242261661622571012e-01 1.363231168114376057e-01
9.999247815227785274e-02 4.530549544298472231e-01
7.755086108021935765e-02 6.794243237054231610e-02
8.421370095494551400e-02 3.192409622923717549e-01
1.093848596930898642e-01 4.754084128696767220e-01
-1.826057011174695432e-01 1.782588791117273308e-01
-4.948310262250962266e-01 1.680101969386317284e-01
1.076847112780916493e-01 7.708626173085819655e-02
1.074406530545936045e-01 4.682852890331484774e-01
7.284704807152431183e-02 4.135688935107163511e-01
9.305974631602731417e-02 -2.139245822250613882e-01
7.339666801012079134e-02 2.328996828245386563e-01
-2.048256805057293573e-01 1.645844917275175456e-01
2.112200660725587209e-01 1.594191300838483372e-01
4.060681708869294804e-01 1.550378982254532190e-01
-2.222906072805523880e-01 1.541991264806708006e-01
3.833023881725734494e-01 1.834079749378428881e-01
2.660361930726897750e-01 1.716991640847534972e-01
-4.503503111854589847e-01 1.348720295133866154e-01
-4.958311491873481636e-01 1.491316630603184423e-01
1.096457593563917587e-01 -3.845394628392388992e-01
1.034497273977231790e-01 -1.504282673954895344e-01
1.072524525238450765e-01 -1.710796158461088678e-01
8.773313694431605914e-02 4.629869293372939065e-01
-1.512623246429840584e-01 1.353497939565330155e-01
-2.948656320198739245e-02 1.333097065442463425e-01
8.004961644965413736e-02 -1.954958801012257608e-01
9.201219189745157845e-02 -3.171504178954267505e-01
-1.548392999479909493e-01 1.442785677396746236e-01
-3.890688090493532592e-02 1.427456381586537093e-01
-3.541606348111281388e-02 1.481407597400720144e-01
4.012281269312448773e-01 1.474350618647384259e-01
7.715109937868402934e-02 -2.207864030338876349e-01
9.718666333438019667e-02 -3.806464131438617171e-01
-4.576019764506376042e-01 1.745261606964940704e-01
-4.387699090994841011e-01 1.608033324961226640e-01
3.243048426709991272e-01 1.816598861418136091e-01
8.566760976623577495e-02 1.843305105141701539e-02
1.281906912285885047e-01 1.649136687535907031e-01
-2.872724705903135778e-01 1.439404365143059916e-01
-4.192402608856680146e-01 1.514482607396614444e-01
-1.875532072576860942e-01 1.497924537057574446e-01
-5.773697671824795652e-02 1.865421791126093964e-01
1.068571656748313892e-01 2.388622522056657038e-01
-4.035434042209867789e-01 1.629683604905858285e-01
-1.446783253613429521e-01 1.834625668132016107e-01
7.450343219409050199e-02 -4.139920359853754839e-01
-1.010306953460158308e-01 1.637552315892029098e-01
9.456181551252529349e-02 8.015707917107939284e-02
7.329682339445842132e-02 4.721186343219210269e-01
-1.106572371908480790e-01 1.823270756683843530e-01
9.911208301261043019e-02 4.052930946603416906e-01
7.417435415777262619e-02 3.274526869881184687e-01
9.073123148473627442e-02 2.851583853478135699e-01
3.908258134531139572e-02 1.474368734264137615e-01
-8.149021252980537255e-02 1.379854259692685492e-01
6.120732113493843052e-02 1.563869356847139569e-01
-4.255250957794033395e-01 1.346980230745974394e-01
-3.423172481402816381e-01 1.544535624328536860e-01
2.363676006766531890e-01 1.440105980808069619e-01
2.920474241759660750e-01 1.847232653855699347e-01
4.684652766049216543e-01 1.841599495998711422e-01
-4.260802189065494572e-01 1.879047155899179478e-01
-3.439031025748030546e-01 1.814882067307294067e-01
-1.145621543384318652e-01 1.613599733584673013e-01
-2.810856402934606146e-01 1.420791649824755254e-01
2.977240017413076423e-01 1.510287527600127078e-01
-1.193244320270394621e-01 1.714464610345203255e-01
-3.828805246042040755e-01 1.760975819892962591e-01
7.528865522344674321e-02 -8.763113885019946370e-02
1.034251411798697839e-01 3.416771412104151473e-01
9.047075432568396636e-02 1.661839524438628590e-01
1.878999610722289493e-01 1.843199914251745231e-01
-1.727758525792699729e-01 1.824808013823713271e-01
9.972386532470811638e-02 -4.018294654963716628e-01
3.636486728200961638e-01 1.696628965403548239e-01
2.289118025310685756e-01 1.729578768708747161e-01
1.114542753444335288e-01 2.941913892019482057e-01
1.116611803204289322e-01 3.617625547126346319e-02
3.029791387601302732e-01 1.434001010631579254e-01
-3.636466168203730254e-01 1.392116031791306163e-01
-2.134787975761698320e-01 1.648201146930101668e-01
1.776652583314719536e-02 1.773640975218867544e-01
9.477750940559126480e-02 8.623874277276655231e-02
7.123057877356686607e-02 4.902120083760866942e-01
-3.030188639991669985e-01 1.373004807631131863e-01
-2.245176490605472752e-01 1.609129531374210442e-01
2.207217190732702061e-01 1.628402860758919601e-01
7.894343262947733919e-02 2.043247039880036198e-01
1.056054384798962298e-01 5.156325987330545590e-02
-3.260829905141426899e-02 1.380396580645074645e-01
-4.797948780206234831e-01 1.886102253619347247e-01
8.838508200539463289e-02 -4.219457155019815664e-01
-4.794972752637891578e-01 1.830758668560997782e-01
-2.502497497229130285e-01 1.666924251232415610e-01
4.529160060335936100e-01 1.436593349219611460e-01
-1.738157673611042675e-01 1.825493540250019420e-01
7.201770772862270409e-02 -1.996899046109221754e-01
2.672932735145358008e-01 1.386833975446739586e-01
7.247082020773254474e-02 -2.676205414252902370e-01
1.073702934637660311e-01 4.882467887046115784e-02
-1.717599400264779863e-02 1.616468433671789384e-01
-1.609028787204558331e-02 1.472629380791043996e-01
-1.388985582499168148e-01 1.433772404048166971e-01
8.732860133255038182e-02 -1.914978662121855635e-01
9.380422150592071517e-02 4.565152809207799756e-01
-2.759365336191657025e-01 1.646074286790699670e-01
1.103734365428431508e-01 3.487479701799589549e-02
-2.388734347834325922e-01 1.616123704333732869e-01
7.389054282722262723e-02 -3.492010366155661183e-01
-2.115919647553721195e-01 1.754162946385613431e-01
1.665041025588751555e-01 1.702491735393176775e-01
4.305051913439463807e-01 1.644977947346573099e-01
-1.175929419006014331e-01 1.730339564913562223e-01
8.202080822586033104e-02 2.102254498492475143e-01
-1.291138820952414390e-01 1.575903714947736178e-01
1.103880813245362580e-01 -4.150621954619841958e-01
9.185846506323647187e-02 3.703285699437013356e-01
9.512287339232927685e-02 -2.450434392964833119e-01
3.288137612474948401e-01 1.452436891245993955e-01
2.594258013274238772e-01 1.573009069101444224e-01
-2.047362689773646327e-02 1.716027888981539462e-01
-3.254895891109177430e-02 1.381181636971036131e-01
8.776445134317401031e-02 1.088425867267894809e-02
-3.633842123244255262e-01 1.577941607992648931e-01
3.875535701631588337e-01 1.480716916671758199e-01
1.041273828300578463e-01 -4.098431197143391769e-01
-1.584288412170108407e-01 1.796529215317843597e-01
7.744777564968652328e-02 -3.203488881358751428e-01
2.271460328303015475e-01 1.883155659178860075e-01
1.101475039141677215e-01 -4.707890269182768428e-01
6.746272782362339182e-02 1.409134928977976431e-01
3.375816129547245525e-01 1.361322155671514933e-01
4.424694021434267821e-01 1.635931630777888168e-01
-4.156718333512992025e-01 1.367205581677717330e-01
1.087189362734242160e-01 1.121611851728093745e-01
9.608578976038673058e-02 -2.980429353436635509e-01
1.049658715559640410e-01 -2.988951069811813799e-01
8.609059692992526713e-02 -3.222008006908052558e-01
-3.433370928465732108e-01 1.593484164653148349e-01
9.417439426376550404e-02 2.370234925940651882e-01
8.499177559574022656e-02 -3.399411801621733398e-01
2.764878538302822930e-01 1.354938799174834063e-01
-1.417208257513705716e-01 1.782440001189820045e-01
4.525767713292836447e-01 1.897063874225042301e-01
-3.998423509208756110e-01 1.370957497439980743e-01
-4.616522366872843897e-01 1.586418130270816906e-01
1.025394814984948999e-01 2.652344334348958332e-01
2.742438791183925417e-01 1.797863663452389238e-01
7.153906363755380138e-02 9.736911377435908399e-02
1.034150784881864293e-01 3.504476636562249281e-01
9.763929855593778129e-02 -1.164463952912991873e-01
7.174046597086636279e-02 -2.363812356786139102e-01
3.427186488067142101e-01 1.351736559038979602e-01
2.970476522748712878e-01 1.435738199145983884e-01
9.354800057920265033e-02 1.197479816071574943e-01
8.812556839828045163e-02 2.196629072476359301e-01
-1.201770422386718717e-01 1.488522150469159255e-01
-1.932319183832359455e-01 1.417907495679723295e-01
-1.158603896070626860e-01 1.822276860032275847e-01
1.501447240469657718e-01 1.603696738818318757e-01
2.559780496997339228e-01 1.576611278912328773e-01
-2.060432088067243317e-02 1.833605704254789304e-01
8.260118644445813008e-02 1.362419911544120454e-01
-4.086998229184480858e-01 1.341017182040730171e-01
1.018623483058817003e-01 -1.303048719985385739e-01
3.196229327212617433e-01 1.641955682635430902e-01
-4.870920456097902473e-01 1.462927655349552936e-01
8.526212852155379274e-02 1.241677890850579891e-01
1.028700934852850857e-01 2.767497445482403062e-02
1.564713833659459041e-02 1.841054314369896527e-01
4.296451177690154832e-01 1.359350922096917991e-01
9.463258004290253655e-02 2.060754905641445367e-01
4.949329032586682331e-01 1.854018166369637566e-01
9.219125244587667023e-02 -1.479908070178459489e-01
4.533247221350271694e-01 1.565364165122125062e-01
8.680497192046698895e-02 -2.116223287227849692e-01
-8.291386145367274363e-02 1.350126278779313349e-01
1.053507114434539815e-01 3.310645662593755256e-01
6.463488747937073953e-02 1.885581104538469610e-01
9.176495804714057680e-02 -3.190433798728393722e-01
8.017755709927343322e-02 1.551290406503389452e-01
1.077170059061384189e-01 -1.899750130954709348e-01
-4.631141936912601675e-01 1.641863108701040463e-01
8.552769899523582353e-02 -3.626464033943005427e-01
1.028834762656886115e-01 3.600450724674798542e-01
8.232798420488585123e-02 -4.898424801542983209e-01
-4.558302649924762528e-01 1.663757533246892351e-01
-2.976322882413059423e-01 1.569643214897508132e-01
-3.930662406703855360e-01 1.520015710452056190e-01
4.606303004083448505e-01 1.646506466694254156e-01
7.972740746005291257e-02 1.296821090872111171e-01
1.112285815296707447e-01 2.697835114166027282e-01
-1.442068728388624654e-01 1.527675761538660471e-01
3.840116980529139079e-01 1.761214023835216969e-01
4.224765329623937360e-01 1.746019050058587041e-01
7.454183253066792858e-02 -3.456729193198935235e-01
-3.555846952501973135e-01 1.686546587452999457e-01
7.658479284088481887e-02 2.724026091311582132e-01
9.385688475658438001e-02 -2.235570010933851659e-01
4.200334009514056222e-01 1.817616618120151406e-01
6.940824133344647429e-02 1.605368855194987399e-01
8.029463715726714579e-02 1.006820070674671053e-01
9.751612874078408044e-02 8.964288674720699568e-02
1.064168355220566076e-01 -2.523142147084233011e-01
9.562948171260332586e-02 -8.901783170799781875e-02
-8.899720384531506490e-02 1.385991925408719405e-01
-1.908046162306776816e-01 1.880382061372711799e-01
1.090722021097100258e-01 -3.311205922030775461e-01
-7.035704047137014694e-02 1.563892661675814200e-01
-4.449553365467001642e-01 1.626320907525095061e-01
4.508278296789169914e-02 1.805278069555185105e-01
2.096313944928315243e-01 1.715805326198505121e-01
8.627325818967956916e-02 -1.311096467304173618e-02
9.477411758518206053e-02 -1.243532713859333283e-01
9.031782369502594499e-02 2.044122121449254426e-02
9.769110612791820358e-02 7.613874910761364578e-02
4.078950823348750365e-01 1.631179998240867013e-01
8.007532549483531437e-02 4.290174897486831451e-01
-8.985073878750038379e-02 1.396855888341798080e-01
1.188697851364003411e-01 1.434313847184713886e-01
-4.021057609026789104e-01 1.604603855309298943e-01
9.513349477480270711e-02 -2.146229960845059681e-01
-1.104757108489807793e-01 1.784988596120570259e-01
8.490993424489634567e-02 -4.416950863929652860e-01
1.089155063265671020e-01 3.624466277356441779e-02
-1.140996260297808540e-01 1.875253656378195188e-01
-2.726304090133362390e-01 1.333211196235468687e-01
