6.012507830563174061e-02 -4.675717235337301103e-01
1.392399112596883759e-01 1.069389629361037208e-01
8.564047129272511771e-02 4.917388371071799158e-01
8.541302039185127981e-02 -4.762205313880041313e-01
7.392306720669694631e-02 2.987965889219568183e-02
8.290102004237898115e-02 -4.892262623461587356e-01
9.645630636573410133e-02 -1.250418263065057323e-01
7.635948343537590777e-02 -3.865137956858358814e-01
4.444219676679003195e-01 7.981518114353047810e-02
1.917454868259950151e-01 9.612914426817176228e-02
3.374271452819108674e-01 1.023539632417647116e-01
8.406918432861254509e-02 2.661877117407721594e-01
8.055008785281114747e-02 1.820718905946728805e-01
6.733193453743691048e-02 -1.969712630871680581e-01
7.375207113464687936e-02 4.136176065987080541e-01
9.005694636917516149e-02 4.185634109204304787e-01
1.520677970116286470e-01 7.492421500455304084e-02
3.187012482738679209e-01 8.679204790967598449e-02
-9.363585844073363251e-02 1.033331642632058234e-01
-7.918485994402146844e-02 9.294364477730110430e-02
-4.272623974318918716e-01 8.345137138898106599e-02
9.278711131145034319e-02 2.159934191432457684e-01
3.160172219525503312e-02 1.106728562423509032e-01
7.519319918212574727e-02 3.031194053721208981e-01
7.475547796248005472e-02 3.820942550855254138e-01
7.082123983043853155e-02 -2.105266993514901541e-01
7.665096828649031746e-02 -1.171995736044006975e-02
8.319564955348146551e-02 3.461963779294812138e-01
3.762453498726684442e-01 1.057782395796256214e-01
-3.626664209160589403e-01 1.037426848635165655e-01
-2.398298352651705434e-01 7.401294722027440542e-02
6.278031364548741777e-02 -2.673249409593726478e-01
2.791937885245739936e-01 1.062239066740855442e-01
7.016023734482845775e-02 2.834360100550481487e-02
3.752960056984604442e-01 1.120694364821107625e-01
6.659892797231237171e-02 -1.151699683269827856e-01
-4.237516167410143586e-01 9.563559353276651631e-02
6.606505751903979373e-02 2.101510763297734785e-01
-1.091965060261158582e-01 8.659903101090693500e-02
6.781112222569374293e-02 4.915637281813767245e-03
-7.573701679110433904e-02 1.016007782255953229e-01
4.268833386293735543e-02 7.662490686717804422e-02
8.907935255047638723e-02 7.548804787085838797e-02
3.798432856947793201e-01 8.326777504025661969e-02
-3.127595972556437287e-01 9.308659988199552426e-02
2.426667834573388305e-01 1.059692269370858808e-01
4.976228041521671974e-01 8.700701577060565572e-02
2.177983449401055260e-02 8.730954270472535139e-02
6.993492828542147155e-02 4.488761570284363067e-01
8.898934295851246290e-02 2.479802845125477218e-01
-4.658290684249624114e-01 1.074163027410491855e-01
-3.177139775942541267e-01 7.674088265584522173e-02
8.750336895630583811e-02 -2.926335482861207593e-01
2.464888422323223693e-01 9.531240846299493530e-02
-1.953103683506404176e-01 1.028124236923478874e-01
9.084934185263071615e-02 -6.711892566073540678e-02
8.975830123652128734e-02 2.184305793598739776e-02
3.875044357513424131e-01 1.028403531030210871e-01
-4.312989586720388235e-01 8.800381977745164175e-02
2.609848284449144407e-01 8.160464016069002291e-02
-2.440988725195136766e-01 8.321403933463100699e-02
7.166711086429777833e-02 -4.662946115274347880e-01
4.604138440186456016e-01 1.025327696037271474e-01
8.196794627561176938e-02 2.398488795795801209e-01
4.305026552640850435e-01 8.780688658636870425e-02
3.544309682793911342e-02 8.411436643331571261e-02
3.232806374319361353e-01 1.081615743061825619e-01
-2.864035609938634375e-01 8.076083227909991447e-02
3.778435754486744180e-01 9.126204398681547758e-02
9.672455361535925444e-02 -1.737341126376572564e-01
7.143839270518004270e-02 3.569365071267450729e-01
3.668263890454993570e-01 7.775655167093875608e-02
-2.995099489522038416e-01 7.968173213420237655e-02
-1.565802700536549352e-01 8.087622458422760729e-02
7.783160357865293033e-02 4.480611681593043016e-01
-1.286639976173091782e-01 1.078260772235710707e-01
-3.254882474944624793e-01 1.139947666456367914e-01
4.350255557436402132e-01 1.108961575639750841e-01
-4.763000752386812309e-01 1.130566389481454381e-01
8.796653591694569840e-02 -2.010144579694511657e-01
6.481539522517587582e-02 -7.006964066182452822e-02
7.383327655543747703e-02 2.547863714591072082e-01
-1.091028092398691474e-01 1.017642108004939150e-01
2.532745853360263144e-02 1.096767581874829034e-01
3.757650006389574582e-01 9.816871870148957679e-02
8.850366770073681000e-02 4.223566897128824271e-01
3.112356429641515154e-01 9.942856445412651123e-02
4.675388583815845989e-01 8.594011294805836698e-02
6.230092099428163888e-02 1.403490650375092130e-01
2.529870176994554187e-01 8.930693920449572776e-02
7.822001737783335074e-02 1.330855990969914693e-01
-1.951988193994281806e-01 9.330319567241607270e-02
7.957269962054203116e-02 -2.329221200968303318e-01
4.232864122450968880e-01 1.038625249027478326e-01
1.002636128794837100e-01 8.278716578265410408e-02
8.177302658490148701e-02 -7.344975398115083376e-02
6.213335325423585687e-02 -4.020255627386135622e-01
-4.772434499308290112e-01 7.352076987343114656e-02
8.804934647093065614e-02 3.432782274298161740e-01
6.055338681520450184e-02 -4.384623543942781643e-01
-1.330028047452356255e-01 1.115196580612073385e-01
-4.362310832705604824e-01 1.025360070886635055e-01
-1.214831877122554138e-01 1.067729385188541658e-01
9.500473627865602122e-02 5.610256287072168391e-02
4.522232338154273945e-01 1.080553628359205431e-01
7.987884063442118876e-02 -9.250893661936643309e-02
7.037802146302285511e-02 -5.005941857322859789e-02
8.411133918618729499e-02 4.242713648616812661e-01
6.237814726365487061e-02 2.700834320401679367e-02
6.021174338962176353e-02 2.991011464325020741e-01
7.249832943309408861e-02 1.611085093692206094e-01
8.540575645744119537e-02 1.299474104762580184e-01
1.590700135961563566e-01 1.093204314513734898e-01
8.334483085647825806e-02 -2.987808693076829947e-01
1.912362978754673648e-01 7.747849275329043994e-02
7.988510931261050274e-02 4.710294248035850062e-01
3.710699926126844739e-01 7.994795767036200207e-02
7.747101559847080487e-02 -1.342344489245599348e-01
-9.953857838683355386e-02 1.126236906113907699e-01
7.718598093073292254e-02 -4.490775678722125352e-02
9.301824972988226303e-02 4.798477604248466699e-01
6.147517969482330091e-02 3.354813316591709338e-06
8.728796189320431331e-03 8.698761290174683580e-02
8.602868791384732372e-02 1.117092460075170823e-01
3.747604782191449324e-01 8.743833541823264888e-02
2.531537007443410703e-01 9.943378895144794338e-02
-3.362449304294401475e-02 9.652528550373840055e-02
6.360497765136052806e-02 2.803335682904817272e-01
7.852251506945395754e-02 2.615349619887451516e-01
-2.878785486446562292e-01 1.027279156696188078e-01
9.071740402620154242e-02 -3.081525188095761703e-01
2.778831443990062988e-01 1.115016105242958577e-01
4.287773870916423702e-01 8.104078116790791597e-02
4.868674115927263957e-01 8.336160986524976391e-02
1.156473995498406016e-01 1.079899096754673993e-01
1.601442653743732070e-01 1.082286986988535427e-01
-3.718939752647631991e-02 8.822483999112673558e-02
-2.459984075230599032e-01 7.586717133698617221e-02
2.774026897670801572e-01 1.038877603889992729e-01
-3.019271742262275016e-01 8.776082106558869000e-02
5.383444169412454627e-02 9.516925854485525083e-02
7.735597396311344465e-02 4.469414880300122128e-01
2.694317213243612175e-01 1.047793154073899391e-01
5.999488102714456428e-02 -1.864397805948340148e-01
9.187178885823021890e-02 -2.171988323130518150e-01
9.203704872569917761e-02 -1.655139215655025975e-01
7.345360694953151359e-02 7.768758106061768309e-02
3.057936620956512863e-01 7.452570520384615982e-02
-3.911065027896674096e-01 1.072840141689375137e-01
6.708120186435395649e-02 -7.430850128225752194e-02
-3.311410019313649755e-01 7.376247779426992057e-02
3.667804183819711739e-02 1.004328840291390801e-01
8.167875361994159089e-02 2.780907721874725791e-02
9.361028416323891044e-02 2.590598428061173797e-01
6.575520512862775835e-02 3.536025146428304344e-01
6.483413801576742852e-02 -1.915734220055491654e-01
-1.233845721596349421e-03 1.095231039210549095e-01
8.122331315699504728e-02 -3.221158318248085184e-02
4.980637083468717474e-01 1.089695261042333829e-01
6.739375781109258057e-02 -3.683291436071206570e-01
6.661215474941839521e-02 -3.745399386322956214e-02
7.945628020042094786e-02 -2.621002154071716550e-02
9.440417565902781138e-02 -6.915463937636068259e-02
6.635800582807604986e-02 -3.080313566925043656e-01
7.604772293071859757e-02 -4.312088832032255903e-01
7.626383006476977755e-02 1.436453389778298284e-01
7.281960967914158367e-02 -3.443595065547977452e-02
5.926968768760865203e-02 3.965085745986386412e-01
-3.984691620009583879e-02 9.550426674207990185e-02
9.716412546356767432e-02 4.022285112078116676e-02
-3.708309505704894260e-01 1.049259464029244082e-01
7.248230699451063686e-02 -1.250982107408086241e-01
9.469306070029459566e-02 4.297555318050850781e-01
4.664158912106864951e-01 1.004993444482683573e-01
-3.061722039277592344e-02 1.036687147336075032e-01
-1.296868404902669081e-01 7.871376708177635351e-02
8.361839602615228628e-02 2.369985682764783608e-01
1.490646880871128177e-01 9.510813811964191622e-02
-1.743377247680607534e-01 1.053095041405888166e-01
8.577902315807417466e-02 -2.568092240877382082e-01
6.595296751384593925e-02 -3.567513742250563169e-01
8.761953298770264187e-02 3.677213964924196388e-01
7.465517219620887435e-02 -3.653324541581852714e-01
7.670085466085796444e-02 2.455433475306355584e-01
4.719179201339295249e-01 9.937828955991323543e-02
9.051139453207124319e-02 -2.968596217636033652e-01
7.132800550182583077e-02 2.901612382677654089e-02
4.997147525949817704e-01 1.017509940186980266e-01
-4.333054390321473548e-01 8.652531871128521512e-02
2.767846757849650174e-01 7.339305767680037729e-02
9.248496941419548367e-02 6.573507116718013688e-02
8.428504650307877544e-02 7.518186077284749746e-02
1.772543727820754533e-01 8.629536134940773984e-02
9.508616900666178040e-02 -4.425692978651601939e-01
2.750861839895388794e-01 1.035653930492839159e-01
7.231028499640956841e-02 -7.216090407569719645e-02
8.784445448138689105e-02 2.872044810812810489e-01
-4.098717928032624691e-03 7.552570834519412024e-02
9.028628479350619962e-02 -4.758335779370919116e-01
-4.525289550334874455e-01 1.030154776420439955e-01
-3.258132739539360001e-01 8.441287703237021489e-02
8.825887677619193017e-02 -4.555774289902525531e-01
1.812649873883073193e-01 8.693604100779250832e-02
2.150961560847399756e-01 8.363407469832162544e-02
9.439924454981818425e-02 5.544424780431134181e-02
7.214994093772442163e-02 -1.527753458437346445e-01
3.567522002588991992e-01 9.776938262283685344e-02
6.973440233718364301e-02 -1.984913714623071090e-01
-4.052264306601603971e-01 9.551349419654242556e-02
2.411855663272920447e-01 9.318144413303441898e-02
-4.311774042058874601e-01 9.329917577675939100e-02
3.205275001027881876e-01 7.782069084722464947e-02
1.532082527495802760e-01 1.101435633958290916e-01
-4.827307793851720596e-01 8.567696762519860787e-02
7.431439043487997331e-02 -1.295958535104246856e-01
7.629135615576831952e-02 3.027746403309404810e-01
3.785032219986653734e-01 8.199098428146067707e-02
1.535947054475859108e-01 9.333877781977228949e-02
8.816921663731103198e-02 -4.249940243044048049e-01
9.810194389646043067e-02 9.551660769549252805e-02
3.551675336821515927e-01 8.230232627609423979e-02
1.875990532637752395e-01 1.066118927573220798e-01
6.841733299058716522e-02 3.341019976809944669e-01
-3.019263075873502844e-01 7.965074701225760556e-02
2.825910619766167642e-01 9.003166951786678585e-02
-3.785960624173876354e-01 9.606045453517253474e-02
3.427898516200538204e-01 1.036207791763992248e-01
7.732420895252889448e-02 -4.744080693647907410e-01
-6.670480795442434996e-02 7.469428988952042658e-02
-4.376666033008773660e-01 1.087630285237157768e-01
7.756677713538306929e-02 -1.076200769958763903e-01
8.114034575786288617e-02 1.242460926109039132e-01
2.506169852156299171e-01 1.113118606006344713e-01
-3.744170837990901113e-02 9.411417220655948768e-02
-7.705951661418297682e-02 7.984003062963918040e-02
-4.175209465962181898e-01 7.522525673719471229e-02
-3.036633399461585725e-03 8.025017810337975455e-02
8.376428171659167088e-02 -4.523671855445136059e-01
-9.242218454348005707e-02 8.531971457148324056e-02
-3.943737048141039425e-01 1.040242396244808187e-01
2.587819121479063567e-01 1.108321789625016374e-01
8.140353141425515915e-02 4.577487705677690810e-01
-2.539431251846624438e-02 7.755663411044921851e-02
8.718375048719551046e-02 3.317287414326888229e-01
9.673914737261579688e-02 1.471847784945495841e-01
8.121279250542656758e-02 2.567696247244590779e-01
6.145293137991147958e-02 -4.476920895682163781e-01
6.183293981869641964e-02 -1.921731790688750996e-01
2.157518886407974179e-01 7.493123161950643318e-02
3.564242239205462903e-01 1.133608622298410973e-01
1.579153791764873471e-01 1.018207639562793698e-01
8.647468567974569975e-02 4.460812283435137138e-01
-8.111402927276689656e-02 7.656314872314129438e-02
6.356856171362101904e-02 1.575112988186506691e-01
4.792383263158739304e-02 1.091721826518463612e-01
6.582645338015058467e-02 -4.503525184630540190e-01
8.986223414226812700e-02 -1.037782541460297026e-01
-4.961395875105134579e-02 8.009109987841844802e-02
-4.314270375362091459e-01 8.539549050998285207e-02
-1.094391531355586311e-01 1.037793458367749500e-01
-2.568777293258338590e-01 8.498015460646668462e-02
-4.320269499403991409e-01 7.361758501924331455e-02
5.323194836094924387e-02 1.077906583231355020e-01
8.058532325122624851e-02 -2.204365489701127778e-01
8.863413813431475496e-02 5.579037737459857649e-02
-3.996905644724546569e-01 7.930356812146999168e-02
6.295204049929004064e-02 -2.689486748655102177e-01
1.024445486985098297e-01 1.093392856944681579e-01
4.457582473615715468e-01 1.094066847138559506e-01
9.048071419827108386e-02 4.547152775791153401e-01
8.486214812519798922e-02 4.455612506642270265e-02
-4.229846470167301087e-01 8.597474897033818841e-02
-3.263985719769785243e-01 1.117304076008173164e-01
3.925601271520599012e-01 1.083138566797234859e-01
8.565756654873579734e-02 -6.958053032346311895e-03
-2.668068308869522287e-01 9.394287942265466818e-02
-2.277352161220674853e-01 1.061857943620619915e-01
7.902546973178137257e-02 4.789623067164769932e-01
8.716053412413826695e-02 -1.567135281064925278e-01
-3.871778341918894473e-01 1.064039907328535595e-01
8.833468241699893309e-02 2.965168185284182689e-01
-1.201157351458931322e-01 8.058493556043433426e-02
-3.471136534889784908e-01 1.025074399418072213e-01
9.662676207715537036e-02 5.511882470058881989e-02
8.637628089183002622e-02 4.235163599909645971e-01
6.245891186756136193e-02 -3.529347930145950718e-01
6.747903001809629764e-02 -2.504453426223396395e-02
8.468652136161480826e-02 -2.878170464153191332e-01
-4.255689294017761526e-02 8.751419612985367191e-02
9.257156942560662571e-02 4.655622597496337223e-01
2.922770482013155036e-01 9.214042334431171710e-02
2.573475290834339457e-01 1.061083288848693185e-01
6.666508756928946067e-02 -3.239813474646999758e-01
-4.163760902534278108e-01 1.097487401376200378e-01
8.714028790278416370e-02 -3.971510170919058114e-01
8.989648799492488962e-02 -1.732460357651899319e-01
-4.989848584529631426e-01 8.550874312570910796e-02
3.150570645964628769e-01 1.025974208826166967e-01
8.865671714270917381e-02 -3.920338209517360006e-01
-2.811625698239432758e-01 9.962401313114732648e-02
3.144055894476348589e-01 7.951426780366277480e-02
2.148123498304366219e-01 1.038441417295240532e-01
6.075845382318012522e-02 -4.144109812846124008e-01
-4.217516685742409566e-01 9.691724691804315395e-02
3.438907041742578219e-01 1.141016353388144555e-01
6.557834715360599809e-02 -4.009567895728012310e-01
-1.114012744361814189e-01 1.100332736398739186e-01
6.458346713228213520e-02 -3.864964355334754575e-02
8.984867536874407978e-02 -3.475296001439385218e-01
4.803575931917825059e-02 1.075839844863942796e-01
2.445927369948158736e-01 8.065364894237214699e-02
6.555779275116591087e-02 4.252812987511203069e-01
9.263672957065216540e-02 -2.518482250451693494e-01
8.047160148926091328e-02 -3.832512921769686276e-01
7.859375709728122494e-02 2.474439787111112343e-01
4.861009640362543571e-01 8.604736559372427873e-02
8.250147720311873378e-02 -4.336519917107519717e-01
-1.945273027819092171e-01 7.616336201321816102e-02
3.766414823790178446e-01 7.439669346071520195e-02
2.317372333778554561e-01 1.037404285655589842e-01
7.279965643397168229e-02 -4.540995987362783648e-01
9.369992271377425297e-02 -2.234956699272273584e-01
6.622147816546086752e-02 -8.942139793662584601e-02
-7.026185235611270841e-03 8.066849583429747117e-02
7.400009149494390925e-02 1.382809718645383601e-01
8.452272334951393962e-02 1.624179889512465946e-01
3.965097221703176578e-01 1.129678331909712563e-01
8.676270419339993101e-02 1.614386938408484129e-01
3.388636229798380750e-01 8.396528527593916102e-02
9.502572308179169092e-02 2.844008993884616920e-01
-2.827153685617412870e-01 7.565283726507598949e-02
2.926889876617658759e-01 9.927607396874404966e-02
3.619282019463727629e-01 1.114058503521465626e-01
3.667073773846064588e-01 9.205605627003488056e-02
1.601471074965841179e-01 7.396611482124204606e-02
7.585467231114029207e-02 -6.900031744625612085e-03
3.833472238985691227e-02 1.040786675240332748e-01
5.989837106286577395e-02 -5.666148733698528339e-03
-3.589856469046466270e-01 7.487188392691379590e-02
7.888816962023781354e-02 1.006371005650652517e-02
-2.938159038390876221e-01 1.117073156753615182e-01
-3.758041322060791112e-01 8.490560405354219409e-02
6.052379357064674448e-02 -3.509018878203881142e-01
-1.021540586171754139e-02 1.093675866332410873e-01
-4.312766614929643971e-01 1.049441860656291636e-01
-4.350268021352470260e-01 9.987008681555120670e-02
7.724495995209568200e-02 1.262670110771242360e-01
2.429080264582218485e-01 8.853436970349859436e-02
1.670780049732464301e-01 7.883925223779764124e-02
3.490029655053483726e-02 1.132777562149129835e-01
9.630510269794756439e-02 -7.755147742874635153e-02
-1.801968547034283885e-01 1.137155894136974155e-01
2.694728891067175169e-01 1.050946767430798179e-01
8.735409042708586203e-02 -4.327026671050179241e-01
-2.450849037976495781e-01 9.201730044352374183e-02
9.432044876237333231e-02 1.681303384964727421e-02
7.640825156783237482e-02 4.678384514364046787e-01
4.332196515400565939e-01 7.369931079603520008e-02
6.441301847663227775e-02 -2.272594274577246498e-01
-3.567732128128436875e-01 9.000612983749145535e-02
-2.385920704784689761e-01 1.008182268373591928e-01
1.535088016048611337e-01 7.835210435338268997e-02
6.665811840287771961e-02 2.195352558613125060e-01
-2.408061420516945939e-01 1.007877892736077641e-01
6.726123555131768850e-02 3.515358870722997686e-01
-4.506869482490520884e-01 8.044207029584782287e-02
9.665840640417799889e-02 1.390513065536410631e-01
-4.711437267497645687e-01 1.010249765185556869e-01
4.865064191602403998e-01 8.640512007903333735e-02
7.924595221520802646e-02 -3.425737595191078455e-01
7.874370922842433007e-02 -2.239734615026751641e-01
-3.514794799818313775e-01 1.084896788067790663e-01
-2.682484351306779757e-01 1.094015961569793083e-01
5.968813795454197546e-02 -1.460735200626100960e-01
6.436931212449670259e-02 4.960888656746520464e-01
1.734857902660779105e-01 7.601110033308267067e-02
2.836029230106144050e-01 1.083890584454921813e-01
-2.277088740876904716e-01 9.141487874937037628e-02
-3.200341515134358383e-01 1.059298319086859896e-01
8.528392891938274545e-02 -8.771957444037858931e-02
-3.027833465645772826e-01 7.714673567828123080e-02
-2.330643838007032675e-01 9.629380641852802736e-02
6.587634103892225923e-02 4.245736444724755865e-01
6.911803834366192500e-02 -2.115250787510212227e-01
7.483496666838884703e-02 4.701168420005817916e-01
3.111415520520177669e-01 1.080480721875093364e-01
3.005562667541328281e-02 1.074977156594817407e-01
6.345236387099184583e-02 3.871123230466410048e-01
6.443917120743036797e-02 1.075337340385629226e-02
-1.928125241612421714e-01 7.418269775412333900e-02
-5.829668378358410230e-02 7.886206835062026244e-02
7.106746042302103383e-02 7.437278845122685667e-04
6.236472899076916931e-02 -1.883843989567901556e-01
1.777997932126069713e-01 9.073969633069534080e-02
3.675366785710534323e-01 1.020514503399018169e-01
6.034482018133058290e-02 2.544607399156660898e-01
4.047345438826466246e-01 8.182850644752970304e-02
8.160207886531978261e-02 -3.130042605541708545e-01
9.060704797069751848e-02 2.590682883505415202e-01
-3.526839929572828103e-01 1.096943072548718368e-01
4.465674221048334669e-01 8.549687254449855889e-02
6.206117987466197583e-02 2.695904646850583175e-01
6.128966157083681754e-02 3.660958336874076124e-04
-2.981922714054809909e-01 9.127466546655615964e-02
7.776146925010418709e-02 -1.754169715013563779e-01
2.810305421668934933e-03 8.546012458854435057e-02
4.416394645776436922e-01 1.091244617087790969e-01
8.976575148935850290e-02 -5.577560449567553480e-02
9.468370173651907695e-02 7.747990488795419850e-02
