-3.517238561561715215e-01 -2.908173070524355808e-02
6.699499649145612690e-02 -1.500579128934413919e-01
-3.157546287700453425e-01 -3.985228396621454117e-02
2.800352994033641352e-01 -5.880173583415215788e-02
3.705406314025763148e-01 -4.346581252637782278e-02
5.492009236785699855e-02 9.572589601370573575e-02
5.588202870637382080e-02 -4.751614111149938813e-01
5.636905556415305885e-02 -1.977059206123696899e-01
4.672369907906492870e-02 -4.152131485807081246e-01
3.947959487236685217e-02 -4.674538745084388935e-03
-4.392568093169361143e-01 -4.557006633359783621e-02
6.631681836160274734e-02 4.475062212519309579e-02
5.127863085968931145e-02 -2.185434635755330035e-01
-2.937098612267439179e-01 -2.882356153528431442e-02
6.229145097681931809e-02 1.966710800889701627e-01
-4.280630440462320774e-01 -3.133001668643420334e-02
5.063547472802498728e-02 3.118939392119254306e-01
5.204059639132918580e-02 -9.705300013053275165e-02
5.302202937511280023e-02 -4.009089972162765969e-01
-3.630339616360385158e-01 -5.275626469329952606e-02
4.225399698164521434e-01 -4.206105033472418153e-02
6.831211504640877230e-02 -2.446138522121898973e-02
4.181587173109668765e-02 3.906817626444987201e-01
5.258814353339835712e-02 2.258930900007483089e-01
4.938376281752576702e-02 -3.943205531378475293e-01
3.867118524544332914e-02 2.134082392606757583e-01
3.583838398997891694e-01 -2.912812121200347715e-02
5.835188593456730466e-02 -2.159409804262419907e-01
4.582353412245587787e-02 -3.549722088660619557e-01
4.454119371691644957e-02 2.971233853533226110e-01
6.861356265425455625e-02 -4.877639184404195527e-01
3.078137089013011085e-02 -2.936292646958638120e-02
6.784860211809007335e-02 1.086831619214561062e-01
-4.472908395054449038e-01 -3.854486618604946457e-02
5.020653051033985292e-02 -4.932182247035458156e-01
5.533861176212917510e-02 4.637328584612676607e-01
6.406769965903746922e-02 1.324510036228889742e-01
-4.823276785865158178e-01 -3.276758172932803248e-02
4.713152529419265546e-01 -5.573927635886111176e-02
-4.156854391693053374e-01 -4.875515222683746153e-02
5.874440087596977111e-02 4.594894491093244326e-01
5.942823699696098139e-02 9.150186267029225551e-02
6.371255708810130702e-02 -1.836644452462259380e-01
-3.906859910696175442e-01 -2.768455868244135143e-02
1.944299287956176014e-01 -2.832911110383040665e-02
5.925980615458781298e-02 -2.848200777727963873e-01
6.283248003936636739e-02 2.877688655306724907e-01
-3.554888812071819171e-01 -3.181086495447771334e-02
-9.499379236856042574e-02 -5.716258725015055386e-02
4.986881500142659185e-02 8.306581244545108156e-02
4.906078457081952671e-02 4.992587140624462627e-01
3.193942989731947124e-01 -5.641139823906060613e-02
4.282383716649031946e-01 -3.156348127319819064e-02
4.636262525174150717e-02 2.739438166153684850e-02
1.336801628098042150e-01 -4.619788684914838406e-02
3.905518573776645130e-02 -4.924705940469198406e-02
5.009966870317739129e-02 3.857450066619223517e-01
-3.915022511916887993e-03 -3.007396551522334427e-02
-3.524458723789629655e-01 -5.667073165456759654e-02
5.577746462150035001e-02 -1.954651842564202324e-01
3.820772886907498611e-01 -5.433446353058946077e-02
-1.647259422380226157e-01 -5.272979080219253323e-02
-5.256932976346728736e-02 -5.425473902393951331e-02
6.620639637104941411e-02 1.138294516450318872e-01
6.031132191163324219e-02 7.458098454152795043e-02
-3.802393206128147352e-01 -4.436209127562329435e-02
4.830795308838597979e-02 -4.655137972941066904e-01
6.894215504309963993e-02 -2.404835390422369601e-01
-3.828958282945325031e-01 -4.842922751254419289e-02
4.034212793678570996e-02 -1.033352535158281738e-01
-4.515072862475917326e-01 -4.206854411459215459e-02
4.356110367630305902e-02 1.648271133063379246e-01
3.190823678382107564e-01 -4.008594037126622656e-02
5.398735446414082428e-02 3.559070349771095154e-01
4.996637769122708184e-01 -3.858235536736087656e-02
-6.844532402285619099e-02 -4.385321665699182248e-02
6.238057332731983262e-02 4.617155908049186408e-01
6.981891441363152762e-02 2.909285902716557404e-01
4.552324329918211454e-02 5.766350768426797835e-02
5.807527135235501792e-02 2.853163791654906856e-01
5.940599238248833736e-02 -4.578845834783533686e-01
3.345817076624276742e-01 -3.450140279569724466e-02
4.812846649445656766e-02 -2.166028539146291898e-01
6.810160683721588892e-02 3.567236343267418119e-01
5.035826686072075731e-02 4.932943037915715756e-01
6.189291364606253065e-02 1.204647151184844445e-01
-1.564676893165781735e-01 -3.566600849212198110e-02
3.639191104646888331e-02 -2.842279998011318920e-01
-1.400771401163061203e-01 -5.103794967580377318e-02
6.200408894334807908e-02 1.622625371101265035e-01
-3.330742622160685062e-01 -3.665523412575988349e-02
-1.691765008495293987e-02 -5.115185227109042554e-02
-1.604063835925534365e-01 -2.924558820583222918e-02
6.688334188344946529e-02 3.769865689266327369e-01
3.347312945609215440e-01 -2.893916179862821014e-02
3.750906820805444131e-02 3.711927266094912081e-01
-1.085898893100121221e-01 -3.443964435187452100e-02
6.922493149975950111e-02 2.386971692007592294e-01
5.022684964244916728e-02 7.333204314671137869e-02
5.296675274293061175e-02 3.936814680727915849e-01
4.756049792359251516e-02 4.019017219542375674e-01
2.130428189894626456e-01 -5.879669157141098612e-02
8.066932503574941737e-02 -2.941359306627611137e-02
5.714722637927727167e-02 -1.795252500262645157e-02
4.640035059690739150e-02 -4.285748769212942566e-01
4.099055065025025701e-02 -4.840631443669918266e-02
-1.052466460704338802e-01 -3.686778677656432635e-02
-2.232318171357494663e-02 -3.811770426088945118e-02
6.096926944120728553e-02 -1.930544309676798242e-01
-8.492519341686799450e-02 -4.042184489890165988e-02
3.075581114345249389e-01 -5.269452761552206876e-02
6.149357050031034611e-02 4.971507906491980933e-01
-4.136967852349385799e-01 -2.677681393054920367e-02
5.204977964377610622e-02 -1.483023180471697566e-01
-1.857033937039607174e-01 -3.690008446213233206e-02
-3.013508742439803267e-01 -3.833307437429300801e-02
3.947477534683629941e-02 7.709715105950942782e-02
-4.478654547491203175e-01 -3.905852202351589586e-02
1.796700175859906601e-01 -3.013574201030699840e-02
6.243651397420935112e-02 2.016630315912126825e-01
4.048564251457750229e-01 -3.904397754013855248e-02
-2.164316410392115309e-01 -3.355427335012162171e-02
1.323886860757970130e-01 -2.824739729872272065e-02
4.265066827744312672e-02 1.381884137498579079e-01
-2.001528607473549437e-01 -2.863644561203981809e-02
-1.951045949972721738e-01 -5.481051766314837259e-02
6.596662619786075599e-02 -3.574554134377634362e-01
2.591602185014681980e-01 -5.005129511625050487e-02
6.479292089862309645e-02 3.528889587514116855e-01
-1.246698246419749578e-01 -4.584578766042124442e-02
-3.942885437071326216e-01 -2.846716543859373338e-02
4.641918766867481061e-02 -4.369095544351628835e-01
5.402548655445205128e-02 2.144997070433539710e-01
5.069438342284093846e-02 2.581248331083263459e-02
5.133230914285047408e-02 1.526601636048838806e-01
1.531517826142166916e-01 -3.206434947278191672e-02
6.976544097329517857e-02 -2.313800036936047855e-01
5.689276142381161083e-02 -4.740136699550330235e-01
6.284618920416462640e-02 -1.013060494749661311e-01
5.840547270913609701e-02 2.473332056493547926e-01
-4.323953126283475168e-02 -5.107428674757263920e-02
3.711939143433551358e-02 -2.268265839904435310e-01
-4.631267903383041729e-01 -3.587266281302503579e-02
5.013243389141996964e-02 -2.008913692998203215e-01
-3.215081820567009530e-01 -3.478373847402282948e-02
5.735176868498148561e-02 -3.497551745768885390e-01
5.883681031390264327e-02 -2.810968288355819578e-02
-2.480123329548719058e-01 -5.242023528193195947e-02
4.885305306402998315e-02 4.120935677675474640e-02
4.861602783914211745e-01 -3.441097171738183302e-02
5.402059705268269507e-02 -4.386090638373616457e-01
3.734253905070550328e-02 2.417172066350464776e-01
-2.854370096213593166e-01 -4.882894091581113649e-02
-2.274355465102279039e-01 -4.621859785799975473e-02
-3.357792424569041589e-01 -5.158163228200851602e-02
-3.724750221295251018e-01 -5.602446050222942286e-02
-3.617728123185557365e-01 -2.816635574005332820e-02
-1.680342731569698378e-01 -3.314547931789535440e-02
-4.710154526273357956e-02 -4.382242957256365923e-02
5.195522035703081798e-02 1.533585300314088684e-01
3.651419987623072405e-02 2.283455529994891098e-01
3.807700714323081215e-02 -2.709204051870301999e-01
-4.901381734061381890e-01 -4.204073757401882716e-02
-3.128428891415862001e-01 -4.533483370169433258e-02
6.277161870522607323e-02 -2.827634319830918397e-01
1.449727679853796136e-01 -5.283560615837257224e-02
3.456579469319983611e-01 -5.703166731707043358e-02
6.751209504255795135e-02 3.399138088311803862e-01
2.105209029892581851e-01 -5.239962265085329474e-02
-3.714658029888485702e-01 -5.538319445453832035e-02
-1.138160690097040906e-01 -4.999162585491945254e-02
3.806558208962096401e-02 2.381673439342457677e-01
2.668061613479574268e-01 -2.839247986263726542e-02
1.839746394497563386e-01 -4.307810312432658328e-02
4.136192691975404401e-01 -4.073664675638233312e-02
6.198921217811526052e-02 -3.342583934106079235e-01
6.034346880001284497e-02 -2.211611479648291079e-01
6.772193340897980640e-02 2.528633707266234598e-01
2.224876783528939583e-02 -3.787949687355884887e-02
4.347193366373369727e-02 4.229405521266135226e-01
4.357533467098073654e-02 -2.511593343074284279e-01
4.467330108776235154e-02 -3.387913282020392769e-01
-6.758303402712417807e-02 -5.257981980689618862e-02
4.478693029274483095e-02 -3.743956939069753576e-01
-3.582603665737454923e-01 -2.754414339135691225e-02
6.175447309892445613e-02 -1.834230069185087686e-01
-2.991732918858139856e-01 -3.987983034398878690e-02
2.695845531280168794e-01 -4.698156054894442324e-02
4.117170388976465478e-02 -1.753541933482061221e-01
3.924005692108103460e-01 -2.918163941142604134e-02
-3.483770274979842707e-01 -4.936041794644230318e-02
4.735742842507995043e-02 3.602672059788034620e-01
3.629093959901220634e-01 -3.992345309424893962e-02
4.660628221921763181e-01 -3.663637726347912515e-02
6.847139197490337281e-02 2.845220582191715364e-01
6.512236215857181154e-02 -4.038264400653579500e-02
6.204463605468701903e-02 1.557965020006342183e-01
5.924030652571132816e-02 4.402331721078331928e-01
3.895651641407027466e-02 2.625544780993933625e-01
5.683014054257173875e-02 -3.042309448749521694e-01
4.281396453978170147e-02 4.912302887261854600e-02
2.147948580709986288e-01 -2.960340811384765125e-02
5.344510809057623213e-02 -1.062299978314210636e-01
4.497715677161284731e-02 -3.986824574016575307e-01
6.645649476356496610e-02 -1.182741253903576428e-01
-1.067038160784651302e-01 -5.423442587095461676e-02
6.371479526897116941e-02 -2.956327490164328831e-01
2.967342612871608498e-01 -3.221328089843766840e-02
-2.505749162236035055e-01 -3.373788828389867600e-02
-2.784683207486897683e-01 -5.804840973272584748e-02
-4.487154012103685696e-01 -5.567696308714853437e-02
-9.221854527602557638e-02 -3.153380804884431399e-02
1.939781977079692021e-01 -3.420004043524760284e-02
2.132961471750941529e-01 -4.375674711703081421e-02
4.274784022165637465e-01 -3.986481333008884409e-02
4.970569854563366974e-02 -2.845994061345191728e-02
6.067146135488188374e-02 2.552879760086866900e-01
2.151083973608048927e-01 -5.612056750563609864e-02
6.260669851600442204e-02 4.593609940836330674e-01
3.857997659556056114e-02 6.452897258918866008e-02
6.137461076566375073e-02 1.527312172007044833e-02
-2.366402907192758365e-01 -3.840000629449513703e-02
-2.018990429986738944e-01 -5.321864349310179154e-02
4.611261182552361948e-02 2.417076556379015306e-01
4.497647077900457369e-02 2.664727890941838151e-01
-1.138923237012683387e-01 -4.273779977875769021e-02
4.812834048720893154e-02 -1.821153401736287369e-01
3.693904180563541972e-01 -2.717431359826494308e-02
4.476031587652795629e-02 -2.774239208791824396e-01
4.402493856522795568e-01 -5.648302113351522102e-02
-4.584925845010989764e-01 -4.416215443664250895e-02
-3.922291961584429831e-01 -3.416044151257680017e-02
1.119683153329830150e-01 -3.883313060071058587e-02
2.388584830431389472e-01 -3.934211509043106236e-02
5.825937521379009887e-02 4.632394384151775624e-01
1.689220861880190716e-01 -4.799420115446373369e-02
6.781905624151329803e-02 -1.971034810547017679e-01
1.236856107353074830e-01 -4.045599036709357499e-02
6.535280163473689008e-02 -1.774733911382172513e-01
3.695129337612723663e-02 4.192737644535167174e-01
5.821755574073128603e-02 -3.547882060975828811e-01
-1.871120948384845661e-01 -2.762039173905495026e-02
4.144516421527777439e-02 4.873457519598525245e-01
5.228031371323249576e-02 -3.120220334109617966e-01
4.355681559614513754e-01 -2.996079079761559960e-02
4.749016946836748243e-02 2.472743483420047905e-02
-4.120249327476542822e-01 -5.618721675984217345e-02
4.912310493378446719e-02 2.097108331915631396e-01
3.688137172330552271e-02 -1.745563732741022278e-01
-3.381467222552334562e-01 -5.159424346592422772e-02
3.328739050857364434e-01 -3.341810730534655605e-02
4.848016866550830528e-02 -1.800658807408790363e-01
5.570454656558831985e-02 -2.776209399692141089e-01
2.226699288650689779e-01 -4.016241364960426719e-02
-1.817080333835855432e-01 -4.026320406374417349e-02
3.653630949280228801e-02 4.830110487417509368e-01
4.061213757444825934e-02 3.365172790475943199e-01
4.641427241839978235e-01 -2.873380225918054087e-02
-5.114318050243771285e-02 -5.785546825274512361e-02
5.138687428348820418e-02 3.025926244273635657e-01
4.152412175687558715e-02 1.784700085133578140e-01
6.867573465159526602e-02 -9.348330395684056882e-03
2.387607209393699526e-01 -3.228946239498031723e-02
4.523774332385732677e-02 2.777426782776982739e-01
6.589538613631706898e-02 -3.901578495275808134e-01
-1.391837716806920699e-01 -5.720480536048377918e-02
6.549183175997819184e-02 1.629573953320613278e-01
4.284537914781372248e-02 4.979191075059372640e-01
-1.926033224252732268e-01 -3.883370944404862524e-02
5.544694765657443014e-02 -4.509629201712550550e-02
4.267872299401764824e-02 2.430723990647559729e-01
5.459912400526689691e-02 -2.835631121137053290e-01
-3.979577591857330621e-01 -3.837152370086205355e-02
6.675258828581343007e-02 -2.879528187203650447e-02
5.897588582669199830e-02 2.992496334742067443e-02
4.110602271056706947e-02 -4.127381934380612849e-01
5.798704802196896768e-02 1.684139894895293477e-01
5.077033350185344851e-02 2.070728238277926847e-01
6.440784052108028401e-02 -4.516589740032872502e-01
6.930582673365615065e-02 2.699994828935853297e-01
5.119509176738856748e-02 -3.945172475032805437e-01
-3.419543310113322132e-01 -5.068087105168894713e-02
-2.860081619768731764e-01 -3.052676035616053163e-02
-4.379872371459728742e-01 -4.918429888255027027e-02
4.744339291756660693e-02 3.912361980370865355e-01
4.018819856626898446e-02 -1.245495130425595676e-01
6.688448427222037918e-02 2.240325856582483510e-01
4.441569985523119435e-02 3.058957451026375063e-01
4.451354298844923951e-01 -3.567738844331858061e-02
4.411932605446455824e-02 3.178247440390077339e-01
3.998799701132715878e-02 1.388164697078326792e-01
-3.840435654497809104e-02 -4.263607548031922434e-02
-9.539083934145864418e-02 -3.907497609597676558e-02
6.618968304412065073e-02 -9.832044530448191821e-02
9.628961287455939377e-03 -3.342705588741834433e-02
-2.481128462638654275e-01 -4.122229454421888484e-02
6.451859305139684420e-02 -3.989829832611379024e-01
5.830687565260916916e-02 1.543146287634153957e-01
6.911228957891768498e-02 4.709720586308888679e-01
4.789080210247831371e-02 -1.566526428481515021e-01
6.191008142778264833e-02 3.096165663879967278e-01
1.179358638133620740e-02 -4.320637268240157258e-02
-2.878561089361064695e-01 -4.138618933139948108e-02
6.493586357805192222e-02 -2.611177827652686467e-01
5.424877684021545132e-02 -9.425455592774389935e-02
2.036599832668795074e-03 -5.615250160989970762e-02
5.967118314136143908e-02 2.614197847013002285e-01
4.353258877466159582e-02 3.608064775215471531e-01
-1.411418653989650052e-01 -3.489502740902705735e-02
6.474741742808787226e-02 1.282379376545219607e-01
-2.030883357826318569e-02 -2.811865068958652181e-02
3.573283438466652306e-01 -4.563943556552663150e-02
6.025993742457580460e-02 1.798615163600585376e-01
1.569199677161428053e-01 -5.806046165962575056e-02
6.717234270640759508e-02 7.567854704430632129e-02
3.966642339036859921e-01 -2.770448159888150297e-02
4.894546301671109934e-02 3.974875592811984992e-01
3.651984234656751038e-01 -3.706170824147803078e-02
1.130189361568153528e-01 -2.744046043606274132e-02
4.980073703440841548e-01 -4.549656244977728914e-02
-3.713966035640002827e-01 -4.169481641635963687e-02
-1.238023458211026107e-01 -2.761765891553991104e-02
-3.182309932155273913e-01 -5.176114338823600836e-02
3.278685065663413667e-01 -5.080484912572724721e-02
4.910385803686642125e-01 -5.803112002301491490e-02
-1.804889568769846298e-01 -5.349420558063022746e-02
-3.682275562540104907e-01 -5.427198293017843067e-02
3.720996421729572123e-02 -3.987476947233303814e-02
6.032014329114154805e-02 -2.964496627938559836e-01
-2.770806195412253148e-01 -2.707234551081849627e-02
6.602739726802808740e-02 -3.737446935194144171e-02
4.899507079458176317e-02 2.105318768785808814e-01
5.773631728739792024e-02 2.815311807460196825e-02
3.977314489824801402e-02 -1.981743802589064352e-02
6.118783988230436233e-02 -3.838169462983554991e-01
6.670125058392617490e-02 3.037342138471093023e-01
6.802633689219239610e-02 -2.276462186734873328e-01
-2.572078559091210970e-01 -5.677645773123540796e-02
5.228965161012477658e-02 4.542219741533504163e-02
-1.272785742161871569e-01 -3.029611471644466647e-02
-1.923287996622982110e-01 -5.348041380685286672e-02
3.681634251202484664e-01 -5.304996183615195982e-02
-1.717981827631053227e-01 -2.895184693317598423e-02
-4.066238850582803988e-01 -4.077198179300911551e-02
3.665073224190074086e-02 -1.039820345525512835e-01
6.116240863721078558e-02 -4.931187868646274008e-01
5.471792128952879253e-02 4.465099180387023248e-01
