-3.765844684244774587e-01 -1.491738743884246654e-01
2.900541848554316626e-02 9.911027803712146866e-02
-4.102341675435132728e-01 -1.701234221175308425e-01
-1.212191264631015120e-01 -1.538403176696980790e-01
2.427258121721109774e-02 2.063948202523280262e-02
4.567536831054652691e-02 3.891374985617755966e-01
4.300373164719151209e-02 -1.029168097774084689e-01
2.623563205487344785e-02 1.915833229488095313e-01
2.552588804401179079e-02 2.800293972911154228e-01
1.770879078057985279e-02 -1.283758348328375432e-01
3.515927134127924125e-01 -1.509544588478959337e-01
-3.181046947986519990e-01 -1.719667943001770283e-01
2.867547146004312264e-01 -1.503477200788773116e-01
-8.007916460924258129e-02 -1.297601077436651984e-01
-2.944238857395004016e-01 -1.752535930095702188e-01
4.804895268067410630e-02 3.714299152614197741e-02
8.335820052967601868e-02 -1.712932005795503310e-01
-7.527594820663785491e-02 -1.441213202835252005e-01
2.059357280303475424e-02 3.459759076580469772e-01
-4.113871607076339254e-01 -1.524909814460176927e-01
-2.549411738900537738e-01 -1.243859923474813778e-01
3.707153471333758388e-01 -1.640754157703844252e-01
2.157542453436334107e-02 -3.918642402136018887e-03
4.601727093265695068e-01 -1.250622575742535991e-01
-4.198262558763886654e-01 -1.658887067606754639e-01
2.275722697167426034e-02 3.909943221011957792e-01
-1.898069277158660473e-01 -1.307508527169086721e-01
3.048555107431727418e-02 -7.216350671889204538e-02
-4.518459796574452181e-01 -1.616092288503225838e-01
4.008884427654346716e-03 -1.586263477091546248e-01
-2.370754393904980217e-01 -1.590616260869546217e-01
4.518241358439307742e-01 -1.279137793934470579e-01
1.165634878637258343e-01 -1.571702194100649264e-01
4.079895958941470724e-02 -4.522233285150270010e-01
-1.107980199543263655e-01 -1.747272138585317380e-01
4.278635725543568080e-01 -1.405248477762593984e-01
2.034227923801325000e-01 -1.774659962414284475e-01
1.614140878737329032e-01 -1.631324634324295975e-01
-2.276540584189246097e-03 -1.243179802791324340e-01
-4.623281868933892813e-02 -1.699355751843508733e-01
-1.830343408418565465e-01 -1.644255908504979047e-01
7.757718904108334979e-02 -1.428034347056298392e-01
1.195777239144789617e-01 -1.760307252102502051e-01
5.033779742923594203e-02 -1.230878215197539483e-01
2.487615012982347107e-01 -1.653121800036819744e-01
-1.921974702442410532e-01 -1.559082198342732761e-01
2.434669700535796455e-02 -3.033831049844891714e-01
1.985190120974189565e-02 -1.855602169544348090e-01
3.177523201901499839e-02 3.383695489505668119e-01
-2.636370761516784178e-01 -1.362747401123626245e-01
-2.704405453019884664e-01 -1.528016127245305222e-01
3.689611609826320970e-01 -1.627511272244414053e-01
2.017830973888818935e-01 -1.396723160501460725e-01
-4.277061293834151234e-01 -1.339601310619312757e-01
3.395504410005323326e-02 1.988745609430130346e-01
4.542939285272873384e-02 -7.776828085870768348e-02
4.864880911862012880e-02 3.024559155143413669e-02
-3.048650137222039813e-01 -1.423314392366378245e-01
-4.756122751352710454e-01 -1.597955068537102452e-01
-3.605120036913614934e-01 -1.706673159589217059e-01
-2.786879244530935384e-01 -1.434491520390270836e-01
-1.027996837139558695e-01 -1.546587975734124987e-01
4.660066494534507164e-01 -1.765492454059214289e-01
-2.230307763792099829e-01 -1.431250108425001777e-01
-4.650821975221590687e-01 -1.293828535969738791e-01
2.555050473628717178e-02 3.976065793929084435e-02
1.882011118274787842e-01 -1.336781399586006724e-01
-2.016104801639164723e-01 -1.310609723374063229e-01
1.974916442411678297e-02 -4.593325904371045043e-01
4.203089839502791580e-01 -1.296619466894178840e-01
-3.132239029848302714e-01 -1.631814457657041473e-01
4.021173143126910432e-02 5.167135308510284464e-02
4.825217218456253621e-01 -1.598139470963750863e-01
3.617564817108637198e-01 -1.341502742252950187e-01
3.175563190165553440e-02 -3.336464942881007811e-01
-3.565525794424495576e-01 -1.608634804986688316e-01
-1.757468805880515461e-01 -1.249792434183794043e-01
1.555089171901529177e-01 -1.527704343021124567e-01
1.921064472403311019e-01 -1.710238887901571747e-01
3.196928046554627922e-01 -1.305284940784374736e-01
3.383460725707210237e-02 2.264955958174929007e-01
3.965838776422736522e-02 3.433471277025912372e-02
2.006087405075407393e-02 -4.729471078712577103e-03
6.497123045318797807e-03 -1.274946397760432504e-01
-1.809295380375371964e-01 -1.658980986539831948e-01
-2.407255194829502898e-01 -1.488366825274463068e-01
4.210652192179636932e-01 -1.539825361603910370e-01
-4.774764652787105712e-01 -1.388690016485121248e-01
-4.201307041514974472e-01 -1.510881280260417681e-01
3.070238265711563441e-01 -1.270273223165390153e-01
4.339612958229682738e-01 -1.371407418234746878e-01
-1.092681510137230028e-01 -1.462738347389260785e-01
4.565724672459614553e-02 -5.655848330488522091e-02
-2.959931766072129156e-01 -1.247967383540870001e-01
-4.925982256891918709e-01 -1.745094783979305175e-01
5.157955181287299240e-02 -1.568336967565986395e-01
2.986958155023256012e-02 -1.033382360345689310e-01
-5.321687896394933226e-02 -1.660450350596729407e-01
3.793504339504840672e-01 -1.463550745868725800e-01
2.552327389498987298e-02 9.968892343174451387e-02
2.728840356734348882e-01 -1.502619552500580324e-01
4.600032812175458563e-02 2.407138717310239873e-01
-3.242470122422278500e-01 -1.563249181093078199e-01
-4.680694803509943824e-02 -1.339288914475360581e-01
-2.511235266973640412e-01 -1.397803246887392437e-01
-4.476514845681698329e-01 -1.619550392825306329e-01
1.382069481071608319e-01 -1.476423144676960453e-01
2.221425115759931845e-01 -1.390731731634899937e-01
1.994890099789425886e-02 -4.469296771894033515e-01
3.651344573403247917e-02 1.069314170482045245e-01
4.044081442704675622e-01 -1.531063785929477339e-01
-4.149185754216576649e-01 -1.368093583294509585e-01
-1.501800134194415381e-01 -1.314846397030317027e-01
4.341319639756591187e-02 -3.628868887864110659e-01
2.052597742856732133e-02 2.250494457356840838e-01
-3.830945043517474113e-01 -1.581692039693396445e-01
2.723839072055989075e-02 7.186978682472433544e-02
-7.417060404086794900e-02 -1.575850319190470472e-01
-8.396979188541875416e-02 -1.737535375815126848e-01
4.489009064184145137e-01 -1.323872045544840503e-01
3.474209130195605733e-01 -1.316408264207884482e-01
1.383458752428424754e-01 -1.725143097327669350e-01
1.247191058293958266e-01 -1.717991898625396141e-01
-3.739287657767498274e-01 -1.253513613011431049e-01
3.976645341278217671e-02 -2.544260137899941876e-01
4.970187390353819623e-02 3.243752144858460529e-01
3.973650470015491765e-01 -1.775057971482203456e-01
1.106839524842273548e-01 -1.681872973571006957e-01
4.265999860372715613e-02 4.787934923541004029e-01
4.481199950453995662e-02 3.975755437163670525e-01
1.366640235602142317e-01 -1.302162575667452638e-01
5.948278508209314808e-02 -1.458803413380338476e-01
3.855753351903246084e-02 -4.661316571323818048e-01
-4.863312740899311537e-01 -1.454423018714381399e-01
-1.309327976114084136e-01 -1.501358615461430013e-01
2.737586759946808446e-02 -2.413422670800315917e-01
4.262877444474910682e-02 1.299408437086762014e-01
-7.604068603369373847e-03 -1.325451166954909610e-01
2.290157313950219597e-01 -1.776270897891234490e-01
3.219242264013311150e-02 1.646260059544577548e-01
4.887136012030035559e-02 -4.062639054535539529e-01
-4.080198395898551045e-01 -1.389757154270142570e-01
-3.332110830384682476e-01 -1.693926360121079666e-01
4.587896971113691880e-02 3.918582415036155897e-01
-3.715519851851623034e-02 -1.308698743541917286e-01
-4.899770627666895084e-01 -1.693384990370703225e-01
2.595253695430588259e-02 -4.016984790067258393e-01
-1.283102356905397867e-01 -1.687518878298589486e-01
3.456865820876964257e-02 2.024387154361578789e-01
4.639716388566272887e-02 1.897346014860111785e-01
-1.569788278547636917e-01 -1.447374890050452390e-01
3.609413725746268842e-02 -1.415036095829225182e-02
1.607406449606267884e-01 -1.747028075943229952e-01
-1.735199685907715672e-01 -1.566353167409975100e-01
3.613620877596124270e-02 3.693559573020297471e-01
3.609531877151455070e-01 -1.666102686817136913e-01
4.595665295578699183e-02 -3.899659193806916946e-01
4.834598151545310696e-02 1.015394547656844892e-01
4.757784709230822306e-01 -1.767615329522116419e-01
-1.455954927275557864e-01 -1.721493571896878239e-01
2.935958701074148358e-02 -1.468941968645037788e-01
-4.900443698576935070e-01 -1.352922886049584550e-01
-1.807577863106712979e-02 -1.492702985025425866e-01
-2.335291541538736526e-01 -1.400080657251244753e-01
2.202727356551825721e-02 -4.161649177039427050e-01
3.998526554771952846e-02 4.980218879190065895e-01
-4.817998595859964706e-01 -1.558066318062198974e-01
-3.798800417255654427e-01 -1.274348101749021023e-01
-4.644429581111728655e-01 -1.689510174993216207e-01
4.676725343156641346e-01 -1.320110390107165355e-01
-2.849331506662517999e-01 -1.639336352313661704e-01
2.271890223660799624e-02 -8.953550290705103443e-02
2.329294428336093903e-01 -1.418643674375384967e-01
3.799706204953789968e-02 3.042874684292917742e-02
3.171564851292885123e-02 -3.948060377277509136e-01
-3.038939320034501623e-01 -1.350179869687448964e-01
3.433906449559009921e-02 -1.098802045880006295e-01
-9.245619281061034922e-02 -1.275574525943913295e-01
-2.057545944022213247e-01 -1.739953879755575805e-01
1.256584251235263183e-01 -1.360528266803994191e-01
-1.412320989115215530e-01 -1.344259712361560721e-01
-2.792096074146013240e-01 -1.636557067051062075e-01
3.139871882284517302e-02 1.367102633981980286e-01
2.967838526793908915e-02 1.181112038481246795e-01
4.286788241684336143e-02 4.523492887236123527e-01
4.269775736078434969e-01 -1.482054146071455358e-01
-3.059932204721360627e-02 -1.710484322390940504e-01
3.252964602344632361e-01 -1.320891613433354816e-01
-3.418177752417679294e-01 -1.371729121691011022e-01
2.860366351586063338e-02 -3.247814342903524443e-01
1.797458505378313198e-02 -1.486985677502212777e-01
-2.993436542702280212e-01 -1.557040219599744590e-01
-4.568307491879243232e-01 -1.663677009389203931e-01
-3.694538136505141068e-01 -1.736314306135188223e-01
-1.475816560649206854e-01 -1.512444430755410796e-01
2.480497167601611874e-01 -1.660134875593599624e-01
3.183909333909473727e-02 -2.086281379813059722e-01
2.714376300336518444e-02 -7.528253779241145249e-02
2.757237906095932889e-02 1.679127699441067545e-01
3.644605666353684104e-02 -1.201928129352619612e-01
-8.451192769025017704e-02 -1.557732393301834994e-01
3.516304845401641010e-02 3.814323906455607816e-01
-3.467685570830436603e-02 -1.485904902411890882e-01
2.929049658313320759e-02 4.215569300108967798e-02
2.415423692413087853e-02 4.565714924099673055e-01
3.154552752152572914e-02 4.138718954096218816e-01
9.427490193034238075e-02 -1.656487674505593422e-01
-7.377584747632892626e-02 -1.467782071598038307e-01
1.740348057224654355e-01 -1.420638688837758679e-01
-2.231419826966307696e-01 -1.388472513524060536e-01
2.747492646524096749e-02 -3.472160545497390283e-01
-3.159210897530726481e-01 -1.374728256831794226e-01
4.354778787521429440e-02 4.551872005029310442e-01
3.314318588683582423e-01 -1.467409111668774857e-01
-1.446134984564600989e-01 -1.741254956118128971e-01
-1.743151744771310740e-01 -1.557204469257427171e-01
2.779130416672950243e-01 -1.631391557673456116e-01
-1.053209183344820943e-01 -1.575150155423890030e-01
2.176297269802296430e-01 -1.370057344035895408e-01
-3.367112934585132500e-01 -1.431591950370645350e-01
3.400312440110359047e-01 -1.699992919561711391e-01
2.970166208626634496e-02 1.080684900447692609e-01
2.676558554657263445e-01 -1.772025392836594770e-01
4.954802969432325899e-02 3.633957563501287735e-01
2.375466603836784429e-02 -3.767144819832165537e-01
-3.759508197736852741e-01 -1.502444672128081526e-01
2.452813214234339512e-02 -3.509139284609585907e-02
5.016288048605854755e-02 -2.341627863157461631e-01
3.021355343354792389e-02 -3.411951953035998741e-01
2.670727608987708557e-01 -1.291482737107557677e-01
3.763187597498274251e-02 3.113735641624060246e-01
3.439209803936761345e-01 -1.693188826085199050e-01
3.755314505786144785e-02 -3.575825679560917791e-02
-2.439359022759158835e-01 -1.258342434916870367e-01
2.645284869240223102e-01 -1.444381444475516529e-01
-2.899551899201989746e-01 -1.518909821713285702e-01
-2.577229817602081363e-01 -1.263567257705717761e-01
3.013124212678209846e-01 -1.767991578451987289e-01
4.115135430829952590e-02 2.849965595599049939e-01
1.101795237081614198e-01 -1.295791005777201521e-01
-7.394079122527585923e-02 -1.697474859110051915e-01
4.576124847532503370e-02 4.205419252096025406e-01
4.325434167611019731e-01 -1.600960531146450316e-01
3.917324311372474277e-01 -1.526067756068316683e-01
-7.185017443408237003e-02 -1.534653661807522385e-01
2.199006826197758002e-02 -2.600032141291563903e-03
3.269229332094780727e-02 -2.364257277066825758e-01
4.879476300601826022e-02 2.750680145436575907e-01
4.127544916957390786e-01 -1.736559443219001242e-01
-9.659569384351973653e-02 -1.396035894923403076e-01
-9.249859148574712808e-02 -1.686229592934600507e-01
4.132765441652778149e-01 -1.617052122872609798e-01
3.067787376922185283e-01 -1.414545223154866083e-01
2.021406174068862693e-02 4.363921470743514774e-02
-2.166775040487406434e-01 -1.688118605327850741e-01
2.445572923150274303e-02 -4.021940609988550186e-02
-3.840440775042135435e-01 -1.679255197673954481e-01
-7.015250985645471449e-02 -1.341185549424179779e-01
2.408076490355827159e-01 -1.439598687859418025e-01
4.616368228732770085e-02 -4.306432992615506494e-01
2.902377410851159079e-01 -1.741172591303573602e-01
-2.217399139491116333e-01 -1.267663837558007378e-01
6.363532796934845415e-02 -1.315349005438520846e-01
-3.027533978598129227e-02 -1.543000304785794308e-01
3.313022369920337606e-02 2.758335982984196910e-01
-1.004661173732245283e-01 -1.411741578943810360e-01
1.863946994705190097e-01 -1.483470794429209150e-01
-1.416943081397157300e-01 -1.519831380036150703e-01
-1.829668848256409408e-01 -1.569455579344859464e-01
2.255255092490220381e-01 -1.367520209083608052e-01
3.747947840405853048e-01 -1.309088387958329269e-01
4.436635300332292253e-02 -4.496116318686168567e-01
-4.684802619865753304e-01 -1.615111062642382578e-01
4.113125553137730872e-02 -4.288020138320952634e-01
2.129832440145684735e-02 4.649017325156913349e-01
3.348353826863268434e-01 -1.572777154319652260e-01
-4.711926580609293591e-01 -1.725849778465505802e-01
4.343660939799787180e-02 1.910755012023401811e-01
3.758906320453392347e-02 3.750425680160357489e-01
-3.806045000275740664e-01 -1.569860124881125030e-01
3.289881568965957737e-02 -4.223136117043069238e-01
-4.982715373651980251e-02 -1.479311752096811317e-01
9.466316612207426040e-03 -1.704099918610383346e-01
-1.401277951561668011e-01 -1.361191492826242522e-01
1.541531601348685721e-01 -1.241554597990071063e-01
2.883699686940608409e-01 -1.497510351427717712e-01
3.925674782985377753e-02 2.992420230304003725e-01
2.042050725196298266e-02 2.180767642161350883e-01
3.875573969294765497e-02 8.415822161756025821e-02
-1.588988565567217570e-02 -1.563403592146611620e-01
1.226204650448536881e-04 -1.447267004602080798e-01
-1.605718993492281088e-01 -1.614616892741788101e-01
2.001502101951480039e-02 4.980678539895140311e-01
-2.128253982833679947e-01 -1.565079361533597835e-01
3.281761688546058764e-02 1.830187220687221616e-01
5.023405603778119399e-02 -4.026796910435820331e-01
3.403619958958525871e-02 -1.309714770353795910e-01
3.699068594226965212e-01 -1.683538570085514330e-01
2.064714502500325510e-01 -1.529470807961830214e-01
4.034010430564630711e-01 -1.628942616822111056e-01
3.404623248002291991e-02 -7.186957617882905325e-03
3.564972439766911361e-02 -1.001052117167389177e-03
4.607819355560882624e-02 3.359078796706779224e-01
-4.374272842419192342e-01 -1.248810059752228918e-01
3.120860538871333967e-01 -1.517751516209581153e-01
-1.447188146470067549e-01 -1.457475357042427033e-01
3.564539844603642482e-02 -3.200972103050870876e-01
4.889975118792155850e-02 -2.057296505015557830e-01
2.154116325334078930e-01 -1.702191356937559075e-01
-2.408658746223624192e-02 -1.453384890956629372e-01
-1.711394262490547602e-01 -1.713179929871592178e-01
-4.181259555167962105e-01 -1.607842374929525642e-01
-3.728929514089679431e-01 -1.253626269618810518e-01
-1.401479357993421493e-01 -1.777482985891536416e-01
8.972588229414835137e-02 -1.274665575397436745e-01
-4.274460926096931290e-01 -1.564738593397323463e-01
3.009729261988851601e-01 -1.461357117277661821e-01
3.296961067076932261e-01 -1.577717375151812540e-01
3.795088028832083182e-02 -4.901893905706002919e-01
4.712852390288568838e-02 2.776885738665579861e-01
-4.836631708398976270e-01 -1.615589054555683912e-01
3.496704164143160654e-02 -7.351092488308574868e-02
2.777863972694960548e-02 2.895960242663291329e-01
3.729293136821765220e-02 3.812408556506097224e-01
2.661852478646878906e-01 -1.401569680636998161e-01
-3.602348576926586166e-01 -1.471458967665586481e-01
-2.059482229000645370e-01 -1.534429011454113700e-01
-2.185037709063204492e-01 -1.602051297286121168e-01
2.684081173947292509e-01 -1.772171373659691129e-01
8.932327121552130489e-02 -1.407201638527646459e-01
-3.748637594633617010e-01 -1.506135804970564207e-01
4.235145988072277490e-01 -1.760351810903508785e-01
7.151666865491401737e-02 -1.272557447767443950e-01
4.615639848602787199e-01 -1.430416750766468903e-01
2.697068665122093201e-02 1.127451488033035520e-01
2.640666113748757482e-02 3.164571278462481319e-01
3.419414094376937996e-02 -3.574129550860681848e-01
2.883926125357921810e-01 -1.442581420258995939e-01
2.201570631702705061e-01 -1.497991819379241862e-01
4.520297722536115170e-02 -2.206317714935972507e-01
2.535244498048039308e-02 -2.877338765901026330e-01
3.890946900752245696e-02 -1.620881332352940296e-01
-1.464224710271199159e-01 -1.478792743881353067e-01
1.503661410673227117e-01 -1.306288043905785567e-01
-4.850206961333869415e-02 -1.433316200402539042e-01
4.558565092585109557e-01 -1.701583125519797735e-01
1.806635615203830980e-01 -1.451939186666568737e-01
2.381719579986740776e-02 -6.677323628722198201e-03
3.860317375209654234e-01 -1.356171965170699378e-01
4.337456726921729011e-02 -4.803832906983146467e-01
1.874067629175688587e-01 -1.681026201847034551e-01
2.779932614685709513e-02 -2.071282364348469018e-01
-3.729562021989669685e-01 -1.279727159058190455e-01
-3.566596928347054440e-01 -1.348071552627689851e-01
-8.218120851912147362e-02 -1.543573600643709520e-01
2.491282148400164598e-02 2.760195059284253905e-02
4.482515401507958241e-02 1.047504419835815215e-01
4.945512583063469414e-01 -1.372334157326741133e-01
2.749868611849892730e-02 4.687173244733278121e-01
-4.378734735953987434e-01 -1.775694852628698639e-01
-1.598907769303219428e-01 -1.406921320438684342e-01
1.134190336587255210e-01 -1.695088403230040619e-01
2.640494008272165072e-02 -4.812155600040832759e-01
2.964392910982349694e-02 3.338211411326412748e-01
-7.866316801956607652e-02 -1.718519982938330193e-01
2.258809493151014980e-02 -2.846162023279777964e-01
4.813433408273866121e-01 -1.734467827451394717e-01
4.506720191242196139e-01 -1.741198807882631261e-01
3.541587014942526590e-02 4.272253943246973051e-01
2.840292787183862355e-02 2.401826516910023912e-01
-4.761503851531287967e-01 -1.776878004475014317e-01
3.687700211773616843e-01 -1.514693633267089057e-01
1.268306501050410207e-01 -1.269098360773897038e-01
-3.210686883947428960e-01 -1.660914665262442913e-01
-1.672367057386688893e-01 -1.381985745568035107e-01
2.459216771741612462e-02 4.960746892522029938e-01
1.856010637581422262e-01 -1.653963943957234006e-01
2.015952039045176836e-02 -2.412045984670041499e-01
-2.412929707907665033e-01 -1.485121470201608007e-01
4.470966513499796680e-02 2.443327706981163194e-01
2.650797581542752024e-02 -4.766745478669121017e-02
2.778692877053297039e-01 -1.365964922954494565e-01
1.490323376382530762e-01 -1.396376774787264630e-01
1.203290659293423381e-01 -1.515639802080468446e-01
-3.756590467116227572e-01 -1.722667108802649061e-01
3.915261487769883253e-02 -2.741834931432840516e-02
4.017838623453218183e-01 -1.247377025179111643e-01
2.488555540646952835e-02 -3.258388110512093760e-01
3.410378202317387863e-02 3.633476411030596154e-01
2.200669294121261332e-01 -1.273769275188273431e-01
-2.215822805491950431e-01 -1.509134502278697276e-01
-3.183451447644961574e-01 -1.759788932435636388e-01
2.680957658173523939e-01 -1.361329089950091831e-01
-2.344206033565462421e-01 -1.386160133862367472e-01
-4.719166947626518560e-02 -1.257156196991162656e-01
4.139866570463091033e-02 3.662728158647658994e-01
1.931611545209244163e-02 2.923079250889988323e-01
1.358423885991222324e-02 -1.675687925555187086e-01
-4.059402265050788827e-01 -1.530816400458732129e-01
-1.055492602358795162e-01 -1.610020145140519388e-01
4.452945346771466362e-01 -1.469752880322061639e-01
