7.767383998266652601e-02 -2.411626934990290794e-01
7.317709334969491053e-02 1.652329987702824132e-01
-4.122934539046851921e-02 1.361759993793520973e-02
-7.436069304245629397e-02 -1.109060801751082792e-02
5.029030943328738346e-02 3.632480314924965148e-01
3.944827973655917752e-03 1.346804070205331882e-02
5.686179953049086411e-02 -1.867139230580484588e-01
6.313776764927059304e-02 -3.119791770774044126e-01
-1.211829993961699437e-02 3.819811036275266858e-03
6.037384131449963220e-02 3.461920857227567261e-01
-2.299996399836919947e-01 1.125511195730422020e-02
7.144672002137097966e-02 -1.821955963321900684e-01
5.806750679886518718e-02 -4.367734633271690425e-01
4.020684330896832082e-01 -1.256436347636658013e-02
1.230980394243812448e-01 -7.092648531824563563e-04
2.082790169504314948e-01 3.873569836291723689e-03
6.106560477261091524e-02 3.669346105764219601e-01
5.605093660834026270e-02 4.701178078752360490e-01
4.727545083760464895e-02 2.459984866692735972e-01
-4.386910629321552069e-01 1.011946572220989715e-02
9.022918068000496117e-02 7.059318804946812520e-03
5.506597164828286317e-02 1.781079689196858329e-01
6.336130957862673441e-02 -2.618348817253335348e-02
7.159262242641506457e-02 -3.788710469980228757e-01
4.677912392394767416e-02 -4.614572331664726912e-01
-1.291919292298976396e-01 -8.372496867426471034e-03
6.920845319536150786e-02 -1.150571976961914933e-01
-1.416313516422695873e-01 -9.307583727848234290e-03
-4.295791527814234456e-01 2.357219111494668340e-03
2.786259813789190298e-01 5.498317928855134262e-03
3.524316312844482102e-01 9.790070259190875035e-03
6.685380202163171415e-02 -3.209391521767736011e-01
6.925122149348539313e-02 4.910602818577515238e-01
7.375040172833202679e-02 1.779962689285152777e-01
5.120925266505738094e-02 1.050708668303390603e-02
5.677673676727190699e-02 -4.274359603271612462e-01
5.928680545951903191e-02 -3.797018128873050902e-01
6.952700750522788908e-03 -7.432436398592812132e-03
4.988762906532140384e-02 1.193229517245590898e-01
6.614563097572634387e-02 -2.489978711726610339e-01
5.931018942131960348e-02 2.830022768272529854e-01
5.710380064357833962e-02 3.858586902251985862e-01
4.589758395367400379e-01 1.240466085056923795e-02
6.427457308078432519e-02 3.754371823036055655e-01
-3.819851359815497061e-01 1.420846429050892645e-02
-3.530655448371291527e-01 4.721125421370264696e-03
3.453047338622283746e-03 9.638885161353361042e-03
4.520604838457886743e-02 3.159014269331794633e-01
5.168893586126699358e-02 4.114102477187520090e-01
-1.886184526242227211e-01 1.623102934969111732e-02
6.227887944691767874e-02 -8.449190480566870498e-02
4.064353174008198399e-01 -2.039001630168013612e-03
4.708523811248555013e-02 -3.476935478691113302e-01
3.216208492916630135e-01 3.668249916500720964e-03
-1.182404742891628446e-01 -7.816128579925640807e-03
5.611885692353579813e-02 -2.884751085929119219e-01
6.995961131764572016e-02 2.927708102845999472e-01
6.541383203368500432e-02 2.337086587667703830e-01
4.947119558367574221e-02 -2.371893775107547508e-02
5.093088236373621847e-02 -3.302820706025989539e-01
1.154428257536945779e-01 -9.181961007528660623e-03
5.448833963629329258e-02 -4.800839918392882932e-01
-1.631355939070151528e-01 1.351355285791611127e-02
1.440392486210313461e-01 4.803489831912255426e-03
4.623539785221197906e-02 3.154255295294081662e-01
7.871738121710492031e-02 1.554387243532766583e-01
-4.858926838894589428e-01 7.561071367837124413e-03
2.227866373503080144e-01 2.777685912348948349e-03
-2.284408452044606186e-01 3.597296697813612276e-03
-2.374920883936180172e-01 1.108036820338442752e-02
6.378642175943893822e-02 -7.519472897941570366e-02
7.627565977212136250e-02 9.620548045326982045e-02
7.518267161285030475e-02 -3.827535609016948781e-01
5.032677853382694355e-02 1.694586995466207391e-01
1.973709954930349397e-01 1.189357672390700671e-03
7.475025187395123449e-02 -1.867857449382959167e-02
6.550836036164486842e-02 1.385412404384045448e-01
4.281702345263815879e-03 -3.837381474578460683e-03
4.419826900957202209e-02 3.449317899316715064e-01
-1.943230820007429971e-01 -5.425117288882397304e-03
-2.939454262480467595e-02 -4.687837272792205745e-03
4.778335648759191034e-02 2.132743873582694238e-01
6.027080185765865128e-02 2.934441386929620421e-01
3.967501121826300103e-02 8.876962779536756720e-03
-3.443579362920345943e-02 2.609672192637302324e-03
4.404399507377632084e-02 4.294826118062200493e-01
7.244821689680747134e-02 -4.537824284662359542e-01
5.977625418020482417e-02 3.018919279627561014e-01
3.045090161488935854e-01 -2.367507459844264694e-03
-1.433056198367699263e-02 -1.171750780487967880e-02
-3.930635920174246900e-01 -8.527152813727290059e-03
5.859817057805416507e-02 -3.523591170577404785e-01
6.273687409849293406e-02 4.813192110367117138e-01
6.743229674731487933e-02 4.761021177089819201e-01
3.029421629167723395e-01 -7.880518918509937798e-03
5.543830294069407305e-02 1.747869747399357632e-01
7.202049416240496882e-02 -4.510649755481896950e-01
7.476071746582890754e-02 -3.766382867253659228e-02
7.600681550566767974e-02 -1.857912050498258250e-01
6.796520503873537677e-02 1.011555284356883133e-01
2.379486343832094564e-01 -7.458102422874812731e-04
-1.439476325314046345e-01 1.468798503652635201e-02
1.595248382015794775e-01 1.167483293271764921e-03
4.372185830429708986e-02 -1.206884094462553625e-01
7.073961111630799881e-02 -1.882602109759528020e-01
7.780503543832217872e-02 -1.303416960490240140e-01
4.869986880963983467e-02 -2.803177741405523671e-01
5.765652299826429239e-02 1.068812630720071821e-01
6.025496535975705115e-02 2.924540896581873106e-01
5.018442667936451329e-02 -9.869753182540585978e-02
6.761085383828702167e-02 4.654672641008262834e-01
6.900097400192639618e-02 2.974490374251423930e-01
2.205255176711983234e-01 9.008789800306615803e-03
5.330810646841599443e-02 -2.246432911940076105e-01
6.756311701732586883e-02 -3.364636565132560486e-01
5.053055200417211346e-02 -4.808425889937592013e-01
6.497546893750416608e-02 3.134727095076733638e-01
7.820510538110725385e-02 -2.347489739255981256e-01
2.358548212479805173e-02 -1.026962490581129206e-02
6.418117925492183851e-02 2.975314091915534087e-01
5.559405988503729468e-02 8.055220216045122505e-02
5.000817026039361402e-02 1.740770193995877513e-02
2.924186909048701599e-01 5.402109478148675592e-03
1.065597724418251291e-01 -4.016538849843653836e-04
3.967502842584821332e-01 -5.388886804607362357e-03
6.083462222302848943e-02 3.330934117706445541e-01
7.740403531427508810e-02 1.005898746851060510e-01
4.987975344430306546e-02 2.318713510084912111e-01
3.069380151750737973e-01 1.498209418065499232e-02
7.443262573230680079e-02 -4.188750046729707854e-01
1.485155024989646133e-01 1.406443062040740877e-03
4.581170162852468142e-01 6.630893457300612859e-03
4.989747900482082166e-01 1.673550930771383616e-02
6.810678405736059204e-02 9.796249678774660019e-02
4.913415810286825280e-02 2.238821049581485312e-02
6.444125956424062718e-02 3.591291392677274930e-01
2.018733042800395783e-01 1.487635388695540684e-02
6.424751599597344764e-02 -2.725455569930645972e-01
4.626237690274259684e-02 -4.876115297439147511e-01
5.181954032716040714e-02 -7.132778738136191787e-02
6.488771232696111113e-02 -2.572288521504132452e-01
4.787660820065009482e-02 -2.496848801940576568e-01
6.905913175895161960e-02 -2.282492656096521966e-01
5.729987589189255992e-02 4.780127181967530614e-02
-4.190898666686988516e-01 -8.058073785885966345e-04
5.505969184873271693e-02 -1.049758144652460645e-01
6.107930174528075629e-02 -4.168233653533615080e-02
4.076795439768230445e-01 7.544352806766352337e-03
4.412343315322982962e-01 -9.188247986893882668e-03
-4.052982361324265481e-01 1.093776708748583903e-02
-3.032760003562986473e-01 -5.884251126656692144e-03
7.281040224676282868e-02 -3.569181953488805847e-01
4.886133585350962427e-01 1.024559286997217544e-02
7.140951382645055467e-02 -6.155924377428256822e-02
6.507095914249261259e-02 2.764660808751373544e-01
3.038133124896291726e-01 8.406283632234834435e-03
-2.620897686119127989e-02 5.369872895244598432e-03
2.305029387361211546e-01 1.269870343780310495e-02
-1.486998627278550700e-01 -2.111479399102833554e-05
5.333728817910454723e-02 -2.645844235552640145e-01
9.338243349457098219e-02 -1.177341035003709457e-02
4.662295759279222462e-02 2.742345612200547400e-02
-1.145837125857009919e-01 -6.008571102082416182e-03
7.513632233773992475e-02 6.330997225726808786e-02
-2.227717317312726264e-01 1.456680970292700827e-02
6.275088520747884591e-02 -1.688018844492085169e-01
1.756896105030564259e-01 -8.654834942572020573e-03
5.992707269456509778e-02 2.327419764622759013e-01
4.415003538132045158e-02 -3.639643619360600768e-01
6.851608422104416007e-02 6.540509692996399060e-02
-4.196901014246849915e-01 8.558867371665446200e-03
-1.366410398718147512e-01 -6.208600360454452627e-03
6.934139328166821770e-02 -9.603925675763591574e-02
5.382587969050323107e-02 -6.083777193418371532e-02
7.472733051386160064e-02 -1.503453371529641647e-01
4.753759000636226251e-02 -3.300191291958499695e-01
4.476962952018425090e-01 1.278314723201345871e-02
2.320452094135986298e-01 7.724692764468077399e-04
7.583822628731806681e-02 1.177298778106797839e-01
4.483884265399998847e-01 -3.905548501138444983e-03
2.342990947716613315e-01 7.643476751148070569e-03
6.269113960085925807e-02 2.357929434605460228e-01
4.533249534049044183e-02 7.089340466047600042e-02
7.074065173673993456e-02 -1.541869837600828852e-01
3.988629701104601244e-01 -4.548147374494604378e-03
5.185026613569676535e-02 3.621124433614322236e-01
-2.159152212632278189e-01 1.319843589043356857e-03
-3.752561657258446370e-02 1.325345540984068649e-02
7.656678723118681695e-02 -1.460938477514212019e-01
7.431436298994853473e-02 2.374733937751433155e-01
4.792965075507034101e-01 1.454417602420010613e-02
5.267607373035820828e-02 -1.240571952143061374e-01
4.878031770403357115e-02 1.833764003130592402e-01
4.934652981797571503e-02 2.659673122664016898e-01
6.694963414700660920e-02 -7.417674578872879287e-03
4.716735233860602783e-02 2.852064270960857906e-01
3.560479123778724775e-01 6.934643493630043842e-03
7.501313403186693485e-02 -4.744166726304355208e-02
1.310068302812068541e-01 -1.067596635385303916e-02
-4.480270031414511633e-01 -3.776605837868096671e-03
4.251624976439475345e-01 2.471888054108695165e-03
2.844810970001668826e-01 9.921510950910095161e-03
5.246092824026626911e-02 2.343163723266779019e-01
2.355757516126842921e-01 6.845592544704515170e-03
1.791490851423493957e-02 1.116289377480217393e-02
4.749116818471521562e-02 4.715111149093604848e-01
2.252094863130992275e-01 8.911754851761877205e-03
5.076592502666543716e-02 -9.458595271815195549e-02
7.536627229037140552e-02 4.247523933869207236e-01
6.529742295028695409e-02 -3.081961782299359465e-01
-4.066070386107378809e-01 -8.046888529357199005e-03
4.444110676239854119e-02 -4.859731309681750711e-01
6.771572195248531933e-02 3.658255168384345613e-01
6.632360121378688689e-02 -1.872092438385215551e-01
-3.798229106346445727e-01 1.352533559448088063e-03
-1.216924518262271215e-01 1.188487627665191226e-02
3.119797826799685092e-01 7.873127225117904082e-03
5.593981508198087038e-02 3.254269100068230003e-01
-4.370790725231353813e-01 -6.294900551503279651e-03
-1.881540442597762208e-02 1.609561099676248830e-03
-3.853538013117832062e-01 -1.028188727134948799e-02
1.422636636628733520e-01 7.655903305311628770e-03
7.192288683613501377e-02 1.997869415886771582e-01
6.983323310606481815e-02 4.866674610313336258e-01
6.995499761096024560e-02 2.338703770178975905e-01
4.753459782555158331e-01 3.697891576160960980e-04
6.035182129981542243e-02 1.484821345624417477e-01
5.555721905696375806e-02 -3.391259035253557652e-01
4.409794876728345692e-02 2.316615550527877376e-01
4.684962433979200647e-02 -5.501080594318541461e-02
-1.845294669892260098e-01 -5.238288694571324733e-03
5.198187554314614989e-02 -2.389372316554962961e-01
7.720139289164451579e-02 4.560694092285930701e-01
4.631575484045136193e-02 3.884525301742554060e-01
-3.516934644295665047e-01 -9.302866900535833317e-03
6.995925933858582191e-02 2.642055892714575416e-01
-2.499669056490617658e-01 -2.825112815320274251e-03
5.972328561899542532e-02 -2.747638455603461649e-01
5.155648442025528855e-02 4.937819781803263197e-01
-3.208019811988793712e-02 -6.914171334426177928e-03
5.508853842139227464e-02 1.120690997683601031e-01
7.337703042636023465e-02 8.761850079892274934e-02
7.453036763938380993e-02 -2.116140412518974223e-01
6.063759395453627299e-02 3.289465967855536022e-01
4.918077118658610303e-01 -5.802203487586976571e-03
6.854394834463617414e-02 -2.479007396850698708e-01
7.278485562254755070e-02 -4.229617148650237635e-01
5.650732503272160034e-02 1.578292849401031761e-01
4.960255731293656822e-01 9.759391927873006800e-03
7.552722491560881490e-02 3.983820441981297256e-01
7.567144460432528863e-02 2.203656340961492877e-01
-8.262633514715678196e-02 -1.020668821792269920e-02
1.252795358939634562e-01 -6.885785398377697319e-03
4.914590788755390793e-02 3.050110073558244261e-01
-4.773839905548662443e-01 -1.725721408786129452e-03
-2.324652997564484735e-01 1.590428918044139994e-02
-3.521682796065290777e-01 -4.984817828924792416e-03
4.423081028740583065e-02 -4.681263491652631892e-01
6.087413913298933554e-02 -2.089234951849450184e-02
-2.021967634355544829e-01 -2.064788628184932584e-03
6.626639836488690261e-02 1.456272701475496145e-01
5.616014035099736734e-02 -1.483032326000079948e-01
6.214698310970090400e-02 -4.409239348498160682e-01
-1.423890172073712934e-01 -9.260183613591488339e-03
-1.648148978039141177e-01 1.679444830050247361e-02
3.076907539766136068e-01 -7.563534748524669560e-03
6.517926879538216145e-02 3.823299181121243562e-01
1.994417908486711966e-02 8.086400373802371533e-03
6.571528564882800350e-02 -4.574504625660557044e-01
7.061062982273136335e-02 -1.298079552434117101e-02
6.135771404504952731e-02 1.567977040491074225e-01
7.343533992117634579e-02 3.541681856739757883e-01
-2.888450720990158871e-01 1.332303824175462559e-02
1.617022770066813830e-01 6.489838631287603299e-03
5.473406640260114475e-02 -3.068753863788732383e-01
6.888657204368964226e-02 -2.222961294282773670e-01
-1.565752870847232359e-01 -5.455046390506868015e-03
7.008331847009241500e-02 1.456102046213588741e-01
4.430803455329590523e-02 3.474148783907915483e-01
5.772281039733040409e-02 -4.719358221654978980e-01
4.639048096300224522e-02 1.444898522889116466e-01
5.798717615745152543e-02 3.118725230434337137e-01
7.558514009540262535e-02 -4.815357028530531380e-02
6.985765911351249358e-02 -3.724307470200980408e-01
7.810087527877762614e-02 -1.559964865674984269e-01
7.731467000488745356e-02 -3.478143175741914561e-01
-1.347602758296571057e-01 -1.721271964871262661e-03
-3.527391999214923857e-02 -4.668499030924588844e-03
5.815689783834177007e-02 2.770554016809391173e-01
3.552818421681624983e-02 -1.240998233446410914e-02
7.650496791941530095e-02 2.812847342866020561e-02
6.308363352535184543e-02 -3.719470392342545395e-01
5.187196070195110309e-02 2.589702487736235126e-01
-1.741286731574884783e-01 -7.831225447220924174e-03
5.932709345135622758e-02 -3.432449325922596328e-01
3.449663135930235436e-01 -1.266620753245439879e-02
1.361005794964313953e-01 -1.064850360159852460e-02
2.449398732361607323e-03 -6.999565645524619129e-03
4.012714403465249546e-01 5.896008573447186762e-03
4.324193988042148717e-01 2.360853669593820925e-03
4.881692774516777078e-02 4.061635522658146868e-01
-1.468439576162474669e-01 1.323193128227528881e-02
5.285497672110395229e-02 -9.668352972234850462e-02
6.508176704734947027e-02 -4.280446748915015531e-01
4.433140568010396354e-02 4.670048694779885823e-01
-3.292593787099618030e-02 1.231721772716420915e-02
3.425171219203066997e-01 8.744072248528800273e-03
-4.379409262626132726e-01 1.556122238613300013e-02
4.093689157838983350e-01 -1.416582068751282009e-03
5.233457191321033708e-02 -1.218136515615876325e-01
3.647576999400556907e-01 1.307529628534909172e-02
7.759067466246394318e-02 -4.382648602220132750e-01
7.470058701044468563e-02 -2.582386322679188773e-01
