-4.175836113859535681e-01 2.346662623341599918e-03
6.674368322645995999e-02 3.768904847233458533e-01
4.924909755585309412e-01 9.435162886375914049e-03
1.306081661105696901e-01 2.765191281912415810e-02
6.644065084767081242e-02 -4.543899711258251317e-01
6.309106264811048526e-02 -3.576882381374923980e-01
-2.226926254217127532e-01 2.903728419287854301e-02
5.308946496901312262e-02 -8.708251267696920372e-02
-2.542480132476820920e-01 9.609470647392481801e-03
6.886787530620019915e-02 4.620626021827105578e-01
3.691330582160534668e-02 2.480763857494228120e-02
1.257969162460208512e-01 2.379059642779046690e-02
5.948363213458152110e-02 -4.448385191036726694e-01
5.133584851181305364e-02 1.742779865849383159e-01
5.943188032363211359e-02 3.068350801509052150e-01
4.739021998335590791e-02 4.737137290738624440e-02
-1.708318677456613921e-01 1.878615817294204682e-03
-3.666555819332085742e-01 5.029943559854421764e-03
-2.456934013318816667e-01 9.834993349704057586e-03
4.340863232736791311e-01 2.522614930992073123e-02
4.853404677583716964e-02 1.183705994387220795e-01
5.002665003286799195e-02 -2.209955399775167528e-01
-8.642661790418371126e-02 1.199403388109177016e-02
6.660582810438797630e-02 -4.384455520046380839e-01
6.311739865273580108e-02 -3.955318281718822604e-01
-1.773735482718863388e-01 2.995799232012386071e-02
3.872909691047500269e-01 1.830194376539340251e-02
-1.268147404744141005e-01 1.222292564997295994e-02
4.972905963405389596e-01 1.283033380558162850e-02
5.199293544371186293e-02 2.769864860224674485e-01
6.431214227201587086e-02 2.523626863789295571e-01
1.546012177169387991e-01 1.486418206995798741e-02
7.889231773594918007e-02 2.815459623679622547e-01
6.861806700774630841e-02 2.595323186433187157e-01
7.164553032044063130e-02 4.311955020325577426e-01
6.049812072162785714e-02 4.439131454421064715e-01
3.536054916144576454e-01 1.961786722004776884e-02
3.482037259173412780e-01 2.408781366960877079e-02
8.108061491128615295e-02 4.557529900615509000e-02
5.203922707755137544e-02 -2.255527861919733867e-01
4.898066289945601781e-02 -3.182113320885860963e-01
6.691039862532566218e-02 -2.708503353699176497e-01
7.300452832373016676e-02 5.511732484350395644e-02
1.784882714956137484e-02 6.156020126591665864e-03
4.698174732751726479e-01 7.162158764724924076e-03
6.675142314397064514e-02 3.167178521543800862e-02
-2.428487484178776246e-01 1.756145872193182189e-02
-4.605089574825975696e-01 2.432306542221696066e-02
3.171039275428642057e-01 2.511948535681163275e-02
3.705433151017198945e-01 6.615998214142937428e-03
5.297695913738609264e-02 3.806083655133446486e-01
6.286216778339481781e-02 -2.286049647015426789e-01
5.302140283238876428e-02 -2.864094037425768402e-01
6.423353338714932192e-02 -1.022590718758931150e-02
-4.067620846221707831e-01 1.786514331941113642e-02
1.121969854436049019e-01 1.209285903134560414e-02
-2.332109964441364536e-02 1.289067572401769723e-03
7.731849415473757148e-02 1.446535570368699952e-01
-3.136703532628491997e-01 6.214196422514861595e-04
5.004409825293854031e-02 -4.936097258105609509e-02
7.733809897406573874e-02 -3.109387727708747828e-01
5.492441823630545006e-02 1.790063656618721133e-01
-4.550724629523419384e-01 1.605529614469081157e-02
7.223003173941777710e-02 1.056415451775335468e-01
2.341019570645680448e-01 1.488149370415514650e-02
1.079147435835041691e-01 2.524669543112545433e-02
-8.124038385362197801e-02 1.747326803710058662e-02
6.433295472734668063e-02 -3.852823889181069550e-01
7.134575236636908624e-02 4.036168160310836805e-01
-4.444880703459719307e-01 7.569932878698559797e-03
2.602685805482197745e-01 2.289194502294034095e-03
2.790985706557114199e-03 1.704722288868554259e-02
5.126372352586783254e-02 -3.723954387936877497e-01
3.688394580120452071e-01 1.916978134867219907e-02
5.193295479107740142e-02 6.492912719517018871e-03
7.386270583415244229e-02 -4.142308671588862401e-01
7.104573496759702955e-02 -2.920235746130996901e-01
-1.495606707290222381e-01 1.681952867834457521e-03
7.102080744337135876e-02 4.984591441620156438e-01
5.877843818428651890e-02 -1.028223874595286524e-01
5.677792831818262442e-02 -4.411442181065601265e-01
4.884054758497391457e-02 -1.814019769108892177e-01
7.153126844382229343e-02 -1.265338353408828054e-01
4.905970912629997738e-02 -2.671554651166793137e-01
-3.499777936412240553e-02 2.533440733556657776e-02
7.274534583882164007e-02 3.606950102498774902e-01
4.883169801558402412e-01 1.614906713852426456e-02
2.750542197050032112e-02 1.160047722382906432e-02
8.619704605764788585e-02 1.545735227974409653e-02
7.277189464342581626e-02 3.741699833381119111e-01
7.383803645692488260e-02 3.990602027412519792e-01
5.434760669173532843e-02 -2.390968600154209645e-01
7.327579550886043069e-02 -1.940614265774731617e-01
7.863880892016650304e-02 2.181237150570336514e-01
6.553351634022464012e-02 -1.880277215643598732e-01
-4.148100488667678665e-01 1.222778572165028610e-02
7.710891669052399866e-02 4.470803232106510539e-01
4.175743954454380624e-02 3.014491043067113463e-02
5.159075989492845071e-02 4.819215499722310225e-01
5.974721003528893348e-02 -8.145187524117525335e-03
1.176917520882577728e-01 1.306072025270887949e-02
5.370219748493698653e-02 1.367516492953122498e-01
6.103782927972556394e-02 -1.785495655076253518e-01
-3.456858607759450974e-01 1.622755625227478848e-02
5.940622171921938754e-02 -3.796496429950608764e-01
4.674781633632529854e-02 -2.045690342444260734e-01
2.506438049210798491e-01 2.221418181450074414e-02
6.619311236151659283e-02 2.477995125236459595e-01
7.338783463879505753e-02 4.921104960168707354e-01
1.886247683262773922e-01 4.399050897508138824e-03
5.201822414406787054e-02 1.992385968080089276e-01
-4.780137871337742927e-01 1.021808790961054036e-02
-6.091488161044611438e-02 7.186178952027000300e-03
5.017311351194198021e-02 2.182761564600839144e-01
6.712232967941722528e-02 -2.174477106393514214e-01
1.149315058751850804e-01 1.363070188611448241e-02
7.495019933047808447e-02 -4.185206712204559976e-01
7.315134445687243581e-02 1.247619492638484262e-01
3.056751197532703301e-01 1.830100109039933809e-02
7.040891086720724168e-02 -4.151909802491282608e-01
7.104354110473176664e-02 -4.033099535856466966e-01
5.375371074983481545e-02 4.769250352838225737e-01
-1.563362418967907397e-01 2.650185631931201158e-02
-4.005505697548737976e-01 2.868213982681555585e-02
5.115633548843978584e-02 3.011640657381627895e-01
7.229125685674386848e-02 3.896725559682512330e-02
4.982636071888491003e-02 -1.790701158384138125e-01
1.708693331332765686e-01 3.483366720485436829e-03
4.658161549507000565e-02 5.353998362831124957e-03
6.158871322895775879e-02 -3.816188937544814364e-01
2.098028286103803541e-02 2.087827628453597928e-02
3.476271514031522569e-01 2.288733170977585996e-02
7.065699196538155480e-02 -1.308883210796986107e-01
6.297191611691299595e-02 2.448991620495628574e-01
4.433358801177714748e-01 2.141007089020008358e-02
2.118879499548343981e-01 2.681867933872494891e-02
8.118574082665219738e-02 -1.037261447156594407e-01
6.724314845468526425e-02 -9.518988371073688892e-02
-3.366448711889760137e-01 2.978191059738521940e-02
3.019931683625898255e-01 2.886248082971665241e-04
6.699357828402074944e-02 -7.947782376684608963e-02
3.222449012088713927e-01 1.853701641900007413e-02
7.658618295915708973e-02 2.047539925953030249e-01
5.388834219505367340e-02 -3.102603383149608041e-01
-1.733293453228911263e-01 1.259653699940854743e-03
5.798835686399184119e-02 3.440980994300666396e-01
3.122825162901508023e-01 2.042879071369840815e-02
1.673840736684865105e-01 6.919008555328787224e-03
7.562470274484967003e-02 2.296171279795219400e-01
4.414506029149064537e-01 1.620370763343659259e-02
4.938928626670846533e-02 -4.093687098824660975e-02
5.375970177163225117e-02 2.264481255592687425e-02
4.616495332999903667e-02 1.246715566065474956e-01
6.888898698459600123e-02 -3.288852308515988199e-01
3.214568728499039851e-01 2.141179251466840405e-02
5.154352320445454438e-02 -4.922361609982521813e-01
6.950981931563515737e-02 2.349080946707544637e-01
-2.681030365944658822e-01 1.929174784479792404e-02
-4.493316865324756826e-01 2.082874478936613816e-02
-3.978971519515173139e-01 2.392413555260242131e-02
5.466425942876607103e-02 4.435740327352504231e-01
-4.235380017551717557e-01 3.466994006714130272e-03
9.652208390892813572e-02 1.261061212587266667e-02
5.732112926193633218e-02 -3.577281576916522265e-01
8.376984379066665376e-02 1.238797840928307359e-02
-4.651079325680465004e-01 1.538593351554151667e-02
3.750361592347837281e-01 1.940867815028157750e-02
7.965682828950759742e-02 3.150862392802852296e-01
5.624881421955718608e-02 3.389984924307624103e-01
7.245460610024456738e-02 -2.801030491239566711e-01
7.394663352313601834e-02 -1.873179067362343853e-01
-1.285199133196973653e-01 1.925745710344650696e-02
5.426118293439607942e-02 -2.715270860936652708e-01
6.943348723678266499e-02 -1.781248850614335355e-01
-1.018021631755691159e-01 2.782378071916569162e-02
7.751602860324124933e-02 2.609308696772424385e-01
4.565495586750326629e-01 2.363761437752942562e-02
7.087135587190740438e-02 1.491747654223020136e-01
-4.689411882350743577e-01 1.902478178735156344e-02
7.153883699567109566e-02 -2.274092866924483092e-01
6.706675540906614774e-02 -1.310086395246158331e-01
7.038537107235676160e-03 5.219290643673213381e-04
1.794763213597958540e-01 2.360789600377966035e-02
1.498585634124179888e-01 4.147498394304283131e-03
-2.790970689544416405e-01 3.586531387493985257e-03
6.458227755387113689e-02 2.073418872221922671e-01
3.830294351719332191e-01 3.290523651173438147e-03
4.585114980615379032e-02 -2.922242746699865723e-01
9.665357892917514349e-02 2.792123607430130328e-02
7.349930510698798880e-02 2.897623918396363685e-02
7.805742821472894111e-02 -3.835756591691312778e-01
4.701351879391180155e-02 9.434411658823982361e-02
5.227409078915301599e-02 -3.422186184845851242e-01
-1.949718294677287300e-01 1.374500487797081227e-03
4.126368675768798955e-01 2.018340777491334226e-02
2.999278247595350555e-01 9.753463040010901253e-03
4.386641665371170395e-01 3.107292344409429141e-03
7.282994504197404240e-02 2.742620514622329253e-02
4.468672172884202709e-01 2.285245941952052107e-02
6.049500920635331180e-02 -4.956461155281607356e-01
2.295651331471162404e-01 2.265906155361230301e-02
7.618094810986508758e-02 -2.336595667568859280e-01
8.036765181077465403e-02 3.983463383846695960e-01
7.293723693590470347e-02 -4.963692875638910929e-01
6.144790602515859401e-02 -2.771706181063969820e-01
2.259964676899224312e-01 1.272172174343078055e-02
-2.953200384831957681e-01 1.877915234632232533e-02
-4.674019993864046985e-01 1.201845318051675271e-02
-3.753299994867049794e-01 9.997388092761849698e-03
4.618751357163408677e-02 -1.136274524919633766e-01
6.014910913314053253e-02 -5.545100804702496333e-04
5.779152185219216253e-02 -2.423514248625142642e-01
4.573451763780400636e-02 3.442778971893331041e-01
-1.031344830142871816e-01 1.879992577395850351e-02
7.732766438814109300e-02 -3.389044104456806483e-02
7.580578576888741260e-02 -3.268014156611334098e-01
5.447119826586099833e-02 3.049078115566032920e-01
5.874792207310142178e-02 3.207130556853827752e-01
5.663195333860759906e-02 1.969940691587289683e-01
-4.896493043662031308e-01 2.455234247812798642e-02
5.971679885960545775e-02 3.501604448220324572e-01
6.760295893992895877e-02 -3.682124945597631260e-02
6.993019287533064343e-02 -1.622431484524118339e-01
-2.128040285533540077e-01 1.631057427474891242e-02
5.216864973880408485e-02 2.296325135363863623e-02
5.815755511300857439e-02 3.500669367701960688e-01
7.551483836365724400e-02 -1.192329501728872643e-03
5.941160411168944222e-02 6.658735278581795480e-02
5.540096512556469399e-02 -2.412073483566112841e-02
-2.301610700030519707e-01 6.320577248386194391e-03
6.256008129309897914e-02 4.845086955961065422e-01
5.729397962194271443e-02 -1.790303826693795397e-02
6.251000640737081060e-02 1.181464483416042599e-01
7.137178506842745129e-02 -1.866176454005817886e-01
4.190387216295692330e-01 1.277219254159733808e-02
7.580587712617692375e-02 7.608850490214402740e-02
-2.289389142985321923e-01 1.330823009735393470e-02
3.820243256440264412e-01 1.703487738339737323e-02
4.887275801682755549e-02 -2.478866235829254583e-01
6.543419430459040953e-02 4.323901793365536594e-01
-2.502046480500604853e-01 1.065676004516236119e-02
6.294503485683422550e-02 2.328522967026841473e-01
-2.227903239405819580e-01 2.964862120434008652e-02
2.371300777476321731e-01 2.512767830436746230e-02
-2.478635341543160564e-01 2.724600373280483545e-03
7.191813431847648985e-02 -3.193247504618657029e-01
2.363567386829391603e-01 1.304466804925852319e-02
7.290549348422070697e-02 1.503440346768781799e-01
6.136338934595741978e-02 1.687320065065758268e-01
6.374860585316766137e-02 -3.284880006377681738e-01
5.709770669651825781e-02 7.075307575075173716e-02
4.281037992424564509e-01 2.549969997199019733e-02
6.958912443708997753e-02 -4.951957586409713175e-01
-1.814149113584595518e-02 1.021318723705344489e-02
7.293245290578631579e-02 -2.098789206489626302e-01
2.210150661488693435e-01 1.015248186819950327e-02
3.955252205447150615e-01 -2.466330177330888773e-05
7.854265286955952607e-02 -3.621968568521178877e-01
6.592248160879488061e-02 -4.625591936543598237e-01
3.154417052358526874e-02 2.473695343787629675e-02
8.645714232667200960e-02 2.773731231658893570e-02
-2.378589660476631007e-01 4.984762349261151471e-03
-3.676204088705441464e-01 1.910123898337168225e-02
6.139365689985920582e-02 -4.275737288817120785e-01
4.961991526939990571e-02 -5.492198651115220986e-02
2.730558209962973271e-01 2.811161882269863632e-02
6.955589465794353998e-02 3.423900673453738053e-01
5.124033950356221556e-02 1.646661487902839616e-01
6.742526954370453574e-02 -2.132155288800302584e-01
8.457593287601694598e-02 2.533143593201114818e-03
6.206092146770303408e-02 2.902380255292471567e-01
1.590256315436573420e-01 1.858381260980712657e-02
-2.578245901652471694e-01 1.793387899277076869e-03
6.260381942282911005e-02 -2.818807572094024216e-01
7.141484250879059914e-02 -4.702411231487302334e-01
-1.254849554417323265e-01 2.626274042532572572e-02
3.612335186427878542e-01 2.151120492232005965e-02
7.604125508923131882e-02 -4.593013735852317092e-01
6.675635759403319991e-02 2.445502345649811504e-01
-1.037511089778181406e-01 1.486574899828174701e-02
-4.603775592037282482e-01 1.620354692731917901e-03
6.608383131393202881e-02 -4.544926548716741177e-01
8.037763155226262946e-02 -1.953330867203905141e-01
3.226781893906158771e-01 5.941664493818055170e-03
6.276438968988939937e-02 1.417337990440366013e-01
4.805056072396884925e-02 -3.845640460130810290e-01
4.003868473888737567e-01 1.514114253782961050e-02
3.567540217823105264e-01 1.710546410077729007e-03
1.768510135927316984e-01 1.578048253163444326e-02
8.054444955169060005e-02 4.039894796829367474e-01
3.239031197384221183e-01 4.023537436800062039e-03
7.709074701423168641e-02 1.597465193110791937e-02
5.733529403395298818e-02 3.812248727949663074e-02
7.621789025303105092e-02 1.763903422739974136e-01
5.264819940568932211e-02 4.624523056007474597e-01
5.433651557428420542e-02 -4.079346215607781989e-01
5.504320027986497887e-02 1.477250892676983396e-01
6.532242675365140805e-02 4.077804863700494886e-01
5.720181980669969413e-02 -2.084350669386524357e-01
4.727619753190551721e-01 1.573663791753343588e-02
6.177588330342376199e-02 -1.831256922124470110e-01
5.644051957205120651e-02 -2.760199730771484283e-02
5.642832470181613491e-02 2.957933661972712569e-01
2.649774460614567895e-01 1.434660630220763178e-02
5.618693065119262364e-02 -5.493870021233793199e-02
3.072344572793154205e-01 2.716011990139888255e-02
-4.131621746022487995e-01 7.295440806834641023e-03
6.145834928150706311e-02 -2.263757439600855292e-01
5.220574499951147196e-02 -3.453139369946031101e-01
3.508399640126840247e-01 4.933137777587193185e-03
7.011927590183530956e-02 2.872736753614201222e-01
7.474750190731471733e-02 3.999586486628636806e-02
-2.853387078818800937e-01 1.350722860898312394e-02
5.228407215733388291e-02 -2.050256897535863709e-01
7.215116271427934880e-02 -4.540493134872760628e-01
6.319845070179419544e-02 3.855667814005647731e-01
3.272604090222361872e-01 1.256354738053377940e-02
-4.031281248580131926e-02 2.780365875441281887e-03
4.736207192608271610e-01 2.643569515894472755e-02
4.583332948081431102e-02 1.970871136236806986e-02
-4.430773511711257884e-01 2.140863747230692393e-02
6.096633149407859609e-02 4.014355226549704003e-01
6.830765751132827912e-02 -1.055425792572586285e-01
5.711765242954813804e-02 1.050612214184155624e-01
5.240300230381245150e-02 -1.925093169421373540e-01
-4.354677695148330141e-01 1.689150317828691517e-02
