-1.828329015767342636e-01 -4.923377060694587026e-01
-4.860573221540467337e-01 -4.244600437523681213e-01
-7.683700495477951975e-03 3.275817067361875834e-01
-4.932136159833871991e-01 -4.453459294417144720e-01
3.468837551022274646e-01 -4.541239553421912989e-01
4.306487934845903975e-02 -3.857344736557409837e-01
1.161098321720517301e-01 -4.619721817979309808e-01
2.531916301774583822e-01 -4.624268979203958185e-01
2.832428587897156680e-01 -4.359617956755483803e-01
-1.372896320276920656e-01 -4.852045683735116688e-01
-7.408325795137504777e-03 -4.828037812144156948e-01
-2.347567376531034533e-02 -1.904175278476476496e-01
-1.264636205596668672e-01 -4.664805794899065106e-01
4.609199684598570546e-01 -4.166933299603042817e-01
3.752912941243710110e-01 -4.339318200265557257e-01
1.121863149870228060e-01 -3.991964999262849201e-01
3.340836714196407931e-01 -4.927343239011303666e-01
2.218558994203705392e-01 -4.368127866815473270e-01
-1.520589806005927525e-01 -4.710181726842546102e-01
3.918059274472659448e-01 -3.968610183035404804e-01
-2.743281657207926605e-01 -3.888512409167733663e-01
2.269707823493969379e-01 -3.903555274461845137e-01
9.842385284272203716e-02 -3.829344614840985983e-01
2.114608083400142391e-01 -4.084726493262710312e-01
2.206834548956628783e-01 -4.629458793308260933e-01
-4.312146212345850937e-01 -4.844382401278517492e-01
-4.393018535409284331e-01 -4.936264335352767985e-01
-1.619629520977190484e-01 -4.687633816815681698e-01
3.938149464779818754e-01 -3.782007468874437617e-01
6.657557158718063750e-02 -4.331401750328908173e-01
3.638649208340638541e-02 -4.418889880202887532e-01
4.613647374154433711e-01 -4.711848026822946789e-01
2.286145471865186352e-01 -4.484734331503714699e-01
4.646362264956966914e-01 -4.438394059291315141e-01
1.042420163331347904e-02 -4.685282374055779187e-01
-3.517197766873706444e-01 -4.754506747675311118e-01
-3.652878329898341381e-01 -3.893479249606474069e-01
4.434330413802965998e-01 -4.685880065413818851e-01
-4.782971802297740771e-01 -3.956398744313286420e-01
-2.756457195251345027e-01 -3.789102226260493422e-01
3.169786354713430843e-01 -4.516959431086459142e-01
7.236586171501768749e-02 -4.380036660727465447e-01
1.162626078627126969e-01 -4.583628901060050609e-01
-2.032638871082992349e-02 -2.126536072273734757e-01
3.017427982410725296e-01 -4.348768974286069122e-01
1.080576438920788362e-03 1.867786314709305451e-01
1.400403764162155840e-01 -4.936334443712776521e-01
-2.145097223282467214e-01 -4.066189231896669698e-01
4.265547442943566914e-01 -4.506299740404280385e-01
-1.956055556567182219e-01 -4.365551450504080444e-01
-1.451827329795640775e-02 -1.912373074930197037e-01
4.019178550930959659e-01 -4.968561189909780351e-01
-1.818040405879994825e-02 4.189207500778299176e-01
-3.463770352352902870e-01 -4.403338173863311500e-01
3.060094883600656956e-01 -4.458701482854022791e-01
3.619279360051649297e-01 -4.978043762217271295e-01
8.310597073192227402e-02 -4.375960439942840896e-01
4.214710599358040266e-01 -4.853265483509886513e-01
3.987476823254643143e-02 -4.768826230639134911e-01
-2.543879156487401927e-01 -3.779183373342152041e-01
-5.960917600183912590e-03 2.090769193585457764e-01
4.027443566735203762e-01 -4.455365664694216354e-01
-2.539530448020446141e-01 -4.869467035999830440e-01
4.762128396812865816e-01 -4.489029602300208532e-01
3.802953343590418367e-01 -4.754034328162229928e-01
-3.216503684645538597e-01 -3.993744428907475275e-01
-2.488514701167132692e-02 -2.937210770532343584e-01
-2.396243192972968838e-02 -2.134107867438441719e-01
4.906586839485455043e-01 -4.307535288689996467e-01
-4.687611733102863276e-01 -4.824565058922238858e-01
2.343782639031436466e-01 -4.101613470285860874e-01
-3.097191218658312817e-01 -4.729377656898329230e-01
1.503001817500679849e-01 -4.893476174713115023e-01
4.502950816772574028e-01 -4.706145184472746434e-01
3.607551776756512396e-01 -4.386016457579583472e-01
-4.730604811660827913e-01 -4.472290623114935082e-01
4.189664388367988490e-01 -4.494216765939847980e-01
-4.403377827185218640e-01 -3.813969449212558649e-01
-1.542901948278418978e-02 4.514082901581636387e-01
-4.315131752917040764e-01 -4.702972044402330409e-01
1.430122731805050229e-01 -4.057922174825200345e-01
-2.678826349703470333e-01 -3.886908673434542605e-01
-3.037049532989162248e-01 -4.207949282932705870e-01
-3.803860921443569243e-02 -4.555421164575266246e-01
4.959491350371363350e-01 -4.093220402710248118e-01
-3.754864818143394123e-01 -4.251934462601215658e-01
5.598717720892709693e-04 6.501738420828573339e-02
7.070757454337561754e-02 -4.644788269068345077e-01
-4.866447207610979930e-03 -4.544111759823376007e-01
-8.816358526375012161e-02 -3.886448358760550281e-01
-1.116881081040310697e-02 3.991344844629957089e-01
7.591234558227744067e-03 -4.433636164472033458e-01
-2.105492703110247721e-01 -4.586145967209346308e-01
-2.341933756759874141e-01 -4.414935452861611376e-01
4.638648897688227857e-01 -4.050046880237716529e-01
-1.010861673104195280e-01 -3.922103973540468358e-01
4.596014152658871588e-01 -4.941145869790060097e-01
1.610418553451231638e-03 2.452031093910833626e-02
2.768773769064140078e-01 -4.852110287174467018e-01
3.346091958223931240e-01 -3.790440993950207060e-01
-2.085609078325920684e-01 -4.884811951859093782e-01
-4.777190249952659729e-01 -4.850630118176959549e-01
-4.313735364372340841e-01 -3.855461930165464679e-01
-4.319821884512051735e-01 -3.864735833181267566e-01
2.928033062897569261e-01 -3.810947637170012392e-01
-1.362043589157914125e-01 -4.276581653284193818e-01
-2.061542807844130021e-02 4.430755783029624029e-01
1.027489222606497998e-01 -3.973689087112111107e-01
4.577575365282632314e-01 -3.798002370984374654e-01
3.477708626073217069e-01 -4.006836439144493278e-01
-1.049180433677310287e-02 4.288159523794389250e-01
3.640686933511038115e-01 -4.373079877436257812e-01
3.459003944828147326e-01 -4.560147493887496406e-01
1.150203217432300695e-01 -4.879893657078706593e-01
-3.557662666512029226e-01 -4.658525137450075793e-01
-3.515394626140129208e-01 -4.694174358933678182e-01
-2.625127115324233928e-01 -3.807071192939462945e-01
3.422969385739822457e-01 -4.681544981823518858e-01
3.618832275251052666e-01 -4.931374411388752543e-01
2.480918390545888697e-01 -4.294013205237156017e-01
-9.054252238070437109e-03 -1.674777373494626964e-01
-1.777152440680707102e-02 -4.492911048730577894e-01
-1.042193081620386153e-01 -3.926971490857411595e-01
-8.506206396806947900e-02 -4.774892885688485356e-01
-2.001088620302304832e-02 4.530229688388285325e-01
3.190308610621639396e-01 -4.452445800998645620e-01
3.583494230724939555e-01 -4.711689307927828807e-01
2.386206646609952964e-01 -4.444688841530398671e-01
-2.599358192410528012e-03 4.795008543104158916e-01
-3.621633662829402134e-01 -4.167345340372324847e-01
-4.615902643678876371e-01 -4.755822526479479562e-01
2.518363332456414749e-01 -4.788390267750703977e-01
2.801003850581031962e-01 -3.942389128843452051e-01
-2.532609567880217405e-02 4.313975762388474466e-01
3.144929104616051019e-01 -4.020285835439321165e-01
-1.152682319656739285e-02 -5.877963088686033455e-02
-3.500138571847407620e-01 -4.743820306926234132e-01
4.979115418131000448e-01 -4.996343351438435887e-01
2.326878421694655863e-01 -4.222316593852873945e-01
4.161550539024553297e-01 -4.745854872461693352e-01
3.757475961643208517e-01 -3.799602687847599691e-01
1.970842017264223811e-01 -4.479127022114254286e-01
1.491568529722385739e-01 -3.889610726257355378e-01
3.245347237035616228e-01 -4.586493094058017306e-01
4.610143358727268881e-01 -4.678801937252907717e-01
-3.444235624081258829e-01 -4.786369658411225858e-01
-4.937023616843381202e-01 -4.873463450978735567e-01
-4.461188142102945342e-03 -2.350158892550323619e-01
3.502457788076287493e-01 -3.984496231069631911e-01
-1.490106423678169145e-01 -4.803580529742265126e-01
-4.567325907481769587e-01 -4.409345822084773658e-01
-1.547946471659256140e-02 -4.174458126564302152e-01
8.087018672455514867e-02 -4.427657773962856425e-01
-8.099114855679823144e-03 -4.158156347982400192e-02
-7.825015152793823869e-02 -4.306893146378388826e-01
4.219791558385578290e-01 -4.456807579798696128e-01
-9.269031605048394518e-02 -4.940581573282675221e-01
3.508860807893618983e-01 -4.094664991324702408e-01
-2.501650872387254365e-01 -4.553334636662074164e-01
-1.022508903224343957e-01 -4.447466690807172496e-01
-4.236690890329101178e-01 -4.318155617234407107e-01
-2.241963807673069686e-01 -4.828832445693674869e-01
-3.381075080915980635e-01 -4.968091652564800009e-01
1.437736324775644725e-01 -3.999124990326496931e-01
1.421776551831440694e-01 -4.437135439943596937e-01
-4.559166280742976696e-01 -3.928332182894267444e-01
1.476829738005560611e-01 -4.829062257099902000e-01
-4.523868603975748082e-01 -3.971026217764265231e-01
-4.177513295565149498e-03 3.824669114666301439e-02
-1.683286681210882652e-02 4.171479475867034825e-01
-5.175991452331829556e-03 -1.078911757926902526e-01
-3.121047176053898253e-01 -4.322931575248101232e-01
-1.977368863903272711e-02 -4.034159128732939248e-01
-4.344363562160108438e-01 -4.663901882054546366e-01
4.715368875335242960e-01 -3.873849542369779408e-01
-9.447053230567159510e-03 -1.841421067393184119e-01
-2.767234000350038414e-02 3.702001446523488504e-01
-8.354221438314657355e-03 2.965505543545976508e-01
-4.984448249322759317e-03 1.190234171178138345e-01
2.098057739405750910e-01 -4.806753832368421131e-01
2.647754466531937467e-02 -4.825905268692706196e-01
4.120014434697274464e-01 -4.671384586055939980e-01
-2.345086345596325561e-02 1.649372417068534213e-01
1.347400838945422841e-02 -4.951245917685134224e-01
2.675801982705396931e-01 -4.678430687184469416e-01
3.771381761913991104e-01 -4.186404622615513826e-01
-6.278670050869850083e-02 -4.597674639456805767e-01
-4.074028281622331660e-01 -4.715470602762172891e-01
-1.181779271316929503e-02 1.334459610377236594e-01
-1.995415181178422648e-01 -4.309622325243637198e-01
-1.982868303872855620e-01 -4.922491667331170273e-01
1.559035054511506146e-01 -4.116517043458707281e-01
-2.504493212569847138e-02 -3.376450810527247270e-01
-4.561768008205142610e-01 -4.162117618580790657e-01
1.507572894037604305e-01 -4.504874302434587197e-01
3.822608973342931371e-01 -4.266593246325661726e-01
1.210116903311296843e-01 -4.217500240802806166e-01
3.296246783274872083e-01 -4.218878852489614806e-01
1.093704918822832051e-01 -3.801470122878376490e-01
-4.442952852914118234e-01 -4.764603985898570038e-01
1.765535701860554418e-03 -3.832663397303148756e-02
-1.075800560870727729e-01 -4.530488907129842646e-01
1.555815075775734968e-03 3.964132944735411224e-01
-1.262436705345026944e-02 -3.367242851423055683e-01
-2.040047717732973442e-02 2.456069008483611205e-01
1.260236265271095224e-01 -3.862399285001442140e-01
-3.035657930810509164e-03 -1.389025859701311649e-01
-6.130411344137332019e-02 -4.454141003126435017e-01
-1.913899001705294811e-01 -4.272172692549487394e-01
1.941402136807441892e-01 -4.793491137465409890e-01
3.248753604825624919e-01 -4.353428585287265618e-01
1.850300024825186629e-01 -4.832368855262999530e-01
1.191874897118416765e-02 -4.991962522710680084e-01
-4.727336785380137352e-01 -4.368329381035053194e-01
-4.422909418511267177e-01 -4.493443355602503297e-01
-3.046771416033143831e-01 -4.652951593967161736e-01
-1.692212662244039212e-01 -3.937895282759154014e-01
4.226107964288743357e-01 -4.955673679329540837e-01
-2.696403493595855849e-02 4.939903275477448563e-01
4.968645892176506429e-01 -4.151608572224552152e-01
4.840946239781337423e-01 -3.834375974802560760e-01
-2.992165935929852472e-01 -4.367087805064445716e-01
-4.635452358170165654e-01 -3.959578405949498725e-01
-2.164145460082278483e-02 -2.853491146549954616e-01
2.984560584156145113e-01 -4.239112902010296891e-01
-1.316614068399205584e-01 -4.728936654260377237e-01
-7.287883433394692911e-02 -4.616881170664621781e-01
-3.525659915059805583e-01 -4.892616512907108639e-01
3.438315166723289185e-01 -3.928346763192277491e-01
-3.510281287022507524e-01 -4.410378993535419845e-01
-4.090483678978906745e-03 -2.887580255731536649e-02
-1.724748364093109387e-02 4.073872830016374014e-01
6.176362788906242240e-02 -4.842901408124202778e-01
-9.629634679506005046e-02 -4.633149354988633783e-01
-2.752186765822022263e-01 -4.468388950555128858e-01
-4.765431362759924294e-01 -4.738550979876420266e-01
3.378122652053520136e-01 -4.794049135556979202e-01
2.452118078479750274e-01 -4.722307654514762421e-01
4.462536573180090338e-01 -4.886865921541270197e-01
4.510512454757532597e-01 -4.271441650651787159e-01
-1.510601102112324456e-01 -4.266343118315768512e-01
6.826963082489900803e-02 -4.168714762006560104e-01
-2.150454052519157333e-02 -5.164922358489043575e-02
2.481997792346755105e-01 -3.960633327744006449e-01
2.709738638826469925e-01 -4.712686727796712161e-01
-1.563554623702795299e-01 -4.827899313838719397e-01
-4.002351459354868135e-01 -4.277606146203399851e-01
2.951927814080350654e-01 -4.699227541586088464e-01
4.965885578685551582e-01 -4.638854033379254949e-01
-1.875426849118888573e-02 2.982199727640746367e-01
-3.492960834473091136e-02 -4.659879146730929733e-01
-1.630346667408102412e-01 -4.164139313296553180e-01
4.572055286207611369e-01 -4.821520627367508194e-01
-7.569457215864772159e-03 3.342839627481332121e-01
-4.980088408108712672e-01 -4.596040877541067715e-01
-1.087463500230068103e-02 -4.483860115122535461e-01
-1.464468337762181438e-02 -1.702111264724476269e-01
-1.883187064162372693e-02 -2.695766604497874530e-01
4.906495705193451018e-01 -4.756787667421489285e-01
-1.926061216303610601e-01 -4.618560647435145938e-01
-2.407718996733331229e-01 -4.491434748605465099e-01
-1.534885774907779332e-02 1.832932183482656185e-01
-4.466605782823277471e-01 -4.811597729076864116e-01
-7.099337121303239684e-02 -4.561078657866278752e-01
1.188083927876710799e-01 -3.828124416612822545e-01
3.542802062644279104e-01 -4.383246647995461265e-01
-9.847899552351402352e-02 -4.109359587681090664e-01
3.159493991671127322e-01 -4.296886125500157805e-01
-4.599756684922511329e-01 -3.940789988274454592e-01
-4.318410756397796924e-01 -4.309532974031484720e-01
-4.007223074341182967e-01 -3.921956757084408274e-01
3.128685523021195181e-01 -3.802184797003024253e-01
2.480022982693789180e-01 -4.558939321121505683e-01
3.882024014842905268e-01 -4.045129755402833149e-01
3.985415732872382710e-01 -4.452322894148547094e-01
-4.698066531130512535e-01 -4.488300749564798631e-01
3.748393459219570012e-01 -4.959911346780376817e-01
1.185596245363966794e-01 -3.832603218786552191e-01
-4.510446630752336095e-01 -4.684121815536504974e-01
-4.106494757736567358e-02 -4.144204691299163690e-01
-4.328928483762064516e-01 -4.231944931942143162e-01
-3.606470341727409101e-01 -4.259188763281862578e-01
4.559535331698505445e-04 -2.242721157318093850e-01
-5.722389746701483926e-02 -4.220606157102880784e-01
-4.894968338207975611e-01 -4.290464139150077516e-01
-2.476543316638670778e-01 -4.748630272347780235e-01
-2.060858237899975132e-01 -4.709861165698936425e-01
-2.889856329994897610e-01 -4.862319357049282864e-01
-2.018448306948638082e-01 -4.735360261192587128e-01
-2.792796984087911882e-01 -4.889393598660944917e-01
-2.341718883335675017e-02 7.437317135866139406e-02
2.031513723846836150e-01 -4.170167768562211830e-01
3.011161648744395958e-01 -4.223129591295922136e-01
3.387519453524514557e-01 -3.796396905922972964e-01
1.389457875819233301e-03 -5.471757164261958906e-02
-2.493888993906123730e-02 3.318227780864613230e-01
-2.521325266984312252e-01 -4.493338678973871625e-01
-1.788399528936643890e-01 -4.387352425484244423e-01
1.494044263027878294e-01 -4.379279096311030628e-01
-1.883510843776945443e-01 -4.630645501200716385e-01
-3.919780628507951725e-03 -2.854008052652776684e-01
2.317698885165019318e-01 -4.634822110263299155e-01
-1.172127505247341217e-01 -4.672737246509903741e-01
4.114647961298486534e-01 -4.444203743790645644e-01
9.724760014721223200e-03 -3.985509084366344323e-01
3.666464011383707700e-04 -4.835566437627474290e-01
-1.261821346804098409e-01 -4.778741359887400675e-01
-1.113484541363018998e-02 -4.207451937459655289e-01
-2.750080576855343795e-01 -4.939088776736469955e-01
-8.165579983649162710e-02 -4.598863873537025748e-01
1.524752496529778734e-01 -4.342364562585766530e-01
1.933866956608004672e-01 -4.689506138580563643e-01
-2.126817167217076587e-03 -4.116953577221993399e-02
-6.167228954831160959e-02 -4.870301344374223795e-01
4.398992078306842579e-01 -4.905462569492755609e-01
1.838671317212778877e-01 -4.476452480236761122e-01
3.701571933133365189e-01 -4.280845128869477101e-01
1.782393498837990808e-01 -4.502466714413613236e-01
-4.854633785761424125e-01 -3.882574947491510553e-01
3.836408079108167835e-01 -3.923889452393789501e-01
-3.576832798721859552e-01 -4.228330846564172241e-01
4.181377198327040912e-02 -3.917029233377758990e-01
1.543815548260785153e-01 -4.014818634367830485e-01
-1.596323723619030854e-02 4.048397117850829341e-01
-1.805616205544924302e-01 -4.867761043498554097e-01
-4.040564685188656746e-01 -4.694056488568794094e-01
-5.852889323718069026e-02 -4.648729019080887204e-01
-1.826534758003189873e-01 -4.881237451511569736e-01
-2.299282898800270036e-02 -3.378821108617240387e-01
-9.008292115682559054e-02 -4.072741056024592465e-01
-1.310722097587713186e-02 -4.200254672976763137e-01
-4.974140061498280030e-01 -4.209042218388290291e-01
-4.175526765964230336e-01 -4.543448082732574056e-01
1.091475723290623590e-01 -4.696705633039657268e-01
-2.142741867517455878e-01 -3.944677519321960757e-01
3.507247200418546207e-01 -4.762115563787743255e-01
-4.380505358279743744e-01 -4.432930513076169809e-01
-4.138198715772504199e-01 -4.662975895141194815e-01
-2.259273662651761772e-02 2.829516941441535538e-01
3.462134917658949984e-01 -4.354655296162353029e-01
-1.103709857999557453e-02 8.458640481545220968e-02
-1.366164205600084447e-02 8.859887280419531663e-02
-4.304106990843723501e-01 -4.504482038278040390e-01
-4.353974743934140301e-01 -4.420118573508278192e-01
4.370662780764383859e-01 -3.845262896987553525e-01
-2.393615525701275892e-02 -4.161663098307915032e-01
1.796892461423360565e-02 -3.922468189237888758e-01
-2.390808381780985536e-01 -4.871465925600659830e-01
-4.506606058300111073e-01 -4.599757049093264882e-01
1.160809451109490187e-01 -4.196932622783895450e-01
-4.875101656020378593e-01 -3.787383638766722571e-01
-4.559321155755895472e-01 -4.385608882898198724e-01
-2.500756175319174268e-02 1.557787529081230415e-01
-3.207154911405518671e-02 -4.803469738893092478e-01
1.084214022099104779e-01 -3.899800144606269114e-01
4.141879731182773750e-02 -4.072268306364398294e-01
2.830829253396787148e-01 -4.759377010936841623e-01
-3.781037452746193184e-01 -4.157590693855033326e-01
3.423642805067447226e-01 -4.795182250153745551e-01
6.857627117495057600e-02 -4.581063835937057016e-01
-2.486632528925784014e-01 -4.315268162027787735e-01
-1.642948769950561827e-01 -4.162134266565913343e-01
-1.217024093624041736e-02 7.336805088463371760e-02
6.999466249234731485e-02 -4.349360319405963793e-01
1.230424344699670991e-01 -4.690830548573607928e-01
-2.178174795639820083e-02 2.811277854705991341e-01
-2.305502646783674781e-02 1.986408163627451096e-02
4.663019928433320693e-02 -3.810042262451275308e-01
2.605501270556462856e-01 -4.903705022872094643e-01
3.776017773735171890e-01 -4.908972881787911913e-01
-1.353934515384549453e-01 -4.161934689391005859e-01
-2.123623634319782294e-02 2.049678543496026295e-01
-1.816687460886492467e-01 -3.992668699206469718e-01
-3.008514910058599501e-01 -4.601099029996269518e-01
3.662493746689033935e-01 -4.203772996641257365e-01
-2.213469567181336473e-02 4.691474205506040995e-01
7.403434688152099596e-02 -4.576578267153506019e-01
3.559986842729495615e-01 -3.954050619620756990e-01
-9.003154126420198633e-02 -3.798403142435023971e-01
1.269991907240086704e-04 -4.650351001098251835e-02
-2.309058056849147000e-01 -4.654694323682982970e-01
-4.828876952496574670e-02 -4.876133895194215695e-01
6.982208649329857408e-04 3.605527618633003195e-01
-2.580408514189480584e-02 -2.052392809063279255e-01
3.372416782904906762e-01 -4.421596354818172481e-01
-4.251763960222652017e-01 -4.088291704241049374e-01
4.237501512335861698e-01 -3.864919768889845120e-01
-1.365883519292676596e-03 2.138816068204529852e-02
-1.344409844473370974e-03 2.120314782806189680e-01
-1.622660467965897357e-01 -4.851711701911157748e-01
1.338755298498873758e-01 -4.843802514834929518e-01
-1.430555641258576260e-01 -3.778290261569368091e-01
2.055738047511258548e-01 -4.635538178140361509e-01
-3.192435219022016213e-03 -2.013095960391974026e-01
-2.385766923594794253e-01 -4.226766314011509706e-01
1.366709414313693749e-02 -4.715506713781358883e-01
4.428986960576104526e-01 -3.883486120219642457e-01
2.313560424088867418e-02 -4.898738876681379972e-01
-2.186634867891500411e-01 -4.392103070914730178e-01
-8.695072707116668909e-04 -1.330002356617976389e-01
-5.349569129742048901e-03 2.024561166152525349e-01
-9.627148580887290308e-02 -3.886779581232787661e-01
-4.146662461211876316e-01 -4.141220137265224643e-01
1.269690833868288848e-01 -3.996587766501000782e-01
2.730571889415583930e-01 -4.695054530810979232e-01
3.327568897486232746e-01 -3.839295587598638981e-01
-7.053427964752945201e-03 -3.529062867491842281e-01
4.590329516151324674e-01 -3.989912949299844191e-01
3.150396698516140237e-01 -4.701488482707072425e-01
-2.575946067319270227e-01 -4.497232734434277734e-01
-1.691828827891594944e-01 -4.757360081598587254e-01
3.563334953605744593e-01 -4.360641237043505480e-01
-4.371777728650880768e-01 -3.849527277788007407e-01
1.574111554838569793e-01 -3.900422920832288254e-01
-3.216951372660514785e-01 -4.140106725094581108e-01
3.391666317090900051e-01 -3.961707629797158736e-01
1.745462580105096029e-01 -4.734784321799083706e-01
4.362142248856938354e-01 -4.710047357870651430e-01
-1.858329228444777215e-02 -2.601485569988332136e-01
4.387752106071087788e-01 -4.250570387203519429e-01
-1.193129397736014674e-02 3.158988255286296898e-01
1.074382633578230273e-02 -3.980945814010090622e-01
-4.092508708081922242e-01 -4.160289894113657905e-01
-6.157135367976762641e-02 -4.608504317544492856e-01
5.775830589703390139e-02 -4.217719170576791354e-01
-1.767822329869506159e-02 -4.127211075937385898e-01
-9.977686787004969027e-02 -4.607536498825545168e-01
4.220474550663726454e-01 -4.849725632552900345e-01
1.277864403364481483e-01 -3.909241545057968725e-01
-1.999892013070915242e-01 -3.793733329588875325e-01
4.042757480639604939e-01 -4.812277544327243639e-01
-3.901667254193830203e-01 -4.293745662435293209e-01
4.226788813577907478e-01 -4.649847000616497139e-01
2.166563731733006648e-02 -4.716189863982723773e-01
-1.890105215855897303e-02 -1.411012585338089487e-01
2.816347631979537747e-01 -3.907540609259201325e-01
1.161075684334000879e-01 -3.791128478124065060e-01
-3.570141423958879123e-01 -4.967335728514918891e-01
-2.072102392152831429e-01 -4.493458932528303640e-01
4.080800263339054990e-01 -3.994047677357535076e-01
2.085478170216109595e-01 -4.171726247386826625e-01
1.053617044749981524e-01 -3.983288509723464932e-01
-2.066681503783573959e-02 1.422462593435858125e-01
1.238811270553030752e-03 1.964541700140193248e-01
4.551556087752511859e-01 -3.894516549246468395e-01
3.882901644552902987e-01 -4.266942471588348607e-01
-1.638313589812101512e-02 4.662812706161900689e-01
-1.044642677157736621e-02 2.564324967189813842e-01
-1.594797446471041269e-02 -3.347186037550864413e-01
-2.397180535492535736e-01 -3.931384430891603499e-01
1.250519536133087861e-03 -3.750743303392785055e-01
8.501316609173836802e-02 -4.071971133511854690e-01
1.027989563800582040e-01 -3.822725180324740846e-01
-4.272858239059532659e-01 -3.888880430795382814e-01
1.717813452432992438e-02 -4.428329384477387443e-01
-2.385725153152001843e-01 -4.300342726942810723e-01
3.338291126512321627e-01 -4.070338836539111327e-01
4.324576715353204426e-01 -4.590071613722228605e-01
2.059261407318503379e-01 -4.443185128697193509e-01
-4.480270345549541844e-03 -1.094292554971778575e-01
2.988830054662873215e-01 -3.787367542991987301e-01
-1.259355472534884335e-02 -3.470873079184000343e-01
-2.694689618453498525e-01 -4.978310966710344232e-01
2.846107494450561548e-01 -4.422449232419882748e-01
-4.238437949995595977e-01 -4.903089472051637143e-01
1.962694285103437908e-01 -4.900116958448252902e-01
-3.977834966364068858e-01 -4.917541425852917092e-01
2.466664558400057938e-01 -4.568852446777940113e-01
3.229905570246368596e-01 -4.654864388865378455e-01
-4.684879011943349214e-01 -4.755211562895164112e-01
-6.025641445062168700e-02 -4.135736995074220657e-01
-5.432256903106635892e-02 -4.044473199755422854e-01
1.484216337990519330e-01 -4.450079107233392284e-01
3.018514739144679826e-01 -4.581406637302362084e-01
3.963934436271354667e-02 -4.280825016791219850e-01
4.529197393168356012e-01 -4.381171152169076599e-01
-3.358823804546140490e-02 -4.736109557388371583e-01
-3.936439912128436580e-01 -4.394699383472836507e-01
-3.178215836506611547e-01 -4.975678626525094073e-01
1.254634675763366403e-03 -4.616369218324172241e-01
-4.537771700589661172e-01 -4.988307168193845120e-01
-1.672816216039207937e-03 7.478447131183496577e-02
3.374364757682798421e-01 -4.154144484530880588e-01
-2.844868399998766728e-01 -4.869483560774743314e-01
6.433847555164828869e-02 -3.826165891660376905e-01
4.243961667971283269e-01 -4.640876981476211860e-01
3.424624145546342202e-01 -4.133573414628713971e-01
-2.922489042307423457e-01 -4.812900665628636609e-01
4.637295826855838410e-01 -4.106016115674006040e-01
-4.033275760625737449e-01 -4.528693015537690325e-01
-3.287053584396635308e-01 -4.773317265484335881e-01
-1.546281182908777474e-01 -4.226750998467522225e-01
2.117885600487983133e-01 -4.553479928913019004e-01
-2.389533152644103264e-01 -4.988935201853543777e-01
4.259922822573440904e-01 -4.390779247161752386e-01
-6.171360361284516927e-05 -4.474797575793724169e-01
-2.881353259070454920e-01 -4.370619754657131262e-01
-2.454649976451728222e-03 3.089507657111273398e-01
2.231316031481288542e-01 -4.476019539116098400e-01
-4.443050331381677154e-01 -4.079082919013882202e-01
-1.152542781757981416e-02 4.913514854426882517e-01
-2.752038617620792271e-01 -4.080711825203142684e-01
3.130657911605634336e-01 -4.953199992861102574e-01
-1.766741257276938093e-02 -3.358946667658273544e-01
-3.583286609621960661e-01 -3.988953472387977151e-01
-2.113411439486651000e-01 -4.474706938660599764e-01
-9.687113214535270078e-02 -3.977351175623130564e-01
-1.866886517504380283e-01 -3.806943684360412083e-01
-1.246528869360830072e-02 -4.239942999058727846e-01
-8.986570821820194510e-03 8.546442914457119677e-02
-3.650661788564337762e-01 -4.645838592908835274e-01
3.489675477913140034e-01 -3.915305496866657853e-01
1.314102200470473880e-01 -4.080506871180136219e-01
-2.850479977040495383e-01 -3.950341986594958499e-01
-4.288529952849742255e-01 -4.025648638317318451e-01
4.548990604772606972e-01 -4.364299859175218010e-01
-1.482436888137550479e-02 4.150597539081861687e-01
2.890809608227845606e-01 -4.169709475869127768e-01
-4.195621115596237516e-02 -4.787898388978880648e-01
3.581328876829935615e-01 -4.007005461870440932e-01
3.762786934388084870e-02 -3.965299434615440211e-01
4.775436994836678162e-01 -4.584759931320582238e-01
-3.193867226574315099e-01 -3.994404196894518755e-01
2.771034846545639141e-02 -3.785450711591197281e-01
2.127516445061559125e-01 -4.872268617388645362e-01
3.526553352460448654e-02 -4.661859791870530678e-01
-4.898097083682673158e-02 -4.364739571736430124e-01
-4.665589860917715992e-01 -3.833913816266129038e-01
4.904833206669152457e-01 -4.950696617670617972e-01
-3.694418709451078309e-01 -4.156960029650798027e-01
2.468390942428096979e-01 -4.997455571780849981e-01
-8.324712418960822369e-02 -4.013609633445623937e-01
-2.194993929862442128e-01 -3.881381449202518930e-01
1.980158996796939075e-01 -4.001782595183072111e-01
-8.841058466448337150e-03 -6.893206777572946642e-02
-4.126600894114061946e-01 -4.387820753425096809e-01
7.797866023118549261e-02 -4.066489269880336765e-01
-5.994084863440451993e-02 -4.838179027609392779e-01
4.988690584547996743e-01 -3.804941657376300634e-01
-1.981783099093925582e-02 -4.566081251677253094e-01
-1.273190101725328871e-01 -4.860865116471679848e-01
-3.734714671237093775e-03 -2.928164690772812051e-01
1.308928186056274034e-01 -4.269302753339979661e-01
-1.649710756884890106e-01 -3.905792105218744981e-01
3.701926261582247912e-01 -3.802060461506692191e-01
1.217196573232506296e-01 -3.983356808591177467e-01
-9.364387627984749329e-04 1.238979477400820040e-01
4.728288377620035732e-01 -4.753459008332208136e-01
-2.242480470458778630e-01 -4.887713131757474017e-01
-3.425846627267525868e-03 -1.610707488833004186e-01
-2.668673713165736761e-02 -4.868731070480910583e-01
-4.768437731680260638e-01 -3.990544572422864977e-01
1.454387819243342372e-01 -4.219604842154681679e-01
-9.528632600050701562e-02 -4.130601886711123827e-01
-1.882807105306770756e-01 -4.553680077417204819e-01
-1.981760036537439928e-01 -4.744677027698680494e-01
-4.539174503842384745e-01 -4.848747381972601245e-01
-1.779218426767645855e-01 -4.043902010878374087e-01
-3.101776332016193960e-01 -3.912672184314275325e-01
2.904287832848656548e-01 -4.642705591814136890e-01
3.185649806341446233e-01 -4.011673928592298655e-01
-2.362169166304184387e-02 1.207553992412582211e-01
8.732833480938018145e-02 -4.178725988699260041e-01
-2.653139060965119533e-01 -4.420852318291949024e-01
4.038905228724063434e-01 -3.848545822029206809e-01
-2.976169454484530741e-01 -4.349742774419749214e-01
-3.458829009816974942e-01 -4.048740036787364938e-01
3.055179041284478147e-01 -4.475879582844806137e-01
2.279178506470825871e-01 -4.630974640561473787e-01
-1.952504250366027261e-02 3.773482184536819384e-01
-2.217268104597081013e-02 -2.714400910588871119e-01
-3.909292458973201434e-03 2.772426186265052328e-01
3.435501916037951853e-01 -4.494583974400416793e-01
4.231977745269996927e-01 -4.971368103485940271e-01
1.069689700379415909e-01 -4.401041389860816944e-01
-6.976008069779315868e-02 -3.776237610268798894e-01
-1.917957589960095355e-02 3.705851296224429436e-01
-1.215265694511816763e-01 -4.905216750860508235e-01
3.696407984844858330e-01 -4.781944257048973412e-01
-2.681057263982833394e-02 -1.780054374360182656e-01
1.442369456243998149e-01 -4.806423828903834128e-01
9.457104461240894988e-02 -3.925152926708900258e-01
1.369712717120769030e-01 -4.204246495540679973e-01
2.134751731663886432e-04 1.327324765216038038e-01
-3.161165460653793113e-01 -3.954468738863983202e-01
-4.478139129802312102e-01 -4.495681897152247197e-01
-1.417193894730408577e-01 -3.967456890012673876e-01
4.849285689923383824e-01 -4.281790856501856979e-01
-4.114488688553389339e-01 -4.724037543977880338e-01
-4.081390516413089253e-01 -4.739865777433173166e-01
3.915795095824978755e-01 -4.696734857428755960e-01
-3.082553484813677080e-03 1.333250720042999937e-01
-4.581429443334114060e-01 -4.823018066369444412e-01
-1.469954863831168801e-03 4.811324729253255716e-01
4.508180122950714575e-01 -4.479209178992233920e-01
3.149219558101984395e-01 -3.839772585287242190e-01
2.749263079105024321e-02 -4.705603332656512761e-01
-4.776363717781004770e-01 -4.869670778886324713e-01
3.305205936228539088e-02 -4.801834452362523376e-01
-4.528877544192400073e-03 -6.597337890736421073e-02
1.495842708992674019e-01 -3.797110065327546913e-01
-7.885066365966753033e-03 3.877441493478256396e-01
-5.636503974759843327e-02 -4.031581235649180917e-01
-1.050013936923162028e-01 -4.935668068075355075e-01
1.455723330580627195e-01 -4.340470494138518598e-01
-1.067155951472913422e-01 -4.463814851085372570e-01
2.677059442931787325e-01 -4.953627986010418205e-01
-1.719956343943496169e-02 8.495182770663789462e-02
-1.361372840704977438e-02 4.683915325535443763e-01
1.426453566664086514e-01 -4.592492388423887739e-01
-1.775964527823763461e-01 -4.680545510495717210e-01
-4.928562070251043536e-01 -4.756519540789744260e-01
-2.715451192814092307e-01 -4.938611855991873467e-01
-1.659491505386937460e-01 -3.790906463926356773e-01
-4.308171374457722136e-01 -4.898333468701951965e-01
1.899296628250809471e-01 -4.811147497531792494e-01
-4.962184777338451980e-04 -4.802939356286456407e-01
-4.192800769769534641e-01 -3.887765454998393100e-01
2.259924186607966679e-01 -4.377398073640499376e-01
-1.839241224914566208e-01 -4.295217317876492968e-01
-4.811197907004302055e-01 -4.196350042895040655e-01
1.191437925048691726e-01 -3.988401572019368846e-01
-4.042654949584375546e-01 -4.757231237199274210e-01
5.460637723518479980e-02 -4.748201464192471910e-01
-2.228831150973908937e-02 2.939043809117172223e-01
-2.860388882874924654e-01 -4.740916613530555823e-01
-2.246603142823173638e-01 -4.746024081801530903e-01
4.802952564619936693e-01 -4.375493170665815112e-01
2.215978765325549160e-01 -4.012295892418398235e-01
-3.109257451950231399e-03 -5.810810197717075631e-02
-1.776430107152484617e-01 -3.923666862562386060e-01
-2.109259477238534242e-02 -4.408081065654695374e-01
-3.808961513771684793e-01 -4.812295605079387473e-01
3.007546358306689704e-02 -3.868833826143179833e-01
7.172616467302495025e-03 -4.227014394994103030e-01
-2.497861315574537722e-01 -4.352740198942323113e-01
1.789689276969481657e-01 -4.567960768361819524e-01
-4.126886801818052675e-02 -4.774518269341004872e-01
2.716114785304005741e-01 -3.915046593265569808e-01
-2.542889859493935312e-02 4.889390373532509493e-02
-9.328049337743904434e-02 -3.792364420084070042e-01
1.542578226237623085e-02 -4.014820791504255526e-01
-2.908548775807001663e-01 -4.040019333696613923e-01
-5.267871816259317441e-03 5.115295338704783923e-02
-2.056840006437634649e-01 -4.263371567315199506e-01
-4.250279400136918184e-01 -4.019037906774731717e-01
2.773724093245827360e-01 -4.520339900786098930e-01
1.416609573689805446e-01 -3.859796121273415537e-01
2.164883798219154887e-01 -3.973761235529051916e-01
-9.778662310897090482e-02 -4.729601003782778479e-01
-1.265501441406587935e-01 -3.815597795594000141e-01
1.169854171286828226e-01 -4.318021160286434901e-01
-4.444464636916093392e-01 -4.065198059539689712e-01
-8.205451919894468649e-02 -4.684840337764076823e-01
3.409923149162665812e-01 -4.184571171744173590e-01
4.231443263196352778e-01 -4.280642884898033795e-01
-1.294070539522559349e-01 -3.905486566080029753e-01
2.830210818705150011e-01 -4.941965172646608506e-01
-1.844767668070268485e-02 -7.362755689350664046e-02
-4.333033012189791977e-01 -4.371216374012046879e-01
-1.804586952589003479e-01 -4.603970367893899240e-01
-3.579886344335676540e-01 -4.722405752149528846e-01
2.143111843779377246e-02 -4.154870527882047471e-01
2.908870333875180902e-01 -3.800594693741139452e-01
2.454003063970922049e-01 -4.980615552130938095e-01
-9.318987601080630512e-03 -3.579678568416476692e-01
-4.775250368320707040e-01 -4.479991245881281836e-01
-3.749046365312281859e-01 -4.655979219342358810e-01
2.044322910495661727e-01 -4.964851735943152100e-01
1.167175595179111847e-01 -4.763871545677547115e-01
-1.543894567595929246e-01 -3.776135135992496616e-01
-6.688231481648765353e-02 -3.875425445953061265e-01
3.772351547725368848e-01 -4.985743888217002429e-01
3.140367316151193577e-04 -1.949348923255190824e-01
3.055484389079585750e-01 -4.234778358806208232e-01
2.389528659504001062e-01 -3.939692101472906938e-01
2.571252533688404007e-01 -4.164089516291878956e-01
2.442933499905132200e-01 -4.821994812219140281e-01
-4.751307398517956582e-02 -4.368853979295205248e-01
-5.838615264732871513e-02 -4.025236079363471164e-01
3.973162584275657938e-01 -4.760116092014926581e-01
-4.799251347649737820e-01 -4.823774916809481228e-01
-4.033450781275216279e-01 -4.735882856056357060e-01
-2.708237608177840317e-01 -4.240711485552355331e-01
-2.201268833294112159e-02 -4.400122335924041561e-01
9.324973412172965492e-02 -4.538257655081776587e-01
4.537537997038111337e-01 -4.492169396863712194e-01
8.972194374462605371e-02 -4.291973517465080823e-01
-1.980804942897285148e-02 -6.840855019540081905e-02
-1.125976186305540638e-01 -4.425298335705348807e-01
-1.151842885929251770e-01 -4.219888178222892527e-01
1.378302636589543440e-01 -4.719535096957612197e-01
-1.759317440231600305e-01 -4.781951636305852293e-01
3.494001468254589460e-01 -4.230241827289633605e-01
3.701582856776194363e-01 -4.148277180523757268e-01
-4.215901752873392194e-01 -4.841157080677176427e-01
-4.146777178145932830e-03 9.613503876008688831e-02
-2.026530710773677413e-02 -4.690206052888115096e-01
8.007608144925615345e-02 -4.740728983194367752e-01
-2.121736724199652091e-02 6.234753661359304644e-02
-7.087585075305380400e-03 -3.159529581565606593e-01
2.248217049963635583e-01 -4.676875872912037435e-01
2.640931857882367062e-01 -4.708067356381249180e-01
1.716757275760452117e-01 -4.400512822629414345e-01
-2.189539524995856024e-01 -4.287608391048564060e-01
3.860413204680246402e-01 -4.596837299405454047e-01
2.878256543437188730e-01 -4.972713296331807697e-01
-4.096788215845149628e-01 -4.250101428606107845e-01
4.234288658419375073e-01 -4.715311724584604347e-01
4.363464409520566578e-01 -4.843191107601589884e-01
1.082112078485271134e-01 -4.874405775359680337e-01
-2.407121271096557269e-02 1.519889979812601988e-01
5.565266045879824208e-02 -3.792028178558470852e-01
-5.392600166940542117e-03 -1.708350951963741871e-01
2.252434119388158074e-01 -4.387472501524487534e-01
2.305157369492670805e-01 -4.662513755985190356e-01
-3.706764383552231257e-01 -4.532709184376181311e-01
2.738814681109391636e-02 -4.454879223347941730e-01
-1.737859127771135270e-03 1.190123100823614610e-01
1.310491425639980223e-01 -4.635953639447052410e-01
3.130725746016412847e-01 -4.117386213343269263e-01
4.990541254025900875e-01 -4.800886537695199241e-01
-2.414397461021110525e-01 -4.599279514604414087e-01
2.061712030860707312e-01 -4.557456887837595394e-01
3.066954422492170762e-01 -3.975635542230511188e-01
-1.384752646136944154e-02 -1.897341952076824212e-01
-2.017076796644843295e-01 -4.153779198277274265e-01
-1.674201752500958928e-02 4.057105046499122070e-01
2.001949956736174263e-01 -3.852672286226594967e-01
4.284648718256002242e-01 -4.420673068066244271e-01
1.699762985082728939e-01 -4.538047217903840025e-01
-4.715248686526888333e-01 -4.450073684168212029e-01
-4.100686650768847752e-02 -4.534457876788079433e-01
-4.861354121194205735e-02 -4.752768971880696469e-01
1.123225775887302103e-01 -4.523048947531076447e-01
-1.169054599243068981e-02 -3.053856765889370051e-01
4.287614698732600260e-02 -4.365834463959197276e-01
2.721933409986549979e-01 -4.808858203476917836e-01
8.822835198913703270e-02 -4.298542075444284905e-01
-5.602641455305978901e-03 -4.240635944928153878e-01
3.538886931041179684e-01 -4.793828758340370477e-01
1.844719889736111673e-01 -3.904801582534632720e-01
-1.941556451074011314e-02 -2.567364600095044525e-01
-4.966849855880028919e-03 4.555265537057899827e-01
3.979881750261871076e-02 -3.777089979659375985e-01
-1.982044533090854266e-01 -4.652129544179467446e-01
-4.510993122608787376e-01 -4.344756915668320785e-01
-1.584961136627727196e-02 -2.810037037078715327e-01
4.631881545145564161e-01 -4.482636536147821538e-01
-1.917021385405914824e-02 2.868116400681856026e-01
-7.477148922411758214e-02 -4.120700530002249229e-01
4.302648176315038153e-02 -4.843749552567901961e-01
-4.714627932328426807e-01 -4.531606652450761441e-01
-5.397895160222787592e-02 -4.443149449114650595e-01
-1.425141392296344067e-01 -4.320831633058997978e-01
1.464570824599056298e-01 -4.056422045973319124e-01
1.271163179424726897e-01 -4.802872798373359897e-01
-4.231989727612456287e-01 -3.917629141562171124e-01
2.605084670593502683e-01 -4.568184575050096008e-01
