2.474047684054170304e-02 -2.908453048636020499e-01
2.984787391302512471e-02 -1.363010515176312776e-01
3.471878825034804272e-01 -2.572947220310540795e-01
5.397513530024267148e-03 -1.351533255084906848e-01
-1.084697108484821149e-01 -2.219839625402867389e-01
9.632050989267559871e-03 2.906943552665861574e-01
7.694815023807977106e-03 -4.306377802646210728e-02
8.193214251639713286e-02 -2.915336090564070171e-01
1.277819150701176021e-02 1.371084360833108029e-03
-2.303589179670580966e-01 -2.333311339998879186e-01
3.022684964604505087e-01 -2.379029881007156400e-01
-1.427104075923906201e-01 -2.879442930348916629e-01
1.707366797473586217e-02 -4.332604118712668484e-01
-1.456422614626518008e-01 -2.338576539087480199e-01
-4.703402515847754373e-02 -2.488186603711283196e-01
-2.990973899373154943e-01 -2.723258178987816303e-01
-1.164738149826981539e-01 -2.319699838411937165e-01
4.733238500402705551e-01 -2.231609938568401841e-01
2.660997893805894243e-02 -3.764910941041611503e-01
4.758045110314217396e-01 -2.228773016527542117e-01
4.055966813303633067e-01 -2.571255161043763948e-01
1.906010426675055491e-01 -2.803741616345195586e-01
3.070882231612870328e-02 2.921233421587410284e-02
-4.915700134391998155e-02 -2.779303507206191126e-01
1.957892298575802936e-02 -1.422811961109821111e-01
-3.972550789741779997e-02 -2.173413662518134393e-01
1.271576293417358006e-01 -2.613890279428879859e-01
-1.436930118521385635e-01 -2.380404092325583143e-01
4.240075622945282952e-02 -2.408752869375554440e-01
4.756084715537597374e-01 -2.407272352062030940e-01
3.301848229129797918e-01 -2.540173908056428953e-01
2.491993163514147902e-01 -2.599054385546341051e-01
-1.034906456185280543e-01 -2.810536926767081001e-01
1.805568129917228815e-01 -2.297064657262620768e-01
6.410449848267329997e-03 1.520469567203861505e-01
-1.998554143215311996e-01 -2.956148896999017950e-01
2.217204726822851191e-01 -2.850922940729692101e-01
1.764504531581274627e-01 -2.773235541457529374e-01
-2.655105425125228180e-01 -2.666267150235197558e-01
5.142883533028608234e-03 2.879973409205459633e-01
1.938382070682754810e-01 -2.478157591519062342e-01
6.782178918234182952e-03 -4.985479007184516753e-01
5.675574813095662918e-03 -7.155544701780403027e-02
-2.259690417186878131e-01 -2.342563305729487011e-01
5.636999270971942977e-02 -2.242091838427284767e-01
2.113214312144297002e-01 -2.384512288026457982e-01
-3.990916523702178198e-01 -2.936852200947608349e-01
4.148231982013443897e-01 -2.934471987663107573e-01
4.760380969968347475e-02 -2.266503300401554455e-01
-2.471312119366564364e-02 -2.363789714516162377e-01
1.414495637357162661e-01 -2.678680617440858391e-01
-1.143523132777397588e-01 -2.826191654350250770e-01
-2.685031508126631827e-01 -2.628839425735522983e-01
4.016930801439859700e-01 -2.189356766579806379e-01
1.115846860154168230e-02 8.731338544248568034e-02
-3.323241704279522590e-01 -2.299865611679199340e-01
-2.235296364287854276e-01 -2.709720114327907048e-01
1.707767627201571825e-01 -2.881396384891758977e-01
9.661281458489590079e-02 -2.661888281227443587e-01
4.583850597059536680e-01 -2.551052234278949893e-01
1.756533312418517845e-02 -5.250945931613559825e-02
-1.030261017880754748e-01 -2.625999584106200047e-01
-4.538655319156784662e-01 -2.301237793913045726e-01
1.902319565507792909e-02 3.310217072589312082e-01
-2.437895549061329659e-01 -2.485277380380486179e-01
-9.919580367611902094e-02 -2.691335497049164305e-01
-1.824289197473860646e-02 -2.275608854272043180e-01
1.373515481178189113e-02 4.465792689475071020e-01
3.011038413592870278e-02 1.324775887597166024e-01
-3.516125794284719053e-01 -2.192144000222648881e-01
-4.638627022995144289e-01 -2.315892106180742482e-01
2.461763077783973852e-02 -2.245036171306827866e-01
1.418483335734589401e-01 -2.597158820525182765e-01
2.260748219172525886e-02 -3.902852767897161401e-01
-8.895673623195643476e-02 -2.257257078271363016e-01
5.141698668098326763e-03 1.049011398801651396e-01
2.041139362130423018e-01 -2.316866523369023323e-01
1.886532809330581095e-01 -2.698594149856873292e-01
-3.536819784289539914e-01 -2.907317505420804471e-01
2.685902446766882390e-01 -2.503219985422892035e-01
1.856605184394307662e-01 -2.851256169958954478e-01
7.466730045108438407e-02 -2.603362629809066187e-01
3.161587418741762523e-02 2.904579431859327654e-01
1.958774845921325003e-01 -2.190952554119529605e-01
9.468503707660391733e-03 1.003308260966460086e-01
1.728155360798910856e-01 -2.793600797504944833e-01
-2.212771894421305952e-02 -2.782850950563824366e-01
2.240823672705485325e-01 -2.647786604567667901e-01
3.172524815244226470e-02 -1.347880809737311836e-02
-3.352914588472736268e-01 -2.842199262617635114e-01
-4.109318155519899873e-01 -2.704351189880488393e-01
2.613366033333608396e-02 -8.637936014042868482e-02
2.546426907425514141e-02 2.241479096758587364e-01
-1.050337492112876081e-01 -2.925400475572116354e-01
6.035314291457205549e-03 -2.659796016715554323e-02
2.263631621423290996e-01 -2.744383118099714691e-01
-2.328349650754696354e-01 -2.303362646141422498e-01
7.333455616055595261e-02 -2.377285170114902257e-01
-2.881118413721946991e-01 -2.222968795630178018e-01
2.485378099116541950e-02 -1.536163586014802629e-01
2.573332455487373771e-01 -2.220652534327030025e-01
1.935231710411433603e-02 6.350619628287301754e-02
-2.058171316123106331e-01 -2.562687405307244592e-01
1.694197077275794161e-02 3.608966874113855861e-01
-9.590978016658369132e-02 -2.537479168706467947e-01
5.433594149674592089e-03 9.541571242486035498e-02
3.003968499747167176e-02 -2.419935043968510779e-01
-1.526508594531617025e-02 -2.330368921637038238e-01
-1.158520077541107529e-01 -2.921417240928533277e-01
4.899063414325547372e-01 -2.548367022385077396e-01
3.032877707590559968e-01 -2.421635450521213428e-01
5.576851082101597079e-03 -4.863630087353210119e-02
6.536536977006734972e-03 -4.354037457873731753e-01
1.501678920245230753e-02 -3.687439580972953213e-01
3.745121372619862887e-01 -2.169795175557169831e-01
8.042695553212131365e-03 2.783365024382996600e-01
2.198643811707312601e-02 -3.910701823053852610e-02
6.012547906838960898e-02 -2.290917065705555533e-01
-3.471284627089499253e-02 -2.272217986524983635e-01
-2.994280040566450474e-01 -2.738820551243023038e-01
3.810341938427089792e-01 -2.660644748807414750e-01
-3.095035196164419578e-01 -2.161708106586941458e-01
3.991074817097151062e-03 -1.364411336584869794e-01
1.725101822302923527e-01 -2.337950049496890781e-01
-2.602332035206829097e-01 -2.284339488526987427e-01
-4.288474028221749279e-01 -2.758820459165353123e-01
1.630229047850206836e-02 -2.943713092285926702e-02
-1.258217371276549867e-01 -2.218425971350000969e-01
2.232119004763655212e-02 3.103620856236319892e-01
-1.830734045358042295e-01 -2.167568656226082080e-01
-2.053737761759522051e-02 -2.328539336279290550e-01
7.603155024901164794e-03 2.369923971906885418e-01
2.060709504397240099e-02 2.417032242277655785e-01
-4.266453044761747693e-01 -2.877050426877406641e-01
-2.363083808788749574e-01 -2.496590956287125795e-01
2.151201196465557519e-02 -2.732765564974749539e-01
1.972859864268294849e-02 -4.153257628661182199e-01
-2.205966808380651623e-01 -2.605304357936851778e-01
-1.778167530556180598e-01 -2.623469922283496736e-01
1.348268364518989681e-02 -3.753561471753432688e-01
-1.023314122794255487e-01 -2.619888283764559844e-01
-4.743492284084989130e-01 -2.681339136329280448e-01
-4.898445030191481697e-01 -2.252394697447638316e-01
-4.275166011567410607e-02 -2.520574863238278507e-01
-7.265846480599480461e-02 -2.926556452266927399e-01
1.749965339258694463e-01 -2.370137711228080812e-01
-2.723030124825456255e-01 -2.928592677035134484e-01
-1.620956963045846466e-01 -2.737976110030546639e-01
3.992102558445835836e-01 -2.365943118438147419e-01
-2.591991697487326940e-01 -2.909913310898307737e-01
2.636888250466747907e-01 -2.601406908276580054e-01
1.604118978415747243e-01 -2.285695384389180296e-01
-2.974085938438194576e-01 -2.412066319902586020e-01
2.751962818520525822e-02 -4.118067745540907598e-01
3.512487307125227165e-01 -2.318092362124171135e-01
6.969103206238780324e-03 9.510627076540112412e-02
-3.534736353089008576e-01 -2.865117755952484302e-01
8.163517630398775538e-02 -2.562312975725561381e-01
-1.074667002316188613e-01 -2.785375732287295181e-01
-1.402264051071876461e-01 -2.565897014980920154e-01
3.069510978688612113e-01 -2.178613424913588004e-01
1.237149671637189918e-01 -2.224382559334141529e-01
2.305117842173076692e-02 -2.898253152046352810e-01
2.152368701644457039e-01 -2.318817380030270270e-01
-2.108400719325531636e-01 -2.828782226158660373e-01
-3.027445368378980373e-01 -2.192767897318514958e-01
6.817597550291110142e-02 -2.744612261575448686e-01
-4.243161886952363515e-01 -2.964582858656656938e-01
4.301632459192611391e-01 -2.402240346640610591e-01
-4.222812285996188075e-01 -2.327198168723427774e-01
-2.831073133702679545e-01 -2.248030511634599993e-01
1.883912873404924859e-02 3.532641120657303846e-01
2.626777863041385164e-02 -1.535323841249139898e-01
4.347039198323482401e-01 -2.497623104684457696e-01
2.300381001471396569e-02 4.219953105585156905e-01
5.304565235982439120e-03 -2.825602143659622367e-02
-2.584733924417048634e-02 -2.886077239254272175e-01
1.031043333491793446e-01 -2.842003595923046078e-01
1.192890792007517131e-02 -3.310470322285583578e-01
1.993331784186358480e-02 -6.917195282532717648e-02
4.005218586227786703e-01 -2.312200979561822578e-01
7.006474048212496530e-02 -2.280953238416388862e-01
2.432537564917359729e-01 -2.336761755398483187e-01
-3.820640492781757214e-01 -2.809208024613891741e-01
-4.243061202859171877e-01 -2.422323155112370285e-01
3.136283845306861995e-01 -2.803850217636862929e-01
-9.632200233517229648e-02 -2.802547685273427680e-01
1.565683516994004210e-01 -2.619982416752143495e-01
2.660631269999658155e-01 -2.469254638625740794e-01
-1.133896090417344515e-01 -2.493524613480754271e-01
2.951578934029301937e-01 -2.254955958093158852e-01
3.481470405849362848e-01 -2.158217558423085602e-01
1.434060561843675252e-02 3.005272843006020489e-01
-3.872405335371972290e-01 -2.386357910629002266e-01
-2.062091158192352891e-01 -2.383511816957785134e-01
-4.970954948281374186e-01 -2.571815808874574616e-01
8.924365488611307740e-03 4.079545692366283172e-01
2.284909261291308002e-01 -2.151385682155078083e-01
2.590724361534457731e-02 4.194864480859749056e-01
-1.288023758438144872e-01 -2.578235403921216307e-01
1.184985835462448733e-02 4.698873648243586665e-01
4.488457626481554552e-01 -2.323807088025688916e-01
4.612191841584879493e-01 -2.243906360530102395e-01
3.194000940693472179e-01 -2.371931499352679662e-01
1.107451465878273034e-02 -4.098244468193164014e-01
1.540160902537524024e-02 4.967829384888750033e-01
4.752469103424856733e-01 -2.805647205096767349e-01
2.724839227329123315e-02 2.680588788636062425e-01
-4.257300807567174772e-01 -2.254858519982506637e-01
4.784770812806926621e-03 4.077230250699981351e-02
3.088283640314581913e-02 -5.399962534717428486e-02
-4.375061104943537282e-01 -2.330178424270099580e-01
-6.858961789330797476e-02 -2.798874383721356995e-01
1.824397372908966863e-01 -2.494989468745719696e-01
-3.349363197071791864e-01 -2.725968832995093738e-01
-3.518926508702687750e-01 -2.781658964575733917e-01
-4.177371054721722432e-01 -2.145396318285613946e-01
-4.166101243128136344e-01 -2.649236728323868251e-01
2.679509234513886007e-01 -2.642443331200907686e-01
-1.940405958343834891e-01 -2.833218059452027315e-01
1.910435981870839406e-02 -3.327329104356736567e-01
7.247539676102143780e-03 -2.117692694113528784e-01
3.243146853950960029e-01 -2.600335937568754030e-01
1.192300284518765796e-02 1.121656916764059986e-01
1.404462280432223764e-01 -2.630565967508384784e-01
3.113768913455605691e-03 1.704475588243828943e-01
4.630139811716114107e-01 -2.939404324071601682e-01
2.108048876263478588e-01 -2.224669509385993615e-01
9.310440501371530786e-03 -2.807987356726514561e-01
-4.048797009905187316e-01 -2.483068775873624734e-01
3.370875677569953321e-01 -2.774966759942396610e-01
1.408658076208590959e-02 3.469838022942467459e-01
-3.585479675560919732e-01 -2.313741261518053038e-01
4.993479782744409956e-01 -2.495474954765154463e-01
2.140756164341409695e-01 -2.706610170364621704e-01
-4.904352344183448009e-01 -2.269207132524632131e-01
4.207637144264591011e-01 -2.440360511958131751e-01
1.582046547713522600e-02 4.862493418927019695e-01
2.132938805669803983e-01 -2.465869394940504167e-01
3.630324304287875226e-01 -2.274578577769349463e-01
1.839240005062592331e-01 -2.386222090833599596e-01
-2.978225458824138583e-01 -2.686783066904591122e-01
6.166801973991264951e-02 -2.796964929538131583e-01
-2.111623389804221373e-01 -2.237218343592758396e-01
-1.436900842587077731e-01 -2.412363630060723185e-01
-3.655993744805685619e-01 -2.444335448019628876e-01
-2.459698233930176503e-01 -2.596335820469589661e-01
1.146939458099838216e-02 -1.495297783920550572e-01
3.899371357866110444e-03 1.450165005723941247e-01
1.163975156304423164e-01 -2.847323450356638030e-01
-2.907108546461573129e-01 -2.221127345243257833e-01
4.705554247083465480e-02 -2.147903402855251276e-01
-2.572399785666774630e-01 -2.746785505758458923e-01
2.472580307297267410e-02 -6.126527945175530565e-02
1.703993463212971626e-02 -2.009494469631201152e-01
3.431620675576646518e-01 -2.851664991044631225e-01
-3.926616785076255667e-01 -2.416487960283879577e-01
3.240566852994233304e-01 -2.636210470565037989e-01
-4.692143468188464395e-01 -2.363664692305113002e-01
2.411033272891194290e-02 -1.657426190182242909e-02
-3.210406092006259371e-01 -2.926613381704943340e-01
9.436393973588874662e-02 -2.729317019367527575e-01
-3.837406158855499738e-01 -2.421680198977512743e-01
1.666911891299838189e-02 -8.444022904691328435e-02
7.519539004980246855e-02 -2.629738065358806498e-01
-3.271411179773235922e-01 -2.345495729281721342e-01
-3.224958605728012184e-01 -2.635865196672255717e-01
-4.557182539149318146e-01 -2.187029927478262303e-01
-2.052634794513285010e-01 -2.712499944592845491e-01
-1.785852386034832984e-01 -2.337473571407019390e-01
3.630305695781989028e-01 -2.871041107592622321e-01
1.437532922304762817e-02 -4.947103482351361547e-01
2.986707904053603757e-01 -2.382965503130003437e-01
4.211090478451928742e-01 -2.215382079880269250e-01
4.197712605144340303e-01 -2.918702347424384502e-01
3.103941931874287796e-02 8.875122595473616816e-02
4.836562970612920953e-01 -2.270495540951683600e-01
-1.764758340097127842e-02 -2.203954001079743152e-01
3.187050476581521075e-02 1.167899043236265699e-01
-4.531123255817359752e-02 -2.791961339480353299e-01
4.850725648011625646e-01 -2.771102777762051161e-01
-9.039864981948109168e-02 -2.671431843508722537e-01
3.149356738373754183e-02 2.675121192817642157e-01
1.512766222227102109e-02 -2.279520648871665722e-01
6.919449167044566806e-03 -1.645571328830647273e-01
1.748320003921148835e-01 -2.711658048890820405e-01
2.014278479612041650e-02 6.807030440312988873e-02
-2.858280577505515341e-01 -2.945250519116870969e-01
7.276827697568100106e-03 -1.605663984116497689e-01
2.438267854609240670e-01 -2.251654712893873533e-01
-2.193428460568608296e-01 -2.161262251674251900e-01
4.249992606829536834e-01 -2.645119443633769940e-01
1.761206024492860678e-01 -2.382583046751107769e-01
-1.440314158791332622e-01 -2.822520134911962186e-01
-6.122046863984209608e-02 -2.868926801435150997e-01
-1.140621574599379739e-01 -2.515903514491534265e-01
1.645339804425469676e-01 -2.748058064535413569e-01
-4.529166327296293426e-01 -2.699279762127504423e-01
1.473463925415939846e-01 -2.714994127994087014e-01
3.125492505045848191e-01 -2.866205512680145562e-01
2.817225556381752760e-03 -3.330850335498258818e-02
2.684791679505711404e-01 -2.278862637367875532e-01
3.732169877864142116e-01 -2.487288395471929370e-01
-2.846314181152455047e-01 -2.287578477273453093e-01
-3.889111622464562767e-01 -2.486917729235254004e-01
3.104144732890059544e-01 -2.394215187565003067e-01
4.801232587483390546e-01 -2.198483655585988794e-01
-3.658050489842877839e-01 -2.471880795740889480e-01
1.057298176279786173e-02 3.323378570255419717e-02
-4.843302636992767862e-01 -2.777246370564206979e-01
4.874956799213086001e-01 -2.711355995907367422e-01
-2.395333337163911835e-01 -2.211042166046209845e-01
-2.495915285941254780e-01 -2.308941060419813507e-01
-1.543043566942481348e-02 -2.159761117355044613e-01
1.762758198494251971e-02 2.728938506151256105e-01
7.780172582135780335e-02 -2.843282586581772353e-01
-1.592088414686745335e-01 -2.248928288825174926e-01
1.632666363553880728e-02 -4.574469769541962272e-01
-2.886663613539375284e-02 -2.369341439205362443e-01
-1.876162915089037986e-01 -2.558209466716114822e-01
-9.874265473410459570e-02 -2.289993078232424040e-01
3.105244203821966309e-02 3.245616188107918187e-01
3.218450425701235851e-03 -3.487620241493353257e-01
-3.289683115139363512e-01 -2.955465999141425604e-01
2.884409544377031231e-02 -4.869649050897849607e-01
-3.759901314407715356e-01 -2.919018395258549115e-01
-2.459509490155774580e-01 -2.892862994954596978e-01
-4.815419081394115564e-01 -2.385204358953296744e-01
1.187919845370017935e-01 -2.195443613125528382e-01
3.144693545771121146e-01 -2.654959591627193971e-01
-1.787182113597715061e-01 -2.345789858613668288e-01
-1.963643570472365374e-01 -2.777951426837064197e-01
-3.908180878694568205e-01 -2.935007155004126789e-01
-1.824757931067311212e-01 -2.147994764571106163e-01
-4.702906786544631679e-01 -2.825779587867278675e-01
9.302258580565436752e-03 3.711033333732149941e-02
2.126097374851869670e-01 -2.656732518363988937e-01
-2.434774569851227977e-01 -2.608115491030681410e-01
1.803945016568953008e-02 1.456179701480627697e-01
2.849941795433208469e-02 -4.770157138572561628e-01
-6.914572594157253338e-02 -2.272949915446254021e-01
4.472817518046630081e-01 -2.568811105102318804e-01
3.976162256419321084e-01 -2.808450720566364467e-01
4.278094463063593089e-01 -2.334084947800887377e-01
-1.045065749682592138e-01 -2.942516945677157159e-01
-1.984568337363488144e-01 -2.874816773173923812e-01
8.968893662900878638e-03 3.596166894524321922e-01
3.295469581002302695e-01 -2.666330122419069415e-01
-4.655427399470688510e-01 -2.471403098626595574e-01
3.235671567125786297e-01 -2.781301763079444545e-01
3.281964380979718321e-01 -2.486745388312951999e-01
1.587513941750939850e-02 -3.514696669889308955e-01
-2.612866272128544498e-02 -2.483975697993108245e-01
4.053646859113582135e-01 -2.563771584441935092e-01
1.452307945481319251e-01 -2.429657456305692742e-01
-8.097940202010256439e-02 -2.651858329369598533e-01
3.084541461675917029e-01 -2.719064713125430854e-01
3.289673318595032203e-02 3.208780931626017408e-01
-7.448529581522600473e-02 -2.384735102395829642e-01
1.731240128457484095e-01 -2.797765394371077852e-01
-7.498917628996004670e-02 -2.184500379785178081e-01
-1.260012408175736898e-02 -2.727287640874613839e-01
-3.513402863455930003e-01 -2.738591760726682978e-01
1.841852425326429010e-02 2.432865813798101851e-02
3.053272576583817566e-01 -2.288870677368751716e-01
2.027053748371648867e-01 -2.153549830124772413e-01
-2.645444731488902912e-01 -2.801151530390577626e-01
3.516470531084774365e-01 -2.450299184060998892e-01
-2.138094757089410436e-01 -2.344310503348431274e-01
3.329687469189853699e-01 -2.713626408221962993e-01
1.816210883267986853e-01 -2.702396056607191399e-01
6.134620337633234222e-03 4.857977627161186307e-01
1.752638093265574959e-01 -2.874266623335096638e-01
3.422502967593609169e-01 -2.911461560470448573e-01
6.842260304890990241e-03 2.528627760648695100e-01
2.124583773482691118e-02 -1.786527532491802850e-01
1.701569637267863477e-02 1.248608745727411984e-01
2.590149259749768840e-01 -2.926279665547492082e-01
3.302596236239034866e-01 -2.402112056985323818e-01
2.378790517431050855e-02 2.080228642153220120e-01
-3.206104464680359367e-01 -2.322563921060407655e-01
4.344981917398351712e-01 -2.613281624293044558e-01
2.015380164336155744e-02 -4.288334315708454136e-01
5.154356313103458653e-03 -7.676032869958415716e-02
3.021256144414063982e-02 -4.722633146165107210e-01
2.369060723899996113e-02 3.322502844683487000e-01
2.605525218522752873e-03 3.474786549959674176e-01
-3.346519494187069066e-01 -2.925117519544624400e-01
-3.941026800216694825e-01 -2.232693281163097287e-01
2.230578172758290734e-04 -2.512913476067855090e-01
-1.544585650525664988e-02 -2.692590678470599963e-01
2.865376719276657713e-02 2.868267770039489850e-02
2.438243066065559628e-02 2.298249638871951994e-02
1.766648134986525953e-02 -4.087622728794311211e-01
4.009712264745056709e-01 -2.530369973113856252e-01
-2.538544788697165711e-01 -2.204848204383443866e-01
-4.832380481870355293e-01 -2.638206583244108172e-01
1.972360188844313189e-02 4.451171307204659922e-01
6.915228904457504377e-03 -3.977692747203704915e-01
-1.551954014903889068e-01 -2.881273754692734723e-01
3.399579804417681705e-01 -2.638635518055340023e-01
1.955904652251350129e-02 -4.432358810868632926e-01
1.840403267233858831e-02 -4.863816833737524270e-01
-1.704031520270299360e-02 -2.437911555211739190e-01
1.759699857415774060e-01 -2.669624226653279919e-01
-2.043187591989856777e-01 -2.629494419716054132e-01
-4.335852109248169439e-01 -2.817958254245690464e-01
7.842801039754543346e-02 -2.179355372510632938e-01
2.291569391165881875e-02 4.484163969929424454e-01
-1.260114546462204332e-01 -2.364818324928948945e-01
3.646548002029207369e-01 -2.800584816847133673e-01
1.004928832393212623e-01 -2.699920073723646174e-01
-4.263520081317496713e-01 -2.837237907393344027e-01
-5.524903023335847596e-02 -2.451488062042632698e-01
3.005198027729460986e-02 1.592521479622366343e-02
1.695026042510614506e-01 -2.803113745743184282e-01
1.399300067074468190e-01 -2.842236479463997600e-01
7.584591312510324812e-03 -4.194157230102929512e-01
-1.921882771820015989e-02 -2.471576327361618697e-01
1.826360054802173005e-01 -2.363902757108059527e-01
-4.133003347479569101e-02 -2.236730229177611440e-01
1.558980400720688664e-01 -2.482377409117065836e-01
-6.292480819375911860e-02 -2.787434345941297575e-01
-4.274036232981539563e-01 -2.561565178287056321e-01
2.659304115303651184e-02 -3.364048524898696213e-01
2.408323582821738640e-01 -2.523878862681996349e-01
2.836969180998683004e-02 1.653006929941136516e-01
1.570272332779113489e-01 -2.416498723669432414e-01
3.355177174391488215e-03 3.928290934481857288e-01
-4.487238148322538756e-01 -2.664587542576219992e-01
4.957101013719901195e-01 -2.747900359092020350e-01
-4.168106814900029988e-01 -2.592566243535123771e-01
3.173058563923236708e-02 -3.249911675343656325e-01
-2.539868086902709043e-01 -2.283867422207245257e-01
-4.650999821773129650e-01 -2.404164623001677770e-01
8.749018305578171173e-03 -3.649742181184608691e-01
8.952370536480458441e-03 1.938256050237978645e-01
2.494491812908239403e-02 -3.517524545876802300e-01
1.331617549143208068e-01 -2.844801587897938244e-01
3.220063999280275979e-02 9.115977802443153699e-02
-7.819016906231990305e-02 -2.731227354936216489e-01
3.032986650798008554e-02 -2.338829081323858805e-01
3.815591869036794037e-03 -1.807217775452231168e-01
4.285393491698276103e-01 -2.762519442196663677e-01
-3.219223020816504022e-01 -2.662566624665035908e-01
1.373051791320650805e-01 -2.513161410182385147e-01
-4.433438306174053434e-02 -2.956324150641119752e-01
-4.521023715318153169e-01 -2.918530696185444029e-01
5.109959987044332408e-03 -1.781528724707879263e-01
3.147313479545197357e-01 -2.707355909063434707e-01
-2.075906544312285940e-01 -2.823927840389924837e-01
-1.635974542033015178e-01 -2.262998036037129346e-01
4.096291214286895688e-01 -2.789723383313025273e-01
-4.533862162785683436e-01 -2.774957187550524118e-01
6.695199430259313189e-03 2.387017378870226469e-02
8.618761599168300869e-03 4.745425035855399543e-02
2.257405462561201670e-02 2.840053171708811774e-02
2.101780919835372075e-04 -2.318403433795388491e-01
-1.979582352363885578e-01 -2.334532036959626744e-01
-7.123100684158412133e-02 -2.441949208568719998e-01
2.023863168805428714e-02 -2.083721857906891683e-01
2.536528666727655423e-02 -2.987347425641552201e-01
2.418418489923715997e-01 -2.472462577526256533e-01
2.125299495929711124e-02 -1.829186616153517519e-01
-1.593583835622913725e-02 -2.174846234818138546e-01
2.241151311719524752e-02 4.305330685020088977e-01
1.020126815459188041e-02 4.158558786043529132e-01
2.490777590678139308e-01 -2.901740421471945552e-01
1.088852422848325396e-01 -2.842944286819149013e-01
-1.611715179694500621e-01 -2.789838625192647692e-01
1.246944383067039031e-02 -4.165612532031844895e-01
4.708032781188696836e-01 -2.363016572831094786e-01
4.310278844499987327e-01 -2.957900037363307977e-01
4.297762345991821276e-01 -2.594386931934841156e-01
2.389696697553796989e-01 -2.467756622066785699e-01
-4.581469647690299407e-01 -2.771846828673153462e-01
1.442132696095954625e-02 -4.298895157638086273e-01
1.622184194459108664e-02 2.543297020902415273e-01
2.477186309722764213e-01 -2.787262930455074450e-01
-1.620320140077848858e-01 -2.364919700904407618e-01
-4.572852161137405114e-01 -2.269924828139454620e-01
2.639101904807108490e-01 -2.614992672714634425e-01
-1.050828459253909664e-01 -2.317312485676333855e-01
2.143912285351528002e-01 -2.158449438181689883e-01
1.307856338850132971e-02 2.678410597475431310e-01
2.822510048846949005e-02 -2.030680250834735467e-01
7.563558662082914275e-03 3.145082330887306599e-01
-2.084204179617191732e-01 -2.738833038055570324e-01
-4.923937289697537523e-01 -2.565866638575583503e-01
7.137697273114884666e-02 -2.223613205459838982e-01
4.533469961557345940e-03 -3.136867602894958251e-01
1.498503295963893311e-02 1.867914955828048340e-01
3.004359184339308042e-01 -2.834245651760886053e-01
3.348038783215676606e-01 -2.822181368299505611e-01
9.637456998519011719e-02 -2.946531498737431365e-01
1.842098504803763026e-01 -2.169488069961389431e-01
5.890006766846034303e-03 -2.693906929531769689e-01
-4.695806801320878687e-01 -2.310129234527851239e-01
4.831394560565640539e-01 -2.410250694196602872e-01
1.952101727702792999e-02 -5.342595051266552098e-02
3.214568317223180927e-01 -2.790411910010687224e-01
-4.194615479949963532e-01 -2.913535960902590150e-01
2.511840457622616096e-02 2.606927458881546089e-01
-2.710757591048285065e-02 -2.699042297762381803e-01
1.274301721766690765e-02 2.351704193173783652e-01
-4.874022052246267389e-01 -2.961832107478573617e-01
2.749528772826859147e-02 4.205588548499084034e-02
2.084333761960510678e-02 -2.080047875042789762e-02
1.357695304979260609e-01 -2.844971405970525558e-01
-4.978559685249162037e-02 -2.466572360809773379e-01
2.963485204368954129e-02 -1.092949881095859332e-01
3.675366992788664522e-02 -2.145990202586682827e-01
-1.127869570508661656e-01 -2.368188501839806337e-01
1.625983904420980064e-02 -1.411977598644587051e-02
8.305477120731930007e-03 2.627402631071502626e-01
2.928314817100885481e-02 1.687896731388328631e-01
-4.273168124378199373e-01 -2.704174936968286591e-01
1.958584307234598754e-01 -2.428283770497133842e-01
-2.724653181802794144e-02 -2.190478895361023248e-01
-3.889984822070677861e-01 -2.219916548322355965e-01
3.393830684823399002e-01 -2.959710736116833996e-01
2.744159158751902083e-02 5.713572483124695900e-02
-2.991824679604140336e-01 -2.887334806313118785e-01
3.852913954944851005e-01 -2.748408090094534018e-01
-1.350762861106242774e-01 -2.740428429486224671e-01
4.682565421165604258e-01 -2.292298899297774417e-01
-7.256662605069874594e-02 -2.408438010667177664e-01
2.660852854167278236e-01 -2.914325771247833208e-01
-1.992493332040161658e-01 -2.443061540645999896e-01
2.398549573162467308e-02 -5.300095883856525969e-02
3.941588883254021347e-03 1.264771626216129041e-01
3.138153112783870213e-02 4.650957655023790771e-02
-1.327043837741046506e-01 -2.522378708688545190e-01
-1.612100731045563728e-01 -2.153891158434039221e-01
3.187758484059166619e-03 5.165932190430244653e-02
1.055478523554431725e-02 2.893598753537887092e-01
2.275280200272444819e-02 4.030779647461300019e-01
5.111785115942790725e-03 -3.895712459125100224e-02
4.112465826354025911e-01 -2.327418386263216954e-01
2.349938880742907799e-02 -3.554824773584829289e-01
-3.802714175462006407e-01 -2.777287194176543128e-01
-2.475225687033936195e-01 -2.337761539987264214e-01
1.934005386117099157e-02 9.248967066560009886e-02
-5.438116578390395084e-02 -2.638181510819540554e-01
-2.047293557716385326e-01 -2.334775836106927072e-01
-1.135515601452850021e-01 -2.275369413719245948e-01
1.789399175762320660e-01 -2.391693628556147422e-01
9.718149435477552167e-03 3.687112326176962274e-01
3.579699124731618998e-01 -2.830352188357049270e-01
-1.637463884000264214e-01 -2.272035655698259049e-01
2.487185856308574694e-01 -2.787818806953511475e-01
9.008107437634294001e-02 -2.717456373506351719e-01
2.718450744499589788e-02 -1.780762031464281359e-01
8.805165704607487154e-02 -2.195290439260525472e-01
1.533101022581451200e-02 2.039952901408963459e-01
-4.778289834255089463e-02 -2.960243443650970585e-01
1.486037943763287572e-01 -2.518251841450114270e-01
-4.997621643154340765e-01 -2.212952261665703801e-01
1.565101087860043538e-02 -9.225954706859107457e-02
-4.696759894287531045e-01 -2.841984643399199095e-01
-2.025110062338573158e-01 -2.290354316001129709e-01
-8.205765221282546040e-02 -2.236839514246393712e-01
2.438741951494888260e-01 -2.565800307532600799e-01
2.503701393612853821e-01 -2.599689698482654521e-01
-4.859624619678162283e-01 -2.494251616826281825e-01
1.329518190101598440e-01 -2.311630446970824870e-01
2.559466775059460186e-02 -1.905814895008238752e-01
3.524726108979345796e-01 -2.771573293443062580e-01
2.728349670312291142e-02 -2.839878681148431117e-01
-3.771607432554202610e-01 -2.281578052297156267e-01
3.094118542477802825e-01 -2.212806074315663007e-01
1.740364322141008113e-02 -2.134371615707301162e-01
1.897246823655995840e-03 -2.834309419889483594e-01
-1.071886913777377881e-01 -2.716172083077440513e-01
-6.685270679218724421e-02 -2.339975101974233196e-01
3.815309870824494798e-01 -2.608257672104493663e-01
