-2.151526491820642262e-01 -4.590473739753313520e-01
3.432817071816417487e-01 -4.370866370948620627e-01
-7.862807678271621636e-02 -4.146178013465295908e-01
-1.172810920063394047e-02 -3.413963557672231586e-01
-3.785970892460772674e-01 -4.124140470918667978e-01
3.108723191850241152e-01 -4.662999978584941863e-01
2.861829565523557051e-01 -4.739925704221760183e-01
-2.133543669462839576e-01 -4.993760935450083371e-01
1.130502932576378239e-01 -4.821645505795091324e-01
-1.758414413755138295e-01 -4.317586997468138010e-01
-2.565777173923466936e-01 -4.251600106418527147e-01
1.771909847185916265e-01 -4.982906614918207744e-01
-4.416342643048833949e-01 -4.741013091931898238e-01
-1.405846638732713982e-01 -4.521224962369259082e-01
-4.562225681492338980e-01 -4.396080734167024939e-01
-8.697670371920951382e-02 -4.761054066209839952e-01
-5.430036936611370990e-03 -1.109767465712848677e-01
2.775069613579406180e-01 -4.386053759093022641e-01
7.949236619679167504e-03 -4.381839834683740609e-01
-1.271990357321406417e-02 -4.632321687469240779e-01
2.461196170767591118e-01 -4.911498464308939882e-01
-3.656436870587455035e-01 -4.870019657924637979e-01
-1.519314098082169551e-02 4.319603858753522374e-01
-3.323326162040265430e-01 -4.915239230834866913e-01
-2.596582577459893848e-02 -1.443343642635228630e-01
3.849030168051403855e-01 -4.784911455589756502e-01
-1.723571762220811321e-01 -4.967737601553172677e-01
-2.955339596228184762e-01 -4.284010222792447031e-01
-1.652794729773917615e-01 -4.308563964294231940e-01
-2.888685291311976489e-02 -1.532859945653345379e-01
7.327855421431106464e-03 -4.705190129908132235e-01
3.285454040712887380e-02 -4.532610779328649642e-01
-9.745485852132806937e-02 -4.686464707090066684e-01
-2.121855000503678479e-01 -4.897117850604429945e-01
3.719741792128506974e-01 -4.660564237108285601e-01
-8.289875417054048956e-02 -4.373322583526004781e-01
-2.916886243791102507e-01 -4.224325576638793267e-01
4.985612743456621088e-01 -4.715516440230528294e-01
4.749284141636603840e-01 -4.496650552499521503e-01
-6.373503968443050560e-03 2.343225590002633307e-01
-2.004345685460939830e-02 -2.548457547703069093e-01
-3.526067867501183617e-01 -4.166936178702900229e-01
-1.787995722656154918e-02 -4.662075027143944839e-01
-4.606396606708272889e-01 -4.284873649838070175e-01
7.095653642176602549e-02 -4.909668483550341245e-01
-1.580903385961851537e-02 4.941722586460925992e-01
-2.480205795290422177e-01 -4.904171518967634924e-01
-4.306469520467084422e-01 -4.513590354114292991e-01
-2.670082242331454081e-01 -4.756888537049043242e-01
-2.617497328856165373e-01 -4.400048464044215013e-01
1.971887653625936654e-01 -4.624581932135318763e-01
-9.355863655919804955e-02 -4.477415670614205423e-01
-1.991083578126429110e-02 1.146451300869422152e-02
-1.121269553871007130e-02 -4.565451416407541041e-01
4.144806813834750470e-01 -4.688877299259128772e-01
-3.512841069249373893e-01 -4.432772779644195138e-01
4.600019069119789528e-01 -4.528809622213799679e-01
-1.072010845487159081e-02 3.463226764858146067e-01
-3.275045260078224274e-02 -1.737502633330052504e-01
2.936996223155466934e-01 -4.991813591793401450e-01
5.297364285331773726e-02 -4.770978290843512770e-01
-1.707013638111298803e-02 -1.134787843856709388e-01
-2.416260029069906556e-01 -4.937406271076190123e-01
3.301192518088085226e-01 -4.495167867730742728e-01
-1.839925987277657438e-02 -2.919903396900974668e-01
2.270075242280136241e-01 -4.171456372806829904e-01
-3.314159209995566346e-01 -4.809614176561022303e-01
-1.361711809857801825e-02 -1.428710002573981841e-01
2.225043278939293767e-01 -4.582550680684054356e-01
-1.062895171064324185e-01 -4.192291134575227840e-01
-4.398471421641428902e-01 -4.374411444136330207e-01
-2.963465302603751628e-02 1.254709408007654847e-01
-2.671319512491221460e-02 -9.853786791639784770e-02
3.537737533969502746e-01 -4.215472147286404292e-01
-1.163769223241700734e-01 -4.495943995780073976e-01
-2.825202502371818580e-01 -4.875002631073972470e-01
-2.743455591989507614e-02 2.347541537389750133e-01
-1.647528485451499325e-02 -2.617448657946486179e-02
3.442661350282505417e-02 -4.942774235174457464e-01
-2.370535825414876729e-02 -1.958159803958858802e-03
-2.569811073799965762e-02 -1.585861042453547975e-01
2.731151111694272160e-01 -4.755340940975587571e-01
1.982431467968903682e-02 -4.650965333959257153e-01
3.928886969632403581e-01 -4.803179051991913751e-01
-2.041959961041357463e-01 -4.419783409363400306e-01
-1.730383878192519598e-01 -4.606306506016775160e-01
1.754041995378078367e-01 -4.459106079197693306e-01
-1.811274581938160377e-02 -1.443940195325320586e-01
-2.722762962893410243e-02 -3.657980019176152453e-01
4.583915955923185681e-01 -4.798561280957153174e-01
-2.064384790196549524e-02 -6.321494561210783125e-03
2.085310779214923915e-01 -4.200883647578625979e-01
-6.588246418163001827e-02 -4.894895030307857553e-01
-3.406917609373627531e-02 1.992761229855247729e-01
1.727795882978344633e-02 -4.227391329682199661e-01
-1.932097922607383111e-01 -4.541866752260081963e-01
-1.878024854885744777e-01 -4.576401147914380685e-01
-2.421006092181028357e-01 -4.836091076768473940e-01
3.795549298780032110e-02 -4.970065307917167496e-01
-2.183712871194198879e-02 -1.463732182432939677e-01
-6.604871486932339941e-03 -1.863683528369949327e-01
-5.585900647928743190e-03 -2.392460147855625108e-01
-2.598060948694079775e-01 -4.597276781293755388e-01
3.496691773082172272e-02 -4.526248906371359570e-01
-1.150881777654608751e-01 -4.871242125138015577e-01
-7.475612155034228046e-03 -2.458525584966020361e-02
-1.421024980560603446e-02 3.716995975549108877e-02
3.646175717388320248e-01 -4.941521570507131367e-01
1.273411772892276694e-01 -4.668985877704926457e-01
-3.592529963800972226e-01 -4.429925644102549187e-01
-1.090045319322718864e-02 2.100352480496343599e-01
1.962165144410980000e-01 -4.140305015973368974e-01
-8.312521216814217073e-02 -4.527603337446542975e-01
-3.421372605255094124e-01 -4.984164617364919003e-01
-8.154725129015683027e-02 -4.621399776943986293e-01
-5.954811417133676343e-02 -4.669054121982409988e-01
-2.879864760174954963e-02 2.144805105425900971e-01
-3.369956102992355262e-02 -2.811404293147578004e-01
-1.092412223001981708e-02 -2.060951773505175222e-01
1.455776375264267175e-01 -4.377987935779333872e-01
-3.399495519808259925e-02 -3.981199090283850106e-01
-4.267349772529630547e-01 -4.315678518226948590e-01
-2.729049430094165896e-02 4.305373861052259610e-01
-4.418711629004699049e-01 -4.433018796067766942e-01
-2.630313714046171869e-01 -4.354627308649207107e-01
2.955572612538946986e-01 -4.557280356790087694e-01
-1.613327177745854657e-01 -4.415158508640568691e-01
-1.660270882639780510e-02 -2.821508671788487410e-01
-6.718832975074007230e-02 -4.632125697099392925e-01
1.458786989561012826e-01 -4.724091981244382676e-01
-4.102702619102305270e-01 -4.870932719445827397e-01
-4.594865207082096115e-01 -4.676554435788509156e-01
4.915715918191112532e-01 -4.655960504272114164e-01
-3.925379104870514446e-01 -4.738845759484222597e-01
4.480296758030274384e-01 -4.964388345201555808e-01
-6.482534454247690370e-02 -4.272681873029630095e-01
4.332869030510932973e-02 -4.816097162326720138e-01
-4.652061377739387105e-01 -4.485105254821233345e-01
-1.623932525377740355e-01 -4.178122371259557211e-01
-3.030700526812025730e-01 -4.891629473823552177e-01
1.434055997565364393e-01 -4.227736730419409117e-01
3.323922580310956221e-01 -4.294933972398253808e-01
-1.732083367316683553e-02 4.059330444072761779e-01
-9.181346252356836768e-02 -4.888268851571870854e-01
-2.794800762996110244e-01 -4.428191747479233165e-01
-5.343646073047325640e-02 -4.633325844493169088e-01
2.054384023930435621e-01 -4.170172824719508009e-01
-1.930533297757800471e-01 -4.303018437738650448e-01
-1.174839885343252899e-01 -4.675939931420941553e-01
-3.877293957864631491e-01 -4.433626773268934951e-01
1.007776317607180783e-01 -4.500253108515337441e-01
8.081058149754061226e-02 -4.108378981420466314e-01
-3.383878463580070051e-02 1.236312111461405072e-01
-9.449766656581171098e-02 -4.120248806300044198e-01
-1.589569405669836177e-01 -4.533654758710287114e-01
-2.414775048833661675e-02 3.971380344092886316e-01
-2.527301708958625825e-01 -4.896946991671793370e-01
3.328485287474282073e-01 -4.410091016170289979e-01
-5.625411460164086996e-02 -4.448914820266060000e-01
-3.630325188526526414e-01 -4.398231552254586729e-01
-1.075379828487843525e-01 -4.108541289661540308e-01
1.404967869790010315e-01 -4.821583493140932930e-01
2.136114413880951801e-02 -4.442540168253221733e-01
-1.678770825980779868e-02 -6.362029313263206642e-02
-1.066756507893144024e-01 -4.665764743109640511e-01
9.775565979147593509e-02 -4.308440815907110810e-01
-2.334153512274192988e-01 -4.306132734317785760e-01
-7.563067819076341181e-03 1.657417689694682394e-01
1.946924350655826474e-01 -4.642699163519654615e-01
2.289072106208845936e-01 -4.205077236061300905e-01
-8.792284522419957504e-02 -4.459592015827188449e-01
-4.564997210923398274e-01 -4.738003934836597653e-01
-3.408089041046592493e-01 -4.249142786997536225e-01
3.772601422393911941e-01 -4.288642254340919724e-01
6.968767253488172830e-02 -4.248431368133721575e-01
3.746496665353187261e-01 -4.875149631120284655e-01
4.884782634454593042e-01 -4.971854495325749301e-01
4.110635512541204184e-01 -4.990384269019090269e-01
-2.324005064641510021e-02 1.526369836422014625e-01
-1.817734948369764680e-02 -1.417055181236636097e-01
4.588974721673690915e-01 -4.132229604831931802e-01
-4.692362487716901231e-01 -4.438182483693048352e-01
-2.431922990473934787e-01 -4.593705212084767675e-01
3.319242319657643714e-01 -4.968722056341025040e-01
-1.938594141605576304e-02 4.679563448962388295e-01
-3.317227259631094771e-01 -4.372807498825733719e-01
4.637259709395359364e-01 -4.992375571444730431e-01
1.045879109322508382e-01 -4.678014556326569595e-01
8.551248508113362679e-02 -4.151106411662307538e-01
-3.435125198504299648e-01 -4.688549557813346258e-01
-5.894684412457107392e-03 2.731596896880306158e-01
-7.523087032949804520e-02 -4.223585770570003062e-01
-2.114602890517469636e-02 -2.709527682592427489e-02
-2.606936101258527927e-02 4.353063301733963719e-01
-7.640580373367678035e-03 1.903032114602867253e-01
1.109919008596845780e-01 -4.224772078125553776e-01
-1.635224497862297621e-02 -6.826230251385334569e-02
-4.732857814844804167e-01 -4.697417845170580586e-01
2.112821944268377106e-01 -4.157838742838509960e-01
-2.365062420733535786e-01 -4.427526644896098151e-01
2.661572918703540847e-01 -4.277300839355091533e-01
-4.914089798400259612e-01 -4.831520211167598111e-01
2.309867150636389921e-01 -4.916504434675411650e-01
4.286772880506214412e-01 -4.548335291474665532e-01
-2.422442212767046410e-01 -4.188256799441972822e-01
6.294519127232256483e-02 -4.954190679288286159e-01
4.572780453736896566e-01 -4.833277403450697562e-01
3.078063078606524394e-01 -4.518860465982187380e-01
-4.079986325015854121e-01 -4.479721781965284588e-01
-1.245769177270296124e-01 -4.725991093117067887e-01
-4.750869021707926354e-02 -4.657990731474964674e-01
5.720096183374201448e-02 -4.108840273276951338e-01
-3.260720750745049745e-02 -4.296357117821758553e-01
-2.538719237724348377e-01 -4.919001826561227864e-01
1.233972434324911438e-01 -4.696281505224452202e-01
2.750919391758902544e-01 -4.212844543855354118e-01
-6.237485537465359275e-02 -4.841933661011771362e-01
-1.623323002217258448e-02 2.086537351135897556e-01
-2.366285060827078013e-02 -3.108399512407035159e-01
4.258945769850908114e-02 -4.871253149413793393e-01
6.311610970158643141e-03 -4.267087500216241169e-01
-4.925573101300054768e-01 -4.675933122538045161e-01
-3.898545861857078965e-01 -4.268346909172955339e-01
-1.600577672490266501e-02 -1.639744352143929218e-01
2.486594134391573174e-02 -4.919436768074324506e-01
-2.016548609115209612e-02 -2.277089564714610548e-01
4.064126993603810467e-01 -4.835513613156928736e-01
-4.663435617068226735e-01 -4.641161895712812013e-01
2.973516946032663810e-01 -4.605947602144364605e-01
-3.370252366029480307e-02 4.796676888493381918e-01
-3.104652247582595503e-02 4.391191615561239603e-01
-4.419180487412193159e-01 -4.578649127937610697e-01
-3.356743085092571688e-01 -4.897255820220238753e-01
-3.581462672227554433e-01 -4.779129115678372175e-01
3.096112082675465116e-01 -4.925315998562699304e-01
-2.462928837736955145e-01 -4.778231567658299817e-01
1.788779068279705564e-01 -4.284751641001683931e-01
2.111826717965264999e-01 -4.888542544324321337e-01
-2.790606692728716531e-01 -4.757558021693908401e-01
-2.548824175303321393e-02 -4.262049665549350053e-02
4.585350887253779595e-01 -4.398881921042059329e-01
-2.438494275037733638e-01 -4.391861054300383316e-01
4.781225713268648647e-01 -4.817437302105103125e-01
3.715164659487277810e-01 -4.650816973777767149e-01
1.980774916347016745e-02 -4.913523798357692929e-01
-4.208027118816685119e-01 -4.911698606290295643e-01
3.375482866795106451e-01 -4.104597882653596708e-01
-6.697057206481527025e-02 -4.365041235867055391e-01
-8.450165317922642139e-03 1.723407057679183785e-01
-2.026674556319794096e-01 -4.873164661827608102e-01
-1.731947840158354346e-01 -4.392451539186278398e-01
-2.885037404306257658e-01 -4.160535051869059808e-01
9.737285047791255366e-02 -4.186440219054154976e-01
-3.724739110498477279e-01 -4.780928751669624166e-01
9.039774466374872475e-02 -4.143528908743119299e-01
-1.048047010311892180e-02 3.405118656922379028e-02
-4.929866594701127758e-01 -4.805715023132987040e-01
1.790005358359060272e-01 -4.359909771358679853e-01
4.235889561731653874e-01 -4.349747959819023624e-01
-9.458240836610398716e-03 2.494192185034733722e-01
-1.652092946598082701e-02 2.529263224677026356e-01
-1.259371249197860365e-02 -4.954457473543393276e-01
-2.333101737517546681e-01 -4.307249849554870558e-01
-3.342654309040702376e-01 -4.372197131471659004e-01
-2.371493542127889320e-02 2.690066085772732096e-01
-4.263608981389493957e-01 -4.560688643389874120e-01
-4.810718103214760566e-01 -4.964790959797871217e-01
2.402177745636833173e-01 -4.965996533934756707e-01
-2.867645985210154347e-02 -1.495036395622738601e-01
-1.458522551534102707e-02 1.539956884837743178e-01
3.899201295944196843e-01 -4.942921724829050234e-01
3.928721505319643370e-03 -4.494549862548969932e-01
-3.371974670519677364e-01 -4.660885403784791325e-01
3.380387375521209936e-02 -4.399025394804877420e-01
1.201516195186735914e-02 -4.120218706750754523e-01
1.115128203528134021e-01 -4.160072527537904685e-01
-1.796225132136353153e-02 3.838650060776280792e-01
-3.959447028281379843e-01 -4.600667596968797124e-01
2.907974938820112598e-02 -4.347849850238902913e-01
-1.516462106450700009e-02 2.235859665899156967e-01
-8.857464431018979845e-03 1.602738095346225577e-01
2.394109554901197034e-01 -4.418840260124534680e-01
3.301526427593838298e-01 -4.532102117903676897e-01
-2.085126744491061501e-01 -4.695880348221431744e-01
3.086026981402277825e-01 -4.667751400581282573e-01
-4.737021078365950544e-01 -4.685182131774364711e-01
-6.024355416007320940e-03 2.542561695989852266e-01
-2.354885503935499891e-02 1.592116953775130073e-01
-4.392411714637183273e-01 -4.503463586403028129e-01
6.753956190541721138e-02 -4.988589961390287320e-01
-3.008405272911474082e-02 -2.041796150733785620e-01
-1.822903105492690301e-02 4.205284940140282535e-01
-3.432324428827109308e-01 -4.760971084534261211e-01
-2.575333644040811443e-02 -4.904374056041025387e-01
-4.636728863537264989e-02 -4.234317494892451128e-01
2.538163951089503767e-01 -4.743929952121448412e-01
-1.559771690142791600e-01 -4.314654817600624970e-01
2.789574936058838439e-01 -4.609860337181013179e-01
-4.203398107253675242e-03 1.324907225632184771e-01
-2.131071064514622471e-02 -2.158899559241601596e-01
-2.437179058650169594e-01 -4.917252127059933420e-01
1.657303718068676712e-01 -4.980272078100903554e-01
-1.102719195735402113e-02 -7.604753098002015044e-02
-6.222871628960946477e-02 -4.217803936522079855e-01
2.007306730534100803e-01 -4.640202046788881596e-01
6.201453899051456720e-02 -4.536711845902692275e-01
6.782243377387409122e-02 -4.524790994756014983e-01
1.381985129901442955e-01 -4.383586407844977106e-01
1.122315580933619383e-01 -4.468643023535734393e-01
-2.867573528243545500e-01 -4.724336556999562120e-01
-1.972534944824694270e-01 -4.735445727663788462e-01
-1.114805175586519592e-02 1.341239222011803012e-01
-2.854105199048494468e-01 -4.405475752165259884e-01
-3.053232538245465033e-02 -2.006014096677067871e-01
-9.241681505865351198e-03 -4.056983687745273626e-01
7.593003868725700656e-02 -4.947053076176542996e-01
-3.004465936187284969e-01 -4.727773454076819037e-01
2.842333998622494917e-01 -4.419703017334848383e-01
-9.571399082737486186e-02 -4.941664078933700743e-01
3.965955399691163397e-01 -4.367452659281745309e-01
3.852946923723615802e-01 -4.385711790800254084e-01
-3.596394850234961860e-01 -4.316391534976039557e-01
-4.049022166370579434e-01 -4.438615683235327403e-01
2.198667678104465617e-01 -4.855026271945147576e-01
1.461133483278457268e-01 -4.488748596930370871e-01
-5.766146680862282992e-02 -4.954305754240021509e-01
-2.678039604954673969e-02 3.235141692183285400e-01
-3.073465484016203453e-01 -4.790078714136529747e-01
-1.563024696554199400e-01 -4.600062276940527495e-01
-2.132040764554576917e-02 -8.137348490299944892e-02
8.563454815502580253e-02 -4.978479125697942154e-01
-2.715019981241599822e-01 -4.189979164491729469e-01
8.925469329373358907e-02 -4.729963144664307562e-01
-4.287445998737291486e-01 -4.423819618231354944e-01
7.287348586808672923e-02 -4.168530925919331498e-01
3.012939123955769016e-01 -4.638585630186317088e-01
1.758429794044383820e-01 -4.490876052934894558e-01
2.718770152581401200e-01 -4.563657292190989034e-01
-4.535717562101800882e-01 -4.812334950188127403e-01
-1.333006325762808864e-02 2.486879065717033654e-01
3.733339669590542975e-01 -4.589267504690621724e-01
-4.243258389059934022e-01 -4.871743753108679353e-01
-9.488060584991075963e-03 4.561929734974281558e-01
-2.154103581279043222e-02 4.144602746783153657e-01
-2.876347978928119886e-01 -4.819201171406771733e-01
3.600498297230445566e-01 -4.158760213583632126e-01
-2.997445380453844788e-02 2.408419383109372536e-01
-1.739167795478252510e-01 -4.373128454821139099e-01
-1.437072575771658478e-02 3.025503816182892880e-01
-3.142906462208732155e-01 -4.871836094383028559e-01
-2.877836017594592732e-02 2.736014654839261651e-01
2.384330758203900835e-02 -4.849914924378725400e-01
1.435857470150403437e-03 -4.128212196993539251e-01
1.195693286258328047e-01 -4.199989563717673180e-01
-7.347569143728915897e-03 3.828029931066353475e-01
-3.381528341571993224e-02 -1.942791235657115312e-01
-5.512830728613415943e-03 -3.105889687324888682e-01
3.557247550890207943e-01 -4.690039945544830502e-01
-9.446658361881854482e-03 4.500896008243291391e-01
-6.377750002787729855e-03 5.127948073131405327e-02
3.697752015378374946e-02 -4.104347933204858245e-01
-4.331001291948365362e-01 -4.488966200660043926e-01
-8.856354122331133727e-02 -4.159674701995995649e-01
-1.496492815190808567e-02 -4.024342938485789833e-01
5.078274744427491161e-02 -4.730401200917671023e-01
-3.030555797414747898e-01 -4.235769807310416635e-01
-2.830253525546932991e-02 -2.690969011609944950e-01
-1.607868714507898478e-02 4.450267861751417975e-01
-2.142416489620491138e-02 3.544795905807104353e-01
-2.390770021611365870e-01 -4.778004787835447020e-01
4.204156268661495277e-01 -4.938801754244345199e-01
1.780834807951654497e-01 -4.671002077204930991e-01
2.516899518308287620e-01 -4.387957975503596897e-01
6.351646689554901748e-03 -4.544335462838653417e-01
1.496249092294066330e-01 -4.556162341829262941e-01
-2.906432613487119898e-02 2.991127873002785709e-01
-3.281525653898242911e-02 -1.896413282095948949e-01
5.240146855056504460e-02 -4.536774393017077855e-01
-1.945012342570406894e-02 -2.880526267269554186e-01
4.390294447165931091e-01 -4.423823411856163679e-01
1.201857415287915787e-01 -4.681341631983748641e-01
-1.203073077119968248e-01 -4.193669971891937909e-01
-4.062316685187556953e-01 -4.225733664529907063e-01
1.140768016984424760e-01 -4.378385076487392169e-01
-1.732983522845705782e-01 -4.522237989601274322e-01
-4.629347406364379136e-01 -4.656956026468535015e-01
4.545833591865917622e-01 -4.512141320571453340e-01
-2.334150451893599598e-01 -4.253941171679932465e-01
4.849515731348724712e-01 -4.603211554200827837e-01
-3.093290692759894656e-01 -4.267548207947143846e-01
-1.627889779773306067e-02 4.575391632279861565e-01
-9.808098215907745665e-02 -4.159219761952244188e-01
2.597075295299712261e-01 -4.636128613241888852e-01
-2.527211673698327443e-01 -4.314357748090333899e-01
-3.103831655102963216e-01 -4.542388669001446999e-01
1.322437427279469224e-01 -4.576336150024201688e-01
3.915620857044932457e-02 -4.261506589750223561e-01
2.546687198569185240e-01 -4.349275133067433963e-01
-3.801091236811700025e-01 -4.878566350556122755e-01
-6.518317324852418437e-03 -2.105713815383236653e-01
-1.246897105421418406e-01 -4.344109002992436741e-01
-3.530899425397319158e-01 -4.930169006030881151e-01
-1.675222967927947337e-02 3.082333986269136794e-01
3.625525931452218131e-01 -4.275747117809393094e-01
3.754367467735860719e-01 -4.173566340365736371e-01
-1.279664386103485096e-02 -4.085657806651447066e-01
2.986252815406776895e-01 -4.953181636480709082e-01
9.531039652412143237e-02 -4.814208137543364296e-01
-2.537159150898365967e-01 -4.308312605498675341e-01
-3.573075648709178598e-02 -4.986870352977225140e-01
4.000892160573410461e-02 -4.692953651142445226e-01
3.794778274444906563e-01 -4.745744434329187689e-01
-2.092683712069347557e-01 -4.266681010316227818e-01
-2.651473983655017186e-02 4.460915437675434525e-01
-4.163576763858167773e-01 -4.115768357942131139e-01
-3.368954918938585896e-01 -4.905991939935308022e-01
-1.168980305716527113e-02 -2.460309745606810150e-01
1.563117460315186502e-01 -4.348033656099541400e-01
-4.868420463939422405e-01 -4.233234992663340579e-01
-4.053020462532398449e-01 -4.385075486700620306e-01
-1.096504745642746803e-01 -4.529044842451142028e-01
-3.882436305518952580e-01 -4.310882155746441624e-01
-2.985105544617123741e-01 -4.243328025550970883e-01
-2.185673001741006427e-02 -4.666729310936866826e-01
1.962623453409252372e-01 -4.724010734589062510e-01
-2.259111086011866831e-02 -3.803388392336753965e-01
-3.458533687654496980e-02 2.307451609822785965e-01
3.530952703350552779e-01 -4.884253663143642843e-01
3.334361274117236817e-02 -4.337991383266670553e-01
-2.971757749183279174e-02 -1.601953551633678030e-01
2.046049056624643647e-01 -4.778736004307587715e-01
-3.261628509956349120e-02 -4.616706066798870189e-01
-3.861345373901459155e-02 -4.714642842465402994e-01
-4.489803175287236936e-01 -4.542818130865364790e-01
2.557964928950009487e-01 -4.285112471487821928e-01
-1.318733345063154427e-01 -4.279340865233657309e-01
2.049128506874856592e-01 -4.499120949867639885e-01
-2.961912989223882686e-01 -4.401434063592476464e-01
-3.855556556220767206e-01 -4.573091182879146510e-01
-7.566931279521571518e-03 2.678264093593557549e-01
2.376469774661690293e-01 -4.781107662409165293e-01
-2.309753818882479548e-01 -4.533580128713667889e-01
-4.719975786035112142e-01 -4.422077449820897010e-01
2.043755960307358510e-02 -4.378919582596986215e-01
9.601856639795336434e-02 -4.488598526886582452e-01
1.408913724466692718e-01 -4.829147904592273610e-01
-8.272484926575396358e-03 4.798795295489219903e-01
4.002073547750338856e-01 -4.489570820612106550e-01
-1.791135128346432737e-02 -4.706984828736737736e-02
1.738649804140766086e-01 -4.354713984642242242e-01
-4.283899223921557864e-01 -4.388129324681550036e-01
-3.163935324564548512e-01 -4.527540504085839634e-01
5.094779821731798553e-02 -4.330680815949832230e-01
4.125818334218543937e-01 -4.561266676344953863e-01
1.529046610827065056e-01 -4.720067134451081392e-01
8.015851884838798291e-02 -4.687280078532033434e-01
-4.547054956684005722e-01 -4.958661693176571461e-01
2.226912632303398309e-01 -4.739481236837411737e-01
3.984370010198106105e-01 -4.959241485716384679e-01
-4.896541473758407870e-01 -4.238445699713929704e-01
-7.836458038112503743e-03 -1.381722762752261024e-01
4.714341132823984815e-03 -4.180099553430881576e-01
1.677663279391607976e-01 -4.986889926944730878e-01
2.895503343299596910e-01 -4.830688093842089303e-01
-5.467168051895954228e-03 4.127753922281932608e-01
-1.474536898298736132e-01 -4.258868787406988599e-01
4.253749292078454758e-01 -4.106813753998196370e-01
-5.687856018200421193e-02 -4.314643756927736273e-01
-4.401027828575621026e-02 -4.984080392832936912e-01
-2.511778633770955782e-02 -2.970708631308079939e-01
-1.245368914782896130e-01 -4.665526770504737630e-01
-2.832142340335164210e-02 1.972391649823549420e-01
-2.427057031360613237e-02 1.436434149348919664e-02
9.233860427641771285e-02 -4.818578631750004559e-01
3.550221666593925685e-01 -4.243963254560736420e-01
-3.316645447399568791e-02 4.630268140835336332e-02
-3.542272815987720369e-01 -4.205071507380980789e-01
-8.228554511719332609e-03 -3.842080485337590057e-01
-1.904937709577647631e-02 1.461473481563919652e-01
-5.336891845568625392e-03 -3.035453718460171535e-01
-1.306496750144526819e-01 -4.340341241891428892e-01
-3.631784129131914174e-01 -4.741395861928847655e-01
-3.444303752481985281e-01 -4.938312769338488728e-01
-1.919645665585851813e-01 -4.705269841361254812e-01
-2.389654185178391455e-02 4.865643990017373133e-01
2.916567565627528058e-01 -4.872368798998170103e-01
1.665043822922515071e-01 -4.387098896491099520e-01
-3.431176274737045562e-01 -4.517229630609010949e-01
-1.564838001995083605e-02 2.510835330635089457e-01
4.852337362708200041e-01 -4.411503099292245489e-01
1.312107903197612391e-01 -4.649552995483373641e-01
-2.896274290777698379e-01 -4.979726632831507072e-01
-1.001735055577583910e-01 -4.645917038863017767e-01
2.988382475838858854e-01 -4.756938912743622350e-01
3.138467648329069659e-01 -4.259358077270789522e-01
-1.812671244901706835e-01 -4.752631782137106686e-01
-1.988539844699062087e-01 -4.762196826932469929e-01
2.104029410654704169e-01 -4.643942207739167882e-01
1.027206140140072277e-01 -4.377890412433180778e-01
-4.248897745662211234e-01 -4.883544919774135407e-01
-2.292984425400608206e-01 -4.938183226179841956e-01
1.562677559236766989e-01 -4.385514850894997041e-01
-6.016533910908949956e-03 2.343757446986611814e-01
-1.959588694282036192e-01 -4.957616474714219290e-01
-1.489163915552382811e-01 -4.103405303750597977e-01
1.742645141175361845e-01 -4.211790988771878519e-01
-2.944238218910466554e-02 -4.603958134529517743e-01
-1.055037721012330731e-02 2.346220213344880623e-01
-3.275324643389713186e-01 -4.428723860945098512e-01
4.700058445252872641e-01 -4.355774871629576328e-01
3.893167212311705594e-01 -4.610130032673974698e-01
-3.759529758826930523e-01 -4.416242447056206721e-01
-1.014088334992557794e-02 -2.039170307839616170e-01
-7.768245959455799543e-03 -7.298492314800997249e-02
4.764534750159177268e-01 -4.275723038487894145e-01
3.203756269429928194e-01 -4.351136617670362527e-01
4.369017312315889301e-01 -4.754363840404470798e-01
-4.961292969450709078e-01 -4.417857036766944523e-01
-2.376317537221672715e-02 2.141606597271916712e-01
1.934150286097319205e-01 -4.235370563304656777e-01
-1.008573819217040146e-02 4.504547410318572309e-01
-2.219688200588916249e-01 -4.979036570069224066e-01
2.692758119465754607e-01 -4.837011208593847700e-01
4.295457982012577114e-01 -4.800959397294054520e-01
2.511643689153686410e-03 -4.533409736612401542e-01
-4.521559563105196355e-01 -4.142292791310442368e-01
-7.237100156441111931e-02 -4.372407056448894824e-01
-3.204470706558195658e-01 -4.205896594544918932e-01
-3.201344919761252017e-01 -4.232625339380043927e-01
-4.850749666431289908e-01 -4.619971519766842283e-01
6.382612984789037824e-02 -4.341637377533901221e-01
-3.521552183872370678e-01 -4.628469015918853513e-01
-3.148479580670904276e-01 -4.226596725595743731e-01
-1.524971152196641366e-01 -4.207064413259986591e-01
2.732498474339828398e-01 -4.991402147457821847e-01
-2.105869206531307825e-02 -1.793662061017631260e-01
8.184285699062743280e-02 -4.962275172052812433e-01
-2.217357663215702157e-01 -4.552005145413355880e-01
-1.466313222716930653e-02 -3.620200398462607438e-01
-3.406866678704503215e-01 -4.328850577258555044e-01
-3.138151708814485019e-02 3.837648959164247087e-01
-1.225564180009435233e-01 -4.695093322129577640e-01
3.052181398587644479e-01 -4.194954030395754430e-01
4.855309779386627334e-01 -4.497796165945049385e-01
4.995455880031872686e-01 -4.936683062343997230e-01
3.713626605488038468e-01 -4.502737218365060468e-01
-4.250117637434218665e-01 -4.565745273789696412e-01
2.645331994688775445e-01 -4.870263229863984744e-01
4.514147751491514038e-01 -4.410220888095559566e-01
1.460308445270389610e-01 -4.851768916303352830e-01
-2.230304108792890982e-02 1.501942545004467666e-01
-1.328581881416288635e-01 -4.555947583182260452e-01
4.395504187973693355e-01 -4.258102441893478751e-01
-1.770573762331507650e-01 -4.195449187927634549e-01
-9.701907219360927925e-03 5.702264003265233860e-03
-3.622978839723687283e-01 -4.692651815648600788e-01
4.392410114335133509e-01 -4.456123752661027559e-01
-1.770443423765082347e-01 -4.169613002640182309e-01
-5.887046393259542931e-03 3.997405346038664931e-01
-5.682239102774533368e-02 -4.889454439122229434e-01
2.595557546345549360e-01 -4.294541171697393578e-01
-1.401099631313418303e-02 4.502731504209264157e-01
7.038226105803446764e-02 -4.222242899834152130e-01
-4.403398801631276394e-01 -4.924228323238245553e-01
-2.890207848207071439e-02 2.300522301033336436e-02
1.456164938900869066e-01 -4.809873173750350839e-01
5.264995578522979613e-02 -4.888849618759943949e-01
-3.645580650479569584e-01 -4.459819741518996628e-01
-2.413605624650971837e-02 -4.257206550953820390e-01
-7.564658184087913462e-03 -8.138799553529230124e-02
1.437431552757674202e-01 -4.135018154940038881e-01
-2.848146881297967115e-01 -4.330008993236218462e-01
-1.815413221300665736e-02 -5.332014603879242642e-02
-2.947366677590446127e-02 -1.593181534937110344e-01
1.538425216284318164e-01 -4.426146886063430097e-01
2.301721184552655286e-01 -4.741430891834491623e-01
-3.364373482750304678e-02 -1.193898901055167050e-01
-2.757803373631546595e-01 -4.551725766175199750e-01
3.310305037845437948e-01 -4.601974521183586075e-01
3.973135292602920643e-01 -4.177870410157953351e-01
-9.972539435315397327e-03 -1.276096178986232399e-01
1.383895674877931858e-01 -4.530474895704424965e-01
1.143098975678609186e-01 -4.458994174369610430e-01
-1.205797880419845480e-02 -3.920676274002906636e-01
1.254759794316434585e-01 -4.603484796865887629e-01
-2.931305972021824857e-01 -4.255010854353736827e-01
-5.346636177702812631e-03 -4.843851817262185833e-01
-4.881909123887733237e-01 -4.741678184860661505e-01
-4.866557201273471467e-01 -4.694090625310104459e-01
-5.850829362933562816e-02 -4.982544608205553560e-01
2.160766699633722698e-01 -4.952905461289037747e-01
-3.535510774315835381e-01 -4.739442310158226146e-01
-8.561587223980471340e-02 -4.185588668104430754e-01
2.543709082909360042e-01 -4.928351494743409278e-01
1.695387120976014073e-01 -4.459798117166405840e-01
2.989626639296345534e-01 -4.268426371444957734e-01
3.063597382333800301e-01 -4.648557971428859403e-01
2.271240180758342664e-01 -4.108091488310415818e-01
1.876704113327440915e-01 -4.820428184164626817e-01
-4.227493643789596023e-01 -4.941447901419903088e-01
-2.881515443830229284e-02 -4.411113864644233828e-02
1.793225687079880171e-02 -4.708052936173858782e-01
-3.078546989066199835e-02 -2.867026023983639815e-01
2.304012580770437024e-01 -4.918620536700450963e-01
-2.858816287905963094e-01 -4.811703933435199643e-01
-1.571507048552578389e-02 -1.614480323363044478e-01
4.914893116112150073e-01 -4.157017038825263633e-01
-4.894670773072686831e-01 -4.681381092646869080e-01
2.501698585987208734e-01 -4.245968186143845857e-01
-2.522324750002378213e-01 -4.222614251329585011e-01
8.702911061868900955e-02 -4.495378102857919833e-01
-1.885490615254092894e-02 4.882645846788723487e-01
-3.703001774717790129e-01 -4.547765777203633952e-01
-1.320600786621867195e-01 -4.120439452985135143e-01
1.161900228689560777e-03 -4.759507114351015922e-01
-3.559473300839580689e-01 -4.544296265079742492e-01
3.412941125950620380e-01 -4.207700586683199573e-01
-2.040897462009206853e-01 -4.330692079009399453e-01
2.355336117393520556e-01 -4.512656452343921654e-01
-1.714079000423138766e-01 -4.740536324228276088e-01
