-1.208286408812689894e-01 3.697240654013289607e-02
6.532937905537028467e-02 1.448055897012738846e-01
2.799145952964948725e-01 3.449523460820780318e-02
-1.896447593936881892e-01 4.216617715762960295e-02
7.102482053599645795e-02 -4.024104449970278274e-02
5.258021137519686139e-02 -3.125247212316433210e-01
3.323660322679297119e-01 4.223622802861026759e-02
7.177228745886732320e-02 3.510158883306160327e-01
-4.082270753688720388e-01 5.619979844082678699e-02
6.959369967179296346e-02 -1.805520342184274707e-01
6.775298303251331422e-02 -2.536777753358608889e-01
7.134919441170672894e-02 -3.234064826892802946e-01
5.418443000540784649e-02 1.380909318909445682e-01
7.568296638523830389e-02 -4.570741379826678275e-01
7.305899861032794096e-02 -1.614467087108931720e-01
-4.045097938243985558e-01 3.932452543022380009e-02
1.046546430079164924e-01 5.271679516152671940e-02
7.014446701768151105e-02 9.658401111593739596e-02
3.771813290291881060e-02 5.217064307364061015e-02
5.909499286363151249e-02 -3.174456848829574351e-01
7.721605373260820304e-02 -3.576091362042957966e-01
7.400827190892123042e-02 -4.481023917756882247e-01
-2.906325950282655501e-01 3.629513158924346783e-02
4.714046215828022746e-01 3.187728172026105256e-02
-3.773936011889311715e-01 4.816305373294338388e-02
7.587424745372572943e-02 -3.435165427396745796e-01
-4.911698487739862840e-01 3.672736762437756042e-02
6.314488936960915844e-02 1.215934197947889928e-01
-1.344383766355115029e-01 5.494691061423839784e-02
7.357818101645974274e-02 4.477360467563796798e-01
-3.462030491565735169e-01 3.698346126337226369e-02
1.347098533790175301e-01 4.949433043959761136e-02
6.464610774836887508e-02 3.840886715368481141e-01
-8.502105155509220857e-02 3.593686174495547281e-02
7.947987809098089329e-02 -3.051695351264317457e-01
3.783340522025689934e-01 4.071284876632874639e-02
8.391530931180490871e-02 -3.417827956268343348e-01
8.346948139720677950e-02 3.247833668617896574e-01
3.499189084799858573e-02 4.473671443896065636e-02
4.897370564022426320e-01 5.267019855971666331e-02
2.909015264995279404e-01 2.972203425894914819e-02
-7.519244196147245596e-02 4.128965689991193067e-02
-6.885147303285554798e-02 5.160037189023614079e-02
-2.549756445560881213e-01 6.001633457153066065e-02
6.321034805591263517e-02 1.858078431024398069e-01
7.327583311260499332e-02 3.482947703768215497e-01
5.515461955577238840e-02 -1.391173469110145167e-01
4.682168614808505103e-01 4.665457364737746193e-02
5.684391732371052441e-02 -3.696129796906356679e-01
7.453909617539833388e-02 2.876410676368523767e-01
7.083241908327875258e-02 5.639225875267916965e-02
6.182226006615787472e-02 3.613582395781937961e-01
3.972689665142046245e-01 5.081610876211850591e-02
4.202317662444142732e-01 5.326604822468405942e-02
5.522365301286724648e-02 2.714319410208604344e-01
4.153560108235537784e-01 3.008238555322095831e-02
-2.992236571585021876e-01 5.040921631947226089e-02
1.474222355641100490e-01 4.101725060012761936e-02
-3.037680599166104889e-01 3.421874655085532790e-02
8.419164095511344481e-02 4.920270229948299212e-01
-2.163346018906726620e-01 4.280289945639947913e-02
-4.021633444660075440e-01 4.134043853198543506e-02
-2.111998912925062699e-01 2.879612614877258281e-02
-4.996745599345701061e-01 4.803422518397171270e-02
-3.832579310369543801e-02 4.886046364634055728e-02
-2.971502084317180215e-01 5.620043069078584086e-02
1.166355436050935390e-01 4.194360163743471315e-02
5.758114771232913931e-02 -9.959879519822456562e-02
8.642586188134337988e-02 3.068490863435777705e-01
-8.348055639907059344e-02 3.518158672022098088e-02
-4.909614920618617928e-01 4.325258256498287768e-02
4.231006096879972311e-01 3.113135752045015359e-02
5.366790051502579040e-02 2.910996756386482476e-01
3.169079294776524502e-01 5.152499310001923405e-02
7.334229221043020441e-02 4.849042930013234276e-01
5.464028227594253107e-02 4.892328531864583718e-01
6.942669014903524172e-02 -2.262963394940564754e-02
8.474280332925920867e-02 1.045226853546903367e-01
7.211014017062034043e-02 2.122961137242033169e-01
1.930657482165119010e-01 5.900398337647039249e-02
7.933961856453108918e-02 -3.375935333935541349e-01
-9.649607207031518641e-02 4.196203300757617161e-02
7.731704827260621471e-02 -2.952935078984140205e-01
5.127694648396607935e-02 -2.879011405427733816e-01
6.520289268018975015e-02 4.847576633571709648e-01
7.826393416457588792e-02 -2.787758028560131107e-01
2.778502508419896655e-01 3.662358638798923760e-02
6.945710392688697610e-02 4.157328749588461436e-01
8.338805680197436399e-02 1.717247293454194912e-01
2.945068757545442617e-01 5.534477884716049179e-02
-7.469476458572610333e-02 5.887637907085185862e-02
8.278944325727433107e-02 -3.036268476451704501e-01
6.136609498022516096e-02 -4.832090297302328308e-01
4.983298351062255271e-01 3.320173149392591228e-02
6.883048552705983703e-02 3.189941809940322059e-01
5.363142456306180250e-02 -1.966361319741920521e-01
6.209224416209868647e-02 -2.139999078505790964e-01
5.255628956250391060e-02 -2.086277081264913402e-01
5.520663535061975935e-02 -2.759675770753949875e-01
9.426990852699945744e-02 4.959722286493828403e-02
7.147058128644723229e-02 -3.888103954924407857e-01
7.323974271644162481e-02 8.883301560705858524e-02
7.002355442727203894e-02 -1.198896984871706817e-01
3.087299819642194132e-01 3.075434957171763184e-02
-4.502688837955581835e-02 5.623988265503621076e-02
-4.938936717522878217e-01 5.231288081417562186e-02
7.803880442337374213e-02 -1.687594171233547380e-01
9.957432474061822525e-02 3.936015061743292076e-02
6.031006397733029711e-02 3.778558211582968562e-01
6.044591329612458708e-02 -1.250536557587305087e-01
2.893171825550514553e-01 3.618136200605004404e-02
-2.564223084874890368e-01 5.783813908100166046e-02
5.610664443782575894e-02 -1.422358214249481723e-01
7.519734090502316892e-02 -3.787088690399831314e-01
5.564209864669567018e-02 4.867093888788257550e-01
5.826497013173248529e-02 1.487469019961638050e-01
-2.837882646794853692e-03 2.940502317964521772e-02
3.597785100317316687e-01 3.188660551320843251e-02
6.839854741682849237e-02 1.106318209199704805e-01
-3.908039964530416466e-01 5.539272705706932420e-02
-2.612887867745983250e-01 2.780110703583749121e-02
-2.732340394108025983e-01 4.004562844175729719e-02
8.632662330436768894e-02 1.126668764663496525e-01
8.578116504481780868e-02 6.670735543443617743e-02
-2.854555931082979336e-01 2.834759565026356842e-02
5.180157542779861846e-02 1.657656642127154356e-01
5.286663862875429221e-02 -4.632873940902705323e-01
-4.348341842911864763e-01 5.431937227509109345e-02
8.033435469727978617e-02 2.153924238243870581e-01
-3.445090096821368242e-02 5.928837383916285564e-02
6.679641365231725469e-02 2.757719626672162638e-01
-3.873370665092332743e-01 4.905477475401409659e-02
7.684241845234374146e-02 -3.356353892540702155e-01
1.602813215063296770e-01 2.895557747693178197e-02
1.008374480170908249e-01 3.813211733673815829e-02
-1.239352688407282521e-01 4.343183916273385403e-02
5.684038015422576695e-02 -4.947898470932664550e-01
5.491314412578307547e-02 6.688805591465996070e-02
7.167649990479885158e-02 -4.176925007710796667e-01
5.658694452970214339e-02 -6.931689922117900693e-02
1.680711348852502729e-01 5.282866764923721536e-02
6.913152001809819147e-02 -7.212128119473948384e-02
-3.643102913693340161e-01 3.391506503891028590e-02
8.173964763211771789e-02 -4.627391723734025630e-01
5.365687627967996587e-02 1.392516509064968266e-01
5.243086594242252207e-02 -1.312740263628238147e-01
-2.880626821473458721e-01 3.001850463728006346e-02
-1.895913463042540048e-01 3.269169144253869508e-02
-3.124072934436820104e-01 5.678152023224114497e-02
5.537062160310934900e-02 -1.605141945624064537e-01
-3.280322566459878963e-01 4.608136145455032917e-02
6.560965353353298557e-02 4.687505618027427712e-01
7.312910528543514754e-02 3.141784553712261285e-01
7.761172201165067452e-02 -2.055387724047507136e-01
3.255160713693227015e-01 3.681941022594570345e-02
7.493912379028211390e-02 -1.575754034122193170e-01
5.717139980323249215e-02 1.934437726361309950e-01
-3.985388686695512384e-02 3.845774599676088368e-02
-3.495417826155224894e-01 5.741224759028773494e-02
6.757517553245051545e-02 3.230922453526615667e-01
4.378975193145459022e-01 3.145967456239107118e-02
3.619717562115286613e-01 5.392708809218260679e-02
5.779412246975224043e-02 4.184806628109171145e-01
8.119378461166315564e-02 3.525695390761607317e-02
7.090882618955030026e-02 2.359694464063478714e-01
5.314157075073289160e-02 -3.014999040777420758e-01
-5.497045042560366745e-02 5.338070696215757582e-02
7.757070819404010553e-02 -4.532433248859533137e-01
6.931772939556468671e-02 -1.968932747890268509e-01
7.060722659509444110e-02 -1.477524667616000320e-01
-9.409455057446625137e-02 4.537598959957167555e-02
6.509716776715812614e-02 4.657524078620657315e-01
-9.801892277243573481e-02 5.570037709323572006e-02
4.186270838523886706e-01 5.047572748057271852e-02
8.404715230786774516e-02 -4.413956197754379529e-01
6.009206901350983010e-02 4.126443475358396729e-01
6.321011381100216653e-02 -2.686588127631954759e-01
5.300312863036882316e-02 -1.175757583361042302e-01
1.185877250401867755e-01 3.386614733599202509e-02
7.172410309725518740e-02 8.472542925112114265e-02
7.578571117638910337e-02 1.778267114412024341e-01
8.295983348489022191e-02 -1.007662153144128769e-01
3.834560595128344573e-02 3.470005631553674252e-02
5.072172855210688169e-02 -1.873046853888034047e-01
8.113440750357880926e-02 -1.329280751697752283e-01
1.475055029705779619e-01 3.242404691347400281e-02
-2.343762587178433998e-01 5.200592623398114789e-02
-2.880626091012925549e-01 3.650551226817766448e-02
-3.487244513790594969e-01 3.353142698654032472e-02
7.258727311712320773e-02 -4.175960847571825729e-01
3.664930542859787810e-01 3.448891298643586012e-02
2.333389033867133699e-01 4.816761846345840592e-02
5.140955306278705006e-02 -1.590410966535483750e-01
1.498075043033545439e-01 4.620981777695987169e-02
1.374971265526709896e-01 2.899001758613684032e-02
7.842375365786935504e-02 2.074950159204560496e-01
-3.900214720942756230e-01 5.526780519547414006e-02
3.402817337634035377e-01 4.503717900893389192e-02
5.320685775830280573e-02 3.467514550361763259e-01
3.491648138604025453e-01 3.812829581875465390e-02
4.575827360036419655e-01 3.318985702036958418e-02
7.824137506369688300e-02 -3.525726970616352984e-01
8.292141652858275869e-02 -7.029158462992679546e-02
6.179937089389841987e-02 -4.931784159404467571e-01
2.437911115571347320e-01 4.545985063306445806e-02
5.636555638284124203e-02 -1.012376927394983417e-01
-4.126262479608668876e-01 4.634745135625084611e-02
-4.232912858616423302e-01 4.879664313733356185e-02
-4.735693001216353393e-01 3.791352113821422343e-02
-2.952258661136032414e-01 2.824339519597263148e-02
7.248764565798071491e-02 1.005758649416927941e-01
3.086039812345764410e-02 5.046653589111183003e-02
3.711518502866233415e-01 4.089441851473418765e-02
6.475216422291063534e-02 -4.444965946624548359e-01
2.087109460514119386e-01 3.218311841377818894e-02
7.960768501776660511e-02 4.418224041261454849e-01
8.478789030822231343e-02 1.952052547150207040e-01
2.307307190329247470e-01 4.088965387104004368e-02
3.613769679230176557e-01 4.965315368460676559e-02
-1.341769514739291624e-01 4.180188661493244862e-02
-3.887556298451774195e-01 6.019264576255989319e-02
8.347183760061782642e-02 -3.065366158778832784e-01
6.645955060100405820e-02 -9.658353239819250646e-02
2.854123129899337474e-01 5.778336848164145056e-02
3.968546668300310110e-01 4.575091675736875363e-02
5.852402377645105069e-02 8.586527166486446205e-02
7.427202588169190545e-02 5.507854718894678037e-02
4.391721966348851591e-01 3.291821064288935617e-02
6.806144794511836960e-02 1.348276632920993867e-01
7.085957812618193241e-02 2.298215308283590996e-02
-2.489768739157853794e-01 3.751652212580358636e-02
6.810307274750826423e-02 4.383251771496874394e-01
1.269172010774909376e-01 2.975096058876269822e-02
8.160257033399620497e-02 -3.596993960709387039e-01
5.931246066520778903e-02 2.327797028222869935e-01
5.069641872223051848e-02 8.940331508882493061e-02
-1.746327125275306535e-01 2.809969599491957126e-02
7.657642281407750495e-02 -6.790078280983635750e-02
1.698024773790729469e-01 3.308813854657177700e-02
4.043223907618850310e-01 4.897533556720790049e-02
-8.110644437330793988e-02 5.307767663552254156e-02
7.806220884793679815e-02 -2.121798194875569310e-01
-4.352817120962222397e-01 3.520506926799626957e-02
8.172724517634177843e-02 -1.073620391770895299e-01
5.921424561515375995e-02 -2.030753181961947318e-01
3.460317055846778844e-01 4.983281964312258339e-02
6.927424288331995861e-02 -3.428245396182155735e-01
8.347851065517941649e-02 1.659958543654680430e-01
8.158045753898923724e-02 2.147055365265884141e-01
6.863618489168876735e-02 3.286332622376508805e-02
5.186627190399051290e-02 4.475072354763183213e-01
5.540368472775714093e-02 3.720983532152917217e-01
4.104438888531400931e-01 4.610867923716499561e-02
8.215791015896645177e-02 -1.491222253034485412e-01
-4.793556405915753160e-01 5.189578561624286213e-02
7.354457991534812944e-02 -3.404959050360191197e-01
-1.643257644002570350e-01 3.325095364221031247e-02
4.465336347278991980e-02 2.798082065008711261e-02
2.304703021883280911e-01 4.451086630337564021e-02
5.349183547159763741e-02 -3.598506429595705880e-01
4.076776430077533320e-03 5.975439459230158512e-02
-3.605213901259306519e-01 3.164180590319065622e-02
6.808631675553611373e-02 2.413982197013668785e-01
5.847608193251252473e-02 -1.069258622942673709e-01
-5.400728236510943248e-03 4.957706828285801670e-02
6.529010074615937409e-02 -1.240071714983723705e-01
5.075882263969233588e-02 1.245407818548994738e-01
-1.520662645309822647e-01 4.075145428384308044e-02
3.832008000511422097e-03 4.145361792213875241e-02
7.842400252260806059e-02 -9.003317525764498175e-02
6.104494663303683399e-02 2.951236067266810315e-01
3.378076154981919377e-01 3.280538609224714630e-02
-4.624335279594119497e-01 3.331105108837395523e-02
6.673635628878127335e-02 -1.187885913897601675e-02
6.477883776408455141e-02 -2.280063244591953309e-01
5.410306326716063374e-02 -3.495406844282707981e-01
6.303915693430695022e-02 -2.538343016709583289e-01
5.110593452976330830e-02 3.109063835057834790e-01
5.743014163465010036e-02 3.116799222937253200e-01
3.619856543659519810e-01 3.310024082558304936e-02
5.515546578843510961e-02 -2.849082988196782740e-01
6.223973875209742879e-02 -5.672432457456122457e-02
6.336177071142501394e-02 -2.009269995268021525e-01
7.087990625663265210e-02 -3.423467519493462730e-01
8.655886470885898465e-02 -3.973792661665780379e-01
8.396590342212573166e-02 -3.680031353037124253e-01
5.517791176887698601e-02 -8.484099867185834754e-02
-1.440120181441771896e-01 4.813637120419100857e-02
-4.000148154569301839e-01 3.880275232239027705e-02
5.497611323432305408e-02 2.974618707390329631e-01
7.791003686542785633e-02 -1.318950862659552525e-01
-3.519189398568842719e-01 4.574102122512480051e-02
9.068909474087860634e-02 4.826355532297710305e-02
-5.714424459771372256e-02 3.639919507718969438e-02
-2.247452246066986570e-01 3.361048215407280715e-02
6.217252300492337458e-02 -3.349526748932265541e-01
7.569599930170778368e-02 4.610629051823718072e-01
6.334265426244234387e-02 -2.043749453919310177e-01
-2.676784153888892570e-01 5.046525878348784300e-02
7.802770043547890833e-02 -4.276566027318609020e-01
3.968503406878284290e-01 5.648132592867471935e-02
