3.195794412789085825e-01 -2.046766197959525302e-01
3.309978427285802383e-01 -3.767583824593530029e-01
3.047541751782942843e-01 -2.667597959855670942e-01
2.769233656215793760e-01 4.229680205546682004e-02
3.124081358964271304e-01 -2.266443676908862503e-01
3.434900579650169705e-01 2.705267251245572213e-01
3.245705687545668017e-01 -5.149840086826329433e-02
3.018445334059435270e-01 4.661301388597292039e-01
3.325658843880358040e-01 4.653721561761682279e-01
3.170855141256743170e-01 -3.596558186190199624e-01
2.800954749269080057e-01 -4.173435190975717246e-01
3.250876486184842706e-01 -9.842674000877638107e-02
3.002388234405912737e-01 2.221862222406553178e-01
3.397128146979586649e-01 -2.617014624887136209e-01
3.347195995149736536e-01 -4.063393455658658171e-01
3.224307984549525941e-01 2.766893578467337633e-01
3.518660098644230683e-01 7.536870760504965627e-02
3.221765403386053217e-01 -6.167928151859947139e-02
3.514391460557211300e-01 -1.490545232803384135e-01
3.553903879235735808e-01 -1.593356128173037956e-01
3.024252559198856716e-01 2.663527320051546354e-01
2.823632782308667100e-01 3.178492392935708954e-01
3.402352229702120257e-01 2.647838429288770223e-01
3.194465635909460310e-01 -7.339389009780250550e-02
2.798605334944169742e-01 4.559569359844616310e-01
2.905770370924511958e-01 -4.823734871858719186e-01
3.391103182043558872e-01 3.015208955171451155e-01
3.495528414728094058e-01 -4.484080524101297094e-01
3.078741182265214427e-01 -3.384038271266321951e-01
2.775434030849456279e-01 -9.780813156686363197e-02
3.309884973194714419e-01 3.749013057325178977e-02
3.606926820234367392e-01 4.501074026191109745e-01
3.097938067332808298e-01 5.290088153040706231e-02
3.156918203934055978e-01 -1.830709979766041995e-01
2.874258723842202379e-01 -1.524566032531471382e-02
3.651376841694261577e-01 -7.832531898174344143e-03
2.938472764576365304e-01 -3.500344671905670779e-01
3.411240099693939598e-01 -1.618164829543214944e-01
3.038601004166890940e-01 3.264929509437046740e-01
3.174957465398009493e-01 -3.440556920778131689e-01
3.202273805685409425e-01 -3.828004716019398623e-01
3.686738255614112614e-01 -3.729393452780536133e-01
3.428274658035465050e-01 1.606552337624894689e-01
3.047623958860297133e-01 1.394070620755385459e-01
2.959148820666159807e-01 -3.287805623409519873e-01
3.349352160855216809e-01 3.788076964676613256e-01
3.410049234613279356e-01 3.125839875984093297e-02
2.892623745791947920e-01 -2.115675049232901284e-01
3.082692739046825059e-01 -4.950341052332878355e-01
3.023206680086097942e-01 -2.678083477675662349e-01
3.251976899882793592e-01 2.304544602608579185e-01
3.632564273888816420e-01 -2.991009078957522771e-01
3.133696007116354432e-01 1.417047725202545960e-01
2.880285149475260154e-01 2.116158936934300350e-01
3.392623144045230354e-01 -3.694108674272205128e-01
2.879037338391534639e-01 4.462814740874407882e-01
3.060014073571771798e-01 -1.417371239494145119e-01
3.511694138628613793e-01 -4.364746660062127637e-01
3.682574850398698807e-01 -1.355989741712740893e-01
2.884943351778862519e-01 4.190396451762866681e-01
3.143923150497912600e-01 -2.738487208465680833e-01
3.468727112977418869e-01 -6.717924762832228058e-02
3.353562323981288396e-01 3.190350385650614351e-01
2.731354480451234634e-01 -2.786881294664268482e-01
2.839494396476328619e-01 -4.271577114863618352e-01
3.341210185486130912e-01 -1.786438474266476284e-01
2.754508203308843051e-01 -4.215877776963922186e-01
2.922806012730227998e-01 -2.791423604893972232e-02
3.711629430636469440e-01 -2.109016117219327802e-01
3.263186988393538268e-01 -2.642866669466276131e-01
3.059294228639058977e-01 3.710535536360785036e-01
3.197497494893041248e-01 4.308234154726776621e-01
2.765760755487850497e-01 4.832071230188959010e-01
3.028853063665258860e-01 -3.776647865624249700e-01
3.268063356612675996e-01 -2.366464117667663736e-01
2.938070930688360116e-01 3.053027885526863328e-01
3.542027282039886815e-01 -4.329313974629224182e-01
3.225900869150634120e-01 4.257945488767715947e-01
2.842683075796211822e-01 3.159328038297025687e-01
3.227509078544130716e-01 -2.483681794432833767e-01
3.270766158060401940e-01 -4.643238424942092157e-01
3.051325429247278009e-01 -2.599390861312739220e-01
3.041977731133014284e-01 1.086279624954833434e-01
2.874609177317568598e-01 3.099203716061106340e-01
3.238529504536883374e-01 -2.807212025582339621e-01
2.851343598289297621e-01 3.705876248289047270e-01
3.523593299178989779e-01 2.033287039230713411e-02
3.406014874826216454e-01 -7.725709538634439877e-02
3.135162424787169000e-01 6.976337487782247049e-02
2.721862652999812449e-01 2.716911574838416499e-01
3.540964489880934485e-01 2.700737993481643340e-01
2.919464862768494928e-01 1.994408214684056935e-01
3.304461201338100285e-01 -1.330342411346486786e-01
3.457000616636568546e-01 -6.377190092807494270e-02
3.149496726402816194e-01 4.118739597209719605e-02
3.126703150988969782e-01 -4.413061489999658971e-01
3.462103058635674913e-01 -2.780350358173238057e-01
3.161346568496339327e-01 -1.329874153492505151e-03
3.634583066777375970e-01 -1.915381070991367674e-01
3.634361331228453951e-01 4.525222028402861030e-01
2.879380893332414981e-01 2.294215191654476182e-01
3.616077802876737080e-01 3.473706791133466254e-01
3.387169062510916318e-01 -3.580682616025644416e-01
3.557394465379870585e-01 -3.275324922105735670e-01
2.870174967228511509e-01 7.986109819799191989e-02
3.329387941999880640e-01 3.072173392255788116e-01
3.390382590975800081e-01 3.656724751788216210e-01
3.195686175566084808e-01 -1.388824645261977908e-01
2.773097878054405774e-01 1.754618980883315693e-02
2.992486874499161731e-01 -2.443190676420970986e-01
3.381950394801770399e-01 -1.037115837733435519e-01
2.945076788161525849e-01 -1.976101643473618941e-01
3.485309917125796186e-01 3.945351814121622613e-02
3.589506157348414384e-01 -4.198213202471041683e-01
3.090927066538752266e-01 -3.695755519591650273e-01
3.615470196820961268e-01 3.239862853858113123e-01
2.915780541045038810e-01 -2.578319226563176025e-01
3.060950317051762681e-01 -2.272793301926427922e-01
3.140471236076941564e-01 1.421644135605906190e-01
2.815119655205987614e-01 -2.411790437275818100e-02
3.044374075238962529e-01 1.503743539819779595e-01
2.818497978652279023e-01 -5.544040413796369471e-02
3.194812870693614082e-01 -2.914747159678321431e-02
3.315634076472666614e-01 -2.287321070648273835e-01
3.042811015477918657e-01 -6.045908050422477142e-02
3.448789499373273726e-01 1.810997254635559051e-01
3.020016205309066226e-01 3.608094561581014492e-01
3.644984970596027996e-01 4.283670871691708237e-01
3.281597005138382483e-01 -2.630122676393579217e-01
2.908237903106331013e-01 -4.306448642095117574e-02
3.438418408956593897e-01 -1.507383620346500752e-01
3.131000998144988223e-01 -7.513194023626346141e-02
3.416101694017626977e-01 4.189164826010405296e-01
3.302193618535643749e-01 2.671884897165333062e-02
3.385364084820720043e-01 3.764089627344723299e-01
3.084395776870146877e-01 -1.307993967072312858e-01
3.167398715098276307e-01 3.600356092262591012e-01
3.666319915571715216e-01 2.353607110305812045e-01
3.493268257141660671e-01 2.433050108808385570e-01
3.545020078359778504e-01 4.331673320378880421e-01
3.520885984963139093e-01 9.890512228330483602e-03
3.505946361725320592e-01 3.496073717723917618e-01
3.085855872666631861e-01 6.561088730605579844e-02
3.545415911133652509e-01 -4.886095398730913031e-01
2.740829090104150989e-01 7.285301317128900500e-02
3.030295639228488547e-01 4.833811783639460069e-01
2.759111745911564384e-01 -3.624420594532198336e-01
3.731470088163569843e-01 -2.122322152592660549e-01
3.599068595746026666e-01 3.756117565553127591e-01
3.371131587432923959e-01 4.302502067316733569e-01
3.107048896946120742e-01 -5.834671803174318327e-03
3.441482228599311854e-01 3.393657135875006725e-01
3.277064595436429695e-01 -3.867504725284872658e-01
2.867803172228279296e-01 -3.198245660855848493e-01
3.670250159831607295e-01 3.555171972597555019e-01
3.371084568763107470e-01 -3.647340675441460567e-01
3.679930215524794823e-01 -2.529387074361674204e-01
3.640811018311258529e-01 3.793608633514522488e-03
3.080562187945834474e-01 2.522933797331194938e-02
2.951743520985644631e-01 3.759263692785083100e-01
3.236891029984796386e-01 -1.228411201833772282e-01
3.166385601625277824e-01 -1.012759379349206235e-01
3.189593057583673952e-01 -1.720518603154727044e-01
2.757872645622887475e-01 4.509910473909303219e-01
3.016688500822235497e-01 1.957180879851994071e-02
3.445257009757040079e-01 -1.105740415758682538e-02
3.096116273137939912e-01 3.055148301240072639e-01
2.957635845006363340e-01 -2.869459843109501973e-01
3.565528137568759748e-01 1.973066208578246883e-01
2.983821506415922364e-01 -3.282692295395017723e-01
3.216461986614317370e-01 4.235737918504078880e-01
3.636669684954321191e-01 1.730081193150160290e-01
3.121675600786166793e-01 2.412847912833354647e-01
2.962074352945127664e-01 -2.403490084426903595e-01
3.171324563195246915e-01 3.025775368307139779e-01
2.733920429140750397e-01 6.978048446780082958e-02
3.646503876312333636e-01 2.956671414469127512e-01
3.576393352434861228e-01 -2.687230739202728369e-02
3.413862633799266133e-01 2.626695535493728251e-02
2.891517391451675634e-01 -3.307456702513910107e-01
3.683795915558570888e-01 9.321699832274910058e-02
3.007783788573370476e-01 -1.585307679632359523e-01
3.146645258447332560e-01 -3.980157252358652586e-01
3.379908987309176993e-01 -2.812957149581429839e-01
2.952675044634996970e-01 1.117480778272483821e-02
3.164981017750779779e-01 -4.181563044629482695e-01
3.066679224392642178e-01 4.233356569980896156e-01
2.859344918798801816e-01 1.316030722755483495e-01
3.104406306683898942e-01 1.883927041737467611e-01
3.392379124210219699e-01 -3.795356368914901690e-01
2.731753922848940697e-01 7.348710161650584549e-02
3.265728016927071931e-01 -6.905511760036531221e-02
2.806665638266592211e-01 2.337584754742894066e-02
3.453440746175393539e-01 -4.432760068212978632e-01
2.840414381888560769e-01 -3.189306817265513683e-01
3.371985690452494744e-01 1.355308733385037767e-01
3.185639410904880231e-01 9.691662571567838391e-03
2.880056564572140987e-01 -1.240422548545933035e-01
3.425106338957719654e-01 -2.154652657694671181e-01
3.149986468656738037e-01 -4.214082551534947818e-02
2.728949844957032633e-01 -3.308889835354779096e-01
2.962806439602359010e-01 1.164130408158180474e-01
2.984425104250827410e-01 -2.955452772032638453e-01
3.496135903907163778e-01 -1.917348674505202633e-01
2.939886447218679200e-01 3.480018071913945077e-01
3.179119539602505151e-01 -3.789437549034886388e-01
3.249329198066771562e-01 -2.898840198994142581e-01
3.235977000796476100e-01 3.867826180130100600e-01
3.565075507269712674e-01 -4.319954980323957860e-01
2.772909462994910257e-01 -3.449718435972370933e-01
3.277837088526274201e-01 -1.635536708983512666e-01
2.845806577702878482e-01 2.966052595224361044e-01
3.242040673882899959e-01 -1.928300075905827748e-01
3.611942272431331036e-01 1.303637451064763031e-01
3.018042566324528053e-01 4.967011199529582921e-01
2.728360925490201927e-01 4.516713202500846069e-01
2.923340018874278634e-01 -3.356649122289422360e-01
3.488889891649301633e-01 -4.520263497722635249e-01
3.507189456512926906e-01 -1.989794994189140187e-01
3.429070268434446511e-01 3.764102566030332886e-01
3.411580276657569799e-01 -3.938256597190419317e-01
3.729309781925853606e-01 -1.024723810727278250e-01
2.992552892260106345e-01 2.471637460349137561e-01
2.852234582804422658e-01 2.702303013899369777e-01
2.818271466949453519e-01 -3.305767335698902576e-01
2.803650900829963710e-01 -4.127098814165303109e-01
3.036990800972528826e-01 -4.783123537138647130e-01
3.235737353554086759e-01 -1.478609836237726460e-01
2.775769795710923971e-01 1.073078476985434015e-02
3.702763968583246967e-01 3.326515546761158459e-01
3.150435740967252318e-01 -1.392508283174723749e-01
2.991558400040004173e-01 4.875970891799745743e-01
3.327243621129304385e-01 -1.376502161300304783e-01
3.575621286328803938e-01 -2.689576845144310280e-01
2.766734704670128497e-01 1.845638243597844674e-01
2.800485271669732601e-01 -1.970341473428433021e-01
2.877455616151609608e-01 -4.850197429038995978e-01
3.625636181909585032e-01 3.684757752778876627e-01
3.052752835916776597e-01 -1.854384197214122842e-01
3.494455960801772232e-01 -1.238065673145272161e-01
2.882786528110015123e-01 3.463096071267606213e-01
3.602672804623929803e-01 -4.641508271389052087e-01
2.768455083858654131e-01 -2.420802019040788622e-01
3.378164461470727353e-01 1.458401909899542659e-01
2.936463690242167024e-01 1.555834804878262201e-01
3.653356860852089438e-01 -3.010055192036730221e-01
3.290892950726307387e-01 -2.954230778309316907e-01
3.388596178323853847e-01 -5.017332096045246104e-02
2.734625962785673936e-01 4.090838412749993047e-01
3.489793613539725614e-01 -2.677321669744042731e-01
3.345091845553722631e-01 -7.619922006608215170e-02
3.554892740993427225e-01 4.540920250525536384e-01
3.068334392647641407e-01 -5.354295052580415604e-02
2.738839548148466196e-01 -1.425717808866522329e-01
3.201339253107271521e-01 4.824519769166505379e-01
3.409439875263365893e-01 -2.919117237592353531e-01
2.741506508488709137e-01 -4.573354444405982600e-01
3.490428248289918489e-01 -4.723582379719482027e-01
3.161126809753149747e-01 1.285452049732838109e-01
3.318417860776176065e-01 3.312619705508816903e-01
3.522178253537090464e-01 2.443138816274212921e-01
3.568378833415231099e-01 2.558612836540917757e-01
3.089991493673385214e-01 -3.590578594332204387e-01
3.534979727520725090e-01 3.787702798093152134e-01
2.895098811158430818e-01 -2.048303900990861015e-01
2.769232870300740723e-01 -1.084179359156458577e-01
2.891793168304924722e-01 3.718626323488509744e-01
2.857442039362125819e-01 -8.982510361284101741e-02
3.517373041846250104e-01 -3.301143632877259204e-01
3.117993661353467560e-01 1.127619100460021118e-01
3.238092260828621116e-01 1.032323096467430146e-01
3.619395941442784537e-01 -3.435200346990834319e-01
3.258778695665069947e-01 -3.703149190112724476e-01
3.209501968249804937e-01 2.982891099346027808e-01
3.582495807094390194e-01 4.495331857786294405e-01
2.875138946570204856e-01 2.914836154073817687e-01
2.976033374137215803e-01 1.331587951602931641e-01
3.174571541454245249e-01 2.694608511720819610e-01
3.090434279029368181e-01 -2.464873266484415293e-01
3.486270991762698834e-01 -3.417663535453436818e-01
2.980604733505334281e-01 4.750736848047777405e-01
3.467181423177967403e-01 -4.185327382953257791e-01
3.156237774892182157e-01 -2.013737061336229317e-02
3.400543299096508987e-01 -1.536449208294062840e-01
3.603667817555269437e-01 3.694164849353409608e-01
3.560805964135533852e-01 2.950444480056249041e-01
2.977698785011537730e-01 1.309850169906142670e-01
3.235836205406459332e-01 -2.626277457704370155e-01
3.668445396368511524e-01 4.585417340706752221e-01
3.478816738226589989e-01 -1.128405132141536704e-01
3.051705191220387414e-01 -3.334979850082346875e-01
3.466047880022513628e-01 -3.682335673589461900e-01
3.493795837122425363e-01 -1.835735860546063858e-01
2.847381412782068466e-01 5.139187787261079166e-03
3.528286092260163320e-01 -1.387877296832344953e-01
3.080303192916744592e-01 7.871400613186751993e-02
3.390564287951860489e-01 -4.386417088873150183e-01
2.787998422496300588e-01 -1.059949069279303435e-01
3.270021453556202218e-01 -3.699396616321714015e-01
3.643617838436444822e-01 1.169502713065023736e-01
3.056045020603109785e-01 -4.881963073248141161e-02
3.383713600895582596e-01 3.433877524023034589e-01
3.147231739155126329e-01 -1.368375987099539337e-01
3.022410231475425313e-01 3.803832166703262629e-01
2.880469870985375991e-01 -3.199074885339073804e-01
3.444075173217659991e-01 1.786617263922133381e-01
3.146441678001182796e-01 1.319632076379066987e-01
3.632846718153830423e-01 4.261387696924529012e-01
3.710983330712896988e-01 -3.370614167076513290e-01
3.012424223755622021e-01 3.256353685002055798e-02
3.645970881413846953e-01 4.934210668097076535e-01
2.912584755088264421e-01 -1.419545164655026115e-01
3.208348238290062993e-01 3.841144861857815895e-01
2.753460602757119569e-01 7.393285122013149024e-02
3.726749770125966643e-01 -4.833260821713266653e-01
3.173076092395537007e-01 9.123056723675426749e-02
3.051615105089995339e-01 4.302481177060391015e-02
3.384206784490255693e-01 -1.939943741062151172e-01
3.128983667812853531e-01 2.040511488755586411e-01
3.378429019150714918e-01 1.492474748920651351e-01
2.761522243385720055e-01 -2.488351346199899616e-01
3.323007608696241233e-01 3.571670074979234055e-01
3.033128710426963304e-01 3.473132928365397776e-01
3.145946136515089808e-01 4.981913376589813813e-01
3.353746463951290391e-01 3.803309159068569700e-01
3.178090498140161424e-01 -7.530363834461450967e-02
3.048229091985817929e-01 1.216910976164776725e-01
2.755471306124787079e-01 -1.493303918792185936e-01
3.032728963236870356e-01 -4.931279349594537287e-01
3.650307574485383011e-01 4.254715847377006366e-01
3.572637120845093550e-01 2.644162052906506855e-02
3.591072746655546988e-01 4.582094127524102278e-01
3.156523939084406871e-01 -2.188886108161014477e-02
3.565725064793398014e-01 -2.465597107336914284e-02
3.635113290000345776e-01 -3.120456684136667658e-01
3.465097249067152774e-01 -4.717382670138714484e-02
2.964248182223848671e-01 4.972289769847511032e-01
3.585516033960171045e-01 8.811698580071058995e-02
2.939840247556292363e-01 3.455780187348826971e-01
3.161865096601599312e-01 -4.840756731293827109e-02
2.753683965967073100e-01 -1.271094309908944453e-01
3.648859661191889980e-01 3.699308045499549724e-01
3.719134941636441649e-01 -4.418042958111115803e-01
3.570308805130827379e-01 -2.950252444863570300e-01
3.582271511954631116e-01 8.207319695479320387e-02
3.642771904977351038e-01 -9.389721864619293701e-02
2.775413246848926763e-01 -2.718346104712062727e-01
3.138000719947996453e-01 6.216733528344331461e-02
3.184740681371939219e-01 6.887750237532541675e-02
2.877206956268206772e-01 3.046699055642883014e-01
3.063046531097118885e-01 -3.890244016757526957e-01
3.271856730852112927e-01 -7.261318260120819268e-02
3.357074575440103237e-01 9.899519909004372842e-02
3.642386202249073834e-01 2.556667973473684130e-01
3.202168710420809639e-01 -4.068564153744456124e-01
3.484141710906094591e-01 -1.170938051572646410e-01
2.804884872085744441e-01 -3.590979056165498617e-01
3.436049155435081381e-01 -1.573413875418195884e-01
3.709621531283896489e-01 2.157296339290090126e-01
3.071022642216252319e-01 -4.087521231120678777e-01
3.390010241760582632e-01 6.418104622128473213e-02
3.206090814807772693e-01 -3.720063612858864888e-01
3.697844528221172489e-01 3.383390586173835590e-01
3.546475581016323986e-01 2.212647888931426055e-01
2.894133700486594130e-01 -3.683815006448432072e-02
3.431522245973597229e-01 2.724352254147118790e-01
3.453472715700356410e-01 4.949140968546663633e-01
3.705552557290291427e-01 -2.083501265067608799e-01
2.768463969082864962e-01 4.584783115156038091e-01
2.821097089534728708e-01 -3.828503342281098787e-01
3.543393302067465722e-01 -1.825466711466892100e-01
3.369618195306613995e-01 2.057607308566933302e-01
3.365962121535467366e-01 3.960971589117656677e-01
3.061891598611843346e-01 -3.889401784690129649e-01
3.056070876475518450e-01 1.191032534013575228e-01
2.845379040946239835e-01 3.079741036969622092e-01
3.380337600954876898e-01 -4.947155594396199785e-01
2.789144388698009402e-01 -2.691357417320934253e-01
3.631255826636980988e-01 -7.942618067532380977e-04
2.774056079570010880e-01 -2.516725192635687058e-01
2.903322057626007702e-01 4.996905176111674507e-01
3.696748665339140150e-01 1.601344514479554615e-01
3.303680614589208364e-01 1.351456394590860866e-01
3.403047765188581542e-01 -1.220741226116146549e-01
2.924028567912664300e-01 -1.584382577919435375e-01
3.506642295447637281e-01 -2.991681870023140677e-01
3.718461473741312417e-01 -2.311284001918600950e-01
3.643945349423438618e-01 -1.594913085808026265e-01
3.321916868404782841e-01 4.604791416820582795e-01
3.564626547651562616e-01 4.571329315649004243e-01
2.901522144765520395e-01 -4.965708538374389303e-01
3.494064388741247029e-01 3.808041395455389333e-01
2.804974522496671563e-01 4.734914655179873755e-01
3.603512135105654268e-01 -3.872728703662675631e-01
2.832068597443094804e-01 -5.361836157160237981e-03
3.409546644060624798e-01 3.464167925411844040e-01
3.277099003147236900e-01 -3.562890650217453992e-01
3.060957618699061689e-01 3.525216790241151310e-01
3.353391013354213301e-01 -4.326475547210599792e-01
2.775242339081906984e-01 3.346645218708814706e-01
2.766366547130904019e-01 -3.070134335365100053e-01
3.595080305663019837e-01 3.798935591774900145e-01
3.543425943171998327e-01 2.876645810776500278e-01
3.273807197956657422e-01 3.377482389304992116e-01
3.393821077375145379e-01 1.087788488546751475e-01
3.047055726499777739e-01 -3.722560486402066715e-01
2.724906350679876521e-01 -3.797188728257158141e-01
3.461912689061232840e-01 1.416851682393026612e-01
3.079347070980177348e-01 2.025544551743991839e-01
3.704440619645107402e-01 4.493880741524242106e-01
3.667365600528288416e-01 4.619230555787980919e-01
2.920643234169399971e-01 4.148523611384544729e-01
3.245333314391956048e-01 9.050870207913719323e-02
2.781748396895660225e-01 -4.217521611683431315e-01
3.304129973331474401e-01 1.251304172900691292e-02
3.413352707641642558e-01 -4.858592208256594658e-01
3.316321373390326288e-01 -4.716694622462038744e-01
2.864315862469563045e-01 4.051624569114976593e-01
2.810151039526583849e-01 6.906951914732439857e-02
2.726412860837411634e-01 -4.124981409470362959e-01
3.038017263326174833e-01 -1.379855762782193906e-01
2.748245535932951622e-01 3.885273919086884575e-01
3.723541730225495838e-01 4.972732821887149157e-02
3.410030781306769843e-01 -3.213859892543149410e-01
3.238666698260622701e-01 -4.690131026630082189e-01
2.799006491246684991e-01 -1.020509707863276327e-01
3.245554952406094484e-01 -1.868172014255254920e-01
3.203705006003664257e-01 3.382975443176158281e-01
3.401083896412854246e-01 2.529289631897622126e-01
3.709831804604480920e-01 3.067410605216864816e-01
2.897902933104168355e-01 -1.363099089134567343e-02
2.965516673015435867e-01 1.921380831288155289e-02
3.546381868443022611e-01 4.032330518237225991e-01
3.726168605127826439e-01 -1.738284065971390513e-01
3.387372634587934028e-01 -4.433980981060979820e-01
2.810040817689004600e-01 1.977167121848448783e-01
3.708797721323741081e-01 4.432051505019660720e-01
2.915121204499623309e-01 -1.997423703251818283e-01
3.712698986386013811e-01 -8.952883728854066359e-02
3.591976304979318524e-01 4.783166754131163989e-01
3.399847599740886128e-01 -4.018637950780878931e-02
3.062119653788697438e-01 3.584797104393314671e-01
2.961235430036135430e-01 -3.657102987285354434e-01
2.918651985457569875e-01 4.099663763605100320e-01
3.410592090604629423e-01 1.843864925446154768e-01
3.256491458524012339e-01 5.683601970158924654e-02
3.518272068928878227e-01 -3.620911927852700218e-01
3.668187512469673894e-01 -7.093911373210637361e-02
3.254593432633268169e-01 4.980210323687058738e-01
3.598005766688779916e-01 -4.624601090622593169e-02
3.195552421703646839e-01 2.611558014112173032e-01
3.606546579665835806e-01 -1.294137496718121838e-01
3.630655635120632052e-01 4.721958259421007442e-01
2.827216894365788269e-01 -3.400098889463768481e-01
3.012627145007459317e-01 -1.981794337259612515e-01
2.849288425360618771e-01 -3.964123490315729637e-01
3.685856143087206105e-01 -3.150566438760756816e-01
3.203488238437277591e-01 6.039161809541893078e-02
3.032504443083322565e-01 3.984119337958123008e-01
3.154251038560381692e-01 1.076986008489273505e-01
3.521994006080386708e-01 -2.978117057294384917e-01
3.256961150584996023e-01 -9.212575707048975548e-02
2.901411583911649439e-01 2.996125732905239314e-01
2.918000421020421342e-01 4.644955082388931844e-01
3.194342521163943127e-01 -2.778025348720499776e-01
3.729769646259302185e-01 4.366138094391638358e-01
3.129980446363157531e-01 -1.925556097576253123e-01
2.866665093967203370e-01 1.486120679284783641e-01
3.242263717075493101e-01 3.897615967397489722e-01
2.866430284823476837e-01 2.012914426809073731e-01
3.383250287303468662e-01 -4.541867470193117207e-02
2.886853353344945861e-01 1.902781530653240294e-01
2.781888544129789143e-01 -1.693760400853787651e-01
3.654705132782245514e-01 -7.350069298948991303e-03
3.498965926900547974e-01 -3.834447971359794538e-01
3.667321404945206309e-01 -2.432902950867706915e-01
3.240001010057071973e-01 -3.301924235125541784e-02
3.001840568283243860e-01 2.906020812191159042e-01
3.059536136103239157e-01 -8.536729036496071288e-02
2.963609985111380629e-01 -2.142755900723440909e-01
3.669878510939303951e-01 -3.929417429294005393e-01
3.538453827292260545e-01 -1.615221054803411826e-01
3.346965261210737008e-01 -2.244911375536989828e-01
3.100825410347251010e-01 -1.925215984122515822e-01
3.521530828931134227e-01 -1.667441949316118555e-01
3.620436352969641502e-01 2.563962272005583243e-01
2.930750686960377216e-01 4.800201929956482427e-02
3.140305395574592984e-01 1.453733039432344443e-01
3.110969717045445337e-01 -1.177124635111381767e-02
3.117269928567737436e-01 3.509826298190555915e-01
2.803029422483959143e-01 2.950621247845435224e-01
2.883708766233012977e-01 -3.344001264330276335e-01
3.282375715114197456e-01 4.026174081570761398e-01
3.336885348827899334e-01 -3.643671675519619679e-01
2.927507090682051061e-01 2.030862632520353817e-01
3.218211677328607356e-01 -6.626433740365245129e-02
3.625540816575567593e-01 -1.036012036274778225e-01
3.589431586897905424e-01 -4.610322298671660768e-01
3.250514431577525842e-01 -9.274058926153183613e-02
2.890589347327525704e-01 -4.910257627089396060e-01
3.147736485786750693e-01 4.947206327289098704e-01
3.023273437000502106e-01 -1.021559633532569400e-01
3.327720621032339565e-01 4.615943854923391099e-01
3.522901570447920516e-01 -3.220597440664093591e-01
3.009597839478385106e-01 -1.919164222966951439e-02
3.585819549505725456e-01 4.787466484083047202e-02
3.301308303018664070e-01 -1.841435496391442550e-01
3.123466729996341451e-01 2.730440639152376114e-02
2.793426963380019057e-01 -1.590499335166454253e-01
2.820076860975041511e-01 -1.121713387186882294e-01
3.691374838896545052e-01 -3.274157223638618497e-01
3.427339042885835241e-01 -7.703892312235116613e-02
3.531869461701622193e-01 -4.974720324596954013e-01
3.047271827963912161e-01 6.309878406101698811e-02
3.115706112034595243e-01 2.166413949474750300e-01
3.436555330111471518e-01 -6.747764314623549975e-02
3.245869647980248462e-01 -6.896949914722239061e-02
3.037347773603288337e-01 -2.070604977794565649e-02
2.810890752729634512e-01 4.042796334400189373e-02
3.054584712033480143e-01 -3.574488579039715175e-01
3.347172645666877111e-01 -7.164272657516057574e-02
3.076141291599638894e-01 1.419517629453641572e-01
3.662216483337368267e-01 1.766470561770241421e-01
3.016640922187054930e-01 4.706971363104235362e-01
3.332644490366658552e-01 9.364794798429865175e-02
3.192559534687227085e-01 -2.869794740346298667e-01
3.669954669592857543e-01 -9.745651495552287713e-03
3.602470085813420653e-01 -6.395508638007485480e-02
3.449405078246693401e-01 -1.269335142428379415e-01
2.907226329656521502e-01 -3.810552731376843916e-01
2.877081062360336006e-01 4.015513732016738890e-01
3.001127731156894018e-01 1.969098607339708762e-01
3.356040987460601199e-01 4.871398204507484397e-01
3.726464705901416652e-01 1.518156159460113397e-01
2.976266741690650752e-01 1.123927955983079485e-01
3.473159875464464363e-01 1.715744993713317346e-01
3.316642025125774440e-01 2.804503900420695084e-01
3.705724686099025611e-01 2.311385530188846404e-01
3.128587708081491670e-01 2.815334515567968765e-02
