4.515006841685863526e-01 -1.233662781005746556e-01
3.417751899825516304e-02 -1.483425496866112026e-01
4.878773853697855323e-01 -1.380708777796479936e-01
-2.595686792088806039e-01 -1.282080385916233300e-01
4.533474710671425711e-02 2.058555497052704242e-01
8.507628335700223587e-02 -1.046464591751401496e-01
9.837242393073042379e-03 -1.308098981229308677e-01
5.062890424803478950e-02 -8.339190995774370396e-02
-4.729254159541611546e-01 -1.230704854589491637e-01
-2.618596084866126050e-01 -1.090778458060508438e-01
5.101776017631864946e-02 2.072171893439374024e-01
-8.686206659117701179e-02 -1.215686445500777646e-01
1.925844264674663187e-01 -1.061480095660045642e-01
5.369401749661306678e-02 3.369154516949833811e-01
1.746074347625999890e-01 -1.064548708772177221e-01
-2.729632431176071128e-01 -1.073255469554663666e-01
2.701413070701041974e-02 -1.412026908165064931e-02
3.526209383208300796e-02 2.629332388939719101e-01
-5.906769393725130879e-02 -1.490085746699405522e-01
-1.228089201170727840e-01 -1.346390302714641773e-01
-2.639163851455038623e-01 -1.394944533820430266e-01
2.169644893320118451e-01 -1.340376324105226891e-01
-2.871407869221257458e-01 -1.055290182858733550e-01
2.891772175229501141e-02 1.943129197212307702e-01
-2.117507777216550702e-01 -1.120482182123816450e-01
3.424894619413332286e-02 -4.443026133704078839e-01
2.985139646890366816e-02 -1.454177952700108634e-02
3.522732254192753043e-01 -1.143622525714588223e-01
-1.399024755842589451e-01 -1.363151810267487773e-01
-4.118401422001745082e-01 -1.347935794883636795e-01
2.696202539386594044e-02 -3.187740078577252500e-01
-1.905224980588919870e-01 -1.484747245575862573e-01
-1.764616893299456590e-01 -1.044505322635159716e-01
3.307644445382383891e-01 -1.477033730572122616e-01
2.302716393395876082e-02 -3.379027263946600135e-01
-4.814180800659761950e-02 -1.334589883136741983e-01
4.871761489299497594e-02 -1.219789991132411711e-01
-3.183429473591414816e-01 -1.328761533799318606e-01
1.944987936936538597e-01 -1.109493704113071466e-01
2.436347486358519943e-01 -1.052881164966186223e-01
-4.165592485935983857e-01 -1.269379948748970977e-01
4.818602353417400508e-02 4.012018024399265359e-01
9.336058701672589333e-02 -1.214075173173111422e-01
3.066907513695293908e-02 4.537102251442853840e-01
5.344127579832425035e-02 -7.522926360217085939e-02
2.298158025614660538e-02 -2.881577622280854234e-01
9.996181951195670656e-02 -1.383895897229817651e-01
-3.421257888125809332e-01 -1.342756784729254305e-01
3.593731812035838580e-02 -1.542176375951423983e-01
-7.486054621763771344e-03 -1.251581107213903810e-01
3.834959456494368979e-02 3.590613767830141967e-01
3.852127651695835819e-02 4.399694923253795187e-01
-3.746461066943598262e-01 -1.094453723761130703e-01
-4.272997432221138370e-01 -1.167886492147257593e-01
-2.815984187726364718e-01 -1.175462851497279804e-01
-3.761620011878411551e-01 -1.120816601940594071e-01
-3.951596001882404785e-01 -1.286608348237769928e-01
5.358109384676978948e-02 -1.270248897447350256e-01
-6.652778791915869849e-02 -1.226523394561743752e-01
3.511225687788177563e-02 -4.694899505365539571e-01
-1.300206798952606713e-01 -1.171188183431079999e-01
1.075584915355328741e-01 -1.117215632043968565e-01
-3.633735487745329840e-01 -1.100020640022352225e-01
3.762844346654370398e-02 4.414913597185770033e-01
4.269011970752334406e-02 1.276136646693926124e-01
2.900194443003245581e-02 3.150091982343135033e-01
-9.203836246421415179e-02 -1.086060614173343097e-01
4.235541117733088168e-02 2.965894002000821761e-01
4.695578969190494778e-02 -1.810851641947296420e-01
4.859957229297537928e-01 -1.314083983963767466e-01
3.994842293567197888e-01 -1.428052197621957342e-01
4.775445367462960444e-02 -2.007035564492742896e-01
2.843083809647273252e-02 4.255195647090651567e-01
2.745288134241528066e-01 -1.099162863084955921e-01
-6.550328393429194485e-02 -1.130684814165616725e-01
-4.094428347851833960e-01 -1.040390954023869829e-01
4.461422808789050620e-02 -3.785451124182581673e-01
4.351557081287864559e-01 -1.071143529251983306e-01
3.961574562442893299e-02 2.956458316407423181e-01
-3.963255985867316644e-01 -1.154452276411415124e-01
1.622989416470577151e-01 -1.188743582251789999e-01
-3.750556094396435558e-01 -1.056960373064653735e-01
4.412370952838443605e-01 -1.368739317857287086e-01
6.563898116424771167e-03 -1.039938445057014826e-01
-1.724927181786092278e-01 -1.165586942276761739e-01
4.163994826059155274e-01 -1.195645900396667960e-01
-1.466693213836568477e-01 -1.196234988118647369e-01
2.773738385388146988e-02 4.848170075079906161e-01
-4.685228455153660487e-01 -1.410127995255121558e-01
3.994912196538147331e-02 2.578266945001783661e-01
4.331010563234283239e-02 4.552461881684499723e-02
4.036712714464807394e-02 9.486340890454003638e-02
2.771840774283818032e-02 -1.165692916537419688e-01
-2.320003023971740630e-01 -1.491156287111755629e-01
-3.348442896589829409e-01 -1.407260426050834790e-01
7.306253355260838855e-02 -1.335936054970603415e-01
3.721372179594228946e-02 3.561301464150641305e-01
2.317778118552082933e-02 -3.410229927153480833e-01
5.198677280250996180e-02 -1.537548586491367386e-01
3.031111687028598123e-02 1.747355166972098806e-01
3.530124402113499205e-02 -2.138660990264277251e-01
-2.777871223373782339e-01 -1.368635466692834646e-01
3.278711358919261798e-02 1.652153756630921899e-01
4.650250639020925281e-02 3.735580892346970217e-01
3.781731240711183606e-02 -1.234354519269638129e-01
-3.824463686658780004e-01 -1.272001497221877386e-01
1.997678797174304854e-01 -1.473732582715077122e-01
-2.101352964512592791e-02 -1.298775007596951747e-01
5.503800358025334738e-02 1.788036706235122120e-01
-2.122504671375705643e-01 -1.051704659311918366e-01
4.212507991846062838e-01 -1.176981007351857178e-01
5.456494371840714397e-02 2.864909387779694949e-01
-4.427458844531322324e-01 -1.438980128766264022e-01
4.922520199673630081e-02 -4.638088476608572819e-01
4.761038148073285514e-01 -1.443285916339599462e-01
-2.612020641211604266e-01 -1.289113034452085138e-01
3.053171248387087644e-02 -2.860255760838293915e-01
-4.124540055039515041e-01 -1.319108250806043658e-01
1.118175178256409774e-01 -1.406973220977356664e-01
-2.692105644948907806e-01 -1.256385660941730098e-01
5.323753702978728519e-02 2.152890698451108697e-01
-5.419004984424835580e-02 -1.407701139199087903e-01
4.365356533033748487e-02 -2.627133467970618197e-01
4.325121170625180200e-01 -1.183211981210009478e-01
3.381008043775445282e-01 -1.314865341349137351e-01
3.636557270624984906e-02 2.929240207253537287e-01
1.775604508505835843e-01 -1.506629659915877939e-01
-3.857177297504608138e-01 -1.247053613152918627e-01
-3.545356942399282563e-01 -1.376364626193761209e-01
-1.707097745502408337e-01 -1.489146488919396161e-01
4.262191345661303643e-02 -4.155450172407559872e-01
5.003205172848113058e-02 -8.708438576938692943e-02
-3.061284739672767152e-01 -1.278678692599543032e-01
-1.144941762303853805e-01 -1.507823097198965900e-01
-3.433356278595508515e-01 -1.302731420147176244e-01
-2.730484372413025662e-01 -1.486682858855106204e-01
-1.509139029288589784e-01 -1.226416544862011238e-01
4.346501473659114545e-02 -2.773394330343268432e-01
2.790027351329571470e-02 -1.235529937734828332e-01
-2.899906953435007484e-01 -1.408660437097373208e-01
-2.569029260599983155e-01 -1.279114837316743802e-01
-3.676657412986633622e-01 -1.299409852301686152e-01
1.847096687048283004e-01 -1.233621974902178176e-01
1.920047009081364831e-01 -1.064681837068226500e-01
4.178435500037891437e-02 -3.519760368044799748e-03
3.189178350155119634e-02 3.578933914672381977e-01
-4.420704127572595565e-01 -1.409506444482924170e-01
5.462092508913285460e-02 3.629179211695916507e-01
3.025629635020066210e-03 -1.232475634503885642e-01
3.466118178849453280e-01 -1.244973846002358497e-01
-4.381261990235955084e-01 -1.128233858285297986e-01
-2.302981811117036370e-01 -1.358177019982710343e-01
2.519010340795326819e-01 -1.037424640334124737e-01
4.060087772122633609e-03 -1.328631234611968859e-01
4.333959551163091284e-02 -1.536611582560748479e-01
1.716178735917237574e-01 -1.137151560897647906e-01
3.219901641563893691e-02 4.512697763840112231e-01
2.272193200946028835e-01 -1.238188980196582856e-01
-5.916835850896662308e-02 -1.172328620348863648e-01
4.160869573415948430e-01 -1.237597984981545496e-01
3.784623836753941983e-02 2.635955054174018430e-01
-3.477278807623818135e-01 -1.284651660288137487e-01
-1.847848832100182914e-01 -1.094304487335325815e-01
4.091939500629900861e-01 -1.309121894889743176e-01
4.992330327655947197e-02 -4.907132317232482110e-01
3.973651757322160805e-02 9.312732978385407367e-02
2.860780743137147919e-02 3.866097321001961129e-01
2.475936962550806530e-02 2.581732422608069566e-01
1.842413897344782336e-01 -1.419175638214873469e-01
3.896721455758450636e-01 -1.224886997766141405e-01
3.800639732133807014e-01 -1.378754984715003795e-01
5.062569422273366371e-02 3.079671895037355833e-01
4.133729720845380484e-02 1.228335694212278062e-01
-4.437402703888111422e-01 -1.398559549327155205e-01
3.991828660189310485e-01 -1.032331974608534653e-01
1.268223867349123068e-01 -1.468051627552293681e-01
4.858737070483392095e-01 -1.401165515803424189e-01
4.574112612025038604e-02 1.360507672945419078e-01
5.433313012849727563e-02 -7.874331016628710600e-03
4.769541835695556564e-02 -3.666895964669490970e-01
3.060759730268247658e-02 2.532302243632742478e-01
4.824758695025810340e-02 -1.163451465901423898e-01
1.025912941134209388e-01 -1.367506505267707118e-01
1.559023284395670839e-01 -1.387972271970526750e-01
2.497934515687760815e-02 -3.512504254341446419e-01
3.554232841285254185e-02 -2.492476941667471912e-01
3.479465442409286347e-01 -1.509611956536328625e-01
5.349330961703080423e-02 -3.168352076103380099e-01
2.527084052774708489e-02 7.866135373609073334e-02
3.710500287901582483e-01 -1.025362211910531007e-01
2.578967869154691339e-02 4.692316991030847095e-01
2.384639210491124039e-02 -2.191259566871668341e-01
2.863616365189391999e-02 4.098587790875987125e-01
-2.208231840547080216e-01 -1.240523609214660983e-01
3.496739064171198175e-01 -1.107380697788987733e-01
3.745718884664385184e-01 -1.456277815286000088e-01
-3.057857027523802618e-02 -1.459694778443432206e-01
-3.173950591300603863e-01 -1.342974566954903137e-01
4.720063104694260936e-02 -4.880757536842583733e-01
3.896743700871196925e-02 -3.023490138206559319e-01
8.212129547917812467e-02 -1.392997352594255167e-01
2.242732667236047028e-02 -1.221452460083208846e-01
1.229375880202722149e-01 -1.233693567960078008e-01
3.588017441160107346e-02 -3.943099240767153901e-01
-3.729436127237247822e-01 -1.381352531070813017e-01
3.517606500254011337e-02 2.427367378199820624e-01
4.802057219285449374e-02 4.424809120304092902e-01
-3.494018743372905300e-01 -1.364256919567694570e-01
-3.867570039849107522e-01 -1.050957315553735505e-01
2.755461872633113707e-01 -1.067774483181470613e-01
-2.697937700343935319e-01 -1.101989668872409567e-01
4.019577804063068083e-02 -1.420570672040666338e-02
4.261480045908578873e-01 -1.440116535105041562e-01
4.192041091918603524e-01 -1.217330888232772690e-01
3.468608085855051648e-02 4.219076232546890015e-01
-8.484809664314652000e-02 -1.477773565537943146e-01
3.960950569868171289e-02 3.661941447731379418e-01
2.616800376662389294e-01 -1.414850160375188404e-01
3.451484906999757740e-02 -4.631321241802413002e-01
8.773651136620164159e-02 -1.483271701964201661e-01
4.882214827828268433e-02 2.398826561461758766e-01
2.221600206379916731e-01 -1.363353316728321829e-01
-2.236005826311905365e-01 -1.075691778140007715e-01
3.422697354885129162e-02 4.843688960306355984e-01
8.821278909761820497e-02 -1.498157468448629848e-01
2.342742030312329193e-01 -1.039523739580715533e-01
2.856258711355761370e-01 -1.330487890252035621e-01
4.613042666307132222e-01 -1.377275671457227624e-01
-4.523938142297170284e-01 -1.233387788448728761e-01
4.528948572429480901e-02 4.174464746040918994e-01
4.899250374790905527e-01 -1.479086905467578150e-01
-2.544077232284214229e-02 -1.252021494976675031e-01
-2.742931633317838847e-01 -1.292623096806522209e-01
5.317983197369402504e-02 -1.076460549859838967e-01
-2.558110571489644602e-01 -1.094062228763218458e-01
-1.987137369382330210e-02 -1.044554144771162596e-01
-2.195804475396695432e-01 -1.321976681183658631e-01
2.196560309640549491e-03 -1.499182965764394027e-01
-2.680126599929000264e-01 -1.468040166649215994e-01
3.140676376985584994e-02 -1.843263679127079557e-01
-4.792413911705180052e-01 -1.238298397500557924e-01
7.830537257078939994e-02 -1.069725406746827590e-01
-3.834797077359465289e-01 -1.161464591641255817e-01
-2.009362236680036773e-01 -1.286229978960468090e-01
-2.857029445666462442e-01 -1.073680618832428824e-01
-5.616119923372431266e-02 -1.060814725362310140e-01
3.362169813179242128e-01 -1.443519712498355645e-01
1.526602506752573474e-01 -1.267069281787451818e-01
8.336353735943324850e-03 -1.488193038624895381e-01
3.559029548661950537e-01 -1.472312593521344359e-01
-3.992150905179832066e-01 -1.208306204454138166e-01
-4.423313930486565404e-01 -1.389269952103636685e-01
-1.492933872295917341e-01 -1.438762268608575479e-01
2.696461497527813389e-02 5.729206169663636494e-02
3.409688118882213681e-01 -1.084907211613150846e-01
-3.653850152526328943e-01 -1.117041824124211935e-01
4.332821463727665190e-01 -1.251934948412615212e-01
-4.481031640344677047e-01 -1.374727085385789582e-01
5.145491026779780430e-02 1.610702155458892948e-01
-1.450831271418285828e-01 -1.309438636070208162e-01
5.894920774596346114e-02 -1.304170037709704300e-01
1.439064485890925171e-01 -1.094954213464620629e-01
-2.379393831910829871e-01 -1.190622418265551152e-01
5.206743515133105404e-02 -2.842642898637562920e-01
-2.146008149616762672e-01 -1.093029680803455639e-01
3.980532375245359189e-01 -1.295430279706903942e-01
4.638350900899375073e-01 -1.100829182754163860e-01
3.602341858168611743e-02 -4.588235552462984757e-01
4.303883657832957566e-01 -1.144390581512577665e-01
-1.816503432528260298e-03 -1.365473592652655110e-01
2.516891829676837222e-01 -1.389256232203796015e-01
2.708511457813875811e-01 -1.409030175067624846e-01
4.404792051294310617e-01 -1.220499258994752756e-01
1.254892430626942668e-01 -1.425851764001760946e-01
3.989583342909808206e-02 1.589382638545013826e-01
-3.258751370880885734e-01 -1.204962528038163727e-01
-2.460580525573683452e-01 -1.038683739176733400e-01
2.497161549201742936e-02 -9.222428479310396110e-02
3.010969303414953169e-01 -1.357490361306049609e-01
4.108398343810031328e-01 -1.063259650498059594e-01
3.992252620079494996e-02 1.539209394042027057e-01
3.871106067930383254e-01 -1.344781803738276382e-01
-2.511049725050262804e-02 -1.171182056602905197e-01
4.654206713426556341e-02 4.404007598363168796e-02
2.679987215546856261e-01 -1.059053740226874041e-01
7.311982399966876489e-02 -1.498470318307456584e-01
-4.236683085454195918e-01 -1.480685550368519010e-01
-4.235838127136026809e-02 -1.323803338333067181e-01
5.349277621224801660e-02 -1.868964154273715650e-01
2.724558246356947322e-01 -1.116385013328711207e-01
-3.814154308874969646e-01 -1.275969303983699454e-01
2.877102298073112019e-01 -1.199254423268156788e-01
4.629740569886675594e-02 4.831895339700369441e-01
4.371025658662597291e-02 4.295505893222384408e-02
5.069707537891898763e-02 1.358647010192872706e-01
3.493273801371388210e-02 1.904414534001573900e-01
3.662378682815653486e-01 -1.466752438929692648e-01
3.545331036612173747e-01 -1.454053878189631721e-01
4.636996111745463889e-01 -1.117440266232652135e-01
3.666392776206708337e-01 -1.458924555815872548e-01
1.245163623529266239e-02 -1.143900559332485800e-01
2.297882885215263293e-02 3.671185693651682902e-01
3.534778490065404455e-02 2.597465662623459348e-01
4.848275360113796228e-02 -4.631815477348909527e-01
1.080749713203676965e-02 -1.226946849580248244e-01
4.470642062854235377e-01 -1.363825767626708485e-01
2.572477716194421227e-02 -3.310307292926577549e-01
-3.466452996735941428e-01 -1.386147215180335568e-01
4.375174573537881084e-01 -1.313296557954490851e-01
4.898779731089492051e-01 -1.331346240472135456e-01
-8.452931513483419312e-02 -1.180317891182049994e-01
-4.805655348003138316e-01 -1.436239247558719345e-01
8.612060602995508241e-02 -1.422264812166554870e-01
4.622862105129499355e-02 -4.001965634866020416e-01
4.350855517465357369e-02 1.022074794780125639e-02
4.723810202711509199e-02 -3.701151314896429234e-01
3.355074231756327574e-02 -4.152932160142077667e-01
2.889444424051645921e-02 -2.187641853237695111e-01
1.481805692158649768e-01 -1.443571441544960754e-01
2.184774742456025987e-01 -1.111284982213402994e-01
4.196121584232770374e-02 2.030849800323526466e-01
1.236656756803594659e-01 -1.119352864196379027e-01
3.635748923003332411e-01 -1.123285994233398366e-01
-1.635455162569056098e-01 -1.077182133995375768e-01
1.499232271783804693e-01 -1.068627339851055957e-01
-7.488938344585627238e-02 -1.389795844449742690e-01
2.257466558951060076e-01 -1.246455565874241556e-01
-2.079192820108980433e-01 -1.064883987015587952e-01
2.119554315841922776e-01 -1.246813723656267081e-01
-4.672848002445062487e-01 -1.113014559905015632e-01
1.193084403596977872e-01 -1.392799842142354860e-01
4.407789756171298645e-02 -4.073131421622743220e-01
-7.637770180472247539e-02 -1.354793755705671066e-01
-3.421816411808400460e-01 -1.340434475135264814e-01
5.082582088707776613e-02 2.765424106446074948e-01
-4.191029743720180445e-01 -1.266626690283256806e-01
1.191980853744364355e-01 -1.046412990758499584e-01
3.652633208412170429e-02 -9.476877255215410134e-02
6.467148966777502839e-02 -1.053132676530192935e-01
3.131641983539179552e-02 3.893545436047867181e-01
1.954498790040227751e-01 -1.224539102397165236e-01
1.637792650159485275e-01 -1.114142218698421782e-01
2.345010028822080983e-02 -3.597557832478195383e-01
3.938537957125487488e-02 4.838959270467776408e-01
4.209453097066662153e-02 -3.926202289711961946e-01
-1.797668646537600168e-01 -1.437542835943191877e-01
5.258813949229868001e-02 -3.571186829603407720e-01
6.373890088979294877e-02 -1.375323694482959436e-01
-2.635570142192176224e-01 -1.265917602845343382e-01
4.077228933741861017e-02 1.249003410279714288e-02
2.451388871749232701e-01 -1.364218118952315040e-01
3.107802218335153910e-02 3.843971965371928423e-02
-4.252450095638132810e-01 -1.316599600689980498e-01
2.462578505296841858e-02 4.060757027269936703e-01
3.719938770617758905e-02 2.778605624715297928e-01
3.425233752111030983e-01 -1.432853739382442537e-01
4.582729928853208623e-01 -1.252715409932324553e-01
5.493084019426286435e-02 3.234453027928108071e-01
-3.955764601757485455e-01 -1.158209242563928987e-01
-2.958496324516661780e-01 -1.036023858802761488e-01
-2.760337562503314413e-01 -1.457514440952523138e-01
-2.676921219293432186e-01 -1.367671174105988818e-01
5.310351906600685457e-02 1.885377097919147538e-01
3.960488679920060040e-02 2.462869306178149253e-01
-1.952993367984844353e-01 -1.133973210476052484e-01
-2.874249084980056157e-01 -1.203189289720736355e-01
5.082981183968360295e-02 -2.795299007610074771e-02
3.184121689144958633e-02 -1.325824102359979273e-01
-2.794489461662884588e-01 -1.433618966786087690e-01
-2.407216735859489809e-01 -1.127497604992273583e-01
4.383935154660841826e-01 -1.033739984192779682e-01
-1.601535972335175195e-01 -1.115143104003747387e-01
-3.257808217647052418e-01 -1.448589224114013030e-01
5.129618828283666332e-02 1.531069609260505837e-01
-3.684468962280302851e-01 -1.193401152898904138e-01
1.626879069577300552e-01 -1.215218716273209765e-01
4.143757103709289069e-02 1.513519547966635237e-03
2.661283321334373397e-02 -4.300705990022759551e-01
3.912711549559750868e-01 -1.237011446271235604e-01
-4.997309966628098454e-01 -1.122042320036271690e-01
5.014778524963370288e-02 4.824308827277982159e-01
1.611118370204942529e-01 -1.352512861068442263e-01
3.346359723130861719e-01 -1.251049699809032578e-01
2.205209005816606282e-01 -1.060860205160164549e-01
3.294535915860747899e-01 -1.228156704607447081e-01
4.658082230082749575e-02 2.192469271219410487e-02
4.858383639112062724e-02 4.673457103112419464e-01
-4.567219379636509036e-01 -1.311246375850465551e-01
-3.156511032228723757e-01 -1.376185697369357586e-01
-3.449283400418512446e-01 -1.228887468525152737e-01
-4.679858339422406921e-01 -1.046199762407239442e-01
4.957074435470631979e-02 2.112864032901804467e-01
2.283744751332348333e-01 -1.480705493582202825e-01
1.510013102160745468e-02 -1.044768501700035213e-01
-2.774588631564020025e-01 -1.367738672677198952e-01
3.207454195315184720e-02 -3.843659403010968312e-01
3.812464529633252663e-01 -1.199728559780242065e-01
4.005269343634509926e-02 2.295468901485786528e-01
-1.546718904892201429e-01 -1.303572360576125133e-01
-4.256169737993862334e-01 -1.447999877706446226e-01
3.261622743930159274e-02 -2.472349565148145301e-01
5.221179304506662344e-02 1.475242246514251176e-01
-4.012191943574685560e-01 -1.251656898902610004e-01
4.826623384430539510e-02 4.864247432606311206e-01
-3.050688690022760330e-01 -1.091598680181711245e-01
