4.061587445227142767e-01 2.709179674841485364e-01
4.338417382061103833e-01 2.402760576791590497e-01
8.819622074275335066e-02 2.361256497161958734e-01
-1.769000190918124105e-01 2.370397830179645782e-01
4.136508200055146744e-01 2.642960199798268794e-01
-3.345275480745607544e-01 2.775526686223137585e-01
-2.320429737708629148e-02 2.344891243010474025e-01
1.266324501808332448e-01 4.307689769007863045e-01
9.404445571080033428e-02 4.396207766470383582e-02
-9.998094410899982520e-02 2.247439573756337960e-01
1.004493484922807101e-01 -3.598277169244230578e-01
1.226151698017223790e-01 -8.845045376457960629e-02
-3.457626582334452081e-01 2.186545445529609610e-01
3.030432666465172620e-01 2.091703318730838701e-01
1.144706672256121660e-01 -3.534886031971740117e-01
-4.841211055026565235e-01 2.391109394596185878e-01
1.127164596426118992e-01 2.323971292506237241e-01
1.272377502136853300e-01 -2.263343730421839561e-01
4.525303423485227405e-02 2.378841385495392702e-01
-8.517591400593160778e-02 2.243620708191321755e-01
1.259961243755750582e-01 8.628986204786392999e-02
1.020659637270556752e-01 1.876471551746328181e-02
1.056494516699354458e-01 3.154615200383400486e-01
1.213221602761652695e-01 -4.261447490961552953e-01
1.111653522405741112e-01 2.616769748863533307e-01
1.098608716695089749e-01 3.685379131962434052e-01
3.209983580186682728e-01 2.451012845899843695e-01
6.550910012709565411e-02 2.160445011454320552e-01
-4.247217227069266521e-02 2.531839955689315635e-01
1.181148686735995490e-01 3.388941848675406376e-01
-1.295075152216850212e-01 2.070864632204104661e-01
1.733528320191641825e-01 2.725670274815070737e-01
2.945835436065167290e-01 2.635495589787432147e-01
1.979552394869746879e-01 2.739691822147286571e-01
-1.068941768614101173e-01 2.803784290339413898e-01
1.106820333114029165e-01 4.722910646540643409e-01
1.159868824178029723e-01 -3.785134495763210483e-01
4.419570113254630561e-01 2.383357429435454256e-01
-7.265805826511217980e-02 2.191132110962030755e-01
1.269864148766641776e-01 4.283647667362899814e-02
1.262513299701070180e-01 2.891099568139426923e-01
-1.195352640292486335e-01 2.529451662211358309e-01
8.563333653410654112e-02 3.149502861399819942e-01
1.046893877689587526e-01 2.658501768543310995e-01
9.912771198187320110e-02 2.242879894504244964e-01
1.045619093874657901e-01 3.729242906291164728e-01
-1.491840834076439970e-01 2.381760181146389543e-01
1.112248837046894145e-01 -4.341420374096776058e-01
-1.753211302435053742e-02 2.404729198846728977e-01
4.392655533686242730e-01 2.496979550133137105e-01
1.208297684530783567e-01 -4.708453613018269701e-01
9.169397803616663456e-02 2.062145510366538703e-01
1.002984542989059369e-01 -3.795810865697942793e-01
-1.283495755219895562e-01 2.205707279674894439e-01
1.202940179229168294e-01 -4.706943091740457552e-01
8.711365827829919972e-02 2.211778173490112076e-01
-2.368580322411552030e-01 2.060820970127760221e-01
-4.714151887016793108e-01 2.265180999485257862e-01
-1.137069056976705017e-01 2.340054765981453011e-01
-2.388889635055079230e-01 2.404639171443642143e-01
-2.500690369976935612e-01 2.331276137530127190e-01
8.699882464351305078e-02 3.825367823354522967e-01
1.274460714337313227e-01 3.470836835887157745e-01
4.774195815793425002e-02 2.360846075779958753e-01
9.213024023432303533e-02 3.367024628889956350e-01
1.382670220530626271e-01 2.400530126650780582e-01
1.254570226237337049e-01 -2.608008550541260906e-01
8.575290618006214949e-02 3.449682972950576243e-01
-4.463445183419615381e-01 2.334393843671539459e-01
9.934389320738756801e-03 2.364657840437245362e-01
8.795442526925489890e-02 -8.512517787049389550e-02
1.078074754668670865e-01 1.604940634057373527e-01
4.223855361118755702e-01 2.788577323292897869e-01
-4.470552037411534840e-03 2.378865878271066991e-01
-2.060637542042638160e-01 2.301134791665836454e-01
1.163087364638989429e-01 -6.207709427443863781e-03
1.245278771088017544e-01 -1.200606095137284335e-01
-1.572790582214843580e-01 2.762281356072736616e-01
8.693146907298732184e-02 4.017761871750463731e-01
-1.265750370684204373e-02 2.596858886729080940e-01
2.042566187368084485e-01 2.565071581874716067e-01
2.484311488479401531e-01 2.356147088623947727e-01
1.315703264803508299e-01 2.620604446786016783e-01
-1.495634496207790542e-01 2.154164136420905207e-01
-3.642297138537545775e-01 2.287294735914664479e-01
9.279213969333266476e-02 -3.828247247166159939e-01
4.729175650935194541e-01 2.771843977403111170e-01
3.021732699883383777e-02 2.620273174877248978e-01
-2.960951855197810900e-01 2.494617142038701996e-01
9.676262330632334763e-02 -2.939663581728805264e-01
-2.880362317866191901e-02 2.643781168146428495e-01
4.911945024682969896e-01 2.694194649144274756e-01
9.737794626221629724e-02 2.253336937566449150e-01
3.188124437080489537e-01 2.699356331282136701e-01
-1.863184871455627611e-01 2.409780786826244414e-01
2.973221171751595504e-01 2.043389947760013703e-01
-4.818012237178934676e-01 2.142843253962064543e-01
9.995201007787357650e-02 4.173447936280320070e-01
-1.045285567966812712e-01 2.480068309604692711e-01
1.246535756375605208e-01 1.623381355033280959e-01
1.222876187925843183e-01 -4.767718724323205537e-01
1.799445821823939529e-01 2.213795088711193459e-01
-2.940055885789356616e-01 2.504683468983346373e-01
-1.473854154081842838e-01 2.526537416113530110e-01
1.274292607292835111e-01 -2.934222970301413325e-01
-3.068604755914305926e-02 2.108500072093640876e-01
-3.938720748429961338e-01 2.398934706725189825e-01
-2.187146513157018912e-01 2.137249017469599055e-01
-7.004341239500089245e-02 2.476471096223041846e-01
-7.935889796684558739e-02 2.642994989706433095e-01
3.888486161614583825e-01 2.601940163170498588e-01
9.380619321235916797e-02 -2.005766311923771195e-01
-2.553240288262134117e-01 2.644449449140978681e-01
-4.489309659267841646e-01 2.185530184005679555e-01
1.437117086858601400e-01 2.470716545078014414e-01
3.442245042408015321e-01 2.234133041757405680e-01
-2.922368704322090283e-01 2.719413562581783905e-01
9.282194865878723444e-02 3.688003799270591632e-01
1.113584091985518887e-01 -1.364930686994981768e-01
-1.644658522095368003e-01 2.242037479241510978e-01
-3.704472009285598721e-01 2.553888125384887742e-01
-8.612292308827784737e-02 2.110901515373950765e-01
2.534676041697075943e-01 2.167981072355941174e-01
1.205153278813241302e-01 -5.870233990132323054e-02
1.936250391228999668e-02 2.719559800505610969e-01
9.047885558847168497e-02 4.167529840656341023e-01
-3.253046602536028287e-01 2.302533320501753966e-01
9.813164715858102571e-02 -1.525979699181259086e-01
1.813308135078198768e-01 2.645218130603751439e-01
1.225135100471774763e-01 -3.132415240102939258e-01
1.625954085176930519e-01 2.668423191817452800e-01
-2.682383713772966694e-01 2.552190939338984110e-01
-4.007468357118399993e-01 2.217874450341620340e-01
2.933543606326985964e-01 2.676951527481641335e-01
1.224382817853788552e-01 -3.454378233768330420e-01
1.208560906198427043e-01 2.756177580460829057e-01
3.351839964053779930e-01 2.413988205572018542e-01
-5.056312569471443918e-02 2.593873483582544992e-01
4.520918016931516625e-01 2.301268995988742239e-01
-3.024453182588867639e-01 2.490090329103896716e-01
3.883236010964584706e-01 2.670168308074949426e-01
2.214514397629009368e-01 2.236615495342783033e-01
-3.762293165046262100e-01 2.787353495466573516e-01
1.128833419875414634e-01 -1.820230586194799827e-01
3.218482042758219475e-01 2.077698124004794256e-01
1.248984307378209202e-01 2.244582604299210082e-01
1.139863453529413873e-01 9.204423009609064010e-02
1.191922826956562931e-01 9.770556783294548353e-02
1.187126775351309282e-01 4.099747156481888810e-01
8.797945600448153769e-02 1.931068802009938690e-01
-2.242440146092851139e-01 2.170487410361526814e-01
2.884203949848126447e-01 2.148258713215703830e-01
2.428316470239126890e-01 2.114966573310652631e-01
8.690929300793570622e-02 -1.982156763528978294e-01
8.876914989022155478e-02 -2.270194279783562807e-01
1.193948534537565553e-01 -3.845060473101558074e-01
-4.842798114581770008e-01 2.418367612618596008e-01
1.224014602204880342e-01 -1.242958722639462277e-01
4.306202439192918785e-01 2.691467590438767488e-01
1.165195884009027072e-01 4.328066973033490861e-01
2.693255426858154333e-01 2.289115756958808312e-01
1.280445431324718220e-01 -1.637759996946466234e-01
-4.041045746167953867e-01 2.404373987850189076e-01
3.122908199865589429e-01 2.388253794678893982e-01
6.274959966936410893e-02 2.057137170646101687e-01
-1.330014648755557527e-01 2.119179959982402384e-01
3.417983213088312544e-01 2.223925613600978846e-01
9.934330004531055636e-02 3.145416473653163125e-01
6.722742211480914332e-02 2.034678239739077243e-01
1.135590054172297414e-01 -2.185215028036698870e-01
1.234400800395035747e-01 -3.008746406470871326e-01
-1.734652744005771297e-01 2.139131152401221314e-01
-4.864115739511599701e-01 2.053994969686019356e-01
2.137191997559563239e-01 2.635626836441891108e-01
-3.904445487712754348e-01 2.340906247866511025e-01
9.994804130410284149e-02 -2.895967130835851444e-01
1.083945372294899956e-01 1.219380360235787775e-01
9.232644026001723958e-02 -3.378390287020892613e-01
2.905882357864960630e-01 2.373466659772088816e-01
1.280400583454314178e-01 9.245797260042398769e-02
1.529648312086886452e-01 2.619128291554013721e-01
1.115787746499874444e-01 -2.308243000179863724e-01
-2.505453688471400708e-01 2.208578630619323357e-01
-1.716095538444250002e-01 2.794476660588827155e-01
1.196699918750528946e-01 3.962866863584858512e-01
-4.709382602617663283e-01 2.279854771736217200e-01
1.082370047296374871e-01 -2.114260924622527460e-01
4.671034011856333157e-01 2.525840181997296430e-01
-1.111033432789987341e-02 2.556937847635224470e-01
-4.308463313605505052e-01 2.797053311474372306e-01
-1.165830736854769345e-01 2.136181249841531127e-01
1.206747535515462211e-01 -1.127068966380322390e-01
1.211324265498464614e-01 4.840539251796713849e-01
3.390585922607043390e-01 2.624291550382428229e-01
1.255570916897909006e-01 4.384009101583422607e-01
8.849417551628613321e-02 -1.520932373292366302e-01
1.189172427879034988e-01 1.322483645137828567e-02
1.047525317784843146e-01 -4.613629258536137145e-01
1.072710904820061151e-01 -4.260780231553020769e-01
1.288630698271835406e-01 3.817662179912171272e-01
1.228497475597123412e-01 -4.520244255162036984e-01
-2.380814633788215229e-01 2.460061999222115103e-01
-4.279005494779528629e-01 2.531134955643938866e-01
1.128522272425622752e-01 -3.953319816189169167e-01
-4.378752556267546669e-01 2.072893912265671990e-01
-1.791193076260741979e-01 2.175196423162584214e-01
1.202746351307024675e-01 3.998592428684406563e-01
9.026896657041416638e-02 -1.534579701728360224e-01
1.258995320900945236e-01 -5.880415389072535248e-02
9.657256467430919145e-02 -3.695445330208300128e-01
2.925588282572082477e-01 2.698068624399282411e-01
4.530521425393484458e-01 2.603083363530709349e-01
4.131388143873255814e-01 2.475085171405845275e-01
1.120595833250803697e-01 3.415234118847697564e-01
9.786378675369855618e-02 5.230072567288202023e-02
1.291971434185074097e-01 -1.559472203514868927e-01
1.030994777766535142e-01 -4.156119002233495952e-01
4.337642334423452706e-02 2.442197896354403319e-01
9.319600643646286375e-02 3.912417273878843194e-01
-1.772707688569495899e-01 2.523408356872629543e-01
1.632700318234534542e-01 2.701531417266427315e-01
1.591786938469630375e-02 2.047300669449980681e-01
1.196423750308317491e-01 3.472629514517511229e-02
-1.179796761198821375e-01 2.256919978514531078e-01
1.774097562424979957e-01 2.310667159272383753e-01
-1.158891020542558437e-01 2.527033153450735092e-01
9.189462810889170719e-02 1.072888111144358891e-01
1.243057650801731029e-01 -3.921260055929510768e-01
9.073842856835256931e-02 -7.296641778442969350e-02
1.039222870745366567e-01 1.392378859508308642e-01
1.182467590106217603e-01 -3.936371868279642250e-01
1.040382572472506872e-01 3.239888931304030217e-01
1.189686446077979909e-01 -4.714839658830594082e-01
-3.146845094474899351e-01 2.669855945611386838e-01
8.784549588686474397e-02 3.896224100791348954e-01
3.835741055663559607e-01 2.639092212582558883e-01
1.220476504198068080e-01 -7.302726035266793314e-02
8.868809183352011072e-02 -3.377009458943133202e-01
-3.445385809973354752e-01 2.314312638412211465e-01
-3.664614170548724514e-01 2.153991648199892195e-01
2.534421366941337350e-01 2.072452122867129987e-01
2.040883827452960597e-01 2.711974797422691541e-01
9.666359629504950313e-02 4.818741352128100841e-01
-4.567196174986636326e-01 2.261175102126495862e-01
-2.528847239651221823e-01 2.335263628824886251e-01
-3.190907701958253240e-01 2.736496734754685356e-01
2.753711473398533505e-01 2.205173658730881225e-01
2.516878835980111973e-01 2.259971001523959355e-01
4.221580437393368523e-02 2.322066788547562100e-01
-3.580790676583780474e-01 2.805438109654033729e-01
8.810806675534721411e-02 3.432444789055606460e-01
-9.073743974596260031e-03 2.051795819701812684e-01
1.068054007224777946e-01 -3.121219511828531301e-01
4.637998432400937121e-01 2.186541098037640962e-01
9.612531214373409849e-02 -2.867267404034941070e-01
6.473161731871346358e-02 2.396641677840015694e-01
1.137301994913230141e-01 -4.801213597673457123e-01
4.434675487730751486e-01 2.674172750230462414e-01
-4.878284185458335864e-01 2.452533319974717907e-01
4.911280952707312020e-01 2.610809945635863549e-01
-4.280823685601431450e-01 2.791810086497387156e-01
1.663700198000560571e-01 2.426890355257677045e-01
2.286960923775841481e-01 2.288010313194577261e-01
9.651411478938887178e-02 6.049617485796410232e-02
1.102326280494119182e-01 -3.287574264677233238e-01
1.827549922998560339e-01 2.279477490023373853e-01
1.237874730894971131e-01 2.333672033796500012e-01
3.492093368365076778e-01 2.798659198025856831e-01
3.740892518902420028e-01 2.369664791702600359e-01
1.277304396444056689e-01 -3.004615619226504997e-01
-1.735304452256842822e-01 2.276666695978717403e-01
-3.570603446137878834e-01 2.106002950226529835e-01
4.396131555655800049e-01 2.565239837582253823e-01
-1.372109225124418241e-02 2.463932721497327227e-01
1.683520786098239297e-01 2.366630694698035331e-01
1.213864302051123056e-01 -3.117411893729485906e-01
-1.780783940843903013e-01 2.763929033753568243e-01
-3.435970559264212021e-01 2.295947271634068976e-01
-4.616301643393239118e-01 2.458302599561817958e-01
1.714371229175012390e-01 2.045649794887546280e-01
-4.183432042118373495e-02 2.810610314739684368e-01
-4.021383842654551177e-01 2.046900731635543647e-01
1.230124115259738637e-01 3.018679352403376148e-01
7.838341139657090118e-03 2.485406292143580442e-01
2.351781581077602157e-01 2.729890542137218823e-01
4.594272711104435691e-01 2.641558591388522004e-01
1.173747558480859876e-01 -6.697225763645819896e-02
-1.181705189449754334e-01 2.459611493942965854e-01
9.821638655106434967e-02 -3.872579053401163929e-01
1.170724496516616364e-01 1.747006256574009653e-01
1.736144938542111271e-01 2.676697662273928024e-01
9.006045363088988065e-02 -1.011412259139254921e-03
-1.986693464651541063e-01 2.451097935326024269e-01
9.115591379277665496e-02 -3.273538668082287550e-01
9.442204291126843341e-02 1.884111797938067268e-01
1.080711933827878113e-01 5.416768541566419071e-02
-6.878299400669707353e-02 2.392126725192372794e-01
4.993362579433060500e-01 2.311486702982312735e-01
-3.900177949984195980e-02 2.037864296342954962e-01
-2.013446603242574628e-02 2.455340224635805813e-01
-4.454710396054361032e-01 2.486495341943306681e-01
-1.298870543901073926e-01 2.300627625922176955e-01
4.954770498670327816e-01 2.638621847639049944e-01
1.093707593433184133e-01 4.482012288583405724e-01
1.223846008103977034e-01 -3.117128301979177341e-02
4.441136993091152618e-01 2.076978522852256370e-01
9.815424039504483389e-02 5.850086316712022061e-03
-2.427413066869319458e-01 2.101704165707540817e-01
3.036224660064538172e-01 2.624982388798530186e-01
1.107712346540947745e-01 1.258176795231330525e-01
-2.826614555664254125e-01 2.635693438345125816e-01
3.824813600449765705e-01 2.246093948221129510e-01
3.852510348784151661e-01 2.222945447561675003e-01
4.623345634760633871e-03 2.776529083929769604e-01
-9.469861018666325680e-02 2.159586195666659547e-01
-4.186589723435431010e-01 2.719711156608893843e-01
-2.057369716208941046e-01 2.439177393714027087e-01
9.034410137103288108e-02 -1.973667503703604442e-01
1.160827724834165853e-01 2.497200228359675034e-02
1.226406860820229427e-01 -4.861082149577984346e-01
9.048613141577299679e-02 1.017045472423220298e-01
1.567370906359897287e-01 2.125627469961905991e-01
4.475278418473741526e-01 2.349196653681950853e-01
1.074489939401410687e-01 -3.501211386133359360e-01
-5.709356012735289365e-02 2.325866099003718324e-01
8.771738262733219660e-02 -3.555634898018266155e-01
1.135187974664211286e-01 2.026620848187751234e-01
2.768747759510237216e-01 2.805425896907076666e-01
-4.528410556244876206e-01 2.082450381624856295e-01
2.613541178304440438e-01 2.560539399398071847e-01
-2.050696594471673739e-01 2.129993350695169596e-01
-4.338121892659646539e-01 2.692426924627504548e-01
-4.725762272660007923e-01 2.719829788988756825e-01
2.031194170600503224e-01 2.797787967135125786e-01
4.263195137472108875e-01 2.453826440552241417e-01
1.147133196595020443e-01 4.969862162866662825e-01
2.190668706092394613e-01 2.373936099691320578e-01
3.133231596092453941e-01 2.317629131564198364e-01
-2.323577627136625967e-01 2.350195955373931556e-01
-1.575445319618251627e-01 2.285812196353770309e-01
3.456341865795344859e-01 2.187986273124543635e-01
-2.445521496795879379e-01 2.791243975440299563e-01
1.162014117194021257e-01 -3.139274464754511218e-01
1.197301866448344798e-01 3.337411495718622945e-02
2.643416228269414026e-01 2.752216847562647395e-01
1.115159418223554688e-01 3.011276815764182269e-01
4.770569215671516261e-01 2.269603594367539667e-01
-8.674361922679840742e-02 2.597873982506553325e-01
-1.970986483697874103e-01 2.305504444495289906e-01
-2.365802232978470032e-01 2.162998274805859600e-01
9.905364044424447290e-02 1.768144568176429621e-01
-8.611861487730987363e-02 2.238093434977216356e-01
3.889381568538412548e-01 2.731515566370090742e-01
1.030267972034749624e-01 8.806561575211202531e-02
1.242264934544274890e-01 4.034001820833973406e-01
-2.835927072174246888e-01 2.645417738620043924e-01
-4.122776182236550513e-01 2.257133300068445703e-01
-3.376678641334851516e-01 2.101657948031554479e-01
-3.669952596562053859e-02 2.726352250268914146e-01
-1.439996235169814787e-01 2.369373485556975911e-01
-2.845202160456736795e-01 2.512878399437089572e-01
-3.103759617915202718e-03 2.566535783730620190e-01
2.444593339581591085e-01 2.559392387084453713e-01
9.348616962167921596e-02 -3.357803035722772833e-01
1.061425508285582797e-01 -4.812413250680214194e-01
3.824664751989547140e-01 2.084154063193238704e-01
-4.359944546514064045e-01 2.597335014191599623e-01
-2.926743552799868642e-01 2.213695714645954604e-01
-3.429232930460784923e-01 2.736620601253092477e-01
-2.086722280649276895e-01 2.056268179045271927e-01
1.227074092829112395e-01 1.218084205659164532e-02
1.025729597501273682e-01 -3.085556813226377759e-01
-5.256636837889239189e-03 2.228407313508570242e-01
1.493726401170903939e-01 2.200782292387049033e-01
1.003382483004523484e-01 4.396468431685615075e-01
-5.104391876188341115e-02 2.064836929868907323e-01
4.844803081048302262e-01 2.719689780490615050e-01
-2.704821816074338692e-01 2.179862443181541654e-01
1.122714579901741283e-01 -3.600578546388814027e-01
-3.974886160128375812e-01 2.693696565299857903e-01
4.807591383518181605e-01 2.102448169833451841e-01
1.314693548731377115e-01 2.494043838826845993e-01
1.189336289360558574e-01 -5.368270907451988538e-02
1.189568442998818476e-01 4.783725001280819678e-01
-2.553577485176421469e-01 2.474543534709188197e-01
1.197143283884342102e-01 4.215015622460061007e-02
-1.121560039396831687e-01 2.347987889398415184e-01
-1.269376607523476919e-01 2.061801896198149908e-01
4.559560583193376093e-01 2.347456940958868588e-01
1.030836690010398238e-01 2.188871992046388382e-01
-1.719163115409672038e-01 2.409663529336795174e-01
8.616421850362465662e-02 -1.628197916496348929e-01
1.018885491653854780e-01 2.447231749382718924e-01
9.495725138295418866e-02 -9.761881425317697758e-02
2.060243633717616651e-01 2.623135782673969851e-01
1.087866101214177705e-01 3.220652404565885751e-01
-7.397140308967542488e-03 2.299205478410967229e-01
1.113557362702435327e-01 -4.456317650907217764e-01
-6.964810822563516357e-02 2.326753782875116139e-01
1.052892137632296388e-01 1.162851974053665804e-01
-2.120519763698420768e-01 2.181796684583555690e-01
9.741456067191922585e-02 -3.359063451735730954e-01
-3.274158813108799526e-01 2.683308477230011979e-01
9.678183579656429725e-02 -5.785092264620128599e-02
1.104393845383156991e-01 2.115229474731052939e-01
-1.152502946896039049e-02 2.643963619476837890e-01
1.231375997619692519e-01 -2.212037125417596339e-01
2.500797203107315569e-01 2.748723765309768474e-01
3.835986877889367985e-01 2.108219127242968449e-01
1.071502921256886065e-01 -9.821810780849904443e-02
-1.917740909343214062e-01 2.469627603554626072e-01
-5.842725152536343280e-02 2.259448261605511155e-01
-3.433342344386353107e-01 2.637142306481182752e-01
4.514591728550632066e-01 2.392908380379288324e-01
2.612330603914225780e-02 2.370753153420603887e-01
1.235672126952378491e-01 1.042938389832794854e-01
-5.156600372852571113e-02 2.468675089698492142e-01
9.098478809588739225e-02 -1.697606705274521399e-01
9.272400971779548584e-02 4.750728331133365900e-01
3.108946363617994813e-01 2.588705580612699064e-01
-1.354564073843125271e-01 2.443614541049072830e-01
8.959713974492611310e-02 2.238722064396014844e-02
-1.134401519498435817e-01 2.718584467847181552e-01
-1.919201621741447594e-01 2.055968265872714085e-01
3.370757584913010030e-01 2.215725065872253818e-01
-1.012977832662200761e-01 2.146162434699683264e-01
-2.147105664455536411e-01 2.505559294920957081e-01
-3.627148934853643425e-01 2.101955515125869534e-01
1.021849195126919296e-01 -1.867762116918512127e-01
-3.728440674142564637e-01 2.572981434964867198e-01
1.064272298580459797e-02 2.266868402997205267e-01
1.078115515030190208e-01 2.721444547922313717e-01
9.822054350759035213e-02 1.188340213005822932e-01
-3.478548669511194458e-01 2.761027847510695299e-01
-4.380696197631078759e-01 2.394500516730988515e-01
2.845303615768863814e-01 2.803825046358222606e-01
-3.267482353039405929e-01 2.193574922090568702e-01
2.008929491547889468e-01 2.364658541364710320e-01
-8.446358283764876518e-02 2.729233184405115420e-01
-1.168988615060725378e-01 2.728313753285679377e-01
-1.707535404747168029e-01 2.674156162556685645e-01
9.834619462012994529e-02 4.142357184790962377e-01
-1.777983117649292177e-01 2.035107233030504226e-01
1.588693852256614081e-01 2.793482791827675005e-01
9.918419073995110580e-02 -3.967270976396490845e-01
1.074788979983642978e-01 6.432843930941944954e-02
1.097347302342221997e-02 2.561597322923565567e-01
-1.001680363919549288e-01 2.172381386059586417e-01
1.248664658049105647e-01 7.665474500244573441e-02
1.784818213971590684e-01 2.460689268706058863e-01
1.228554502266044901e-01 3.412841517820462967e-01
-2.907862180932885288e-01 2.611738712142697150e-01
1.277172545366820344e-01 -7.469723308570408449e-02
-2.383832043671341161e-02 2.169173520919731590e-01
1.159283071764961592e-01 -1.381168549329969686e-02
1.083899657801088434e-01 4.672912260243292648e-01
-2.443004874988036201e-01 2.170628552410505119e-01
-9.861456413763680651e-02 2.719220857031252603e-01
-4.504202663283115582e-01 2.475182185747127894e-01
-2.878539467228697912e-01 2.674617523091122884e-01
8.713367273762184784e-02 -6.258326917218304253e-02
-4.803240959856103220e-01 2.339347201323807024e-01
2.406663959907562322e-02 2.160667057366885135e-01
1.227738448531342508e-01 4.830046903528106839e-02
-7.349317039056157963e-02 2.299047363054675941e-01
-1.036719073937455438e-01 2.447500068550921837e-01
-4.236495614216314598e-01 2.317397103975075145e-01
1.109221192914982002e-01 -1.783862232723992802e-01
4.554429208906916049e-01 2.147824192199659921e-01
-1.056885917266051633e-01 2.382789097475894735e-01
-1.819718913841662511e-01 2.281995759644978028e-01
4.969157881814556532e-02 2.632435257672285367e-01
9.385441799737548330e-02 -2.860784657812383003e-01
1.386149132266297768e-01 2.569046699187588212e-01
9.973439101291026176e-02 4.401175288712371181e-01
1.085785481255232554e-01 -1.143260905259243509e-01
2.831432870307594163e-01 2.101089566939691178e-01
-1.306417487242984565e-01 2.066405694730211184e-01
1.076217247365199858e-01 2.055334100984356205e-01
1.851774423795984337e-01 2.366521010231629196e-01
2.687593761706129625e-01 2.562646396264766091e-01
-1.248991266822729873e-01 2.194685083000317283e-01
1.216220130202771976e-01 1.159131393544254873e-01
1.056680624407507763e-01 -2.997780355305030842e-01
-2.576720896146814654e-01 2.244453883167727426e-01
-3.104490966288850906e-01 2.573603974685696461e-01
-4.036046000176282122e-01 2.556869710873042045e-01
-4.140003903409352759e-01 2.574362124122170359e-01
-4.786867199398048278e-02 2.328888744451862447e-01
1.065675238256367230e-01 3.727542476089110712e-01
1.118532375071037421e-01 -4.139323202487407150e-01
-7.436199568909118707e-02 2.725957617029697300e-01
-4.437865228724010569e-01 2.376567864033992672e-01
-1.809059087711841762e-01 2.422762228139881957e-01
1.195873285008767217e-01 2.105804968567034363e-01
-4.259646398506025111e-01 2.509428441415513245e-01
1.308776208881685665e-01 2.546167752990452504e-01
-2.642238201020449262e-01 2.074487676737849506e-01
-3.339001927329285913e-01 2.358536527984033127e-01
-2.638371105081879220e-01 2.761124091741827824e-01
1.003858540732666116e-01 -1.415528362397819873e-01
8.159763899225291883e-02 2.759473759805650683e-01
2.111044883053956323e-01 2.341737986191746446e-01
-3.918213777371375439e-01 2.624419644167349519e-01
4.779993038026097985e-01 2.357186659634356030e-01
-4.693025790489332438e-01 2.065045550136705987e-01
-1.289585843488443295e-01 2.674968265323111050e-01
-4.864614795019123195e-01 2.621142837853792651e-01
2.432654986433926414e-01 2.819062354430424966e-01
6.147132830126800229e-03 2.153226709412320306e-01
-1.080557405513634661e-01 2.460387233842452614e-01
-4.265528868915291483e-01 2.668052332274788441e-01
1.036096152026576567e-01 9.604337659644202052e-02
1.424358288352537416e-01 2.472713855726446086e-01
1.700273686124448291e-01 2.651651725230240730e-01
-1.048897405946244143e-01 2.217570642106474477e-01
-4.536338372979038525e-01 2.799093200988082009e-01
2.622262631195435567e-01 2.186802247061611082e-01
-4.092534329786922109e-01 2.046996905956319779e-01
2.644821377807675677e-01 2.443830548344902986e-01
9.158256978602308251e-02 -2.909425451787439609e-01
1.217970745743004457e-01 -4.777653551175589097e-01
-2.425397928822231597e-01 2.756275610693098566e-01
1.281935738173934913e-01 4.136579226633659845e-01
1.722219097513045805e-01 2.641563645529704241e-01
-3.819591521829552860e-01 2.324099120348229741e-01
2.268527012336025717e-01 2.652587990731423151e-01
3.626015230039563164e-01 2.288647967176029585e-01
1.007856613595573547e-01 3.298109146724111929e-01
9.028381366039961442e-02 1.603603906390775879e-01
7.803872641021691869e-02 2.611704887635953876e-01
1.027051287435098992e-01 2.716240957639135534e-01
1.392428674758048324e-01 2.345400925779078660e-01
-3.763485076312225175e-01 2.713249636207741844e-01
1.230501712491418598e-01 6.084718852718218329e-03
1.241726396123827847e-01 4.083568296207931159e-01
-1.044410999781369975e-01 2.350742097798670383e-01
-1.090929068062966856e-01 2.523228898867484471e-01
3.080700586292328680e-01 2.537466696188031001e-01
1.048545380894965184e-01 -1.650602866318161555e-01
9.957101276051827377e-02 -4.862852127769539123e-01
9.900472448121011571e-02 1.126765160081717454e-01
-2.079273238649828048e-01 2.516129359971965851e-01
9.188786493769252051e-02 -2.907103679960838516e-01
4.220367383975810460e-01 2.391096423289149620e-01
-3.218019579099428151e-01 2.678009735571518224e-01
9.958949796684823941e-02 1.683870020442973514e-01
2.433583916598152097e-01 2.075872589310867600e-01
1.270361629438152562e-01 -1.419639579343030533e-01
-4.124992977159641638e-01 2.062677240604974260e-01
3.448296263618613189e-01 2.037741201030018878e-01
1.074191997435111068e-01 -3.764229158265252062e-01
9.573911530921153101e-02 3.017483968288450225e-01
-9.214847357903066527e-02 2.114716748004341618e-01
2.067371457000007906e-01 2.750457625153042152e-01
-3.536549316687542799e-01 2.658287553129905501e-01
9.246944551535873913e-02 -9.924993890999000978e-02
9.981292677998110374e-02 1.716348273918968381e-01
8.999990940246027638e-02 4.887353817098114561e-01
3.846712328956597426e-01 2.804177757329709975e-01
1.117298221950666637e-01 1.600031354662332372e-01
1.127906684269571747e-01 1.848059658404282990e-01
-6.485316189510825780e-02 2.044437809156429697e-01
4.435752851515539774e-03 2.591774913260833646e-01
1.026136598159882451e-01 -5.104083096648504014e-02
9.454139257365845594e-02 6.003589264349962207e-03
-3.452999918124632917e-01 2.637071513681304991e-01
-3.946888986112481179e-01 2.787600457357346517e-01
1.504907718531989236e-02 2.468843263012152622e-01
4.364782668836242330e-02 2.526754000125960298e-01
9.715549637061027255e-02 1.453921341335590034e-01
1.233807650919399590e-01 -3.341966844467092468e-01
1.065786006812368125e-01 5.823489193760544858e-02
1.206272571845000696e-01 -2.431342155359259571e-01
-2.862662560160932346e-01 2.629625754614670630e-01
8.842436541122955518e-02 1.254023984043359796e-01
-1.034891977708283228e-01 2.527720610984088845e-01
-2.658490531104392707e-01 2.686861704887766322e-01
2.774280553763412982e-01 2.800766975328561337e-01
6.751832436346849597e-02 2.492484677554545058e-01
2.705060410899936540e-01 2.360752185648427037e-01
1.129274960547619333e-01 4.832316844988562288e-01
1.249935199472224090e-01 -4.099601364937466297e-01
-4.543061309392160130e-02 2.559544711282745189e-01
3.570958303825401137e-01 2.479628708126501158e-01
-3.745311419361661009e-01 2.405271124847346842e-01
-1.043770105977971374e-01 2.747996644176786685e-01
-3.338554605761432370e-01 2.648565140221882386e-01
1.961853646097255766e-01 2.613095188559866333e-01
9.343695438537713560e-02 7.896652033994766562e-02
-4.547535321887090642e-01 2.096763787045448080e-01
8.999889340243172331e-02 3.848091599876690694e-02
-6.372795272281805978e-02 2.649245626162834988e-01
-4.407315508874376508e-01 2.241661303997409815e-01
2.576477584622905992e-01 2.044929956586338804e-01
1.928886268716653030e-01 2.147738903914542252e-01
-3.955900096414149969e-01 2.582802947222442302e-01
-1.155320647700043279e-01 2.231680545244030256e-01
3.615644593379817584e-01 2.174647666825618719e-01
