-2.059953563566796486e-01 4.063259142633690590e-01
-2.496220018490943326e-01 -2.814127956507228578e-01
-2.666420033486281982e-01 -3.661945862864768308e-02
-2.662138184144580144e-01 1.530045163635174177e-01
-2.672198109562602397e-01 4.470743510732987369e-01
-2.377297217047141809e-01 1.926564698595796266e-01
-2.426824562434445332e-01 1.985114207067401049e-01
-2.291501662470943890e-01 -4.005953854435690964e-01
-2.449475833655997414e-01 -3.592475018805399989e-01
-2.258534203607771573e-01 -3.639011906663374152e-01
-2.379547949230957915e-01 -1.773669372614938844e-01
-1.956223940001630135e-01 -2.437660556449275928e-01
-2.294716337050634047e-01 -3.448822044090574801e-01
-2.487705867605815024e-01 -4.795256646231033093e-01
-2.450743288938099784e-01 1.371180257182562645e-01
-2.369878946179587720e-01 -2.411363091403073700e-02
-1.997021345656759816e-01 -4.575608086875138092e-01
-2.298573862680448610e-01 4.734182239976748585e-01
-2.698747444776737892e-01 5.889883130585182869e-02
-2.379273112654314293e-01 -4.954685004467599407e-01
-2.536693317789555646e-01 1.224813300703823105e-01
-2.080458135610007142e-01 4.416203638448712443e-02
-1.981154954716430883e-01 -1.605471629691913593e-01
-2.316622234873733088e-01 -2.406872953990930597e-01
-2.702585161630790545e-01 3.146632061441687611e-01
-2.034713702529573620e-01 3.959850424612566533e-01
-2.498922322027685716e-01 -4.767851101230728972e-01
-2.145087785171467809e-01 2.772870976008200428e-01
-2.709022547467661024e-01 3.845384213691508402e-01
-2.056100056076897165e-01 1.600470482492228896e-01
-2.017091971164639563e-01 1.779488172698393544e-01
-2.143222391444380426e-01 1.725724795644013598e-01
-2.222477293465220383e-01 2.389916797744034982e-01
-1.987974645711201305e-01 -6.269753312794412725e-02
-2.302151758570279982e-01 2.456963748717988505e-02
-2.526406170682230501e-01 1.962341826613721585e-01
-2.252427955773489421e-01 4.190977759098739597e-01
-2.473879810892198883e-01 -2.422867875563589068e-01
-2.212743034805181308e-01 9.790461571670439067e-02
-2.590962097489164506e-01 3.043456755451308116e-01
-2.041092949910155996e-01 4.646932682631018663e-01
-2.688460355256574452e-01 3.511603741789052213e-01
-2.113007175387056069e-01 -1.060661509647252698e-01
-2.532130299773942550e-01 -2.256283601894988333e-01
-2.005422470194854201e-01 4.099383055183732916e-01
-2.181786816858318767e-01 3.349583647908724870e-01
-2.661645909679156707e-01 -4.516313878725197739e-03
-2.166337700178614378e-01 -7.695109678618605731e-02
-2.405759797500554020e-01 4.064643255637284680e-01
-2.525329046763600260e-01 4.995411415202090089e-01
-2.287586728170749595e-01 -8.723618895431373144e-02
-2.649868672959694305e-01 4.540901743412502078e-01
-2.287543385114175765e-01 -4.439887484826351427e-01
-2.189720887164743335e-01 2.736930024066598355e-01
-2.280462079973626377e-01 2.567153116175737715e-01
-2.303094189894707711e-01 3.686090512411954734e-02
-2.312583478242259405e-01 -3.207072280841702927e-01
-2.541261444343009268e-01 -2.278497232427320052e-01
-2.218548887163156458e-01 4.726469444354277627e-01
-2.132554405760297422e-01 3.531861234835786956e-01
-2.230439239921633288e-01 3.636478219369786435e-01
-2.428057325754184870e-01 -2.472853905740235447e-02
-2.620611014660511051e-01 -2.067171246418024744e-01
-2.199936728771477723e-01 -2.529145226302464966e-02
-2.306599918115043168e-01 3.987083804442803636e-01
-2.646175243822439516e-01 -3.061165016148461593e-01
-2.290129909366223071e-01 -3.559655519539545176e-01
-2.147754509586423666e-01 -8.468839978413633673e-02
-2.342881456986989352e-01 -3.880053777849823415e-02
-2.334829281698749259e-01 6.902092389945280182e-02
-2.123296334562336796e-01 7.069968404911164406e-02
-2.568254536151397538e-01 -3.349736169565242783e-03
-1.992257018346260677e-01 -2.000512767680494575e-01
-2.659134821985980057e-01 -1.810896091963476451e-02
-2.286821869682040820e-01 4.600749912013035736e-02
-2.191390607343957075e-01 1.588086103532715399e-02
-2.106383218306454586e-01 -2.745129720239772864e-01
-2.524653495678693682e-01 -2.123268053921486542e-01
-2.701431760164970663e-01 3.987214452800342812e-01
-2.461205923173228616e-01 -6.154584023201514764e-02
-2.241157413938961174e-01 -3.450410989487385782e-01
-2.232296026597637706e-01 2.118944590039065767e-01
-2.072450000574386220e-01 -2.999037464541347564e-01
-2.133222918504025234e-01 3.976548904919040561e-01
-2.266550242654110647e-01 4.977077693526962276e-01
-2.403575983374337532e-01 -4.687612633177195010e-01
-2.197871143705388830e-01 2.510906878160531486e-01
-1.994717191166212045e-01 -3.584014180370148628e-01
-2.147762325467587052e-01 -4.286744067430381389e-01
-2.189958892989435357e-01 -1.590746696260864068e-01
-2.254831032893824805e-01 -2.944214868002542618e-01
-2.601927252683297054e-01 1.173792282421650679e-01
-2.262330923168626162e-01 9.933295348766602029e-02
-2.602889217228985252e-01 2.763758098209401215e-01
-2.181751895179516731e-01 -3.739822268131430816e-01
-2.695996890704990268e-01 -4.593073581621679446e-01
-2.286587189742362858e-01 -3.730542331240942477e-01
-2.016355833709608802e-01 -3.319170730993636909e-01
-2.476512731284057356e-01 -3.882336134412021078e-01
-2.479789825511145018e-01 -3.034007882136190437e-01
-2.533155646024819463e-01 -4.439015356120760147e-01
-2.472934539114581831e-01 4.350180637999170319e-01
-2.570173591119340184e-01 2.792668774046215274e-01
-2.508616398414943438e-01 -2.310273426015844178e-01
-2.491017862355121570e-01 -4.706795487081105733e-01
-2.067600315519648735e-01 2.045274523559214019e-01
-2.548365327731161312e-01 -2.376685070222800400e-01
-2.569083403453575887e-01 -2.659924123601412616e-01
-2.635143720447620241e-01 -3.823547285452135736e-01
-2.462925858826714443e-01 4.575051064223436548e-01
-2.634284937489188572e-01 -3.146242315343888984e-01
-2.283207465282659498e-01 1.220859836639177631e-01
-2.314431724785283029e-01 3.148912226903866074e-01
-2.677025433691244682e-01 -6.047133427306083941e-02
-2.536669302768332912e-01 2.963194668243974705e-01
-2.060975783814215090e-01 1.972120563575024965e-01
-2.346884879301800453e-01 4.958631167402383078e-02
-2.100550710700963553e-01 3.101281276177769719e-01
-2.588179320904581138e-01 3.488911229355416976e-01
-2.665744387897774903e-01 1.672077465872879865e-01
-2.690670864681864449e-01 4.269233178958953268e-02
-2.354609181427516074e-01 -7.906200174957445093e-02
-2.208933535691575134e-01 3.310733635376416073e-01
-2.375241445166773602e-01 -5.805068550591829801e-02
-1.955680950105644911e-01 -7.572935049744389246e-02
-2.198783575273158819e-01 -2.823131728815391206e-01
-2.535837578562005756e-01 -4.078182715946713222e-01
-2.262994457055138575e-01 -2.266945370062195542e-01
-2.372083855438701372e-01 -2.066138391921220618e-01
-2.182654680227854582e-01 3.553637807044404129e-01
-2.073860578960916579e-01 -2.311045844748337297e-01
-2.457200106085375424e-01 -1.738845762471667999e-01
-2.042533654948285315e-01 1.462832189358029833e-01
-2.350473727055980566e-01 6.485628432078671679e-02
-2.315560923853624553e-01 1.383509815088749262e-01
-2.634266023056033301e-01 1.139827308373591030e-01
-2.640390438320137090e-01 -4.913013966197694593e-01
-2.251082145454914585e-01 9.480427936339075323e-03
-2.147157040612374113e-01 -1.817554253217845694e-01
-2.141090613646212670e-01 3.434395981602115233e-01
-2.631576227603465989e-01 3.789036166725745503e-02
-2.304724464069393131e-01 2.052704776578976320e-01
-2.011809852302068879e-01 4.970270660724561695e-01
-2.531746871892226469e-01 2.143916546304684978e-01
-2.469324110665558347e-01 -2.507516961029565561e-02
-2.144049980122278987e-01 -3.866241053203943734e-01
-2.205183411643441005e-01 3.568454757389641907e-01
-2.410756695276857764e-01 2.463994832866185369e-01
-2.452357478355580156e-01 2.301650265644309412e-01
-2.034384607310342208e-01 6.600551377109242779e-02
-2.453786992707182035e-01 3.698328031922015757e-01
-2.465051095177253071e-01 -4.613481965958589059e-01
-2.239059421037467024e-01 -3.334383417369671809e-01
-2.229919796100290341e-01 -4.197380068885950832e-01
-2.406941570510492401e-01 -4.655311480137052094e-01
-1.988264077701775712e-01 8.463731322482370700e-02
-2.687590040251222057e-01 6.655623527204879153e-02
-2.209831145672183084e-01 3.865096530215902382e-01
-2.676896241014883326e-01 -3.739640137652043839e-01
-2.669428221898451081e-01 -7.239218158891469468e-02
-2.416340773069279857e-01 -3.964569349761428718e-01
-2.440372255504790200e-01 -3.762848732486319125e-01
-2.272949176692736772e-01 -3.981317996849212948e-01
-1.980593673672731425e-01 1.513769807442755244e-01
-2.520187204474597653e-01 -1.735848236366932529e-02
-2.685607552791355879e-01 3.806163276222602754e-01
-2.050290730963467700e-01 2.063701749035400379e-01
-2.101796463068639209e-01 2.317565863166768381e-01
-2.676356753728835747e-01 -2.372580549450700182e-01
-2.355981944751854851e-01 -2.543470960069360576e-02
-1.994432244150002864e-01 -3.684087292551750936e-01
-2.021678804642172977e-01 -8.184457145503620801e-02
-2.117919321337086158e-01 -3.214813097251474350e-01
-2.126362434535734591e-01 -8.423716713925788468e-02
-2.220374459934121303e-01 5.076204020593189092e-02
-2.032600850851115082e-01 4.960779980866791838e-01
-2.629177001844397177e-01 4.631522613261926935e-01
-2.273773110335973735e-01 2.770129362284794450e-01
-2.486864370820444092e-01 6.623053113497123778e-02
-2.419296108011510515e-01 2.527125033286147238e-01
-2.049826106917966850e-01 4.709519082866016060e-01
-2.468988105826436241e-01 -3.878943782832862119e-01
-2.020284170664879975e-01 -1.465388488319132598e-01
-2.248389255308282930e-01 3.482831300132651631e-01
-2.365458344384997469e-01 -1.691692626263184840e-01
-2.656920483736449068e-01 -4.309889148759936672e-01
-2.253042238127587193e-01 -5.336115955960663015e-02
-2.313306119015758888e-01 -3.845761706128951740e-01
-2.036193680017810426e-01 -8.024940502283850474e-02
-2.670442491870266277e-01 -2.323911457725086338e-01
-2.633586639329608126e-01 4.515828534637292835e-01
-2.528495559897588896e-01 -4.413571626065894149e-01
-2.036426664476457260e-01 -3.989027717167525910e-02
-2.074883123038597788e-01 5.312780324170096602e-02
-2.474054730879019504e-01 1.557797605910796745e-01
-2.131068074051798433e-01 1.610735663642115512e-02
-2.646516594874078754e-01 -1.193347563810476242e-01
-2.229979817877515424e-01 -3.713433755932107339e-01
-2.625011964428283218e-01 3.188185890652778243e-01
-2.004729020776364612e-01 3.123313882086594662e-01
-2.680296220006435082e-01 3.600075770051514024e-01
-2.352231116065419680e-01 -4.831126422826090838e-01
-2.632301743029551444e-01 -3.535308551411489031e-01
-2.629869944729754661e-01 1.203938359900653676e-01
-2.016267299365416266e-01 2.450462350527414790e-01
-2.281339702710092343e-01 4.690726328913263909e-01
-2.607130934536328049e-01 -8.269238800362099795e-02
-2.619390204575903214e-01 -6.366936864440386756e-02
-2.386334465567742091e-01 3.759778153553740010e-01
-2.197771883058623477e-01 1.453132141837202296e-01
-2.217272207800879968e-01 -4.462308032139574721e-01
-2.595693101156583138e-01 1.886594885954684386e-01
-2.194268943984404308e-01 -2.756733194527437592e-01
-1.963380403193358825e-01 3.345942787160833820e-01
-2.401900036866985166e-01 7.358650567336733062e-02
-2.608347034297816558e-01 -1.722764443083263375e-01
-2.663759363614617293e-01 -4.759497995092181188e-01
-2.046440585149287283e-01 -5.590761161134627510e-02
-2.086687107182196854e-01 -4.249185347488478870e-01
-2.698842451482390548e-01 -4.541446673643454446e-01
-1.965073411667241920e-01 3.748231911187011045e-01
-2.632328930668792477e-01 1.464558937550362039e-01
-2.542737297313997225e-01 -4.527393409610561692e-01
-2.216986778713349038e-01 6.692204920899358367e-02
-1.997261984731968365e-01 3.690279065849079165e-01
-2.022297879648368157e-01 -2.888992344804902634e-01
-2.245497275550750738e-01 2.794298198197241456e-01
-1.970363133789592158e-01 -3.227431485878829998e-01
-2.689468678573599947e-01 -4.114615604006992555e-01
-2.238612590466997343e-01 -8.848400893103680609e-03
-2.146124671776793447e-01 1.863538520576735191e-02
-2.140538872374218027e-01 1.508426879751314509e-01
-2.460223725603538636e-01 2.804162417564751708e-01
-2.089303046803756558e-01 1.369633088029191814e-01
-2.218495214911213598e-01 2.363441905028852430e-01
-1.959806562913064543e-01 -2.913395134818586030e-03
-2.591684572839169087e-01 1.476607846034828642e-01
-2.704022217217703083e-01 1.392490040218019587e-01
-2.234051457692004528e-01 1.060642164630961615e-01
-2.135326232287416692e-01 3.876470423413262978e-01
-2.517635580699805198e-01 -5.479936742329272192e-03
-2.392125487236921311e-01 3.934814655435210362e-01
-2.178321129905327336e-01 -1.471549156128888480e-01
-1.992791861749174664e-01 -4.214539553097713664e-01
-2.470525301251783601e-01 2.483550546514099455e-01
-2.019305903139345659e-01 3.765126745228156713e-01
-2.394990036914179665e-01 4.266737804232775266e-01
-2.123162369692858098e-01 -2.936864341612427376e-01
-2.486286408505825607e-01 2.160998472777484469e-01
-2.428441687126214887e-01 3.600995631821521936e-01
-2.088355788606672814e-01 1.749429088696676793e-01
-2.645053832514341341e-01 -3.780968799179609263e-01
-2.270480435395049179e-01 -4.184165880774323165e-01
-2.074496693681673332e-01 -3.912056519982943792e-01
-2.013091912738538269e-01 -3.728133938079826182e-01
-1.964521193824784184e-01 -3.425441068396418709e-01
-2.279785875390974992e-01 -2.392036537268266150e-01
-2.652192625354781175e-01 3.634465976031876489e-01
-2.551656147715101186e-01 4.190483801721341939e-01
-2.053015643941031865e-01 -4.895608203523117430e-01
-2.246581118287975798e-01 -3.882711699574327158e-01
-2.442775822334348756e-01 -4.660453483467842384e-01
-2.578847949831845066e-01 3.841614413711051945e-01
-2.578763895213196378e-01 -1.072157435032201622e-01
-2.490074961978117063e-01 2.981422204511015028e-01
-2.599844806917085416e-01 3.361472155096546510e-01
-2.072914379185907263e-01 -1.437547036670040468e-01
-2.411810907171525464e-01 4.329811130586342927e-01
-2.542318296222466634e-01 -8.307122875211481183e-02
-1.970220943331218999e-01 4.039143068483602717e-01
-2.668776859675960900e-01 4.106641518644745803e-01
-2.050175500854108934e-01 -4.497551890038935518e-01
-2.295130402717207030e-01 -4.716476546533584502e-01
-2.331467773253715903e-01 -3.604920362393604361e-01
-2.356861934888583310e-01 4.334274774702673305e-01
-2.256892153879827001e-01 3.809332224809588441e-01
-2.351318815031275822e-01 3.793919936783931579e-01
-2.170489197109944923e-01 -4.208891385503238380e-01
-2.303076866695679126e-01 1.760146623724365700e-01
-2.359198899048099429e-01 -3.008522869328243976e-01
-2.688598305162153146e-01 1.643987888485841653e-01
-2.469293365582639899e-01 3.227374811429672974e-02
-2.702528471114217234e-01 4.279021317368617572e-01
-2.201502764127248879e-01 1.411029882233025834e-01
-1.968801213708578635e-01 2.512416696880951372e-01
-2.434963926572245585e-01 2.048144184661165879e-01
-2.224461832406100514e-01 -3.853633712273081269e-01
-2.096837515644524030e-01 -1.393539859491788047e-01
-2.076695567730637570e-01 -1.965165984815642197e-01
-2.558112896790718516e-01 -5.836355270879178825e-02
-2.266775889145251632e-01 -9.592690571420658951e-02
-2.685969769330902590e-01 -4.717097774759889672e-01
-2.131803274896900691e-01 2.031409468328670975e-02
-2.164778767532404835e-01 2.068902304104006662e-01
-2.293204456683999304e-01 3.375699633688604706e-01
-2.476373459089045159e-01 3.251397964953488540e-01
-2.421246606177914762e-01 -3.524898552284227993e-01
-2.156573001783682608e-01 -3.591606601875487748e-01
-2.245685322430786002e-01 -3.671180912334768287e-01
-2.227468512288428570e-01 -1.398338032694943500e-01
-2.664942394049669705e-01 -4.166585506100014547e-01
-2.336592077104319154e-01 -3.498171668850840188e-01
-2.703870164771297047e-01 3.660760774175577659e-01
-2.484071266795692123e-01 -3.435833402427881378e-01
-2.120404500718638952e-01 1.389555942006357458e-01
-2.043599626793841662e-01 -2.154495305716135345e-01
-2.193065887827283511e-01 3.893060194484083691e-01
-2.381073609704289495e-01 -2.158562229818358214e-01
-2.616900886790487490e-01 -1.229101619006049972e-01
-2.659336999480595987e-01 2.949961140806719451e-01
-2.364289988303507339e-01 -3.352560564634539109e-01
-2.450694539373617920e-01 -1.291994710739868824e-01
-2.626784189626235611e-01 -5.911426312082490586e-02
-2.460435325691459063e-01 7.408829196314803411e-03
-2.359476471172909928e-01 2.750590067378763104e-01
-2.085556442424623125e-01 2.115983649266948152e-01
-2.185266200270957748e-01 -3.172954177150230093e-01
-2.265300990433007922e-01 -2.969686606480516078e-01
-2.591768319001885867e-01 -4.048519467793338933e-01
-2.168462837070058713e-01 4.234319620155840846e-01
-2.118574661215850696e-01 4.589464160459216790e-01
-2.100757560210343433e-01 1.350751634822313640e-01
-2.542697300109870717e-01 2.975181395296937481e-01
-2.206609339477938470e-01 -3.509893710773590580e-01
-2.527327561192214134e-01 -5.588232162335127207e-02
-1.963683895533977486e-01 -3.212664424355496928e-01
-2.140547126712465387e-01 -5.140512364091498476e-02
-2.607287457443789869e-01 2.021484656368365274e-01
-2.691307711167570949e-01 -3.374777777273131329e-01
-2.696953741812523342e-01 4.377523155015309309e-01
-2.581718237732720800e-01 2.649691434543484103e-01
-2.422786334056354907e-01 -2.976909067265638420e-01
-2.498965017061539617e-01 -3.554575211768905563e-01
-2.378204018113075913e-01 1.963319022286392768e-01
-2.485596582389032472e-01 -2.565767771226146188e-01
-2.219066443765561614e-01 -3.193414908300991062e-01
-2.650010297161564665e-01 4.466753224801489619e-02
-2.290836800371027770e-01 -4.878765674508031003e-01
-2.667877391458799430e-01 1.961127249733662925e-02
-2.507520354131210771e-01 3.268411165147582231e-01
-2.343547430770840378e-01 2.571285160880958376e-01
-2.513729553816373974e-01 8.883448284006001394e-02
-2.342683190053981290e-01 -1.457114712102178800e-01
-2.171950655276355668e-01 1.882466007855745360e-01
-2.542743611320015251e-01 -1.218873207191810693e-01
-1.972560181229411347e-01 1.361359324341000487e-01
-2.451162026877531375e-01 3.015901181099867046e-02
-2.058357479238117627e-01 2.454890759553965962e-01
-2.075196998476085408e-01 -1.634686473403386131e-01
-2.328124616080387010e-01 -2.059274275118478936e-01
-1.973831610812546433e-01 2.662026367207049882e-01
-1.977890486704275697e-01 2.539450989653555535e-01
-2.465858389652568761e-01 4.025962471271660181e-02
-2.370752004789533629e-01 -2.276442413905116480e-01
-2.044865495453853654e-01 -3.228674366011274888e-02
-2.112067828324739605e-01 -2.121656574771584314e-01
-2.276725504175897141e-01 -3.340855398496954676e-01
-2.291160084701183708e-01 3.632615220860090366e-01
-2.614296669297396791e-01 1.925372760856218779e-01
-2.479365753072035883e-01 -4.510759450678791804e-02
-2.607605926481909586e-01 -2.440908680383029328e-01
-2.108554151949206812e-01 -1.788694364906595613e-02
-2.107938316726770678e-01 3.373235841082559139e-01
-2.419355899862440928e-01 3.041630833992526872e-01
-1.953256924873970624e-01 -7.287132931134432390e-02
-2.110831807865322096e-01 3.917371888114009604e-01
-2.002578414215778757e-01 -1.845127514205436858e-01
-1.956173443803430612e-01 4.322700395435311593e-01
-2.641676123789487018e-01 -4.947999720345486185e-02
-2.619814732655244560e-01 8.576915847378641100e-02
-2.354449611598232739e-01 4.034775359567038810e-01
-2.363537392403782800e-01 -3.769781455385471380e-01
