-2.132133110789395936e-01 -1.616700216695836634e-01
4.718128607058306168e-01 -1.449581300774086534e-01
-1.042210338381144297e-02 -1.557275474144101945e-01
1.897942089267368182e-02 1.228457745845714655e-01
2.160100382533762797e-01 -1.839355767472470315e-01
4.464521372418672751e-02 -4.565230410944491890e-01
4.343468373850867259e-02 2.201736841561984237e-01
3.459796789051761134e-02 -1.629107895724197785e-01
3.262994116609674311e-02 -4.993181646040408816e-01
3.214814178545488677e-02 -1.627626164695052946e-01
-1.703242024778602870e-01 -1.617804815104194605e-01
2.832874116457284597e-02 -2.334934928831866596e-02
3.203365912398413728e-01 -1.770252533375900050e-01
-7.078794981950042864e-02 -1.891646612613996359e-01
3.119262786989096536e-02 3.464091971790307367e-01
4.798973548550444779e-02 -1.873415134489797573e-01
-4.468719902186349957e-01 -1.534110304152906945e-01
-9.270119705028689872e-02 -1.888700810769912142e-01
3.719954422057334398e-01 -1.429985911155235989e-01
3.004288611528183051e-02 4.723345666175799984e-01
1.984002076966551176e-02 -6.765320430291887899e-02
3.955286251727798685e-01 -1.542304836492556230e-01
2.783103970626632506e-02 -9.501111348744162299e-02
3.596865345809343584e-01 -1.406733695670726592e-01
4.261182156178722202e-02 -8.804452456015865458e-02
8.997000066665927775e-03 -1.679984422670288691e-01
-1.235022662262807991e-01 -1.524873883211048664e-01
3.423470313127850995e-01 -1.919336367774459040e-01
2.715667080907201436e-01 -1.380932865809096910e-01
1.994674330795176420e-02 -5.087514291567307723e-02
1.470957276477286024e-01 -1.377789321105969966e-01
-3.541446693456706818e-01 -1.595568135565010870e-01
1.211886441365790379e-01 -1.564777876761910269e-01
-3.231510288358541150e-02 -1.880805864282332207e-01
3.539677413588471211e-02 -4.377236220087445950e-01
-2.822191482728713119e-01 -1.546793296421450359e-01
4.014592719541254517e-02 -4.582238082210666752e-01
3.215455131141387035e-02 2.340811431624498784e-01
-2.914209333675310543e-02 -1.925636707548550319e-01
3.145434624347309693e-02 -4.255751259952799126e-01
4.332141294063118764e-02 -2.988859950857351011e-01
1.929842725918817781e-02 -4.378858374926662966e-01
3.819189706920944616e-01 -1.531597469282318658e-01
1.778607277451460522e-02 9.661027433501312434e-02
3.137663863584605473e-02 -4.345502999431027913e-02
2.785519958845783517e-02 -2.753150744560720620e-01
3.580529378496410953e-02 4.231442248308281417e-02
4.702807549704823842e-02 -3.067313476191602106e-01
4.586305723436856496e-02 -1.299034299459649322e-01
3.161638377869746552e-02 -1.252104018531137175e-01
1.693910492970159831e-01 -1.918966494752047947e-01
4.476717983833589098e-02 -2.953138997429040069e-01
4.353757416369445910e-01 -1.619530908069234387e-01
-4.546567255107558658e-01 -1.727542408154186804e-01
3.786406050145441071e-02 4.127734568663402603e-01
4.220228551498863556e-01 -1.688468458666146921e-01
2.227753436806909626e-01 -1.802049612178113769e-01
-1.939699903447135165e-01 -1.598719774989716402e-01
-2.059177367857761842e-01 -1.487711429862899060e-01
-3.973652535778934292e-01 -1.647384394118096562e-01
1.479127230701186013e-01 -1.815327279676249850e-01
2.800145147723198669e-02 -3.765835936196284539e-01
-3.415532768211646530e-01 -1.896148209923359529e-01
3.313453580170733215e-02 2.704502883938001423e-01
2.320263992558122546e-01 -1.446260636405103384e-01
1.431079246261195426e-01 -1.591334317440691315e-01
4.658777975358552315e-02 4.023308883662064517e-01
2.443823410757739456e-02 9.655311747937267430e-02
2.548485338863387684e-01 -1.745053401541327709e-01
-1.648477028675647826e-01 -1.495370231999257893e-01
4.719172149443023878e-01 -1.608692374062695718e-01
3.870785445054270024e-02 -3.696471183980952757e-01
3.249542084034522382e-01 -1.412698638921812133e-01
-1.673298902919920783e-01 -1.600158820526977888e-01
2.232208351529674228e-02 8.002365734696481603e-02
3.794694878258818571e-01 -1.717004697184371098e-01
-3.909662207797002242e-01 -1.647693667025472708e-01
3.119620017551527624e-02 4.485926398310450258e-01
-4.706264472500262253e-01 -1.907019651665041726e-01
-2.727760315003158187e-02 -1.810689327414974903e-01
4.723084677908589990e-01 -1.803712229471724493e-01
-3.944672958753467906e-01 -1.593734205389701897e-01
-1.559545503083675788e-01 -1.620074180874454539e-01
3.079738237564277892e-02 2.476832373489948891e-01
2.901642958132555350e-02 4.788395432566616705e-01
4.751654247077321536e-01 -1.695186423733989756e-01
1.477971534216571126e-02 -1.395614523777819471e-01
-4.912576110116861905e-02 -1.489819772948481891e-01
-5.946725004177810803e-04 -1.837619432708992306e-01
-1.056860264457234466e-01 -1.608123518044931588e-01
-5.601435017073552736e-02 -1.709952077479449661e-01
7.019196365301494378e-02 -1.493644903708399863e-01
7.043060522616007013e-02 -1.717283151164905597e-01
4.385286698526585925e-01 -1.406003562723220357e-01
4.379041611801873790e-01 -1.756623737383267159e-01
-3.891433604632433818e-01 -1.874326619449059317e-01
1.856817409694500043e-01 -1.481805028547480418e-01
1.507413508778119304e-01 -1.771472771793303203e-01
-3.344827247362093248e-01 -1.645157742749198126e-01
2.188288132462967717e-02 1.236719642874215541e-01
9.960249569000700909e-02 -1.892347923200605742e-01
4.016091493710746141e-01 -1.936091980226014586e-01
1.082037592952769245e-01 -1.457793955409532050e-01
-1.487526714078192258e-01 -1.448917645557317169e-01
2.384183433821107645e-02 -4.365281800960011394e-01
4.370306823815373054e-01 -1.776954375135096909e-01
3.782741335100511249e-01 -1.586273762154701839e-01
5.081362812360845638e-02 -1.641761692643058934e-01
1.052587894943728397e-01 -1.860513587688580328e-01
3.918000372217345095e-03 -1.527709532145885563e-01
-1.845151964596909444e-01 -1.773416707405371939e-01
-1.039161397454394509e-01 -1.822699625110887345e-01
2.463313624721781281e-01 -1.702943110176547981e-01
-1.988282099830654959e-01 -1.531508863065380588e-01
1.959128866753956366e-02 -8.257771929798685129e-02
3.445396089400398765e-02 -1.359952669727408914e-01
-8.235783048097533587e-02 -1.775261157060091799e-01
-1.293168612636429460e-01 -1.577200896468287095e-01
4.124387596310324922e-01 -1.630909777821857309e-01
-1.732858258653054984e-01 -1.920775220970089014e-01
3.936266716754632800e-02 -2.418825798524224524e-01
3.649944671292337794e-02 -8.007410434653361442e-02
3.412856118209406375e-02 1.066700146768916335e-01
3.070436455968202916e-01 -1.799992607418076096e-01
1.409727885905859290e-01 -1.412954359219306122e-01
1.284613469438617983e-01 -1.569272805528229009e-01
8.376029528365580568e-03 -1.525488681422751958e-01
1.893920493732581534e-02 -5.720562165594089699e-02
4.189658911480622638e-01 -1.732654017855096429e-01
2.585427457037807741e-01 -1.788689357452256656e-01
4.609901940747498372e-01 -1.508087230947088297e-01
4.255122385950296238e-01 -1.931158211530523694e-01
-3.051702150846906658e-01 -1.812720767720961135e-01
-1.097064028184167039e-01 -1.396987927736578206e-01
1.995875073044339754e-02 -1.470265113509778843e-01
-3.406739104163100107e-01 -1.659252155661984363e-01
-4.839186166716442639e-01 -1.607356469161721479e-01
-1.314489947327092123e-01 -1.612376350967473781e-01
3.603581602473229228e-01 -1.653950692639695186e-01
4.281068035678701200e-01 -1.743432297223724836e-01
3.279696895819675939e-01 -1.687134958949095820e-01
-2.869561982282078372e-01 -1.727111797237371738e-01
-4.623745580688326529e-01 -1.578675960173304693e-01
-1.382254905563010672e-01 -1.453350080379038900e-01
-3.715606254322929569e-01 -1.807395485547630409e-01
3.168934226599551263e-02 -2.774531808331597293e-01
-2.214572571372556142e-01 -1.838498775552811493e-01
3.544883509874596772e-02 -1.486243212933654467e-01
3.941097676672733474e-02 4.660759612463430956e-01
-3.868025142332131017e-01 -1.407571733640913259e-01
-2.566283652956078409e-01 -1.418843562781421097e-01
3.542778564707614875e-01 -1.734399216575384095e-01
4.774722039331110723e-01 -1.728932062479819898e-01
3.739491504334779837e-02 3.542308338908175536e-01
1.978159743134748627e-01 -1.904772685504281249e-01
-7.226420071055705829e-02 -1.862127146270745603e-01
1.753375402676079498e-01 -1.771392223358535523e-01
3.831283823984277248e-02 -4.985171152699652275e-01
3.185856685437205016e-02 -1.972366010613819665e-01
4.903774340048402403e-01 -1.389643058641677476e-01
-3.964697007688305908e-01 -1.543672105352315027e-01
-9.747390101393660355e-02 -1.493533645340843208e-01
3.484770252222613163e-01 -1.808739446779017435e-01
3.419720989002132949e-01 -1.687598328192080332e-01
-2.263041020770073519e-01 -1.860730841058649832e-01
-3.840038284777476107e-01 -1.691217499756908493e-01
1.344243167639659342e-01 -1.408131962275038784e-01
2.831734299601307292e-02 -1.741430400208155982e-01
3.504858498677684286e-01 -1.404701656176167157e-01
3.329279035326906389e-01 -1.809098074396411349e-01
-3.369391380712570827e-01 -1.662695124294767401e-01
1.458151518758775689e-01 -1.914734788863133863e-01
3.900997883733203775e-02 -8.017370023205028229e-02
2.025453125161308376e-01 -1.466196293509958171e-01
8.465267117507868644e-02 -1.906209516513206470e-01
4.312039839907522154e-01 -1.668195289177282215e-01
4.519510409026983311e-02 4.465054833138407675e-01
-3.904977403296284733e-01 -1.937330587445189600e-01
2.277423932045985477e-02 2.463746556491663853e-02
1.909778195605849049e-02 -2.438185758778513845e-01
4.160177771586238693e-01 -1.799012611614384527e-01
9.230688629713212912e-03 -1.788840428807610961e-01
3.689394058231709739e-02 1.203023752201090035e-01
4.997921166337304655e-01 -1.771751819285435348e-01
4.790212791617121102e-02 7.963087084331066379e-02
4.706796921980427317e-02 -2.049862698606341738e-02
-1.241825918955792307e-01 -1.614180987491864450e-01
6.090264888337282301e-02 -1.395114640937163974e-01
-2.913876338319693060e-01 -1.486175803340883395e-01
1.776300829256149960e-02 -3.138109466379630508e-01
2.656296284880456104e-01 -1.778321061703322936e-01
4.944977474204853563e-01 -1.718269299100222414e-01
3.032077844742397943e-02 2.634914810074346914e-01
-8.743508355189399950e-02 -1.606527994256911063e-01
1.870980967589785937e-02 -4.320138606167396311e-01
-2.113288271903389637e-01 -1.489113988002710443e-01
3.649923089117745878e-02 -2.517575402548146712e-01
-2.454131425223953222e-01 -1.563639104529666035e-01
4.301405909595723553e-02 -2.927182442718376798e-01
1.351388985285502109e-01 -1.909657955043899680e-01
2.506632936631514319e-02 3.360582227726028881e-01
-2.482341681536569533e-01 -1.607445097602739903e-01
2.573063814761111789e-02 -4.427978896400631692e-01
-7.234270496167094500e-02 -1.473965490807043199e-01
-4.969175006162293018e-01 -1.844889319092664071e-01
4.373109048492829221e-02 -4.421835832408862466e-01
-4.644880860131710421e-01 -1.376792154748457397e-01
1.853378756509072023e-02 8.595822757225812794e-02
4.593763910204184953e-02 -3.229231346672977176e-01
3.344014441353215794e-02 -2.364928784557100983e-01
-1.144723238351524897e-01 -1.367603620368744721e-01
-3.465456681675628259e-01 -1.728280982130991905e-01
1.047965106924584333e-01 -1.635943120025311615e-01
-1.200344171266747306e-01 -1.766501722968024657e-01
-3.287118587281968596e-01 -1.513746721236586268e-01
2.999784163000251969e-02 -8.673196582517073150e-02
2.860674555205722225e-02 -1.331826346200903899e-01
1.427375110835390482e-01 -1.466187414542494682e-01
-2.874748496451527968e-01 -1.417904949737266440e-01
3.538681511931442980e-01 -1.527941863386527155e-01
1.916397428802785186e-02 7.745958101110106409e-02
4.216745898269961268e-01 -1.777034279595780530e-01
2.695403471692114916e-02 -3.679515373513552179e-01
1.733082792159145180e-01 -1.789299304369729171e-01
2.746357658286946446e-02 2.580401948018594682e-01
2.568819020807742159e-01 -1.737173906810385304e-01
3.097316260700355706e-02 -2.628620547340869695e-01
-2.582702083906729396e-01 -1.626132104889127517e-01
4.596522413905879123e-02 3.959398205373785284e-01
3.469295643171388388e-02 -4.099508461769616474e-01
-4.164848940981611403e-01 -1.491820180563541154e-01
3.708371350239048070e-03 -1.906495900634518348e-01
4.741875604986900417e-02 -2.623992838454961563e-01
-1.685635630394806128e-01 -1.428865423624795516e-01
4.065154040811082004e-01 -1.510357716630904568e-01
4.576981448098893512e-02 1.816784472753534274e-01
2.256309847322768292e-02 2.917500799473528028e-01
4.329848034643658528e-01 -1.774384014584866609e-01
4.393610823773962393e-01 -1.920713320220283071e-01
2.760562231586149995e-02 -1.318501908841381853e-01
-4.834456113430478652e-01 -1.929800323521368988e-01
1.531773677375843912e-01 -1.373028154644027055e-01
2.175598322367386928e-01 -1.662372910090593736e-01
2.924408827762658980e-02 4.624541665921744205e-02
1.880837667325794271e-01 -1.438061243484692886e-01
1.286067484601994826e-01 -1.599823819298745731e-01
4.278732525161754729e-02 3.234261182495142828e-01
3.127730583978414192e-01 -1.442275661465854952e-01
4.564278096104439353e-01 -1.452387327352240298e-01
-1.348145512753115005e-01 -1.426589928364340176e-01
-2.696357857691349391e-01 -1.451673364640977404e-01
-3.321865440122500068e-01 -1.751812615286554298e-01
-1.582304855174143654e-01 -1.558301441871902115e-01
2.070546631863220410e-01 -1.717470687020433706e-01
-9.096625887941167665e-02 -1.640019992497296908e-01
-2.871469886561838214e-01 -1.733452152317614958e-01
2.303007441657244359e-01 -1.588382633372374952e-01
3.824140281299681643e-02 1.368440518081770474e-01
2.230371503536032751e-02 2.960732094165453576e-01
4.421946465249854130e-01 -1.861269174774121682e-01
3.905464474484587889e-02 4.300038534977688176e-01
-8.530694731586341284e-02 -1.591304486456157630e-01
-1.292767354671289226e-01 -1.551530396210468732e-01
2.513580943851811966e-02 -1.768779995231786195e-01
3.913783262615155856e-02 -1.675634660571426737e-01
4.667268127693424695e-02 -2.018264428950256040e-02
4.303956046600809771e-02 -4.943448542335220353e-01
4.020881345957003639e-01 -1.533441991832363849e-01
6.223505828613151714e-02 -1.499315768366288326e-01
4.454658200489546305e-01 -1.598284553733019253e-01
2.240628581805953479e-01 -1.385505533557473967e-01
4.926561411895591380e-02 -1.652255816882692852e-01
-3.894977381093456259e-03 -1.762474202357108277e-01
1.910573791241800823e-01 -1.605192624779160360e-01
3.275306891276685839e-02 3.838086282275317007e-01
-1.366526527830524973e-01 -1.414031191185340930e-01
2.520530514432273161e-02 -1.145492040486479901e-01
1.870652594550514802e-02 -2.514489219783796470e-01
3.277977616533311878e-02 4.971387763092028900e-01
2.395023382980302484e-01 -1.373149662235324531e-01
2.879705037694691994e-01 -1.669118744109813202e-01
4.184214694170218518e-02 3.186960872078568041e-01
2.357820393138029269e-01 -1.570371584714349567e-01
-7.743397067742907591e-02 -1.698139369978393098e-01
-1.110434395265434970e-01 -1.873077085171046541e-01
-2.210516319320705581e-01 -1.883437747247730387e-01
-4.346627690264300847e-01 -1.672592163745110216e-01
3.710596061977563531e-01 -1.783661310065496330e-01
4.860920775750008360e-01 -1.759490776508829679e-01
-2.947436866271943012e-01 -1.616809091653654828e-01
2.110197199737118279e-02 4.382878483480479037e-01
3.045056473680218811e-02 7.731921711543898734e-02
-3.837556002503366148e-01 -1.533551378442099544e-01
2.418749551361606409e-01 -1.372812765025670512e-01
3.677806879985762167e-01 -1.455831846870614399e-01
-1.059522678858505484e-01 -1.380014277037783232e-01
1.102840765226700270e-01 -1.874049980830639894e-01
1.402121096294728364e-01 -1.812929641007676729e-01
3.176698333089500448e-02 -4.658048717829467167e-01
-1.358511208879809029e-01 -1.846560891589871245e-01
3.338424184595312205e-02 -2.954338023220434151e-01
8.809186209038899484e-02 -1.730150518936102166e-01
-6.679133703448614234e-02 -1.451645399148231430e-01
-4.096194247648076159e-01 -1.890339174730196747e-01
-4.779153094390470313e-01 -1.526798481060982482e-01
8.607421640134227392e-02 -1.913586741645290079e-01
-4.864832384748468685e-01 -1.448557950196377453e-01
-2.981680907089052646e-01 -1.507013972081034936e-01
2.969058716926253894e-02 2.792527150338082187e-01
-8.692431152800095262e-02 -1.465588943581950243e-01
-4.340619646967002199e-01 -1.653416022007169195e-01
2.246732354106217855e-02 -7.605004333242282311e-02
4.589553292925563355e-02 2.548312982747135136e-01
4.226916368925515144e-02 2.150659297261603431e-01
2.332463396239947695e-01 -1.910184987368968024e-01
3.658394517335072926e-02 -1.256593858952312903e-01
3.869459455654489233e-02 4.910425105156179804e-01
-4.991920271618637273e-01 -1.614480323068026024e-01
-3.787679396845544666e-03 -1.683918667206224518e-01
3.439371432098825565e-02 2.923869675432789750e-01
4.083447842220644386e-02 -3.189379858059873118e-01
-2.154186824366531861e-01 -1.680088070227223618e-01
5.161103352838447567e-02 -1.477965740692667174e-01
-1.863637886555890022e-01 -1.834499468502681641e-01
4.370920174673686986e-02 3.495888408428713401e-01
4.239155175409548004e-02 -2.408214310408700598e-01
-3.621106253644402750e-01 -1.699337556152916706e-01
1.690690147073969918e-02 -6.668284843073035706e-02
2.171453996419236976e-02 -3.705655002825684052e-01
4.147701273711773551e-01 -1.561671101341337575e-01
3.405804447230242893e-02 -2.265217493347264632e-01
2.199950479287912097e-01 -1.677440637157617820e-01
3.365544546316074914e-01 -1.757167346625346793e-01
-2.477719084599083743e-01 -1.483993513961062716e-01
1.930376008888454731e-01 -1.428707175386842998e-01
-8.294293800117991111e-02 -1.906126096244560308e-01
-2.026034401437052379e-01 -1.512810710556991012e-01
4.644895703049978231e-01 -1.863283100195602948e-01
-4.708623369659276081e-01 -1.561080054596811761e-01
1.797449382552496200e-02 4.540311423100090726e-01
-4.945239576284099492e-02 -1.669889688050963938e-01
3.561493603024168397e-02 -4.645352630873992306e-01
5.068175904875948934e-02 -1.372568459052934120e-01
4.766877173386396827e-02 -3.028737759771431559e-01
-1.496249491288466071e-01 -1.822320796927046072e-01
3.892108380876280194e-02 3.288824112418664569e-02
-3.667439210072338529e-01 -1.555953103679924565e-01
1.768340687321467986e-02 1.935720581432692766e-01
3.384166433452651113e-02 1.343770974407976215e-02
5.181189320072732141e-02 -1.758179999519654535e-01
2.600078348111127813e-01 -1.822466069020357571e-01
3.175668955124144599e-02 1.694038000152817691e-01
6.065481899240188213e-02 -1.565194492618199318e-01
3.822483286134362723e-01 -1.382893392140419619e-01
2.185745150357631950e-02 -1.046580212688486000e-01
-2.585171960366419164e-01 -1.542252754707552631e-01
4.639876521130670284e-02 1.558706007052593767e-01
-2.775164194774415449e-02 -1.706057565268989107e-01
2.550210201387914655e-02 1.365847933119486157e-01
-3.090352667801350428e-01 -1.385932345909073327e-01
1.490124197344544488e-02 -1.882421899929164200e-01
4.680504591779943713e-02 3.333989058110942150e-02
3.702897221757317503e-02 -6.572189280246898413e-02
2.592686880092875956e-02 4.061080281036261175e-01
4.827778497710633054e-02 -2.109501898197319036e-02
-2.049737215000895230e-01 -1.748996533737692261e-01
1.631193034287211630e-01 -1.734738327982391359e-01
3.637640266908481745e-02 8.835475910729229110e-02
2.192893240669224753e-01 -1.786395202661277271e-01
2.214006479499075475e-02 1.712406450502244049e-01
-3.415799167221806876e-01 -1.600001853492648562e-01
4.552780169530458165e-01 -1.429744810656234932e-01
3.257768211323253116e-02 2.728043402915241167e-01
1.798900298650148999e-01 -1.672117306459539599e-01
-4.341170841142660830e-02 -1.672101690770469995e-01
2.380974448785543318e-01 -1.439310824109892861e-01
-2.772524832485824264e-01 -1.774115735736712107e-01
4.080846001489657482e-02 1.799062360508213443e-01
-1.612810047316448614e-02 -1.815879064581016333e-01
4.229035881667320140e-02 3.938797849358621761e-02
-2.101337362479580584e-01 -1.848287557835244233e-01
2.500620298090261429e-02 -3.839771160641466397e-01
-1.272997714157121374e-01 -1.401540882318363934e-01
4.888518815707181275e-01 -1.742061399782870446e-01
-3.002818610484545570e-01 -1.870656367851996071e-01
3.631441865748807896e-02 5.198263129618507783e-02
4.775567760262300343e-02 3.274995378707993288e-01
3.108061386510829749e-02 3.768535394645717851e-01
-9.156665577466971406e-03 -1.460203017114174440e-01
4.720777901961732415e-01 -1.899892898192235835e-01
3.265469512679203268e-01 -1.846845014537495944e-01
-4.570017396964164424e-01 -1.798779256159600548e-01
2.717969903561834322e-02 -1.220512234446390343e-01
1.029515453710161399e-02 -1.435212738470587057e-01
-2.479885400620092106e-01 -1.361408175044473978e-01
4.477076855472994499e-02 3.185059691183096398e-01
3.688853483938292488e-02 1.556249255507650142e-01
1.588541080741997513e-01 -1.791705077691042591e-01
3.200094445696433088e-02 -4.886325722639739411e-01
1.042746725165234478e-01 -1.822181601164579723e-01
2.913353974300181282e-02 -4.583106612397707114e-01
-2.177456213865358592e-01 -1.485304753631427888e-01
3.872783991448336405e-02 4.980992065122021861e-01
-3.676813995750558561e-01 -1.617593472966272206e-01
-4.918511580680822171e-01 -1.445265299758545785e-01
3.831205684719041216e-02 4.954288838107719917e-01
1.678865032079777109e-01 -1.929114685171159360e-01
-2.206996700813737000e-01 -1.488349458917450630e-01
