2.965521063636555876e-02 -4.646279596882388896e-01
4.068933043955724749e-02 -3.958955950382736511e-02
3.932448267458232838e-01 -8.682391847911419269e-02
4.680580914206700083e-02 3.209558737992980193e-01
5.216501515380567167e-02 -7.826793921278052402e-02
3.106606452678012387e-01 -6.571477865651031980e-02
-7.877689558848688378e-02 -8.406410955380128058e-02
-1.493775963532016915e-01 -8.484233911109673176e-02
4.401695887695578069e-02 4.897154035474767797e-01
-1.157252639215406997e-01 -9.324984559606963597e-02
3.931299930908782603e-02 4.731938448424677368e-03
4.422161643529076702e-02 -3.069506915285762361e-01
3.674807488792297683e-02 -2.941430764304431289e-01
-1.969491447552863539e-01 -8.335184441807974576e-02
4.208057328526659813e-02 -2.101518123409877870e-01
3.711716604611881021e-02 2.245443492552809950e-01
4.066983064363562939e-01 -7.129563142635741979e-02
5.919089063919802385e-02 -2.273436204799278437e-01
4.257587018163963011e-01 -7.609315275658457001e-02
-1.078574215294996197e-01 -1.006429538718963679e-01
4.808201500672504292e-02 -4.543044818450743261e-01
1.274320843002003656e-01 -9.598131519817365565e-02
-8.877212499790698708e-02 -9.409338366391606368e-02
3.787422392168493523e-02 -3.634314741605489951e-01
4.566991744725590330e-01 -8.264981960967110464e-02
3.594668168127912455e-02 1.567325026287315071e-01
5.451124957856612330e-02 1.651010806041188772e-01
4.007051657833682334e-02 -9.940019693246582300e-02
1.861064127505146493e-01 -7.039855009913664752e-02
4.506393573019016330e-01 -7.272494174103338871e-02
3.547483534243034420e-02 3.414022525803794839e-01
1.697721740729463136e-01 -6.965008637714897866e-02
5.721406116305283174e-02 4.382746593117701206e-01
4.393249865613357841e-02 -3.917923231030364661e-01
-2.796076180807904876e-01 -7.422740546299688713e-02
5.390555902009874778e-02 -5.737893182867592756e-02
7.183011519658444310e-02 -9.647037210258646578e-02
4.780164456941848883e-02 -1.581534146965033472e-01
1.711234507069395727e-01 -8.178481798066405961e-02
-1.721222697014453962e-01 -7.487371871884385133e-02
1.460568223659476361e-01 -9.994670493946655743e-02
5.533747281058121192e-02 -4.884343807881600386e-01
-4.227794612408359853e-01 -8.622881439172680462e-02
-2.995528657084159940e-01 -7.308900828295572527e-02
5.636511048138537205e-02 -3.879478293996843075e-01
3.752338742336203126e-02 -5.092580250286182775e-02
4.327965883584083961e-02 -2.667650836289197080e-01
3.375817732274416505e-01 -6.803421053910574390e-02
3.675939402606787088e-02 -1.967800149396103926e-01
3.637390253656858086e-02 -3.421178573761296526e-01
4.307804504026302439e-02 -4.160600216048726541e-02
4.164975351810328297e-01 -8.049253078417595297e-02
5.470805030472003505e-02 -4.763035640727890652e-01
4.912689527852842630e-02 3.422918567040212912e-01
3.790611900332816475e-01 -7.039578609004448762e-02
3.419212746976052486e-02 1.056068830207543829e-01
4.299138964279103359e-02 3.119237488350492526e-01
3.032824880166540282e-02 4.099881638166775755e-01
3.359245253547948895e-02 9.652497904132695261e-03
3.726842027632548682e-02 -4.401655959630685899e-01
1.325520737362118062e-02 -8.923233593275359254e-02
-4.828434162323489431e-01 -8.425884121468874000e-02
5.306979914838161339e-02 -4.809802157898646069e-01
5.646009883623837045e-02 -4.071546670579972993e-01
-3.317920671021732382e-01 -7.214531776266108754e-02
-3.729713351531599441e-01 -7.341302505655233901e-02
4.475713874561781935e-02 -3.690636868118462033e-01
4.538918287468496349e-02 -1.167494977789873545e-02
5.347103127638841435e-02 -2.245202140399149560e-01
5.241071325257129487e-02 -2.883262553176999532e-01
-2.275669627276528661e-01 -7.584215517861114808e-02
4.137017918924743576e-01 -9.253839247688766534e-02
-1.068614644777705625e-01 -9.233824066608209424e-02
3.158596063877456839e-01 -9.351643401688602975e-02
4.742825325759658650e-02 4.094433807064306041e-01
6.217525615746155587e-02 -2.111669745022274336e-01
5.365456461529294341e-02 2.880438979431303448e-01
4.562575250053313436e-02 -4.126800454597233658e-01
3.937455252310957388e-01 -6.688863725688554140e-02
5.371598324712967276e-02 -3.025551681449242247e-01
5.726830382229597394e-02 4.170615481678252578e-01
-2.858121607301017386e-01 -1.012323985868325282e-01
5.653874080069165586e-02 -3.527726325649619410e-01
-1.112575174176742010e-01 -8.971236513441860350e-02
-4.240844451481083910e-01 -9.750437125381195003e-02
5.188270400441508112e-02 -3.342971946927422167e-01
1.894325335462047066e-01 -6.796960058370038471e-02
1.344124875169361299e-01 -9.221895872175700504e-02
3.972418729061233389e-02 6.528001148905271389e-02
-4.806780378837891554e-01 -8.687499924842145838e-02
4.525005547322380473e-02 -2.676491745782128007e-01
4.093400101885772413e-01 -8.499233173226516946e-02
4.733291938324002412e-02 4.098105189228165024e-01
3.789900502712106878e-02 2.666717596728591655e-01
2.717293527078568083e-02 -9.574895907474001433e-02
-4.038408025460564765e-01 -9.204257442586438742e-02
5.447780051032036219e-02 4.457296628654403570e-01
5.972362643274520266e-02 4.951194724983154494e-02
-2.212020789548230226e-02 -6.932714643472681626e-02
-4.650171515430467917e-02 -8.664344577862648222e-02
6.232691993004058073e-02 1.181467921135419541e-01
3.742784560165668406e-02 -2.711228542072079417e-01
2.718085099732292509e-02 -1.006849052865740335e-01
4.816365383918352894e-02 -4.705902343060817117e-01
5.802934705096718382e-02 -2.081047193450992205e-01
4.574162826217265110e-02 1.609883061776717916e-01
8.824658017523845377e-02 -8.402438106759968495e-02
2.553339832533171316e-01 -7.464595675737883962e-02
5.944027735652412936e-02 -2.541292444507917692e-01
6.088075498638256811e-02 -1.580443816503945831e-01
2.745282226685473725e-01 -8.520813115956993311e-02
5.027535982423803063e-02 2.954761306348154815e-01
4.619369054738253766e-02 -1.576244321454184361e-01
3.590050819280652394e-01 -8.496687832587768163e-02
4.294604736577545268e-02 1.844225851021207285e-01
1.869254576601835360e-01 -7.669132888067664577e-02
3.533340720435307336e-02 -1.572658552145270727e-01
-1.087135171977745562e-01 -7.129507359916142928e-02
4.709045408770684560e-02 -3.571551547582649810e-01
4.568237363513016902e-02 -3.003446588861872213e-01
4.635506638034744276e-01 -9.726021906040971388e-02
-1.991378021322406378e-01 -7.309145664568217349e-02
1.069410072937436729e-01 -8.618912130801159588e-02
4.541311215628485165e-02 -3.422740791920458880e-01
-1.582058734029994085e-01 -8.243926901845788358e-02
4.243352579221014720e-01 -9.966596595741483711e-02
6.047823087784764962e-02 1.689475865234627561e-01
4.146646451019430080e-01 -7.149046293332095292e-02
4.952831079071295939e-02 1.113245347083094972e-01
8.840708725723955830e-03 -9.020137029200203660e-02
2.497250286136937225e-01 -8.020808578722671278e-02
1.351773294069962272e-01 -8.170861118090266828e-02
-1.952436151393301955e-01 -8.498254278161132547e-02
4.702619151141119724e-01 -9.307143050836375053e-02
1.368653814496922916e-01 -9.312309279380959204e-02
4.342243524536748556e-02 -4.494591190735904851e-01
5.071549168598787904e-02 -2.805211463257536453e-01
5.306519523018948803e-02 2.164162994927776307e-02
-4.740572860407911149e-01 -6.786942278270358120e-02
4.020150679174572250e-02 3.973819429761772382e-01
4.847821427088339075e-02 3.416653367190000123e-01
4.551939230873125464e-02 3.684797355007484176e-01
4.349907442617351183e-02 -1.240082108382052350e-01
-1.772326225486882123e-01 -7.649148754235546299e-02
-1.657639905973880001e-01 -1.007276036619345616e-01
-5.344806433781112975e-02 -8.001262145429877126e-02
5.666052288820233596e-02 2.610426172879773965e-01
3.802624131073772951e-02 -3.073375974679963818e-01
-3.691586419872697755e-01 -6.670372340233310382e-02
3.018579659008288063e-01 -9.683666276334723655e-02
6.812513429007649446e-02 -9.940914067402095711e-02
4.387652886683535147e-02 4.697127522008809342e-01
4.722967168785974224e-02 -4.957999114740107016e-01
3.356869407557261376e-02 2.519891954059427785e-01
5.936842031192834934e-02 -3.267325391988527006e-01
3.979385048804406910e-01 -7.229400605957514436e-02
-3.682090415002876593e-01 -1.027454591956890040e-01
6.560556420050600579e-02 -7.441384132820927366e-02
4.663642065597439768e-02 -3.422111372024595477e-01
3.133712303675264543e-01 -7.073469670979404267e-02
-4.624119118764675740e-01 -8.997520919451384991e-02
4.903301743681531821e-02 -3.663985368676734300e-01
6.221863473185451632e-02 4.407295459732538667e-01
3.033309619740025553e-01 -8.176656636137513701e-02
4.285869501867967113e-02 1.835639989502438896e-01
5.864612703197269461e-02 4.016220629658860952e-01
4.395148132182824519e-02 1.711602479128001564e-01
-2.217241993110039555e-01 -9.366804673216522215e-02
1.080111535132985967e-01 -8.167814919369353888e-02
5.483952468543384917e-02 1.118032363796716000e-01
3.647982259152804385e-02 4.199104741738951541e-01
3.731446146519312723e-02 1.095631859279752041e-01
3.220560711482390870e-01 -7.839668422534806780e-02
4.490849528312147454e-01 -6.599885429212171140e-02
2.720331996272145059e-01 -7.700683061350133141e-02
-2.228715502837836926e-01 -6.958348232640865216e-02
4.296395910023698139e-02 2.498083607820013041e-01
4.032690768905822232e-02 3.971687583754257567e-02
3.983663991182428976e-02 -4.121342314938493123e-01
2.192497145558126581e-01 -7.961260636158717929e-02
3.331108061780196916e-02 -3.507133315632565695e-01
3.526156138183189626e-02 2.276622335961581145e-01
2.763761396182283780e-01 -6.505793171196339042e-02
5.686522169338958932e-02 -1.212538398740443668e-01
4.860310659571360770e-01 -8.667275013931607930e-02
3.663999408719753603e-02 4.446457636337833863e-01
-1.000384921520259818e-01 -9.621224411141138244e-02
5.849670149709507161e-02 -9.418336188897102890e-02
-7.322815980624841625e-02 -9.946615673748560038e-02
-1.313533366502199762e-01 -9.825536804651724410e-02
6.057784094967499922e-02 -5.752992099572329376e-02
-1.290103016861094964e-01 -8.320182507380680104e-02
-4.345699718481388363e-01 -1.023191246995959203e-01
2.615753834386476129e-01 -8.048791787950049237e-02
4.314194832883611053e-02 4.895722820573346068e-01
3.704010383824773989e-02 3.401789259731538007e-01
5.759999281687688821e-02 -4.553470350146798795e-01
5.465167720508923299e-02 4.635562098087996352e-01
-2.170578081434745288e-01 -7.936890670911000978e-02
-3.644705518465063410e-01 -6.736455363395266183e-02
6.198104235705681475e-02 -4.857029072087941657e-01
3.282015500594551716e-01 -9.648170748526063711e-02
1.235338803443559730e-01 -9.435890413127845378e-02
-8.505526724577727737e-02 -8.971159377256576750e-02
1.338068380109893596e-01 -9.612910145166997378e-02
3.110004443945268982e-02 -2.119091122841587627e-03
4.555415203203061481e-02 2.537211751576498031e-01
4.187179325112289074e-02 1.441692117529491668e-01
9.303229008186630900e-02 -9.441735959098918052e-02
-3.349096428080259313e-01 -9.936373401010767381e-02
9.737805850586356282e-02 -1.007694330907626945e-01
-1.287607419454166457e-01 -9.807399593062515741e-02
3.991315759395412943e-01 -1.014414678006575476e-01
3.578660106664677265e-02 2.286225344482484267e-02
4.927905604786675386e-02 -5.962324532194007709e-02
3.734652072381398069e-01 -7.771723590276724547e-02
4.897061096787347356e-02 2.801294596099389578e-01
2.989688946665169933e-02 4.740161379600953406e-01
5.126540237443100168e-02 1.429959432769851713e-01
-4.223199831454463871e-01 -6.468421610177965686e-02
4.535500205880704794e-02 1.052919424240035262e-01
3.114177186361599681e-02 -4.596841291877029612e-01
5.298572809518398152e-02 9.187018182130257671e-02
6.242671450217895934e-02 -6.450508465732562868e-02
-5.103957154675853314e-02 -8.863639903044728818e-02
3.285899454430274425e-02 -1.511898517222484140e-01
1.823946714757206378e-01 -6.613392023641839756e-02
-3.043814216908770076e-01 -7.708858416885000509e-02
-1.838907885315302915e-01 -7.260993953524996769e-02
4.072217084388840558e-02 3.580930868093543662e-01
1.285331285389601508e-02 -8.092725283462531838e-02
5.394362977186006880e-02 -2.266489958489520395e-01
-3.584243067225904023e-01 -6.493507074604665252e-02
-4.127537207872189473e-02 -8.920930422913941893e-02
1.168821169791016690e-01 -1.006237808491375896e-01
4.334906019264539445e-02 1.037913856275205493e-01
5.060572527779338969e-02 -2.860366896558265148e-01
5.253015480240852408e-02 1.988648473773985126e-01
-2.357427903670474834e-01 -7.865754592035056891e-02
5.383142251877326423e-02 -2.116544220577294411e-01
2.601945025043126414e-01 -7.743905541639950485e-02
-3.113994571347636908e-01 -8.639453430305543691e-02
4.609970945916996854e-02 1.096342664023596258e-01
4.739135784425422271e-01 -8.415057699939743063e-02
3.025674735017181982e-01 -6.412575207736548322e-02
4.390986390207074486e-02 -9.703729374349323589e-02
3.180557247484685490e-01 -9.539703143732247703e-02
3.041998610230833844e-02 4.636515998630952318e-01
-2.076017230614579656e-02 -7.974167576789181755e-02
1.747512853234334251e-02 -8.358189137930938095e-02
-8.976513657243156974e-02 -7.262903985184210320e-02
5.986770747380198987e-02 -4.295580873648303655e-01
5.902808412726223697e-02 1.368675920229297516e-01
3.044289879062889170e-02 -4.299733832686249979e-01
4.301271698672489707e-01 -1.013777306203533790e-01
1.202668023919215567e-01 -1.020018918650643647e-01
-3.658222582294590186e-01 -7.438237869208597086e-02
-1.954030572415778044e-01 -1.028805417290591384e-01
5.901758942320967094e-02 -1.404987957281516042e-01
-3.689820614583160241e-01 -9.389674189149899153e-02
3.126614429545223617e-01 -8.207929862497020945e-02
-4.757598041119545096e-01 -9.327140394499344733e-02
3.793313642880351555e-01 -6.647959376546286325e-02
3.282817250285763322e-02 4.050114090218940310e-01
3.837765466234410727e-02 3.904701991180153930e-01
9.045421902584593887e-02 -1.025367644828659719e-01
4.492989596183660783e-02 -4.189131778411367968e-01
2.342367861355086900e-01 -8.879088748080499194e-02
5.811138898152912180e-02 4.394656545967405847e-01
-1.919752090300601566e-01 -6.589646803148230259e-02
4.024735412346036600e-02 -2.196281584982479052e-01
-2.984109169114534943e-02 -7.998712723570522432e-02
4.006870609211765633e-02 9.796822802274018915e-02
4.710180824078535888e-02 2.730274755879722459e-01
5.594415494598825589e-02 5.417367727712096848e-02
3.603514197001000952e-02 3.701645145492915567e-02
3.319254182226449856e-02 2.543840147278166874e-01
3.455865733627938585e-02 3.399697061987211333e-01
4.215746438041181321e-01 -6.582229716626442073e-02
4.779871769181742724e-02 3.635807080154682680e-01
9.140435066964203159e-02 -9.886225820553717902e-02
1.178450522181893056e-01 -7.177373560521338458e-02
-1.709859798546599086e-01 -9.475316433005176453e-02
5.158015734371135252e-02 4.317217763530625252e-01
3.260071083591253860e-02 -4.791319487761958040e-02
5.667896638583314051e-02 -4.742800870376634448e-01
5.008718685806701210e-02 -4.311560897422304084e-01
-3.573080647666165843e-01 -9.071918686108937369e-02
3.426155584757240025e-02 2.198287615058920341e-01
8.976807178705814572e-02 -8.392839688851638780e-02
3.374304082364598667e-02 -1.998663470103727580e-01
-3.288610910090005168e-01 -8.003438847265043066e-02
3.869615427814387942e-02 -3.425867045568662395e-01
5.796736671919477946e-02 3.193463287045555932e-01
-2.935061338792890329e-01 -9.149811556447673411e-02
4.743336680028142904e-02 4.865871151313508891e-01
-3.932559922140211883e-01 -6.640823215414659586e-02
-3.711511821760171692e-02 -6.982405537633806780e-02
-3.546464658808745618e-01 -9.165094916378191403e-02
-1.594846054511428468e-01 -6.569284906690897596e-02
1.019567432662593642e-02 -9.069214302654715620e-02
4.753016154063383070e-01 -8.289731237126851671e-02
3.565907636483722776e-02 -3.005082521622474134e-01
4.988595846893828512e-02 3.684459953078943473e-01
5.794738218664541307e-02 1.142387877847355071e-01
-2.251018435774359006e-01 -9.337336974793086775e-02
-4.166861721380185068e-01 -9.163676908933071630e-02
-9.990642352909029356e-03 -9.367670297692187731e-02
2.572407755473913316e-01 -6.441043785539102284e-02
