9.127191752735086538e-02 -1.281446514072626108e-02
4.185215014020537971e-02 3.990980822748469992e-01
6.522606589786883458e-02 7.320097694693172841e-02
4.678662045564250249e-01 -2.407438601843558956e-03
6.296681647612378807e-02 7.755974776093832457e-02
6.897184833415748173e-02 -2.975031359931334940e-02
6.955253868911581705e-02 -2.721474371514343016e-01
-3.342797951790185129e-01 -9.786116433012193028e-03
5.560202479447373669e-02 -3.600541414964741893e-02
5.482099626382175295e-02 2.382952112511887988e-01
6.909522680077406775e-02 3.363499981342684686e-01
4.348574011269301653e-02 -3.722247986289950461e-02
-4.267290909101006946e-01 -9.471177858988766296e-03
1.475330516258354097e-01 -5.081801630468008035e-03
6.642128058144214364e-02 -3.928123055988076429e-01
3.234981906517380157e-01 2.385316317194297042e-03
2.534824906632615615e-02 6.140609315965495085e-04
1.694556715042673245e-01 -5.920426234317877068e-03
3.988499884864287193e-01 -2.307455280298187361e-04
4.429876150405556157e-01 -1.874146516501451476e-02
4.479177137876499959e-02 -1.929635815617658512e-02
4.541202026654983515e-01 -1.500902432171358214e-02
5.214999848456558507e-02 2.401825679791247392e-02
-2.285392134029374800e-01 -2.555665237136128809e-02
-2.161720055939184704e-01 -1.729413356477738084e-02
2.019564062937149185e-01 -9.427537218633208482e-03
7.504715801370220873e-02 -1.643078946517378958e-01
5.554326345110427443e-02 -2.503314161782715930e-01
6.190287173358854922e-02 7.332978780454491030e-02
-3.927431511854131418e-01 -2.287689759581124083e-02
5.128632823399570384e-02 9.418053813283788767e-02
3.771509063474975942e-01 -6.159733686965540578e-03
-1.801774330982982564e-01 -8.944649019649864030e-04
4.907885808297185459e-02 -2.237164792055268414e-01
4.636552058004184129e-02 4.726809018163657949e-01
-1.999527117338033566e-01 8.263346052120867924e-04
-2.956481773829691129e-01 -1.981655838054818819e-02
5.643609436504526400e-02 3.473367970538610017e-02
-4.909386296176627695e-01 -1.753994502429401248e-02
-4.355401750554241946e-01 -3.347140812416160571e-03
4.198086496100694731e-02 -6.984210541584900955e-02
-1.681512225140058270e-01 -2.691263899507811974e-02
-4.823508487418151081e-01 -1.996896419153071367e-02
1.449088228844006565e-01 -1.912318685594471823e-02
5.457444192884586265e-02 -2.812938917359776303e-01
5.669084724234851880e-02 -1.875918521212861512e-01
4.925242756441539083e-02 2.803395395580016158e-01
6.251533786109209068e-02 -2.844642277607482006e-01
7.476059535935175582e-02 4.230505791374616908e-01
4.552711366890926925e-02 4.904777907931927583e-01
-4.495637749960488261e-01 -1.369619972680702347e-02
4.641954286871663449e-02 3.537309406214436125e-01
5.953398725315772744e-02 -1.784954014475843564e-01
5.350599703916514294e-02 2.251247967187480770e-01
1.899696853472078173e-01 -1.069224493842890755e-02
7.258226835660419596e-02 -2.613552298116550432e-03
-2.570393108897631729e-01 -2.612095395977231949e-02
-4.361756418910843758e-01 -6.853847484799002743e-04
4.882657621858710328e-02 -6.893737271889988083e-02
6.551424997008703510e-02 -4.585353402277176915e-01
7.287643857563719241e-02 -2.883616882412933791e-01
5.758440327402380987e-02 3.469391734700711938e-01
2.661700883759308134e-01 1.926849997939461545e-03
5.911541553550381245e-02 -7.832906718514576205e-02
6.958718557119114578e-02 3.171358027878813379e-01
5.810050781827391653e-03 -7.675889698015248008e-03
-3.901529474422864574e-01 -2.321253696479885775e-02
5.899859610860669346e-02 1.702683752637109693e-01
2.996853817492215466e-01 -4.983034907644734446e-03
-2.193458011713155242e-01 1.359920835592665078e-03
3.419388669503290457e-01 -1.873422184777262522e-03
-4.480442742644029641e-01 -2.197153155564501859e-02
5.819313634869160978e-02 4.594425081467220506e-01
5.172278046166289833e-02 2.365302797787721678e-01
1.691271265317312311e-01 -2.724378939335525551e-02
7.480066111573124843e-02 4.815226131968480816e-01
7.269088383229327377e-02 -4.169545260255304031e-01
4.993666670838881050e-02 -1.195970034569000529e-01
6.130089998077503655e-02 1.722097533028761340e-01
-1.588059929042792140e-01 -1.753271499232589292e-02
1.887209727671590453e-02 -1.830566244357334504e-02
6.530093884530951964e-02 6.137118648435924140e-02
-1.745151984620501029e-01 -1.921365625360715867e-03
-4.223701983025420770e-01 -3.574949456062737063e-03
-1.629065421682505121e-01 -2.581455713959757148e-02
3.156591363292232666e-01 -2.722345748023746737e-02
4.600018609963507643e-02 -3.854251736763550928e-01
7.262430305150990861e-02 -1.396817509383960765e-01
3.816114520456409531e-01 -9.639134665842208349e-03
5.366265090548516525e-02 3.644760535116728928e-01
4.117024892415099835e-02 -3.786478326187325827e-02
6.378118764845108757e-02 2.508387305739838702e-01
7.463499819699204174e-02 -4.297321383824881380e-01
6.429116657955946668e-02 3.596100953178689164e-01
4.597901905597634453e-02 -7.428693309029577030e-02
5.086547547577535688e-02 -3.095817681783893383e-01
5.930797652814301379e-02 1.673733880170816812e-01
6.537878468028401890e-02 -9.203047003202102783e-02
1.291587515000323094e-01 -1.735623315488088458e-02
5.624872787410706287e-02 2.095504026771443096e-01
5.640728486188939517e-02 2.811072891676263952e-01
3.701918394980638904e-01 -9.357275986765278830e-03
5.707461318829509800e-02 -3.332209952928746333e-01
-4.744290075989258115e-01 -1.543945901817278532e-02
3.885938898124622343e-01 -6.562577457523866009e-03
1.601534273318977464e-01 -1.972169870610496201e-02
4.673459417768421886e-02 -3.133314189557112606e-02
4.562999858036465017e-02 4.382555918851460675e-02
3.264968293817693823e-02 -6.588658487246878970e-03
7.104722571468025105e-02 -4.525232027662795531e-01
4.277832266473291511e-02 -4.691937685555281901e-01
4.720285651239830571e-02 -1.013750006295043304e-01
-3.741792207262358838e-01 -1.333352344150695590e-02
5.394785134256829817e-02 -1.717811373023664379e-01
3.645337239949182351e-01 -1.551894659686481326e-02
4.520021796605755426e-02 -3.594495656103805503e-01
4.902620523563205879e-02 -1.798283276589578428e-01
6.329338693721298092e-02 2.945062999739084253e-01
7.153281849890069655e-02 -1.434790949677924310e-01
2.360155790648118534e-01 -1.637902919536493584e-02
4.140245662476477184e-01 -5.961568651804638463e-03
-3.294831910501830885e-01 -1.838886262136507632e-02
4.158486893189305977e-02 -1.615992475021137409e-01
6.091342908596864003e-02 2.947688257613025886e-01
4.985521144427995655e-02 1.687937206836258586e-01
4.758415360436396568e-02 -4.246093263534748141e-01
5.194578805661731469e-02 -4.236666130526898222e-01
3.715893558823067933e-01 -2.040544129372079407e-02
6.090712910805073932e-02 1.794032578813375967e-01
-3.205142193636455472e-01 -2.417120634452152306e-02
8.510235824739620369e-02 2.569457383290618679e-03
6.499482836166314836e-02 -3.186474579671535468e-01
4.301980856721043800e-02 3.390347582956965145e-01
8.316145488568171817e-02 -2.012556860660230651e-02
-7.887044039036450460e-02 -7.350892544821796548e-03
2.986547960419938530e-01 -1.868372359716519160e-02
7.389913480601273399e-02 3.590474208766920583e-01
7.032588660822114424e-02 -2.199357413681130025e-01
6.286782983511218781e-02 -2.614725491438255611e-01
6.295687160365326385e-02 -1.017627465128845277e-01
7.054390081846684257e-02 -4.063035673563035743e-01
5.583921542625680523e-02 1.127362124681760003e-01
5.344700636714228015e-02 1.621374648532448726e-01
-5.592071901207318341e-02 -1.471125474106915743e-02
4.253467280231437719e-02 -3.008759956133890690e-01
3.061733144822851305e-01 -2.184925948461879930e-02
4.303421556987052643e-02 1.855732531513937245e-01
5.275755142587257307e-02 2.607934859205377487e-01
5.108974976866098583e-02 -4.917093421917615448e-01
-3.756268419938202374e-02 -1.022018168053651088e-02
5.866592763441846881e-02 7.275174772489823027e-02
7.518554892411322133e-02 -1.059591364064274011e-01
-2.094081164158860808e-01 -2.225047967218618528e-02
7.457170137795143816e-02 1.313403875649303831e-01
-4.684842141961020889e-01 -4.875014334250193926e-03
6.193854410004084876e-02 -2.109189491993761489e-01
5.070738425349274880e-02 -3.005604133192261163e-01
5.774862192182961262e-02 -5.708564824271289417e-02
6.614932449112320700e-02 -4.394449825211873550e-01
-3.441505853783140001e-01 -9.576664673126122906e-03
7.204582146876703508e-02 -4.825554657845119166e-01
4.593407961966444741e-02 -2.818069700598406779e-01
5.753320349975232784e-02 -6.905188186418731444e-02
4.321605012635254539e-02 -2.948459888650678540e-02
-1.870265385121953061e-01 -2.208968906893837847e-02
4.626856789814223214e-01 -2.159750057573184279e-05
5.178179065764199063e-02 2.511565245587039641e-01
5.212059274806779552e-02 2.160330866290272045e-01
6.943847380441536821e-02 3.710864115830738719e-01
1.217315804296972281e-01 -2.252250165294689133e-02
7.527225906037515735e-02 2.179048576229400958e-01
6.112909263175037022e-02 3.515926506479161162e-02
7.013887286883146999e-02 7.643926470601170031e-02
4.231199710015576265e-02 -1.259895715152798967e-01
4.229829818135377728e-02 -4.269824066377262417e-01
-4.051341581515131018e-01 -1.254086501801920939e-02
3.775243103630064878e-01 -2.216918723072380804e-02
5.733633804763427211e-02 4.560171813796092266e-01
6.932420663740757050e-02 2.081192264228856059e-01
-3.847924867679930472e-02 -2.376949129002536854e-02
-4.219832587855695261e-01 -8.234606113326048416e-03
6.636707939635555498e-02 8.876988656782514031e-02
-1.096787658268061350e-01 -6.150099476057824255e-03
-1.883923794294831700e-01 -6.607064057047917771e-03
-2.913880072696254375e-01 -4.568057086248189513e-03
-4.323632984092640186e-02 -2.750476335345675150e-02
-2.517462753829793343e-01 -2.402032013416233180e-02
-3.747791826299804452e-01 -1.852575366475484042e-02
4.735987131468777367e-02 -3.393316106860244652e-02
2.818332767884768053e-02 -2.535304540615102020e-02
5.763622006563173805e-02 2.919379865624454062e-01
7.509629581273513654e-02 -3.798157101590443618e-01
5.801446568541168691e-02 -3.786439727947565892e-02
7.314193168511173848e-02 -2.889821964937536736e-01
1.208274017580206472e-01 -2.009774461437485726e-02
5.202994180922415612e-02 4.663583517089741060e-01
6.588331881421549685e-02 -5.354452836779488578e-03
-4.171108767504766446e-01 -2.198475791055187756e-02
2.679573098672681786e-01 -9.660145366827133095e-03
2.127144945806971332e-01 -1.972139649235515879e-02
6.094197285413871512e-02 3.840538329994042099e-01
-1.359117082140418598e-01 -4.426632840397570767e-03
-3.668868274647996142e-02 -2.085272332293086617e-02
4.949490592682315171e-02 6.524290003979138497e-02
-3.745596950532871228e-01 4.471095038198757976e-04
2.785425933802858633e-01 -9.026681438306094485e-03
-3.000932054059458620e-01 -2.360486692814312004e-02
1.307591243915643409e-01 -1.830297554414550554e-03
4.956245495633760934e-01 -2.342216019255349835e-02
5.760868680828634680e-02 1.526169377495220081e-01
6.336168133583730544e-02 3.221185041266653171e-01
-2.377403707757546059e-01 1.272026018187544238e-03
5.430464772731824485e-02 6.999137376031172586e-02
2.026043322502513178e-01 -2.030655273083503687e-02
5.490693809613700349e-02 9.117105920964563293e-02
4.788662201481186376e-02 4.840289216904768432e-01
1.386001643418180995e-01 -2.394961418515073603e-02
4.516185784790618385e-01 -7.343714309797300110e-03
4.365597015499311784e-02 1.434204199466369012e-01
6.796280461470849410e-02 -1.470542359321239667e-01
1.031519913202162408e-01 -1.846605727490746585e-02
4.920552801182509484e-02 -2.229350702102534942e-01
4.988843242872242900e-02 7.724944429597613293e-02
-4.772187787365875788e-01 -1.507851141245997173e-02
6.375636018868169330e-02 -4.311520949963566496e-01
-2.098635308966634305e-01 -1.642839314661515004e-02
8.828903451282954506e-03 -1.010625496176820182e-02
-4.622498721778156572e-02 -1.994211446252502906e-02
4.250365325355698332e-02 1.838935192062592927e-01
5.369302293126154701e-02 -4.040236115235118497e-01
5.406665390472242816e-02 2.896559792981925341e-01
2.638446824837220595e-01 6.863608931387821244e-04
7.471468324524199733e-02 -1.240702567730955774e-02
6.446046089233337106e-02 2.334105758426086030e-01
-3.537233988467902712e-01 -1.077708420785250532e-02
1.680465467263997370e-01 1.320002589202839971e-03
-4.515870117792464278e-01 -2.186516773329350016e-02
1.568636024659763040e-01 -7.424154558305695595e-03
-4.092466438459118061e-01 -2.719912274149327569e-02
4.773267931967983824e-02 2.324997793044865091e-01
2.990516823517409550e-01 -2.392392840880352978e-02
-2.354417735646778809e-01 -5.525777954893507093e-03
6.400802164435925867e-02 -1.719380692285286116e-01
7.188523036113514397e-02 1.906644297547918088e-01
6.348580148195825945e-02 1.955841840490922801e-01
5.139807220049419367e-02 -3.753609142055150949e-01
-6.234325617872626957e-02 -4.678227490720332504e-03
6.395870247921386920e-02 -4.897485907253744664e-01
-3.473088714797828436e-01 -1.352866910288019753e-04
3.069097482610174676e-01 -2.227301372862500184e-02
6.573010547636626288e-02 -9.626807333821907342e-02
6.897570780484996167e-02 -1.600709602726911873e-01
1.558431335951308006e-01 -2.485863860213766152e-03
4.727761743553959839e-02 -4.155187586249831089e-02
1.643953483000659688e-02 -2.354650716238448904e-02
6.499530152776744618e-02 3.924730941111717053e-01
5.182555787627929345e-02 -1.007578795568916386e-01
5.346864501975778783e-02 2.231681691630619246e-01
-1.173250908069265463e-01 -1.064306877003595719e-02
5.313153916497959095e-02 -2.213719095204658149e-02
6.029716210600188919e-02 1.188458309522393286e-01
7.219254877180336649e-02 1.563715805139502812e-01
4.635868120422892424e-02 2.252440704959178808e-01
-5.185758393889527973e-02 -5.684351666361053823e-03
5.406963277765375331e-02 4.048016832587362224e-01
1.385910364736313571e-01 -6.601925973461209018e-03
7.297626616331032157e-02 -2.073963936135637676e-01
-3.711319826085963669e-01 -1.846720047606098536e-02
7.219735098034019138e-02 -1.535473621945108169e-01
4.204784932766780781e-02 3.875807218418101385e-01
-1.613855426737326182e-01 -2.659774099907596945e-02
4.096429125196612286e-01 7.358679085206487613e-04
-1.381655231102263404e-02 -2.348040955454522294e-02
-1.901371528206435846e-01 -2.595266237098980966e-02
5.951545404212421619e-02 -4.273843145204047067e-01
5.158651426719562672e-02 -6.925168616117360898e-02
6.147612196113050320e-02 2.710684534631785381e-01
6.568910432856223114e-02 -4.682774167738090743e-02
-3.432190005598066973e-01 9.578858652280475283e-04
4.374094659071370295e-02 1.107516167324407164e-01
5.938533018381653150e-02 -1.615118848827190590e-01
6.310885092126372609e-02 1.252074015047666133e-02
-2.291162595605183983e-01 -2.438139222620860913e-02
-4.722202559626397234e-01 -2.748738099318370764e-02
-2.508108872962475644e-01 -5.125587551022769972e-03
4.958642405391391339e-01 -3.953687574170583474e-03
-4.382861807307478763e-01 -1.638849668005604165e-02
5.926978925022374778e-02 3.798220629010726768e-01
9.556313152928963550e-02 1.937817122875107323e-03
5.867228927422851736e-02 -9.501347323908060361e-04
1.096503485177920956e-01 1.091240701982632011e-03
4.328453175049340462e-02 -1.288955638280394611e-01
6.739468715356433659e-02 -1.442052765543309079e-01
-7.144887809394728784e-02 -2.495857585615823826e-02
2.723137581213362912e-01 -2.245073124991336933e-03
6.632273312064473902e-02 8.058371974783540281e-03
-3.244651431922325191e-01 1.209917458917297850e-03
5.776159365733379847e-02 1.603110960109580541e-01
-3.542370019596590147e-01 -6.990696963136810993e-03
-3.607349582305178215e-01 -2.496566123884469413e-02
-3.646877907531353991e-02 -2.165754747160775207e-02
-3.964019017855932026e-01 -3.344040682178861523e-03
4.562631237596515010e-02 4.819155485031411112e-01
5.541335085115839387e-02 -1.347461914617695822e-01
-4.848326478684196195e-01 -2.707761927159346715e-02
6.782734318051764077e-02 -1.971335863725512949e-01
7.252184078207757345e-02 -4.200715859494439375e-01
6.201427241799850609e-02 -4.799104196635659569e-01
