4.609510885255274637e-02 5.605619397387762159e-02
6.182370831739081307e-02 1.514964482445526617e-01
3.705941290180170267e-02 2.300377769376774628e-01
4.589340971217725773e-02 3.054138432023421057e-01
4.181142477291410753e-02 3.109255605198985029e-01
3.378006528560728583e-02 4.517867712977299277e-01
3.366650655138792025e-02 -8.173823821528181099e-02
6.189124236748588803e-02 2.946961680467369282e-01
2.891039393966488014e-02 -5.816972850075319279e-02
5.788562930225582548e-02 3.614569075839790813e-01
2.036755698365710909e-01 -8.652610958703421673e-02
-4.503917311710303739e-01 -8.244447393047982242e-02
5.700996559575310929e-02 -2.478515383245437631e-01
5.614445176894256040e-02 2.321058056237753631e-01
1.078668456072454651e-01 -6.044732943230402000e-02
4.985010747225626648e-02 -3.206666782182941988e-01
5.598796240723413753e-02 4.014603167282856377e-01
4.241826448116048365e-02 -2.543882214793353747e-01
3.427722348807338282e-02 1.120700154216929256e-01
5.896142381586400028e-02 -8.950285776496103018e-02
4.916629551611914062e-01 -6.827054465479476253e-02
5.922106131486137848e-02 -5.250316642227004227e-02
4.158514064979923486e-02 -1.837269019520637592e-03
3.991206713436590281e-02 -3.276623589894146482e-01
1.891365587493584188e-01 -8.438231822208452915e-02
4.037140050097232091e-02 1.354960278262873352e-02
4.473331916572298450e-02 -2.923442770121670309e-01
1.412122419808086171e-01 -7.501947610771431130e-02
3.358420289901764555e-02 4.897431297629163405e-01
-3.135924358145109059e-01 -7.729359219433140638e-02
6.433885839254838146e-02 1.875165809728910338e-01
4.807469627234215448e-01 -7.942535799027161669e-02
5.899450724838684046e-02 3.754150218882789103e-01
8.609659185157647610e-02 -8.445775948650913190e-02
1.174874468766874402e-01 -5.624344426760718996e-02
2.192597071295706579e-01 -8.725419426124714217e-02
5.340224623276867977e-02 3.408283598167664019e-01
4.931849661851606115e-02 -2.137287232773974477e-01
5.424434139091782736e-02 -1.028251566234940073e-01
-4.643537551150612730e-01 -6.232992917441249059e-02
3.433109237195107744e-01 -6.213475133543477913e-02
4.168187849991666916e-02 4.535512696791162979e-01
-2.612962416260502518e-01 -5.917050858645611644e-02
4.216221390886931708e-02 -4.564515222614728973e-02
-2.231601346067288993e-01 -9.073833269842956906e-02
4.580032251296151102e-02 3.314117292770208945e-01
5.414925844991325121e-02 -3.608517376603682658e-01
3.402948505779657129e-02 -1.331706604635056745e-01
-2.130817000116701498e-01 -8.952163852498651320e-02
-4.070182244633152591e-01 -5.699927179787400711e-02
-2.997055432849983214e-01 -6.280144152066313712e-02
-3.101738517784509153e-01 -7.689027458075425869e-02
4.951479786921164639e-02 -3.955265498406627112e-01
1.302258410315799697e-01 -6.014192851675859153e-02
5.449562146767139570e-02 3.528570406374234025e-01
1.572965415460003680e-01 -6.084439082227954820e-02
4.349358965854632775e-02 -4.742754557812034477e-01
6.422346628712893857e-02 1.137590832929746831e-02
3.741165216857890163e-01 -7.672305624293318527e-02
4.226988814410170825e-02 3.109560983704254822e-01
2.042008932299015367e-01 -7.022899266670989959e-02
4.315939716065364529e-02 2.047034950755265426e-01
5.619766103144485658e-02 4.852359473716224558e-01
6.162420406949797869e-02 3.137978441994104806e-01
7.885584643490572976e-02 -7.451149027606929209e-02
-4.135884625411159199e-01 -6.374225260469679188e-02
-3.031682431792744881e-01 -8.816729826158808958e-02
3.914892660002453617e-01 -8.182368873426160150e-02
5.909702721036058648e-02 4.985124836505337997e-01
3.839034909632774717e-01 -8.131954669906127364e-02
5.758392550176849589e-02 3.210703936700401995e-01
1.011913436288514045e-01 -6.813476591606715260e-02
-3.774496201350234781e-01 -5.930976783271668662e-02
3.294952966775133163e-02 4.805239194412969095e-01
4.128134748109657526e-02 6.383909474833704412e-02
2.546676561311655984e-01 -6.135913961546335393e-02
5.385638591251695750e-02 2.594339147707804827e-01
5.727571159798705569e-02 4.206190089337824567e-02
4.514906038489502338e-01 -5.671607279014545533e-02
1.947531892876465109e-01 -9.133785276413908250e-02
3.164968084020802763e-02 1.994965634500571738e-01
2.652269325466551919e-01 -9.211302495225337506e-02
3.875153874527770270e-02 7.214008835783791707e-02
4.998152429535495100e-01 -9.179505110754870856e-02
4.359871220868083430e-02 -4.152451512176474901e-01
-4.745999396216101784e-01 -8.536374742254360104e-02
3.891137905607977565e-02 -3.529421579965904554e-01
4.149348246308823818e-01 -7.034341377375308291e-02
4.515332519009496171e-02 1.902172020213468429e-01
3.682601327574586136e-02 4.097914292293828309e-01
4.647810297785903710e-02 -4.362546434968852527e-01
3.964460628977872769e-02 2.768695850666623715e-01
3.539612813175477823e-01 -9.180098785854151622e-02
1.030443448377103000e-01 -8.680694384654974449e-02
1.737838290913421568e-01 -7.840556772797868668e-02
-3.453316473031288192e-01 -7.714085160734562852e-02
-1.760191506087906976e-01 -5.944777419466351631e-02
3.897190153553368175e-01 -8.241244965990590643e-02
7.268918935779211665e-02 -7.557221995078067245e-02
3.982161505799763912e-02 1.692969282932059727e-01
2.931180748878375875e-01 -8.549582448804893264e-02
2.606104565504235859e-01 -5.755719257065039507e-02
6.293325631732604730e-02 1.086367077350256505e-01
1.528301299592326190e-01 -7.736209825752360381e-02
3.309829206714998140e-01 -5.878907629562291071e-02
-3.305711752963286232e-01 -7.491283854853791890e-02
-8.121622051803190079e-02 -8.957027946993356693e-02
6.133039783730975802e-02 -4.582682210165147652e-01
5.288518599250291441e-02 -4.562188797104659299e-01
-4.452096751982326239e-03 -7.632800325746924575e-02
5.543599658345343961e-02 -2.613450446756750978e-01
-4.740313218612230983e-01 -7.899308160618456753e-02
4.288460895480528112e-02 2.472342734213267557e-01
3.671728770210266335e-01 -8.321427965481520417e-02
-2.049271596016659647e-01 -9.221499928272747226e-02
4.905207573410141908e-02 -3.695009819076884305e-01
5.604459450540988374e-02 -8.219381972827000116e-02
3.600534822832301973e-02 -2.138495375358777650e-01
4.116879372239894419e-01 -6.406373689726019283e-02
4.509998396013465971e-01 -6.582289472207647485e-02
5.630948263051216429e-02 2.799715587225353186e-01
-4.661558600818597187e-01 -8.020357790761667438e-02
4.519602717184378893e-02 -1.354008305448592964e-01
4.067599976460530842e-01 -7.634306792761058613e-02
4.317567455726789571e-02 -5.324452097397425199e-02
3.803374330198372455e-02 -3.128052505711023112e-01
5.841065045105264808e-02 3.890368298122475199e-01
4.722264049407531861e-02 3.850326107565255063e-01
4.702126799578698613e-02 -5.499764062055656488e-02
2.434840671632728659e-01 -8.296764156529135015e-02
3.864455661894261596e-02 1.516162413071719950e-02
4.688078658395866682e-02 -4.357967958566866251e-02
4.924292013617070918e-02 -1.086560428621483609e-01
2.279936597240523888e-01 -7.868374213435835873e-02
3.318427184546146602e-02 -4.113354176999812761e-01
-1.664590714074960509e-01 -5.667363903928357427e-02
5.069559390982758540e-02 4.488508043808245862e-01
5.973199860934608196e-02 4.318915989393500299e-01
5.788681631607017763e-02 -1.442054414158375764e-01
9.673277348888897897e-02 -5.869229318614899160e-02
4.632851159191087032e-02 -3.532310841260717371e-01
-2.186037911951417279e-01 -6.032336111060732087e-02
-2.502036229802229172e-01 -8.774302688384016946e-02
3.742544431731986698e-01 -7.870428002919049870e-02
2.840301257855406547e-01 -5.930927657331730440e-02
5.953295330207852842e-02 2.597794435999101204e-02
3.664000379087944959e-01 -7.747266891854243109e-02
-5.492498052487537752e-02 -6.755688508450519159e-02
-3.348495258705552757e-01 -8.198992256537107615e-02
2.277612951565437527e-01 -6.117123384328981839e-02
2.060213004817612603e-02 -7.092884392759057910e-02
5.685345248793605144e-02 2.780298973019568187e-01
3.143350848122127283e-01 -6.312277715820868718e-02
4.247430983376487834e-02 -4.521751787705774461e-02
3.272812117855915526e-01 -6.632061746472428521e-02
1.349278748628088831e-01 -6.079282274961628207e-02
3.234882218322410186e-02 -1.583142220145190571e-01
2.615011029285002619e-01 -6.988329949733407265e-02
5.618541127873200036e-02 -2.749165389126948522e-01
4.773950658660076618e-01 -7.765961094805362563e-02
5.466398426383145548e-02 -2.888333999932912732e-02
-4.001704158436004688e-01 -5.883002521655256167e-02
4.277244526273027425e-02 1.311676072191596543e-01
6.131702355639889745e-02 2.796219268381586742e-01
6.242487353028902675e-02 -4.566185343249871131e-01
5.294408406365502806e-02 2.923871344230024594e-01
-1.150335812039613437e-01 -7.715613731656412178e-02
5.109363382951770394e-02 -4.782473611151816240e-01
4.473730414551568835e-02 -4.937865346828486102e-01
3.074999924290811038e-01 -7.236602822084003961e-02
1.610329858848161821e-01 -7.658474552934579904e-02
6.935488503710007802e-02 -7.421678661826136558e-02
3.916110876452627565e-02 4.294035168382007717e-01
5.158588807398278853e-02 -4.447635864467033295e-01
-3.557795311776774660e-01 -7.514867875848774137e-02
1.354085669363298550e-01 -8.666698097678593449e-02
-2.402832397064462722e-01 -5.808129742501766390e-02
4.877504921721376174e-01 -5.849985334957563676e-02
-1.461321536637091301e-01 -6.316541986347412596e-02
5.406444705320190280e-02 -2.017984560642416270e-01
-3.398748822554337190e-01 -8.524414257781498527e-02
-2.943715293310188441e-01 -8.331697749362998451e-02
4.878993531998965238e-02 3.573062668275150955e-01
5.629011499195868407e-02 2.729941108524917004e-01
5.701607484718229646e-02 1.460415060472217696e-01
4.645527249025683814e-01 -8.034723871855953270e-02
4.467312945112111855e-02 4.120547843376733965e-01
-5.880535639164907735e-03 -9.262945865372396170e-02
2.151523137407886921e-01 -8.847254119873482203e-02
3.583602923603538271e-01 -8.257956671595689802e-02
6.308890819506574044e-02 4.559390910678347009e-01
2.419422613607473682e-01 -9.066560051480099247e-02
1.214980305435506835e-01 -8.922463261887936259e-02
4.322298178282024672e-02 -4.768106040902480025e-01
3.776478426284984868e-01 -7.101019554614451668e-02
6.364897638252031697e-02 2.407665302959390852e-01
-6.063857783074755314e-02 -6.185801913182953360e-02
5.015965379968434501e-02 4.877538849149973821e-01
-4.192536165728172337e-01 -9.089993639072579956e-02
5.488862764259827554e-02 -1.218988500311251055e-01
5.305206128288020295e-02 3.448309804130228473e-01
-4.127635934643415494e-01 -5.838947844398012510e-02
1.939631132444076256e-01 -5.832844910219059376e-02
3.476848381565936785e-01 -8.270919816978195005e-02
5.434859230522293139e-02 -1.999827581858122372e-01
3.568205299256177465e-02 -4.943629413725959543e-01
-2.522058541277538701e-02 -9.015572114908654289e-02
-4.123900767474322215e-01 -8.123205083129658721e-02
3.190272244261771473e-02 3.578833364777261883e-01
3.398154817408127748e-02 -1.730775711904887215e-01
1.874657415034862717e-01 -8.256747434081235237e-02
1.638605051963915038e-02 -7.507498806148849013e-02
3.424185793621193907e-01 -7.539891151233146793e-02
3.600611357465666185e-02 -1.985781103376987877e-01
3.923917820350864005e-02 3.199763969542001041e-01
6.382246128640911564e-02 -3.879526037282978734e-01
-4.851550690779435904e-01 -6.231406342677547894e-02
5.160399403455107059e-02 2.994984109170706343e-01
5.942898148280073567e-02 -3.840982180499757925e-01
-4.422050851053481724e-01 -6.147595686437989926e-02
4.065870080210498561e-02 -2.242910990611106659e-01
3.586461659898627641e-01 -9.005309554772944480e-02
3.339301129530691803e-02 2.483269186601273493e-01
4.883676546039605881e-02 2.931456655338855466e-01
9.169845740808912904e-02 -7.188919787407355155e-02
-5.362702786405515454e-02 -6.412400773739324045e-02
4.221700522397997535e-02 -3.542687041625274258e-01
6.274249702102918658e-02 4.184709773321195758e-01
5.225136689092046982e-02 1.112738431406256057e-01
-3.163095171788462556e-01 -8.295286743510388305e-02
3.296153697959969264e-02 4.179536197059025016e-01
-4.467916106421335742e-01 -7.420412607273541017e-02
3.918920112128743138e-02 -2.524364623527894924e-01
-4.180304550917220974e-01 -8.752277205824043893e-02
3.822440476298738510e-02 -6.139168298805341983e-02
4.904241501863859654e-02 -9.998570392764827286e-02
1.955188969599737092e-01 -8.106642201787539470e-02
9.740394737288848859e-02 -7.457983737324036522e-02
5.333449174163273909e-02 1.056510227665869994e-01
5.981436475429657840e-02 -3.032430151668483731e-01
-3.180005575262798700e-01 -6.935416416371364967e-02
6.296451286482118714e-02 3.577930670498415955e-01
3.785679281987341938e-02 -2.508961735591971332e-01
4.605075570327465950e-02 4.806278144799086549e-01
6.298519671556390698e-02 3.694898044055476838e-01
9.170859892929050794e-02 -8.576882788295303595e-02
3.260216952465461171e-01 -9.069943774801858538e-02
4.980294834287923855e-02 -2.765944704055334213e-03
4.107245652169190242e-01 -7.708534442609615844e-02
-4.362769438471315597e-01 -8.837653517798449432e-02
3.785340726082586649e-02 -4.360638434678992814e-01
-2.413068007439806983e-01 -5.682982817281645449e-02
2.116413949845108444e-02 -6.816365616554997953e-02
3.850349488945326026e-02 1.324417540515158143e-01
5.094670399293466101e-02 1.909321922675668581e-01
-4.545542437287993787e-01 -7.781625223496180244e-02
4.531913643949025960e-02 -3.316334336892580170e-01
5.467193812682757947e-02 2.127228781078926989e-02
1.425153893596615706e-01 -5.741028489040300720e-02
4.091398609314822465e-02 1.079018842095950115e-01
-7.705222424687141469e-02 -7.712252558986432138e-02
-2.220561837619250412e-02 -8.745310515582682687e-02
-2.483683309178927878e-01 -9.089320300989178758e-02
4.847677479357925812e-02 -1.738065944533567775e-01
4.844890395786227710e-02 -4.174532038579980009e-01
5.371669691212521691e-02 1.230398762961553150e-01
4.257991911317116074e-02 -1.413792581600981091e-02
5.124397625086707375e-02 2.703349901640554886e-01
-1.849670444446723794e-01 -9.147503692979042089e-02
5.790963799490156383e-02 3.994779425212248158e-01
2.473731766463833637e-01 -8.241745731293770305e-02
3.711311709661990754e-02 -2.038406962588309446e-01
3.960951131806322856e-02 1.215261841533831211e-01
8.994229448484469813e-02 -8.937285782870396655e-02
3.219270140656438350e-01 -8.081608440303122975e-02
-1.816595738842603502e-01 -6.771125022621571343e-02
5.602780728296230528e-02 -4.806341767000045229e-01
4.469788229889271047e-02 3.386838430738263739e-01
-7.435734796615289799e-02 -6.440736938303925907e-02
1.463524390827539712e-01 -8.414990949652523256e-02
3.987312860055303165e-02 1.542709850279470052e-01
-1.091861780461521603e-01 -6.838066279542032166e-02
-3.587467640313879436e-02 -6.858741112142774377e-02
-3.580730656241827292e-01 -8.753667141075527347e-02
-3.054325334648908541e-01 -7.397403266726021442e-02
4.382737037193714658e-01 -6.336886298421073871e-02
6.183244761708583948e-02 -4.869194580455395993e-01
-3.939900775345148709e-01 -8.792999597292161518e-02
4.320008694855047571e-01 -5.995166059202616804e-02
1.275434362954945833e-01 -8.810802844483189844e-02
6.098084758682842388e-02 -3.912049426796926355e-02
1.967510609116448483e-01 -9.268872278284034927e-02
-2.160128343924069272e-01 -6.118959743316210176e-02
2.527130037157939713e-01 -9.293431005686969559e-02
4.036972651532155787e-02 -3.966980915665290208e-01
4.215957017697569142e-02 -1.604098815229766384e-01
4.073179368932089428e-02 3.713505351276001898e-01
4.072139015822706654e-02 3.092915375164999592e-01
-3.760061845938772462e-01 -7.377868545087906682e-02
2.432474835571772909e-01 -8.255637325184406183e-02
6.094073238874264664e-02 -6.482442335812688139e-02
3.749726095466976439e-01 -8.996796338027679418e-02
3.412893114760096047e-02 -4.392949851992171695e-01
-3.285841309136572352e-01 -8.156891839652236076e-02
3.518666292946492913e-02 1.377385165409253931e-01
1.938586666001298475e-01 -8.765335887942360404e-02
3.510391448075056431e-02 -2.781154944138869434e-01
4.032004458059013086e-02 4.840052121055852252e-01
-2.952497652802712480e-01 -5.883024575412743040e-02
5.790361548634692657e-02 -4.739969986818277636e-01
5.268198545732405425e-02 -1.243090673995431716e-01
4.486806183117916236e-01 -7.898264797122112046e-02
4.718755735213386870e-02 -9.919596892584847669e-02
-1.987899590795004778e-01 -8.451982480242614670e-02
5.499841740096345077e-02 4.753744292663646398e-01
8.174429630694191040e-02 -8.777350935590100267e-02
3.787003589037873930e-02 1.364897556075767016e-01
4.806397758697835698e-01 -7.127329530241299782e-02
5.309761519192368606e-02 6.268517122582550893e-02
4.429252799475391633e-01 -6.292406649814319408e-02
3.429124515681043484e-01 -5.678560348541350500e-02
3.959007269856484879e-02 -4.194683318520997517e-02
-2.987298801236850654e-01 -6.207089031113721678e-02
3.725390053238780697e-01 -8.190859510574810542e-02
-2.671493202472122741e-01 -8.857986192891742494e-02
3.681636475584171286e-02 -2.441308273623455927e-01
3.463458856356305127e-02 -2.006948876629310874e-02
3.594867003054236232e-02 -2.368272896017069584e-01
4.422705425038264693e-02 8.856331539546402620e-02
-3.175602851052936604e-01 -9.144348040798444543e-02
5.351639417323184045e-02 -1.052403176043908983e-01
-2.262145407762646832e-01 -7.187889262825297720e-02
4.256754163133877888e-01 -5.775704123979397142e-02
4.937140105682491509e-02 -7.289482684527892609e-02
5.974313968895572646e-02 4.271180974433796962e-01
-1.895057276907715638e-01 -7.027478631160644085e-02
4.523544590870420823e-02 8.523229288387357272e-02
-1.626279216954710227e-01 -6.046901699865137036e-02
3.307946822889427096e-01 -6.251525189626172541e-02
5.317739569520363307e-02 4.258756721401846246e-02
5.240739795843873949e-02 -2.506110908952404737e-01
-3.159666278666438677e-01 -8.903379467327210417e-02
3.502959981915987342e-02 4.267611357119673876e-01
4.443749634525462344e-02 -8.951746720185882467e-02
3.828949364739120398e-02 4.623271645979053490e-01
