-4.537057482914635953e-01 3.952488040686985560e-02
3.900894485436764425e-01 3.475638357390231636e-02
-2.239312308891405756e-01 3.638601088922432947e-02
2.402176966116877921e-01 4.093604850735688139e-02
5.320522141243755332e-02 2.260210912390092641e-01
6.391285239445421151e-02 1.953997760165520070e-01
1.818866179041480624e-01 5.871616648785360493e-02
3.057798862767655557e-01 3.233246478447560079e-02
2.953658396385409057e-01 4.073608282885354814e-02
5.210341890386072095e-02 4.299952503232864487e-01
3.020083328719478377e-01 6.427996454576323515e-02
6.199437412744102094e-02 1.083473856967320792e-02
6.821733431788101765e-02 1.961573564907950207e-01
-4.507656266726942640e-01 5.988653301856949884e-02
8.693117979951725527e-02 -6.985927972711525324e-02
8.098280987296246902e-02 -1.381078391867621713e-01
9.070623513147324513e-02 4.070624461774130509e-02
2.170502738672785981e-01 6.073463185820526800e-02
7.115286585080327075e-02 4.828944642776089591e-01
-2.835461472997863330e-01 3.559681988091711879e-02
1.030458499862719757e-01 3.554262675220920542e-02
8.371874933884237979e-02 3.255879670356998101e-02
-3.366805407887468737e-01 3.706741036200911221e-02
8.769087208600978567e-02 -1.370938876221093894e-01
7.204714055841032749e-02 3.341908363748420374e-01
5.167005965416116009e-02 2.215763197659339490e-01
7.258653208371712573e-02 -4.085240958885140161e-01
9.134502296339652716e-02 4.618579647218457040e-02
-1.416598955509795754e-02 6.003134487144634601e-02
-2.985495059122591499e-01 5.365757711401075714e-02
-9.857101198697026945e-02 6.349075570212947550e-02
8.314655319020680668e-02 -2.969963147912868529e-02
7.830236148042879485e-02 -1.346817245934956997e-01
-4.247967809479442636e-01 4.522617159645891949e-02
8.567910786379473453e-02 1.773343623351072429e-01
4.334113382495523581e-01 4.013485267374428123e-02
8.520237688846321600e-02 2.958597753512517414e-01
7.339535615957426540e-02 4.717191923070646054e-01
9.442563750944765744e-02 6.143853237218732666e-02
-4.763766118641447056e-01 6.344831823869856446e-02
-3.238482558486240892e-01 6.398024574664495923e-02
7.807621552658394748e-02 -1.511492949792415663e-01
7.222990698245934649e-02 2.192762873789884104e-01
8.390704656676351014e-02 -2.515848743293697121e-01
4.188597770646260710e-01 5.935132661374009633e-02
7.254265692222794382e-02 4.786266199553022016e-01
6.115023877647607353e-02 -4.108532197741167069e-01
8.892250632103837482e-02 4.236370245570020288e-02
6.406631762763459470e-02 2.686306080102313087e-01
-3.885106339039888779e-01 3.671355513022112049e-02
8.087491183765127545e-02 1.217361910326826280e-01
6.606647401452436785e-02 2.563266168897904151e-05
-4.659367020587550368e-01 6.429885125172518645e-02
2.998447246473516792e-01 4.231872135951719738e-02
7.174216941843492013e-02 4.622617920200696728e-01
5.774518323839172851e-02 -2.880237656204173158e-01
6.174205111697106396e-02 4.120829233143246118e-01
6.237972724619500475e-02 9.706797035766334680e-02
8.372016099696244495e-02 2.092626147749835352e-01
7.372651173231736799e-02 3.495931351443460899e-01
6.778466767173019214e-02 2.963452266156061388e-01
-3.636006762498884548e-01 5.202906480332969430e-02
6.928627596364078656e-02 1.348862332959678278e-01
1.708934102067021232e-01 4.255999942417465487e-02
7.207123604381127091e-02 3.713232804415345090e-01
8.187015954799059525e-02 4.747060133035145846e-01
-3.798976718085153026e-01 4.047462746840191361e-02
6.898970340161603154e-02 1.254512522659784191e-01
5.511575461912143759e-02 -4.993582226498896048e-01
3.660759898838250592e-01 3.354258396098330763e-02
6.644459426764670607e-02 -1.484704945242520946e-01
-7.745658768914420733e-03 6.481941315935646486e-02
6.356044411976435882e-02 -1.230974797546049437e-01
-9.732390242872779318e-02 4.397154095104061078e-02
6.041347520790596448e-02 -1.512252338266122376e-01
-1.426011914445057815e-01 3.460005286855649675e-02
-4.463483749149821378e-02 4.327535229459011923e-02
7.668800319631052798e-02 -1.336760593760365490e-01
4.234770445633146974e-01 5.761647160068561480e-02
5.558498781003295974e-02 -1.720738216215413896e-01
7.145199138498847802e-02 2.228657883022634456e-01
3.609622380588869417e-01 5.918269473805259917e-02
7.101681967630235626e-02 -9.709569626547132071e-02
3.801936796275687813e-01 4.271529009299501745e-02
-2.650678924379989976e-02 5.636669929617432739e-02
5.925766413263733323e-02 -1.549174525347226661e-01
3.219272897077700701e-01 4.062614621594828890e-02
7.830237765629810553e-02 -4.926142974188243429e-01
-1.598685882884293141e-01 4.170793734554445464e-02
-4.297602108969467150e-02 6.092935278200251048e-02
4.110325121021828343e-01 5.699613694873129077e-02
6.191436280607243159e-02 4.929356797537414181e-01
8.406186977967056162e-02 2.662691867720636818e-01
-2.830893671888056184e-01 6.009144196548354966e-02
1.743729935636859629e-01 6.208420763382016538e-02
1.200506276133824768e-01 4.749307452062345725e-02
-1.297135560919071562e-02 3.716734498944740395e-02
8.421332467387954157e-02 1.863561350467232147e-01
-4.625736053163591599e-01 3.389392546727909572e-02
3.015751995705573396e-02 5.673497814070727063e-02
4.871256763208462459e-01 4.403752900702884165e-02
1.947936097004532296e-02 5.328358585492409816e-02
-4.654576317996002022e-01 3.834605474685803816e-02
7.511042062541106734e-02 -2.113648242176663361e-01
3.237786135398862397e-01 4.518782214426386723e-02
7.285422967161425678e-02 -4.177424354372970550e-01
6.205629230534781549e-02 1.932310877384245673e-01
8.739317214541486578e-02 -1.856385727206742997e-01
6.490280782274204796e-02 -4.597769831436996357e-01
7.826064787836639614e-02 2.789093914037866773e-01
8.000155993662394494e-02 4.934910392803332213e-01
7.322163939357906326e-02 -7.017525445685768304e-02
-1.016687964275047040e-01 6.291314539843151366e-02
-2.243510283378635783e-02 4.826062138668407719e-02
3.890047546866635120e-01 6.243167852407671692e-02
-4.550867932675801697e-01 6.277275242486135554e-02
2.341934687226542300e-01 5.811213468063525234e-02
2.338165216772492006e-02 4.009322000585713308e-02
2.403182864645951877e-01 4.162458792825096676e-02
7.899328856950704747e-02 -4.096135345249314330e-01
5.966333157101755269e-02 -2.218197551893181796e-01
8.272577184519780413e-02 3.332769329761656740e-01
4.999035946114229745e-01 5.679112581769119039e-02
4.549589649401336588e-01 4.442790246387706699e-02
1.510935523280554360e-01 6.450274823207902131e-02
5.643140893594267293e-02 4.443889609700015786e-01
-9.057055027694971283e-02 5.097350254615906628e-02
6.211403975616669459e-02 -2.246527571768217602e-01
2.236952497637402226e-01 3.885406328521723296e-02
4.345618904399654037e-01 3.595606018020003347e-02
6.875866926935092494e-02 -4.265210808951369614e-04
1.049308177855878821e-01 3.710175596702314227e-02
4.664480064558567118e-01 5.276772693523879010e-02
6.026188158726286659e-02 -4.265395247930253708e-01
-3.028197304327672201e-01 5.349570416732252198e-02
7.861487768983088653e-02 -3.991930256628685170e-01
6.208473460558694423e-02 -2.098918674007114182e-01
3.151230107461752139e-01 4.027724711130631352e-02
8.421399570848153715e-02 3.599343428304848658e-01
-7.481324267983668896e-02 4.657570280590994649e-02
-4.289156450125538589e-01 5.836996145516282208e-02
-6.406860674647651965e-02 5.334750862087533907e-02
7.338955861155560534e-02 -3.645972349360759868e-02
3.220488082454239231e-01 3.394344094353229924e-02
8.230135529058213439e-02 3.022466989026603157e-01
5.273387410047847279e-02 -2.307005961978154662e-01
5.880607305317964162e-02 3.788114552451772310e-01
8.763673237935587501e-02 3.932719377426654450e-01
8.220220707996894749e-02 -4.110030869828588118e-01
7.571019923749233715e-02 -4.304345986798518986e-01
8.559671587494410705e-02 -4.372764385562754041e-01
5.717293939830547789e-02 1.019850543903287887e-01
7.072997295016314467e-02 5.311046511289552186e-03
1.927965826956300477e-01 3.208889836025352604e-02
6.260547070703226247e-02 4.212166232534132471e-01
6.910750577102264813e-02 -4.731899448803612573e-01
5.413392799421268275e-02 1.000510848065047087e-01
5.995603503284807623e-02 -3.585739605514197681e-01
6.774222192193890546e-02 2.495469271109359566e-01
-9.884527174660440174e-02 6.313946094930256159e-02
6.724912890482215300e-02 1.242061267809857483e-01
-9.294546425449445870e-02 5.557034112844705387e-02
7.326564359970966223e-02 2.241750235183250783e-01
3.626406920746281237e-01 4.824061743348684317e-02
1.431436127435206096e-01 6.040559124355149301e-02
5.438309679815855890e-02 -2.574419475905735943e-01
2.425960119273448123e-01 3.244689168240444399e-02
6.722744361759214193e-02 -2.426554918858518928e-01
4.186699512696654413e-01 3.997904156851084245e-02
8.719241536590960351e-02 2.201495217299531681e-02
1.465844418129631510e-01 5.305599064256139030e-02
7.473026922814129946e-02 -3.756076598640212261e-02
6.705892277379421618e-02 2.647068581347433724e-02
5.564774084814605448e-02 -3.232285553356400998e-01
7.193008644104981197e-02 4.943010589420271383e-02
9.148742196115300374e-02 3.584030132357973741e-02
2.495776864874692524e-01 5.068524163267573712e-02
6.709895838136104018e-02 -2.741807548255430493e-01
-5.696700165748336264e-02 5.403339371676008085e-02
-4.828147442572708892e-01 6.049177638944247537e-02
7.800049806955344778e-02 -8.544683799823027393e-02
5.625676765710330152e-02 -1.206763174322285082e-01
4.917229076996726400e-01 5.869074870397938959e-02
-3.764505257354823220e-01 5.037220489260330059e-02
4.447735379753683382e-01 3.334641071814170576e-02
5.631917325507085348e-02 2.405305480553107111e-01
7.115951714419788132e-02 2.146549950180959287e-01
-1.606284497213903428e-01 4.026287978338660700e-02
2.133155472564923771e-01 3.223069204519046771e-02
6.561392506140284464e-02 3.024679806344412469e-01
-2.612192088190671280e-01 3.472061259807524003e-02
-8.800423349877695145e-02 5.461534244721255593e-02
7.622827426853528987e-02 3.321993814485366681e-01
-1.887440783592773119e-01 3.938694997440539414e-02
-2.784367486012402360e-01 4.142725800623814347e-02
6.875560171814987243e-02 -4.943819395158861596e-01
5.787121260858418825e-02 9.786163387969726291e-02
7.084540008891937468e-02 -4.552361813078520392e-02
6.172488622007732406e-02 -3.150790041448392476e-02
6.666605629683775014e-02 7.134546690415166648e-02
7.275242343366394859e-02 -2.548829953043648677e-01
5.858369836764720784e-02 -3.300522419841240840e-01
1.982644100814934252e-01 3.845988251773668765e-02
-1.155359266414468511e-01 6.326046894964354461e-02
8.269017620015683967e-02 1.773027216410530960e-01
-8.448235052612007578e-02 5.408162032344465686e-02
7.632813062475030108e-02 1.085971180639807576e-01
-1.896834662931714544e-01 5.274782520921494910e-02
8.781257213620352609e-02 2.765643533381551000e-01
-3.576674766658365368e-01 5.238566899566154955e-02
6.426442488320749380e-02 -3.675918771089936588e-01
5.960562824512294355e-02 6.659222138613918318e-02
-2.029211454386994351e-01 4.037055043447346225e-02
2.469811199202338603e-01 6.121791795489850418e-02
8.717369173063527210e-02 -4.712672261480421732e-02
3.032988149740534212e-01 5.435357479131464054e-02
-4.565711316335063774e-02 5.739399450586690765e-02
7.676200634836860548e-02 2.909538678268919210e-02
5.151239777156035871e-02 8.929891346234630767e-02
7.457805098795455834e-03 4.338103871538756540e-02
4.551165156720707872e-01 5.970531417411606423e-02
6.626285107879581471e-02 -2.150132540346572085e-02
-1.393845474585154731e-01 6.283979953762697246e-02
8.327787550284637685e-02 2.158251421763960343e-01
6.601401596033684704e-02 -2.254999660677035056e-01
5.376475449174811239e-02 3.563292930955502813e-01
7.453350296718408430e-02 -4.579878656942590887e-01
2.544337468424804349e-01 6.472802590944715107e-02
4.891384360535182552e-01 4.359127940992824080e-02
6.444692840916554921e-02 -4.267921636774248961e-01
6.821099240981165490e-02 -2.546561961605203761e-01
8.286736229142910304e-02 3.665427129410224749e-01
-2.736162325816859919e-01 3.898097702094405204e-02
8.698000901099944837e-02 -3.673144587227039626e-02
2.424734250324495077e-01 4.575461019970639143e-02
-2.947632229163971163e-01 4.157794753005128463e-02
-3.443196577801671543e-01 4.854755197014959389e-02
7.806856624528635269e-02 -4.633272089343500877e-01
8.731509865286257721e-02 3.763749545780810113e-01
-2.914058163032663407e-01 5.599827404730395308e-02
7.604989870046496847e-02 -4.384976281630592609e-02
3.514891841447403964e-01 5.594451036663961041e-02
5.806014614860222078e-02 -1.078479921988083623e-01
5.628028236250914862e-02 3.143123244234256042e-01
6.455366776378879123e-02 3.423963913786786106e-01
7.141162760455277425e-02 2.010271172012263463e-01
7.151034776847620122e-02 1.320210360930204052e-01
5.245342495178340059e-02 -3.541861686449828683e-01
6.039341482554649865e-02 4.027723456001987001e-01
4.480529741610091987e-01 3.941730558967238007e-02
8.236573682818715270e-02 3.791598319836353426e-01
-2.881229115761345660e-01 6.229024284244411014e-02
-4.646682952178315951e-02 6.036103438209683425e-02
2.073690245605592786e-01 5.265826820393637586e-02
7.020293976311098305e-02 -1.459328368051560076e-02
7.320824091515731880e-02 -3.690774776740364249e-01
5.616506696719369973e-02 -4.765889818145618850e-02
5.397078717405767723e-02 2.162005190236493402e-01
-3.703165055082260348e-01 5.335185486399962596e-02
-3.620323886013364634e-01 4.855164473370643385e-02
-1.272282804994619987e-01 3.496477353251237208e-02
-4.319916558033024545e-01 3.239738044658935223e-02
1.789297874912547659e-01 5.207812341480677620e-02
6.394032370872204663e-02 3.679453333009919946e-01
5.919680936664895032e-02 2.534715722284827111e-01
3.027446826610153963e-01 5.674476681151596758e-02
5.775319271587986414e-02 -3.265794687798195817e-02
6.964098309151878219e-02 -8.846079892547953349e-02
7.083229065586649220e-02 -2.068583090899059895e-01
7.217490506293133823e-02 3.642924653508323729e-01
6.722459522951518274e-02 -4.123276781666855850e-01
6.855207448878286591e-02 -9.642567166547943991e-02
-1.961744142442292116e-01 3.407125476628414251e-02
4.519361133185403334e-01 4.110425432326614281e-02
3.762993706475921130e-01 4.296243324105675221e-02
4.403666980066108794e-01 3.292111698512090179e-02
-2.218491734493495127e-01 3.189759921038570756e-02
-4.956827700566350803e-01 3.585029831351727037e-02
3.939694259863917303e-01 5.105733346969021369e-02
-1.604515027035616770e-01 6.062725756573050795e-02
3.722648753817255907e-01 4.463066743097687805e-02
4.826539383909644876e-01 5.967799146194996407e-02
7.717432169173032985e-02 -1.747288816545871093e-01
6.643314278690148900e-02 2.167566597487451396e-01
-2.948960044273088998e-01 6.467704692290143775e-02
7.478893588542123716e-02 -3.700452979768208417e-01
9.952139394797365757e-02 5.824174891633360218e-02
-1.729311034693556959e-01 4.408547778268667727e-02
5.264899906616071767e-02 5.349055579493922075e-02
6.994507287017959207e-02 1.248024097284414768e-01
2.592129168104140291e-02 4.572730728641705156e-02
5.169435113421383399e-02 2.452969128428332812e-01
1.593347500296978803e-01 4.998808489164974223e-02
1.793810825389706709e-01 3.358167633636910399e-02
-1.133787621905830711e-01 5.806160536522242399e-02
4.695835528977424511e-01 5.137847543483387014e-02
2.332014563863861190e-01 4.241234699632334681e-02
6.612232964077702224e-02 -1.563092997742078216e-01
-1.093831983018541676e-01 6.476216325615513636e-02
8.164540077925341865e-02 4.608021097692233115e-01
-2.445620135348898216e-01 5.602118831460234372e-02
-1.567066160956693821e-01 5.875455475787150217e-02
1.635724267140765686e-01 4.295899590898588638e-02
-3.494080468968777664e-01 5.560811055959413718e-02
2.633932521316251218e-01 6.316445834260997483e-02
-8.610703412275289015e-02 3.434523099010255986e-02
2.656048435392638352e-01 6.132196007246171199e-02
6.870776235697806378e-02 -1.247130817310739825e-01
7.308637101779769107e-02 4.352767803272873381e-01
2.448728475120378612e-01 3.821136844944628130e-02
5.313260068170022610e-02 -2.002863007466445522e-01
7.853760652054497804e-02 -3.715351311260804978e-01
5.439553616008729886e-02 1.147130315922271215e-01
-3.921969002991211317e-01 6.095259031202260314e-02
-4.364004171404796129e-01 4.460926949316756929e-02
6.957114030922717518e-02 4.101346725033067075e-01
-8.503013648163082472e-02 4.248864306293875792e-02
8.061070501580180903e-02 3.273276705386107821e-02
6.962622171919208292e-02 -1.861740774611815308e-01
2.394991829294196295e-01 5.118087590309461365e-02
3.451387348094114849e-01 6.416647480125814429e-02
7.148067215938835872e-02 2.225274698823891395e-01
5.596812203078738168e-02 -2.058813153957506081e-02
8.298031570560937542e-02 -2.354753611884065068e-01
2.299410837106474759e-02 4.876761635610671330e-02
7.006849387636571169e-02 1.727744537727925467e-01
