4.932916352069061094e-02 -2.972535642383852261e-01
1.636307256203106686e-02 1.225717337077603108e-02
5.117831806833361696e-02 -2.787495925947343078e-01
6.929405167143853905e-02 2.709047131948263409e-01
-3.671656756281682643e-01 5.458503852879492690e-03
6.578895545067797723e-02 2.748771301163898118e-01
2.351589439766853529e-01 3.273707927413327390e-02
6.996503394575781520e-02 -3.030049343437393183e-01
4.780921274366833895e-02 1.935696023844437619e-01
7.252640490484063562e-02 -2.822343163851603887e-02
9.343969505012250654e-02 3.154250002340575065e-02
1.232534696665514851e-01 1.466532152870647643e-02
-3.771516073727587681e-01 1.691826235224358488e-02
-1.342625970456858830e-01 1.350796300078227485e-02
4.678406270843638026e-02 -3.063083900613212673e-01
4.883418867283395581e-01 2.046113819880701623e-02
6.433989237096382485e-02 3.651773057892648833e-02
-1.190793022710791016e-01 2.331350772879248190e-02
3.751289931519176113e-01 2.235597677576262043e-02
-4.152256434960144293e-02 2.778250491354017360e-02
-2.907785109422431624e-01 2.668657229504389772e-02
4.000699650471997160e-01 1.446114343620419351e-02
5.681230120255176264e-02 -2.447056958503692758e-01
7.108253069360359611e-03 1.522189655849404133e-02
5.601019808360507835e-02 2.946669732547286813e-01
5.501527579757137243e-02 4.566115915530343239e-01
-1.200072637567176637e-01 2.068792362521476580e-02
6.206013281014266525e-02 4.541649627582190485e-01
6.763094529955959722e-02 -2.185736225897950691e-01
6.942683152745354747e-02 -2.196510505929849533e-02
6.373486079930268389e-02 -1.234114364998982749e-01
3.337270891665038430e-01 9.124601006869625941e-03
7.298567884353290847e-02 -1.497083164159531687e-01
3.555323966498351584e-01 1.134299402904603848e-02
7.436168013707145086e-02 -3.357410206034996403e-01
3.515868197908511572e-02 2.221500021244204870e-02
5.799013912368056189e-02 -1.593715797630541608e-01
2.912224702029105883e-01 1.568750267061536086e-02
-1.907281240548707180e-01 2.348684756078944780e-02
-3.854461024822435355e-01 3.372009952349719342e-02
7.860711180755142191e-02 1.376471864385586663e-01
-3.701360324001550239e-01 1.047620810505178746e-02
5.303849580017072629e-02 -3.226572057844155905e-01
1.789576138819576334e-01 2.976551300513918807e-02
7.480272421560318907e-02 3.143182295125446224e-01
1.047345513634975189e-01 2.140652673526832750e-02
-3.383189243723065953e-01 4.912129761608152734e-03
1.891222125282945310e-01 9.963325795228072934e-03
4.717284773910435103e-02 -3.908811177682065541e-01
3.762884989689245785e-01 2.450378340766734553e-02
8.148358496636665116e-02 -1.792620270526879001e-01
5.351198258408595976e-02 1.486014305681909731e-01
7.135162424521179769e-02 -1.736279184028078904e-01
5.633740602212888859e-02 2.907733259338097787e-01
7.108056253079397813e-02 -1.339165062834758446e-01
-3.443190312644842654e-01 2.725284675154704406e-02
8.055203490235929298e-02 1.369027129504015727e-01
-2.338609477787385593e-01 3.379899666212038412e-02
8.457749998404573422e-02 3.170917065776834853e-02
5.910937293391815839e-02 1.506868485771513111e-01
5.934737891654551234e-02 -3.443446618832191053e-02
8.058211894248923368e-02 -4.889507292809164296e-01
7.962751560815906071e-02 1.923139369160353773e-02
6.932954316579076348e-02 -3.586738230967053687e-01
-4.702851110847291460e-01 1.277798476092051327e-02
1.762513720209887280e-01 3.457387263345657047e-02
8.138435988227421536e-02 3.653272965364384728e-01
7.956599921193474589e-02 4.327654226809488636e-01
6.342800731885944732e-02 -1.464420785984956730e-01
6.732042522290437869e-02 1.728875245270143912e-01
2.859750873909108204e-01 1.584775261048743111e-02
5.870583330349543605e-02 -1.317951537256529804e-01
7.855245770414021056e-02 -1.754052032673077965e-01
5.926204212867536292e-02 1.465204234899849522e-01
6.234497923666570962e-02 8.871381367197161971e-02
1.354225114376284012e-01 1.382470811285052559e-02
8.222349904649839392e-02 -6.939604464144311091e-02
8.197386603746315004e-02 -2.990922734281392659e-01
3.965786812967554420e-01 1.300551939370553356e-02
-1.654497452902914389e-02 1.511542672822019373e-02
-4.538196115535018116e-01 1.042096693232263949e-02
-3.390128270763127505e-01 3.140633380142476838e-02
7.658591899507050105e-02 -4.918844467123015818e-01
7.861942660587684095e-02 -3.406372397450805334e-01
6.510054964046807502e-02 -4.880778734591108003e-01
5.540666140261907291e-02 2.277931735395494206e-01
7.849610285465791204e-02 -1.372639943380488114e-01
7.106251870257251912e-02 -3.510189161897036003e-01
-2.070669955237763871e-01 1.023500724962189690e-02
4.875681237284443803e-01 1.156910866032101470e-02
5.037231972334688113e-02 3.574305694064463523e-01
-2.223263354077702481e-01 2.756857837461357263e-02
7.012288881403738738e-02 -3.572963085463798372e-02
-2.517465119533452977e-01 1.746941065474105770e-02
2.454907335010415581e-01 8.051257466749950353e-03
5.634080563023180499e-02 -1.705419480435794721e-01
6.876716660268922254e-02 -2.807022881067577913e-01
-1.704318302231155879e-02 1.203338020076105686e-02
5.019445733136884691e-02 2.292190188469155343e-01
7.672440854393958176e-02 -1.514444238799518283e-01
7.133062933495759594e-02 -4.659801245735131214e-01
4.800815132508511329e-01 1.055286046925263399e-02
-1.065954396497622580e-01 2.072910839716413101e-02
6.078962448087166237e-02 4.841484889064600061e-01
3.524030943773442948e-01 1.122743497776279575e-02
1.282692353634218296e-01 3.036273426216051785e-02
5.445362152873356454e-02 -3.006101105962889486e-01
8.220267020561999871e-02 -2.798513379380254129e-01
6.232616990146255809e-02 -2.778024079120716694e-01
-1.912590679378139980e-01 2.961421006533315747e-02
1.245101037199463079e-01 7.534692330331993482e-03
7.077442830508506866e-02 -4.633013188790735537e-01
-2.042780240521477886e-01 2.223148832284405074e-02
5.125196857822333918e-02 -3.616899824242459927e-01
-4.488791942230263565e-02 2.753737698765190700e-02
4.171164510028269046e-01 9.971056427734992234e-03
4.789267289039611519e-02 -4.773078536734630672e-01
5.525569569242383405e-02 -3.684912316832581469e-01
5.875243809464469891e-02 4.936760017551109492e-01
-1.698421420808109428e-01 3.027837759109153204e-02
5.727383389202878039e-02 3.791828644548190796e-01
7.507152486955848136e-02 2.254708107444323151e-01
3.017751820551852759e-01 2.726723244531692458e-02
-1.430276482778291003e-01 1.439222325723954476e-02
5.042620181351009645e-02 3.147057712629396375e-01
-1.265246362347115516e-01 3.012251543986665947e-02
6.325093289173511213e-02 4.763153448453079086e-01
2.161168804497392015e-01 3.113686155926720378e-02
5.052102469988417610e-02 5.491950942226708765e-02
2.007763342849817612e-01 2.074155726993154314e-02
7.126530002058306668e-02 -1.275714346163835389e-01
7.534043410366320082e-02 -4.852367203015405250e-01
-6.757300603319693622e-03 1.822718704549364244e-02
4.897744280960170116e-02 3.525336169122784691e-01
-2.173157231585539639e-01 2.665862700135090968e-02
-3.146036658931148366e-01 2.492411073265299315e-02
4.359153491683444015e-01 2.581440035179116688e-02
5.830558614102121506e-02 4.551267761519226518e-01
5.245877659969699902e-02 3.168612035664704063e-01
6.149390677954524875e-02 -2.200984330463279237e-01
5.077281866886573791e-02 1.010837108182077726e-01
7.318724073115379092e-02 -2.087443448816510561e-01
7.668567134480941405e-02 3.901414470823629799e-01
7.631096785252478032e-02 -2.848506677309452506e-01
2.996047795963957538e-01 1.038752046002011653e-02
-2.208633856114445848e-01 1.214109714000577434e-02
6.042468499351261180e-02 -2.334785378829011826e-01
-4.926470765656870698e-01 7.362048683313915376e-03
6.873450018329918532e-02 7.351558397084423380e-02
-7.973873767678629765e-02 3.042083672476769696e-02
8.160098005008686872e-02 -4.386849951333327002e-01
4.693289340340878191e-02 -1.927352802813101507e-01
-6.269054505056592674e-02 6.763952498655023682e-03
1.482482944403797909e-01 3.282721239532104818e-02
3.445782845945393191e-01 9.507560017721461421e-03
7.014922770270048957e-02 -1.687795888255524401e-01
6.618510568855606735e-02 2.924617085396348237e-01
6.844255645082986117e-02 3.099355800255884086e-01
6.357771614185359077e-02 -3.964585505098379148e-01
1.558041684829970519e-01 2.525394735779440403e-02
7.878946277575948898e-02 -4.002377229191023122e-02
4.950313078749650764e-01 2.152229689722084949e-02
-1.679876997063055599e-01 1.859174546837649711e-02
8.857262593602144296e-02 2.470962174560531466e-02
5.410326826784017662e-02 2.275447780430821521e-01
8.031299064639296770e-02 4.782325975110612859e-02
8.011328734176159649e-02 -1.884502431018153512e-01
6.790384160408935443e-02 1.573123525917350385e-01
-2.784502389114976717e-01 2.020879674638675905e-02
6.936370522687895779e-02 -1.000608566450007508e-01
-4.751080657543667041e-01 9.314250649163913209e-03
5.508302894165906238e-02 -1.322068668449249973e-01
-3.030531588141782695e-02 5.636110923566528541e-03
2.374031250073306287e-01 3.129087511716388548e-02
6.069909659563343940e-02 7.883982577099712952e-02
5.529102587445777761e-02 -2.231708452722820368e-01
2.502628546029023182e-01 1.666188095427068028e-02
6.882996221737647247e-02 -1.531509282855691989e-02
5.201530222998640429e-02 1.126157190043032275e-01
5.407346625203524049e-02 -4.459249278386642201e-01
-2.667989840479162433e-01 7.104038215966390624e-03
7.625021667437748008e-02 -4.530884616787536068e-01
5.344249521068411557e-02 1.957375922723322281e-01
5.769195066470100830e-02 -2.576466816315265973e-01
7.329901228951463121e-02 3.958544382604112233e-01
6.464325794278102943e-02 -2.299771820805840417e-02
-4.061832343257573141e-01 2.858250552358254648e-02
-1.479409721156010882e-02 3.467465803776392796e-02
7.568471753508321243e-02 -4.544916511231069656e-01
-4.461445816814113563e-01 9.557186304180231851e-03
-2.895047771011896032e-01 3.283754674375172211e-02
7.597887134942915566e-02 2.653872915987977033e-01
-4.664095668353077651e-01 3.102298910077549987e-02
5.561412316412728263e-02 -1.665575263165830489e-01
4.710786546394332142e-01 5.850693707480258965e-03
6.371877624302169085e-02 -3.745737363171602885e-01
5.707805955373934648e-02 2.989560717848596116e-01
1.699278010602867095e-02 2.320814894384537475e-02
-3.699163664033326970e-01 1.851665296483118173e-02
5.235487213453415833e-02 2.817881854886868931e-01
1.396064150568445683e-01 1.320010341874844340e-02
6.679624191810218381e-02 8.696694721369957470e-02
2.011768438743911647e-01 2.194809365647776289e-02
3.418601964504102142e-01 1.989969377550160345e-02
5.865978333450139193e-02 2.685300430936288230e-01
7.242159018255078795e-02 -1.342926004470245127e-01
6.822986496190019956e-02 9.552900674576492168e-02
4.744462724438747170e-01 1.909724780272969991e-02
6.616464509587172138e-02 -2.574338685853753139e-01
6.395787185335177760e-02 4.895961037395658577e-01
-1.197654773329642763e-01 1.026796832989895769e-02
-2.166460964180880744e-01 1.008923300002217971e-02
7.333030985063504481e-02 -4.325230091432102908e-01
7.687538443140218281e-02 -4.587881422248492047e-01
7.980117251633866982e-02 1.529983217557533415e-01
5.086739547116858606e-02 -4.883032173106134355e-01
-4.482513625688727688e-01 3.411133504965391250e-02
8.025481053778660279e-02 -1.534234757813353056e-01
6.495552090675116297e-02 -8.195907039163718988e-02
7.689336894947862433e-02 4.102712635857164170e-01
6.633792445456565545e-02 -4.068105600444456016e-01
1.269435611175946388e-01 2.395318343004360084e-02
-4.838892562442509426e-01 2.294073088017900552e-02
6.991838711341591406e-02 -4.730170134651313640e-01
6.663250196263104108e-02 2.877034529974471511e-01
-3.663415834183153530e-01 2.962974776532156795e-02
8.004136097046754550e-02 -3.895037238531052770e-01
6.549150716095708535e-02 -2.278378433688662552e-01
5.695351019782768365e-02 3.816609214595140243e-01
7.790429319623337623e-02 -3.254782872276440475e-02
8.190280770059410465e-02 -4.404279720622268357e-01
7.842704342881823276e-02 -3.055303585522917142e-01
3.333744075935577422e-01 1.867227219504852265e-02
-4.289630223545929377e-01 3.207274204696664022e-02
4.665335441232421054e-02 4.606173592831632746e-01
1.484185991180839714e-01 3.088480998995790650e-02
-4.182451029664393527e-01 1.571136830045172239e-02
5.382074445734508217e-02 -1.904534055001221304e-01
-6.866824045250474740e-02 1.740735904595347439e-02
6.133957211031182410e-02 -3.020227533583996760e-02
6.274964009319750069e-02 4.089873887687787146e-01
8.178345104390305487e-02 4.166051933178979150e-01
-4.868527983474326692e-01 9.787702084212535070e-03
4.728519431730215938e-02 -1.832340840163401152e-01
-2.309333747665121006e-02 2.702469607872970414e-02
-6.273946301993627017e-03 2.101128387163975209e-02
5.994224599149677868e-02 -7.225352267826001817e-02
6.250873538330159462e-02 -4.465787528490556824e-01
4.841840412100273383e-01 9.241154476628210546e-03
6.922589543594714900e-02 -2.695909068457805757e-01
8.103585526301770869e-02 -3.275137994071222192e-01
-2.177569167724089372e-01 3.071139456708138482e-02
6.339336917530302706e-02 -4.733117356654463759e-01
5.541083734167928654e-02 -2.968627242994215099e-02
-3.576634501432209845e-01 2.540323371373431893e-02
-3.230912845576568992e-01 2.976679338455046064e-02
2.962869182113592181e-02 1.882454032604330418e-02
1.093718059817716526e-01 3.099423077896268364e-02
5.042730766357428340e-02 5.311752398631752747e-02
6.450369907746367204e-02 -3.296987726113699280e-01
4.903852143627551730e-02 8.371554930820868101e-03
5.474142614463317624e-02 -3.965939540982053035e-01
6.040807845118389974e-02 -1.845049837675025728e-01
4.869482188762941366e-02 -2.363740634093937087e-01
7.362321281305561627e-02 4.528604441886134868e-01
7.592427351425445892e-02 3.208366904349643223e-01
4.050981715080880230e-01 2.299351124307058569e-02
6.598126719252195294e-02 3.864301678377330962e-01
-4.644942215584235701e-02 2.182730496883689142e-02
-2.004862246914863588e-01 1.705242643564397476e-02
-2.066816616321967004e-01 2.611975538099486904e-02
4.115244603483635411e-01 8.180385744912421764e-03
6.079090166513079208e-02 4.159321366602946046e-01
4.947531377784863960e-02 -2.086529906383570721e-01
6.461259789580819923e-02 4.130682526702208479e-01
7.451114894397103949e-02 6.659190530462211211e-02
7.481091232124215118e-02 1.551782070166709548e-01
5.727913703426046332e-02 -1.566567129358008570e-01
3.360284791365936163e-01 2.018466534705676274e-02
8.648207632933901934e-02 1.485509327122103151e-02
7.222493333517732150e-02 -3.376664625744894010e-01
8.173537111027950886e-02 -1.830048501016123819e-01
7.157099799674104812e-02 -2.824823335552341108e-01
3.633138581149231161e-02 1.672948425487252866e-02
7.106417697061118144e-02 1.830574311763826234e-01
3.896971259689726574e-01 2.492795552778293011e-02
5.314953693967072734e-02 -4.231552198965238265e-02
6.710337020931622654e-02 -7.606853319765449761e-02
6.677137263533061695e-02 4.053767105414196603e-01
5.789989085071067798e-02 -1.307390777647730040e-01
2.597609880933723359e-01 1.461165744885450923e-02
5.343895530698594687e-02 -3.966409922318681058e-01
-4.868826615066814689e-01 1.501853707901867896e-02
4.909345147298338485e-02 -1.382767257446750886e-01
-1.273970355884640471e-01 2.231334519131800143e-02
-3.388200573290718332e-01 3.440192948592024624e-02
5.726672373699026597e-02 1.374404111660508798e-01
5.863324873862119091e-02 -2.358335720577895422e-01
2.529399626474586604e-01 3.230385897025511710e-02
7.029089298116175666e-02 1.249838856871805515e-01
2.074301986099643669e-01 3.164416996013019734e-02
6.862692295438088674e-02 9.013544960997110778e-02
5.627230193564303207e-02 -8.323691734271065901e-02
7.885571355485665457e-02 1.060783217781172683e-01
4.799014522169242625e-02 -3.781809094241650460e-02
5.359789580644203077e-02 -1.168320356705931928e-01
3.152530484976411307e-01 6.523143630293160022e-03
8.075737648676528657e-02 -5.102146623805980941e-02
6.013908153323122008e-02 4.552858350778050678e-01
5.471210897472200685e-02 4.200314498969193178e-01
4.943638617188216289e-01 2.546547725959569242e-02
8.122301728501424289e-02 4.686769585504305669e-01
-1.317717867725926029e-01 2.736925339005003011e-02
5.527020372967672568e-02 4.319490486445617394e-01
6.895944313828450412e-02 4.591123514775622416e-01
5.989026238185402029e-02 4.159764619127032104e-01
-2.024542706966906414e-01 2.320921682272980568e-02
8.178591514574051757e-02 2.264920414155119355e-01
3.274895007655300727e-01 1.588151279586114129e-02
6.007386193100605620e-02 -2.638279559532579199e-01
5.221523478813583363e-02 4.692274717584992150e-01
6.388566861272337860e-02 -1.803404761194613570e-01
-1.504606622125064241e-01 3.505548239275169120e-02
4.732464060455010557e-02 1.815648564689599231e-01
6.273841002425351032e-02 -9.781492291751414658e-02
7.212599594154678329e-02 -2.571777636969387881e-01
8.071401007934031480e-02 1.639002531701354570e-01
5.209564467898419871e-02 4.220521315962786346e-01
4.401776477988931235e-01 9.614913449129125489e-03
8.736826091404870098e-02 7.756997325100933871e-03
6.262905676373342612e-02 7.181397399618028032e-02
4.962134578541110841e-02 2.954639056664994934e-01
2.003543854304079552e-02 2.315762397683696072e-02
7.934529547006363703e-02 -1.888307588906124046e-03
-4.723607041378240501e-01 1.620137487863204662e-02
3.008097247705837640e-01 4.808437684736377449e-03
3.802203351255714070e-01 2.727863608239233795e-02
8.138962919100400928e-02 -4.551196299750931429e-01
5.800386984811145563e-02 -2.982065354033371918e-01
9.176828312016804823e-02 3.059345217477227319e-02
5.508932953476308736e-02 -7.079449976327045757e-02
