7.518092866428593979e-02 4.083601326291613764e-01
3.737866984898373657e-01 5.936185440772223654e-02
8.143991957093277279e-02 8.690204016721381208e-04
-3.483794796846126918e-01 5.761526977154129980e-02
-3.136724102782501022e-01 5.937444332407071368e-02
7.819874579219021626e-02 4.483122038325527692e-01
-6.688245264434211634e-02 7.819299950486635620e-02
-3.255734935271316077e-01 5.708106476410912400e-02
-1.506456739612108686e-01 6.056968034729848238e-02
8.079964948561857430e-02 2.626670713429346549e-02
-2.002538107485825059e-01 6.433706137403316649e-02
6.522194233521294571e-02 -2.730216047868250229e-01
8.076479023478377872e-02 -4.604942181904396747e-01
-4.233063991681981220e-01 7.569829578707221174e-02
8.692293740924228462e-02 2.030094427750770425e-01
5.840031607639351030e-02 1.362142312483393125e-01
-2.607118936404695386e-01 5.070688453454252898e-02
3.476939360709526694e-01 4.996512646242223799e-02
8.715922470988579640e-02 -2.035098871921408037e-01
6.252460869662523901e-02 3.217251207953032432e-01
2.350855371515009340e-01 6.769271052218839291e-02
8.139705594798851696e-02 3.680432152160355574e-01
9.046131518775191171e-02 -3.052690455671108749e-01
5.693713926032628603e-02 -2.274132694373010022e-02
6.826089835454252075e-02 4.384714944083312194e-02
6.097889897023367478e-02 -7.110933932216201292e-02
-9.653961177625081103e-02 6.606511793709812785e-02
-1.895586254054096864e-01 6.359754668455253057e-02
-4.957375607868139689e-01 5.128853887199802397e-02
2.563260626306202994e-01 7.114407176790116250e-02
-4.887341901723434301e-01 7.352532355434138189e-02
7.590074787373235488e-02 2.836285480935524239e-01
6.149379306115931865e-02 1.179029161524597358e-01
7.733103178708766734e-02 4.226337184349813203e-01
8.926125280685548447e-02 -4.871530406433438598e-01
1.490018608175609494e-01 4.953251919491663546e-02
-2.480278770031212332e-01 7.520943771093602237e-02
6.137264687976939914e-02 -3.021627537150628484e-02
4.279297310356274808e-01 6.790306266610302011e-02
5.839503791283429113e-02 1.216785666250349562e-01
-2.523806724637008836e-01 6.612231503981569336e-02
-1.001313360071124370e-01 5.150316697248780162e-02
8.487650254347467449e-02 4.391677265574612798e-01
6.816782644830965410e-02 6.974097641535736969e-02
-8.356917114420359116e-02 5.865400148038002470e-02
-2.527209327348417522e-01 4.984490632103499852e-02
4.056948182863864272e-01 7.051498384309873302e-02
8.148061759852698316e-02 -3.297420758862545931e-01
2.377274224162916338e-01 6.078350873548143962e-02
4.306883733162569783e-02 5.634241804604500636e-02
5.476919012625403038e-02 9.139074974311101052e-03
-3.603852236071904969e-01 7.939922896704054711e-02
6.958869303884662738e-02 3.416682250680285193e-01
6.443564388836886536e-02 -7.011949845197829045e-02
8.125210565061513623e-02 2.686913746746222298e-02
1.052751814558905430e-02 6.258927046596596266e-02
4.964198828645339789e-01 5.613616808999533081e-02
7.956956008744664466e-02 4.515068602964666944e-02
7.506922196166476713e-02 -2.265414429179857247e-02
8.461522395135123720e-02 3.516718547632802228e-03
7.727894183012218310e-02 7.019474479552323398e-02
6.905811731583788582e-02 -2.539065295846150150e-01
7.242354498376724070e-02 4.391314224310037817e-01
5.572905629612645573e-02 5.770663653108853985e-03
4.847067514747479544e-01 7.481761627624627931e-02
7.851242148760162465e-02 -7.180709536813734140e-02
-2.051967387888127270e-01 7.572131280697658173e-02
-1.765273813855705587e-02 5.346436529709208685e-02
8.074678308593763454e-02 1.998880768165345323e-01
8.632911808026488831e-02 -2.053931728238399534e-01
6.620215753831248939e-02 2.009049479479273481e-01
3.209628196307807713e-01 8.373115935917252450e-02
7.895407598652304237e-02 -4.056091632108785872e-01
7.666404728208564556e-02 -1.781763128880341496e-01
-1.865302873764640434e-01 6.993622899171580976e-02
-4.726608797356206537e-01 6.169673511830608970e-02
-4.287013205842599151e-01 5.742857586239358270e-02
6.839378468796863952e-02 8.471831804194185356e-02
4.891508444929056898e-01 7.647370442134859836e-02
6.508413080881503276e-02 -3.196874859564805549e-01
6.616174684221276525e-02 6.866319435792389569e-02
-2.040400878757316905e-01 5.414902091261197814e-02
5.667917947650924493e-02 1.460960545274184730e-01
3.940570030063816898e-02 5.528470451237821326e-02
4.093569949157516152e-01 7.356905682771075483e-02
8.215410353265029109e-02 -1.098124814034134866e-01
8.859778839297760555e-02 -2.069375812602176623e-01
-2.401009982397632747e-01 5.460357082484501579e-02
-1.761220741898349429e-01 5.165709020660536055e-02
8.471171538953337077e-02 -4.869934239085806915e-01
8.254792607185834630e-02 1.603721995189555383e-02
9.044386109934021700e-02 3.851618324127924486e-01
7.932793816115779606e-02 -9.802048701315302370e-02
6.606141728724035378e-02 4.962410422062443205e-01
2.515905015948112222e-01 5.158658132994609069e-02
-1.505476817756952190e-01 6.335578341596670437e-02
4.577653074464099747e-01 6.921991944471805880e-02
-3.903187349746863877e-01 7.450023728860555305e-02
6.316481853900879351e-02 1.212403044490351078e-02
8.555814382845194910e-02 4.952027341895458568e-01
6.911969633656278589e-02 -1.531438026101799021e-01
-1.675414004365360920e-01 6.300866728322962462e-02
7.039738792467531425e-02 -9.635768631279884033e-02
-1.515240896864855635e-01 8.327227825877325795e-02
-3.336289793140552185e-01 5.879679651176117350e-02
-3.054332601243574530e-01 5.105206515906224318e-02
8.340289855141491682e-02 3.701112528819088254e-01
-1.199244963295590383e-01 6.544637220213711526e-02
1.076471360288344670e-02 7.214942048856354262e-02
6.757015434188096137e-02 1.633340681710885312e-01
3.740988132483447082e-02 6.638709248800123142e-02
2.261241204766194501e-01 5.986053972529070677e-02
1.546196342302439408e-01 8.145880564816199154e-02
5.823695805800632730e-02 -2.566054507124496675e-01
7.941980758766176152e-03 8.121650428188609272e-02
7.845705108127121186e-02 -4.238090277825753427e-01
6.933181813365218993e-02 -2.536674982576492265e-01
-2.451018815190552091e-01 5.801539039368386330e-02
4.663404706647792386e-01 5.565630013576583490e-02
8.982953627537626495e-02 1.478516996438570263e-01
7.778036113640096616e-02 -1.802717558357258554e-02
6.056484957695251747e-02 -3.930144344295026793e-01
-4.076536096104750317e-01 4.975980522827294639e-02
-3.182611912199377890e-01 6.631699982097016832e-02
7.134411906039284101e-02 -1.640547204674893678e-01
6.260551576140349628e-02 -4.092185088218369682e-01
-3.108749238434036499e-01 8.150486296187009483e-02
-1.116193862208734178e-01 4.947460605540243694e-02
-3.957272964993424624e-01 5.941801176928185324e-02
2.050832967094978754e-01 6.970228701273140093e-02
-1.707229709033224463e-01 6.109380348406223682e-02
6.353853532241682256e-02 -1.934596918248521202e-01
8.312245183977629015e-02 -2.373825469354244877e-01
6.851161320684462375e-02 -9.852858775848283290e-02
1.232434320799723482e-01 6.732584683521569691e-02
-2.218875979512563434e-01 7.690898128804901646e-02
8.472737095947480146e-02 -2.219093633777704522e-01
6.615936657990195702e-02 3.099567617777209128e-01
7.327973938037612989e-02 -4.289362184732583572e-01
7.842583075419407024e-02 7.604292705558401977e-02
5.450761948494131648e-02 -1.219573804149640672e-01
5.206967217187707941e-02 7.647851770839275698e-02
7.115858432469301942e-02 1.872192985441822888e-01
-3.113058226100173798e-01 8.232373428484685007e-02
6.338800942495714796e-02 4.890260977025219225e-01
-4.163228070110868151e-01 6.275006704238506039e-02
8.196865440593614771e-02 -2.590805938178705192e-01
6.594598532182505135e-02 -3.010008552353640177e-01
-1.916873484239616232e-01 5.316646213209930139e-02
2.051696363444355242e-02 7.740647196218575221e-02
6.578534990446638364e-02 -2.790121938144581870e-01
8.692018747573959647e-02 -1.329643055527492956e-01
8.829099045056565398e-02 4.109706908245046586e-01
-4.521201191429538024e-01 7.284787064423270397e-02
-3.984754056213429818e-01 4.944097233555222459e-02
8.300497095295122918e-02 2.016149599243679535e-01
3.537006928677268736e-01 5.219250679113285329e-02
8.413093661651804833e-02 1.241028362797237383e-01
5.525884096062239070e-02 4.318635536658723684e-01
5.972934984058997365e-02 3.784255375276679434e-01
1.284585455958351385e-01 5.526073054843272381e-02
5.458104154770404559e-02 1.932488255585099735e-01
-1.266878798412272022e-01 6.994703234567989369e-02
8.528010203672098388e-02 -5.980703776668472305e-02
5.951520916048336218e-02 2.618383145349206798e-01
9.002218067496514653e-02 3.421748248429880013e-01
2.580698924832433017e-01 5.846973995735760266e-02
-6.246055844888520614e-02 5.634894315563665490e-02
2.868776236528318702e-01 8.377918138360640476e-02
8.371116827030811169e-02 3.603949891745682477e-01
8.605192243237758110e-02 1.982510037409057624e-01
9.007873069911975783e-02 -6.893409281972961988e-02
5.665301537442246627e-02 -1.447209512523096597e-01
-3.693632288162714827e-01 6.961282323450723730e-02
2.853775419694044579e-01 5.368493390052930803e-02
7.522732153633726604e-02 3.514572327592532242e-01
6.686476569961530281e-02 4.940792726103344634e-01
1.877227931716338727e-01 7.740243840537597286e-02
5.654717770736339411e-02 -3.332706473288195026e-01
5.599954993530620317e-02 -2.485799915455868536e-01
8.884957564550477471e-02 -3.327334865071451819e-02
-4.835607239714508898e-01 6.385579727490608981e-02
7.990787311787517222e-02 -1.361214708134974583e-01
8.283556823075521880e-02 2.403034569911347562e-01
-4.764814423738875648e-01 8.303933411700215039e-02
-1.813069996488321234e-01 7.201208140977910510e-02
5.540465055104637493e-02 1.894343171598363851e-01
2.261876998429400709e-01 6.772075053699111447e-02
-1.208070539912109442e-01 5.861936036389525650e-02
-4.546522858801154143e-01 8.285717265204006754e-02
9.275206814452685578e-02 5.617464693014606603e-02
6.793566536537531952e-02 -5.952606085379041900e-02
2.782787055632781614e-01 6.480517568708288323e-02
5.893163628358977224e-02 3.396333340453717708e-01
-1.105053547845635808e-02 6.836669623991886713e-02
8.901914479828021420e-02 -4.014124973013795117e-01
6.230122115874159316e-02 2.658041223571483425e-02
1.943302746709700823e-01 6.478349151159756847e-02
-4.639584516003417702e-01 5.311166548832213508e-02
6.774275973831989095e-02 -3.172244196849893783e-01
7.714839360054093209e-02 -2.914023341869158568e-01
3.313772468371045665e-02 5.087383930053523962e-02
2.526874562829655169e-01 8.164141153392190375e-02
-1.492130099733152138e-01 7.605519203940125372e-02
5.851978841123062214e-02 2.723167252351321732e-02
7.500841483929132636e-02 7.224472629801403922e-02
6.109882705223834698e-02 7.706261773655442848e-02
7.304050603532330488e-02 -1.217580241162474763e-01
8.572841117633744901e-02 4.275954050704672271e-01
-2.655853062562844036e-01 5.912729520208925837e-02
-2.067199568385357233e-01 6.378539148951578586e-02
6.580549199875096456e-02 4.508613803817052013e-01
-3.154497040668786667e-01 7.101985754126971528e-02
-4.199161705389762300e-01 6.554038443149323712e-02
-4.479322150434654759e-01 5.989351434357559345e-02
5.827515230964908088e-02 -4.944721217009185876e-01
7.248808147962981785e-02 1.238695630596501340e-01
-2.682643195554170745e-01 6.415738162847817172e-02
5.471286563800814573e-02 -1.111398642664600533e-01
6.950740468635008273e-02 4.052862197775275455e-02
6.636322404482131176e-02 4.180206535243580213e-02
-2.316699161677877594e-01 7.529901184435272565e-02
5.795172825206518219e-02 1.534878709424867260e-01
3.700377698525700865e-01 6.917033407154882241e-02
3.975571801643601466e-01 8.054473418698515630e-02
7.980840955649770585e-02 -1.407592834293630579e-01
7.289366035976263536e-02 7.132114607954653795e-02
-2.199081916935349268e-01 6.788937338732536908e-02
7.722622420500702134e-02 -3.966184248991910799e-01
2.097543679813834716e-01 7.812140097716413489e-02
-7.124381976313853837e-02 7.496469821395390642e-02
4.098923998086976273e-01 6.114560237384647490e-02
-2.721956857512332073e-01 7.926879768473193977e-02
2.691399884550993438e-02 6.436969289308214215e-02
-1.569671776527881146e-02 5.364508916592425347e-02
4.991447691124387687e-01 5.359996223414120742e-02
-2.231035910788203847e-02 5.363585009483107235e-02
2.111814297891269065e-01 8.192413686325827893e-02
1.057537377148236590e-01 5.655770410227134448e-02
-2.205981581136089442e-01 8.033852171254218799e-02
-4.202195227878358086e-02 6.678044107037006683e-02
4.067575652023907029e-01 4.997892804052461724e-02
5.651789139292806574e-02 7.195365592351232742e-03
3.344301690278587147e-01 5.386775776189234310e-02
1.765413009404090960e-01 5.074061154812936625e-02
8.223523466267934623e-02 -1.066852928307493453e-02
-2.424350510642482304e-01 5.465434895116028091e-02
7.727519886128897397e-02 5.573694813240581691e-02
6.807356524047858404e-02 4.499958507185999323e-01
-1.633926174361195471e-01 6.469510085784302422e-02
9.811829290599249909e-02 4.833658035548915599e-02
-2.968554562892139481e-01 6.675026753631341236e-02
7.663183577647225686e-02 -3.037042080890555162e-01
3.483218617176918608e-01 7.348380945558108390e-02
5.990415899830825452e-02 6.295181134986171934e-02
7.014449633514352467e-02 -3.633004582096711621e-01
-4.066659246495690772e-01 7.653624123774760424e-02
8.799719405227357516e-02 -2.463655806134869009e-01
3.396552553946429187e-01 6.156083581850058106e-02
6.328813692516777056e-02 3.211681975688477353e-01
1.912348584557896913e-01 8.375084318187941967e-02
-1.703337965953167776e-01 8.229317083493958851e-02
2.495051968252685048e-01 5.620638142680933758e-02
8.465860275445247218e-02 2.155076461591456383e-01
4.897552065557166934e-01 7.450408412602704811e-02
8.015017041053063007e-02 4.181365919317234781e-01
1.060384037738876239e-01 8.310427200159775651e-02
2.857623025374882442e-01 5.367357268798278458e-02
1.352193422036741532e-01 6.405613810388888218e-02
4.511674579544079355e-01 6.088139620557253551e-02
7.649902448179468628e-02 -8.196620103115082046e-02
8.024420564776513221e-02 -2.615814757769574506e-02
3.829543818908531794e-02 6.240284807028828595e-02
1.133873247092798131e-03 5.563297503191677595e-02
-2.137848314150023743e-01 7.969145863243243255e-02
8.720197708907195810e-02 1.571597147755665613e-02
8.514107612435117822e-02 1.850260619687400521e-01
-4.026219169681334309e-01 6.024736219664650339e-02
-3.129898261443891938e-01 5.840793139090261210e-02
8.395717629331655996e-02 -7.550407167539241460e-02
8.918524732968124979e-02 1.499446726222106729e-01
2.802760419924621438e-02 5.108683381479495189e-02
4.850447874485784849e-01 6.302614026720820828e-02
-1.436534940126512616e-01 5.888085320689984137e-02
7.395106270685525285e-02 4.677214637696625044e-01
4.120964511504462413e-01 5.409568584039414763e-02
5.450410162800167768e-02 2.910708388223560705e-01
1.304145833573585600e-01 6.286147268656216980e-02
1.877305474226435011e-01 6.244991516016851207e-02
7.330922393406547055e-02 -3.036427972586077662e-01
6.583436439571888066e-02 2.845956809784159214e-01
8.560717493719360860e-02 1.095071607649088508e-01
5.909881221018709052e-02 -1.714327006014747523e-01
8.166911203009918907e-02 3.620877413899747932e-01
6.158938722995466186e-02 -8.898581328290833259e-02
4.598373306878419386e-01 6.582305792292675317e-02
4.751396571823162107e-01 5.961405767037941672e-02
-2.931025040234924717e-01 7.396034402258089280e-02
-4.608303098679671361e-01 7.517054841252213127e-02
6.639722806995584925e-02 -4.745518948169120677e-01
4.917275802354879044e-01 5.335467207702804249e-02
-2.716249166510096291e-01 8.200688691445656708e-02
6.028033769244833806e-02 4.285323422309256225e-01
-2.401651644066704616e-01 5.253368787501311310e-02
7.642299227593885025e-02 1.055021698587328416e-01
-3.893384831315181982e-01 5.732385921937932505e-02
4.223282435738172635e-01 4.835540666281867850e-02
9.102598688374707869e-02 -9.999015477194972412e-02
2.763161258963268141e-01 5.603392037010523907e-02
7.673864816621989160e-02 -3.216992944379527541e-01
5.528856207909560450e-02 6.081893432045415437e-02
-1.188682146998338851e-01 4.919699348622685875e-02
3.568210010119631237e-01 5.279053449821224930e-02
-4.600445556064731711e-01 8.199290368406353391e-02
-4.838265109445522016e-01 6.632107994319491606e-02
6.686782434060256630e-02 2.302710705547154069e-01
6.515936633965357938e-02 -1.405583035018492799e-01
7.231430623360213250e-02 -4.320574779226397100e-01
2.177385343910460680e-01 6.349421347943862148e-02
7.959573300491595838e-02 -3.055061353377964695e-01
1.357150909364763791e-01 7.843164962959547903e-02
9.069005812289954171e-02 -3.554618993388822812e-01
8.983934642956636907e-02 -4.819633367528686207e-02
9.108016242171657062e-02 -3.098069723302844247e-01
2.064712690790917460e-01 6.257990888518605299e-02
3.996835099467211938e-01 6.442300012935076037e-02
-1.350116667979180951e-01 7.893187742393836803e-02
-2.448235915694019216e-01 4.976326107668072041e-02
-2.180139941154616290e-01 7.228239994960805603e-02
5.474467352632317318e-02 -1.980012215734325842e-01
8.850298918917554047e-02 -3.591838006293516239e-01
-3.288407945794532550e-01 6.738555619533481700e-02
8.282889746118482499e-02 -2.174207768311974265e-01
-5.311822926027487402e-02 8.017608932476449901e-02
8.822012214540098096e-02 4.143144883660920819e-01
7.241588718591307483e-02 -7.860777360074400200e-02
7.490227674801386293e-02 -2.515129306234414885e-01
5.873910259681358603e-02 3.112277541526466962e-01
-3.732120189052735570e-01 6.182111679200852361e-02
8.041970248912266861e-02 -1.124740043099718978e-01
1.521705540549403990e-01 7.069089190418564872e-02
7.331235719077211499e-02 3.844680019661554926e-01
5.997193636264785965e-02 1.316857191369789071e-01
3.059349657988212901e-01 5.008921519027087488e-02
2.419960055220204964e-01 6.636361843940818961e-02
5.629824016930295993e-02 3.850122984834210005e-01
3.240904953274925671e-02 5.791696343774355160e-02
5.646233587609505999e-02 3.706663806732035660e-02
4.453283190689764082e-01 5.406689237938577808e-02
6.921602907507429236e-02 -3.862988547825738639e-01
-1.914814296497081569e-01 8.231518051000752401e-02
8.095365252877140261e-02 -2.926274672502926499e-01
2.213885568895195277e-01 5.112649353173992495e-02
-4.669365067763165955e-01 6.799509832443351165e-02
-2.325251669221378714e-01 7.383784974640350551e-02
-3.090449498644401993e-01 7.370270261099542974e-02
6.613769643462508174e-02 -4.579029608487502623e-01
8.688343146925858740e-02 -3.944531744459300882e-03
7.160376010868341190e-02 8.957826253044387510e-02
6.085173844799784959e-02 -2.309358841436621734e-01
6.510959890062451016e-02 -1.973024895061495920e-01
8.480222147608729166e-02 4.475358290634997571e-01
-3.629895868369001910e-01 8.196333588477600074e-02
9.109714559851622706e-02 1.541370152565684215e-01
-4.839581573196379827e-01 6.118941110408193662e-02
7.414043992776742087e-02 2.330611919278359201e-01
-4.717066341170432775e-01 6.516353210187619815e-02
