-2.358325179628422141e-01 1.167276935532615134e-01
-1.933753828594875213e-01 1.339178837490091478e-01
-3.609044356511447171e-01 1.149655399858154903e-01
-3.312428702007124137e-01 1.226594417865373154e-01
-4.899264362483559676e-01 1.398548311055989313e-01
7.431025243148170478e-02 2.335598834438571414e-01
-1.367108324034050915e-01 1.218716409777601539e-01
-1.312665052487916872e-01 1.443559779027576706e-01
-3.136783809039122017e-01 1.213077312401351637e-01
7.478620272230407373e-02 -1.264703843428079955e-01
4.966734428916702582e-01 1.307085072565891126e-01
-1.598853790410336151e-01 1.321096932192132867e-01
7.145463196278856177e-02 1.816078418965793029e-01
-2.571024874861955745e-01 1.249255763403285258e-01
4.901305395921531360e-01 1.044865120231747158e-01
-2.216146654237811653e-01 1.291513182919763469e-01
4.617049751077555442e-01 1.281772248300803163e-01
-1.508464819389754297e-01 1.256504901860543422e-01
9.402954502864580011e-02 -4.452554476551329188e-01
7.718311135327493577e-02 -1.782458622460558750e-02
-8.938866202133843863e-02 1.423343188840127116e-01
3.244547219761394485e-01 1.211173206962145033e-01
4.207923940682359865e-01 1.267221270764672392e-01
8.396244973306210557e-02 -3.006308577853851194e-01
-1.493164975984254683e-01 1.423233236002020563e-01
7.017395851138330531e-02 -2.486841441126887986e-01
-2.259852017187594653e-01 1.035317787907530374e-01
-3.322445135945837347e-01 1.299922665822064172e-01
-3.238485112046034509e-01 1.307221135689395908e-01
1.006159914328823568e-01 -3.331196679251058335e-01
-8.802534841499565221e-02 1.098947578696531924e-01
-3.527237209035056775e-01 1.347185185245012295e-01
8.004115458867411270e-02 3.821394031154369264e-01
7.987236843673739539e-02 -2.473196478749171145e-01
1.596192219377999821e-01 1.140029140698526344e-01
6.974058047524844817e-02 -4.893332490778454780e-01
9.078373439485221130e-02 -1.365881028674682529e-01
9.611424719220817980e-02 3.502812415152734005e-01
-4.643808920102845406e-01 1.251705202575145170e-01
8.374351259921974933e-02 4.200671018310243587e-01
9.043541242114649936e-02 4.843882662834378960e-01
2.829126595897574203e-01 1.397834030717305387e-01
-3.565398394107188729e-03 1.085080582494666324e-01
1.033835326507374086e-01 -2.882199304595909339e-01
7.183197881139302687e-03 1.035329269751863457e-01
4.395223004934927236e-01 1.251030161508439598e-01
8.595692070778260252e-02 -2.100760332321738311e-02
8.011743010554206457e-02 4.283546787890312180e-01
2.013847786344259427e-01 1.355100218068745477e-01
2.261768424741703587e-01 1.164111214987100240e-01
-1.576478509889214230e-01 1.399398472492212608e-01
4.492261774143236908e-01 1.194164248832279007e-01
2.149171003627290411e-01 1.374451207727513946e-01
6.546136815771985695e-02 3.601329328874711688e-01
1.603864855726571115e-01 1.426162523115275249e-01
-2.995709802772609232e-01 1.420657790046577773e-01
3.687019916725412516e-01 1.354527510396222878e-01
-4.241853807496271944e-01 1.034317762759828785e-01
7.256265322151222996e-02 5.484576682864727992e-02
-3.398433390342374683e-01 1.439142793809130572e-01
8.792475452666170810e-02 3.594610770696816671e-01
-7.818423969558274678e-02 1.230138685138737475e-01
-4.909349796009576661e-02 1.442664200950194431e-01
9.143687491727836569e-02 4.784380927474456424e-01
-2.510839365928058120e-01 1.267609604294271941e-01
6.982143240651184080e-02 3.409916140671642726e-02
4.428126943094966572e-01 1.284059138472587458e-01
8.708369819622796548e-02 -1.923853972375946242e-01
9.488578492519839092e-02 -4.810984909041597923e-01
8.742314095507219829e-02 2.598037029111011087e-01
3.653230101649683759e-01 1.405004278613408708e-01
-3.320047776904355707e-01 1.336271327277894772e-01
-1.864266254946123080e-02 1.398361389221519646e-01
7.302734103136754307e-02 1.562171146788299270e-01
7.088559442463171489e-02 1.315844030288164657e-01
8.595679065141181852e-02 -1.988105728902467284e-01
9.064149802279630741e-02 -2.854624577016113829e-01
-2.627809468041465424e-01 1.089536397221304576e-01
-1.016870121551421979e-01 1.192391931164104024e-01
7.659800527177584861e-02 9.403140898964834626e-02
-3.424721770996405068e-01 1.158799865454686051e-01
6.808974160591307889e-02 1.155024582135225630e-01
4.717421737503880719e-01 1.206596745907818624e-01
-2.309284234392049440e-01 1.117415286057570345e-01
7.117199295824039318e-02 6.268262837355975670e-02
-3.501091600255157310e-01 1.267304542940537182e-01
3.844900330342995165e-01 1.040845205122777895e-01
3.826494255690290336e-01 1.458601024079274611e-01
9.154945962421046080e-02 -9.060742603989480060e-03
-4.191086241387257383e-01 1.316264458813515281e-01
-4.068494039414614072e-01 1.427058683430484365e-01
-1.656410510413622861e-01 1.151127181874509464e-01
8.457553128917905116e-02 -1.692108018201965436e-03
7.324015374028691738e-02 4.976237017367175497e-01
6.676238300354186972e-02 2.125102521676304201e-01
8.575684436238029118e-02 -4.743237036676224427e-01
1.332128242204941859e-01 1.114499199970944154e-01
-2.005628987167430433e-01 1.261369434643428988e-01
4.536839313525941053e-01 1.340053703980866873e-01
4.598303420989388046e-01 1.110604840002039628e-01
1.033806554927831911e-01 -1.911441653300669508e-01
1.788793325138878787e-01 1.258171326213382013e-01
1.231892575626402087e-01 1.145942270097004556e-01
-3.982476421044590653e-01 1.430223402638708396e-01
7.531239852103199794e-02 -4.209769092187615191e-01
3.635979491301551958e-01 1.234526636143769007e-01
-3.752829191956493782e-01 1.105032114760046147e-01
9.095463125338421051e-02 -1.482332032979548631e-01
1.029505697975051648e-01 -3.234350158928105401e-01
9.365789177215488870e-02 8.834192470848656331e-02
2.709185075268365495e-01 1.483063123087066115e-01
7.750187144269071737e-02 1.177508123613212332e-01
8.727686028639525251e-02 -1.362391344656921355e-02
9.030493900837921473e-02 -2.782517877008374718e-01
3.378726152304830643e-01 1.032804497454374859e-01
-4.941648720145839224e-01 1.341862197477942109e-01
7.575677687180559783e-02 -4.760720868918809634e-01
3.572030189048185367e-01 1.207462439387414488e-01
2.396099278674748145e-01 1.494730339323098178e-01
9.680162408980086397e-02 -1.907196017628789431e-01
-2.210403246245021824e-01 1.493809990220367201e-01
9.041132593651524108e-02 -2.508229653022597816e-02
7.184863749809422551e-02 -2.341175434435482927e-01
8.873997298857427829e-02 4.789375046852725193e-01
2.336787779424992495e-01 1.488253772928422869e-01
-8.036233557977323638e-02 1.198876536513644453e-01
-1.245266678346030886e-01 1.387191896304185157e-01
-2.348947378911412365e-01 1.421724591917308267e-01
8.023628586991404799e-02 -2.399898475016726263e-02
7.382555018928660395e-02 3.111904869326865830e-01
8.828967056674885683e-02 3.717103346361483318e-01
8.276232374118996926e-02 -4.834123961886904741e-02
8.972762244139675936e-02 -2.125421876575571689e-01
3.618233912489572379e-01 1.132071471586524325e-01
-3.925262143125931580e-01 1.485571710717916716e-01
1.542889137593683735e-01 1.046831975305959617e-01
8.813765669363493593e-02 -4.521315521166185958e-01
9.980688437800555590e-02 -4.553695843428735568e-01
9.114794652278590537e-02 -2.272312456243874568e-02
-2.698651422083986340e-01 1.347853256252462550e-01
8.262870741780836692e-02 -1.984628997838294717e-01
9.683346192810260433e-02 -8.912333583009002247e-02
-2.086799643114141123e-01 1.096245552181389638e-01
1.573916984572318878e-01 1.367877611097640944e-01
-2.788325899705363931e-01 1.171349686375752208e-01
8.790999980696834193e-02 -3.435146625858295222e-01
8.735109879874924932e-02 -4.267613284558657849e-02
8.747914148853963567e-02 -4.923374698202601651e-01
8.261528791154659768e-02 2.649933163507512957e-01
7.706896757008008247e-02 6.023138623224300048e-02
2.837166294672562872e-01 1.233899614938095413e-01
-1.905980793189591127e-01 1.452372468205309630e-01
2.663480522824712704e-02 1.228666894632309825e-01
1.490297181082808065e-01 1.448976010120740510e-01
7.353111058588646110e-02 1.773742434996048445e-01
3.515617527576683221e-01 1.388045714075561987e-01
-2.238982990490480107e-01 1.448094477340832187e-01
3.302507127458235159e-01 1.193252729475479113e-01
1.013252376492832507e-01 1.110265044381779642e-01
8.789672036935147759e-02 -4.513676185016446407e-01
6.499807351144137879e-02 3.020707385790381005e-01
-8.142582226714822902e-02 1.315429052028228574e-01
-4.764597479904285615e-01 1.314239024577279480e-01
1.022919645814948097e-01 6.095835467282118003e-02
-3.409239237486811902e-01 1.290601657118921608e-01
-4.700235329164030862e-01 1.495087665425663959e-01
7.282159339028160261e-02 5.532321865190370502e-04
-2.782795395070155609e-01 1.339951020202441168e-01
9.704757266821484318e-02 1.533717672732005655e-01
7.297316623346705722e-02 4.913928230369066785e-01
4.369777049860922302e-01 1.426034294787713597e-01
2.309465350818041829e-01 1.444321893324717054e-01
-4.617178086000813808e-01 1.291884137027098367e-01
3.352303171406262328e-01 1.056234875521795402e-01
9.829230971812696893e-02 -4.659211794049464839e-01
-4.090165173362254603e-01 1.343185860795652609e-01
-1.505902278653229454e-01 1.358368035570967081e-01
1.013365018437499820e-01 -3.896026523500887295e-01
3.838317210991750716e-01 1.312487947934476429e-01
9.744263224597304873e-02 -2.082536344275454088e-02
-1.274110543990910616e-01 1.204301934643695615e-01
9.887889126584348265e-02 1.418240005811122195e-01
4.812446827037868413e-01 1.455646699972354963e-01
3.730435420639462984e-01 1.448265012048982614e-01
9.205239850133228874e-02 3.713586997206216322e-01
-4.942192992618946734e-01 1.295529797374542769e-01
3.923450309824522142e-01 1.488577906704438014e-01
-4.783490969357437894e-01 1.093079034906614400e-01
-2.374448088325141759e-01 1.337942381796068947e-01
-2.802295147807551956e-01 1.457698076053235425e-01
9.375393585853997180e-02 -3.467434644585460912e-01
8.592946524643485517e-02 -3.826639244599284728e-01
7.252647613359186618e-02 -1.583984761703052246e-01
9.767034065335400417e-02 3.461038631026585044e-01
1.466982910152755393e-01 1.130806101305807942e-01
8.674891326804490266e-02 -2.703405645308705196e-01
8.727399935881952064e-02 -3.895862559043838935e-01
-1.763375201369834500e-01 1.355282026572860454e-01
3.601172294484396019e-01 1.202417478145024754e-01
-1.102195708544040365e-01 1.399280541679359668e-01
9.411416924209248247e-02 -7.863135250323494141e-02
6.710263376525249512e-02 8.714901857104428995e-02
3.896793573113053188e-01 1.083694602031796128e-01
-3.194136353524535954e-01 1.430585609566719096e-01
4.342694569064464716e-02 1.435877089123792638e-01
9.608857179466079312e-02 -4.378495426467816642e-01
9.738715578665668726e-02 -3.961605443757252321e-01
-1.755298216279687074e-01 1.432677733454427171e-01
4.827519876637593743e-01 1.057021426373315753e-01
7.088917056842958253e-02 -3.991910490419359192e-01
6.389220015383301199e-02 1.152546172707946681e-01
2.009292460755403020e-01 1.023531430560613575e-01
9.927109451637849968e-02 -3.915210925807894871e-01
-3.813313622611155251e-01 1.103087562852613779e-01
6.675677167568905279e-02 -1.055309448179736487e-01
3.629122831465343424e-01 1.454094587469656474e-01
2.536891170377264526e-01 1.303860108188509281e-01
7.183698845081332163e-02 -3.007269316765441847e-01
8.515182247308750174e-02 -1.664947504468476946e-01
7.296285906806776467e-02 2.204989182118833879e-01
7.018724338819581909e-02 1.476946999623452994e-01
-1.576737262588788768e-01 1.437663318659792022e-01
8.894316919817646383e-02 -2.028014458584042057e-01
-3.810013024383451796e-02 1.406701322444108282e-01
1.101154494432284858e-01 1.335460333614918449e-01
4.580591503158996103e-01 1.104474363511048773e-01
4.129261875712531005e-02 1.439205077583924908e-01
8.127987632337574375e-02 -5.072829897699548951e-02
9.895593401946778389e-02 2.595294800134924085e-01
7.480036313441773554e-02 -3.014951488483257336e-01
8.493827440494461367e-02 -4.166602584480731952e-01
4.696089414687535379e-01 1.347843127150323284e-01
-2.695639929397816159e-01 1.371616731932576716e-01
8.340513002827687483e-02 -3.241675122372955631e-02
-1.384019718712992120e-02 1.160762773148925620e-01
1.016818345550906111e-01 3.012496861317314201e-01
-4.628601721349761000e-01 1.175066690591844987e-01
6.853803473007868963e-02 -4.228300834439413514e-02
1.034047897258093540e-01 1.415057870547554719e-01
-4.384359468244085623e-01 1.047801274491571011e-01
-3.372941655437849962e-01 1.135514428718497060e-01
-1.673849713259774052e-01 1.388890583746927865e-01
-3.960920227690601925e-01 1.338517321836897311e-01
4.399032019346115208e-01 1.263355293692349779e-01
1.013007871458629916e-01 -3.408402355335040657e-01
9.520716786137473076e-02 -4.796377790939050367e-01
-2.707491399818795497e-01 1.403930427517249280e-01
2.642073320927507130e-01 1.065913651008782992e-01
1.002699310689152412e-01 3.330833576595950696e-01
-1.519901977283663053e-01 1.056147177578903307e-01
-7.075576012703488349e-02 1.031235264705403498e-01
6.970970887505789637e-02 2.904406937337059569e-01
4.579552399335704571e-01 1.018521737542772421e-01
-2.615780732644052975e-01 1.353751915938647965e-01
6.739444251351078830e-02 3.910515900685002100e-01
4.540167887106248967e-01 1.137576155010108225e-01
4.066776901749569184e-02 1.037614424468508156e-01
8.977615763899127188e-02 2.969533896452674071e-01
9.017028415440830891e-02 -4.523926691634952979e-01
3.279569106076148932e-01 1.148855791814329397e-01
8.223249090777440262e-02 -8.338670023103600393e-02
-1.985216072249891273e-01 1.046485210041070424e-01
7.026535408452927456e-02 3.170493029541078256e-01
9.983252969040445901e-02 -3.412377577422298636e-01
6.745155991026141606e-02 2.970887389225144171e-01
1.027724322628059683e-01 4.933035546885322642e-01
9.257271332942773601e-02 4.308024181803006281e-01
8.746256012931974411e-02 -1.481229434693532854e-01
9.201238599221372993e-02 3.318626917822896649e-01
8.388660674127468297e-02 2.939901224279394265e-01
9.849636054684662856e-02 -2.724837031994264969e-01
-4.869211067858336683e-02 1.417128279749018116e-01
-1.065500735791142795e-01 1.086853092611105298e-01
-2.792970994527836925e-01 1.344347479480126895e-01
-4.431582286158934902e-01 1.214132695201359802e-01
6.773257979059543743e-02 2.531576262604706695e-01
8.410021526655619972e-02 3.072184879707166028e-01
-2.080679806048495450e-01 1.296083361095511366e-01
8.235682821989309677e-02 1.227927589245021434e-01
-1.800207576890029415e-01 1.324412151809983840e-01
4.431490498748770213e-01 1.185252972010342187e-01
7.319668551918057098e-02 3.169471284312597170e-02
9.817275026738636612e-02 -2.936872437869730845e-02
7.978250904690842304e-02 -2.020089946776758572e-01
1.570486099453108908e-01 1.454606447795108171e-01
-1.762431074473177484e-01 1.301278251867801217e-01
8.791417848012361702e-02 -4.762316077109951529e-02
8.523346772303364016e-02 -2.548446991584635279e-01
6.805717972668912097e-02 4.485475719548770446e-02
3.014284212497150284e-01 1.264552629594968280e-01
7.373112499782552565e-02 -9.633219871173814841e-02
4.843034755094421939e-01 1.359738057346611129e-01
-2.259306332751003232e-01 1.268579165749985638e-01
1.019380252924940722e-01 -3.256535479445392678e-01
-1.293803256646099964e-01 1.353592999905969263e-01
4.392155630832018653e-01 1.187462955411335841e-01
6.660415438804390131e-02 -2.866642953326993259e-01
8.190775705450659139e-02 4.011276931238826338e-01
-3.593450981264805222e-01 1.289267082696508027e-01
4.630975433819847220e-01 1.202641985721086826e-01
-3.435073124389107502e-01 1.373161762831771604e-01
-2.879352162391890513e-02 1.197130435027378148e-01
9.166285089930747976e-02 -3.241924612596269739e-01
3.161319648348065448e-01 1.402826963102737912e-01
6.910654817168249142e-02 -1.871124363355676223e-01
4.813582730089888129e-01 1.350968283037061735e-01
2.023116339833774813e-02 1.257235118436281773e-01
-2.454169418608540543e-01 1.493167552459244707e-01
3.241415351241017095e-01 1.216951773460601682e-01
9.816645914350174973e-02 -1.594163707910614125e-01
9.069958763370444821e-02 -6.527412788950015532e-02
8.605462745931125035e-02 -4.160622755164948838e-01
4.966431928516412686e-02 1.436456844612320483e-01
7.441540882160591064e-02 -1.987385684035555267e-01
8.246646783706801376e-02 2.334371189924190348e-01
4.344565210566552205e-01 1.457139416535864207e-01
9.512624774970523944e-02 -7.675701610541441067e-02
6.798483955553935587e-02 -3.915020754213692777e-01
7.525152401024592930e-02 -1.991349669055278993e-01
8.113706475902693338e-02 -1.233308851595791289e-01
6.481798373361724597e-02 -4.674780637932983707e-01
8.637297569645063788e-02 -1.759546281978754401e-01
7.846829714968317493e-02 4.962990525489541227e-01
-7.333877405251987280e-02 1.166372411456721991e-01
6.230076904746462141e-02 1.076656145542210785e-01
1.453053286983068126e-01 1.172550719802701868e-01
3.074618570813565377e-01 1.273855867348258064e-01
7.429645844967769364e-02 -2.842581746322959679e-01
8.710707707951104162e-02 -3.627353668173449730e-01
8.748480613706044462e-02 4.623668833895244745e-02
1.440666513779251812e-01 1.436981808469386390e-01
6.673980257934586380e-02 3.791354771353068198e-01
9.768534611813606272e-02 -2.354103031417686953e-01
-1.159296625404311332e-01 1.030799839825387032e-01
3.369626852755281954e-01 1.081732980281849832e-01
8.199790673762652471e-02 -4.048380995671507776e-01
7.607983519560601593e-02 6.212711570921958248e-03
6.579434956705854098e-02 -6.985942566397551623e-02
4.989383528782745936e-01 1.177071909791056470e-01
3.237722149183676068e-01 1.304428055044818402e-01
4.538362169310317107e-01 1.231032091297312725e-01
-1.296803621497673031e-01 1.436011220133394106e-01
-3.642853913171435476e-01 1.153762849725884498e-01
8.477231046106559198e-02 -4.800263106144753156e-01
1.015592526946584861e-01 2.012016633048457903e-01
1.036607211174509491e-01 -3.567704761049269591e-01
1.498400980982452779e-01 1.280100650249386129e-01
9.820435663296922524e-02 -4.040229253730172054e-01
8.052392441276290391e-02 3.847066995315556737e-01
2.004534907251720455e-05 1.449893603667857800e-01
1.036841630297266059e-01 -2.607673816449711524e-01
-2.350714622789993324e-01 1.475639869153750894e-01
1.022462065144217336e-01 -3.257970426612802894e-01
9.029984111185662687e-02 2.935823499300476147e-01
1.228421443642259137e-01 1.342878567613415841e-01
7.607797754808209856e-02 4.936789808103220212e-01
2.107337274593052978e-01 1.314671575711162665e-01
9.370803744694855553e-02 -2.990934812326562220e-01
2.986659849956060375e-01 1.140439971644863215e-01
-2.265964005105787216e-01 1.050487429691306929e-01
3.809593414167871117e-01 1.416460459951754958e-01
8.621578898231985200e-02 -6.292546279144484167e-02
9.243457527580867250e-02 2.294054418831420472e-01
1.922026896342180491e-01 1.476942489572010686e-01
7.147269602377848141e-02 2.450154479543252828e-01
7.276241832374030771e-02 -3.335471741181510463e-01
2.201489611429753301e-01 1.134113458252057338e-01
8.861573053069293771e-02 -2.146678279269329526e-01
8.548137278938539030e-02 3.821389266604613422e-01
4.709579480838491650e-01 1.321447140364506723e-01
-3.670171900319960656e-01 1.383888337283157854e-01
9.017463795808999816e-02 -6.327232078086131306e-02
-2.497589429287241369e-01 1.290452250879219331e-01
6.750208993347561748e-02 -4.579958250018735244e-01
1.003482889152494950e-01 1.039955437142535688e-01
-4.125406760834474662e-01 1.333314358658758136e-01
7.918144860346276737e-02 -4.700916042929710326e-01
1.795918557002917915e-01 1.445467969546686549e-01
8.509699117289715176e-02 -3.855143637955271707e-01
1.849574319210217643e-01 1.107681831190532318e-01
3.174426075274190406e-01 1.296015552175977525e-01
3.921529426100169857e-01 1.394831661913665810e-01
9.750877606045627033e-02 2.677268516645660013e-01
9.801291365689224211e-02 -3.144596317868172397e-01
-1.636682280600780803e-01 1.345514629564192877e-01
1.590616562758083719e-01 1.093671588773565961e-01
6.660982493728295761e-02 -2.802391821992566978e-02
-3.127628733705304365e-01 1.309059226347165650e-01
7.688700019873040414e-02 -4.445219668355923082e-01
9.476805527002230001e-02 9.139668580643067752e-02
4.075957903863614007e-02 1.130761427466150382e-01
-3.909483920950672653e-01 1.178978028514834353e-01
-3.108691328915754726e-01 1.139331765597495494e-01
2.296838780163503735e-01 1.071782692682060611e-01
1.176089226912100383e-01 1.183152256239446976e-01
-3.629304022382185968e-01 1.020246480449552573e-01
-2.693542961918402590e-01 1.299759436222109876e-01
-1.499311943006300663e-01 1.251597854211742300e-01
8.525980266966648458e-02 -2.215845291947093898e-02
1.498246003671152016e-01 1.365630708813795335e-01
3.103501653493354606e-01 1.119544881788777646e-01
8.811596524368592309e-02 4.562655995972653145e-02
6.869375334577909609e-02 -4.111149867181708162e-01
9.246849646929222732e-02 -2.354039031932199100e-01
-6.788234518009284013e-02 1.065504319574610559e-01
1.753721286117788658e-01 1.340848238354104272e-01
7.908196865886152338e-02 9.163014394303714560e-02
7.189550297069735585e-02 -3.296722238592542098e-02
4.576781431105361175e-01 1.071905929807299707e-01
9.452670180074906892e-02 -8.106741816836393610e-02
1.413030622190625252e-01 1.262816329641099911e-01
3.862420715312371300e-01 1.401581611413981188e-01
9.230701121814688381e-02 4.939375736203889256e-01
1.299484212316235343e-01 1.043385514657659829e-01
9.771431627300775080e-02 -3.389192680689125936e-01
-2.050212146542477187e-01 1.027596526298829582e-01
8.746663627788220374e-02 -3.916914412024165015e-01
9.754572940255823443e-02 -3.552809208459450918e-01
9.015278482433697338e-02 -6.904278574795463808e-02
9.214320358808836264e-02 -2.663543911485752869e-01
8.001870207607209018e-02 4.623393597680303113e-01
9.017868980846610594e-02 -4.917121952963464659e-01
1.772516554177665515e-01 1.296897891754826837e-01
2.122945869068021407e-01 1.462966591101442226e-01
8.471953930381037612e-02 -2.455949797957416303e-01
9.344493103224571495e-02 -2.123089541402428670e-01
-2.639013835197223656e-01 1.215204821480713182e-01
4.711397286421703523e-01 1.078730607667413022e-01
7.321470759697090713e-02 3.786457185863072450e-01
3.832957554750280327e-01 1.171634876506800760e-01
1.280297760227661064e-01 1.398691492986587903e-01
2.171622119890388447e-01 1.182725128268402592e-01
7.763896435753803171e-02 2.380212478276644283e-02
8.045014312878762119e-02 9.186980864607263708e-02
3.675320339453292950e-01 1.076738869433623291e-01
-3.820511733303247892e-01 1.181051127054033589e-01
7.209858218155629217e-02 6.034305844761811422e-02
8.286674068053034858e-02 4.887696655281192903e-01
8.060558086083424723e-02 6.797776956790424485e-02
3.674286532098819391e-01 1.265691417499552607e-01
9.614309227589645790e-02 3.223281136580327111e-01
-1.258569419472965745e-01 1.093414133935168842e-01
9.486746676385182653e-02 -1.696144985718432974e-01
