1.234069842527300009e-01 1.236147203447557352e-01
-2.618429129632848795e-02 1.190233164326591764e-01
1.970159347991506937e-01 9.836207511185945940e-02
3.072931227510442564e-01 1.261584837696639871e-01
1.547660912023198776e-01 1.406937407654527128e-01
-4.445276450617530184e-01 1.330093377543024591e-01
7.912879920140469814e-02 3.822682699612289792e-02
-4.287759117797634856e-01 1.412038868439348116e-01
9.068831385819842161e-02 1.319817189630650978e-01
9.621890926205256545e-02 4.778101287571834277e-03
6.501297352366441906e-02 -1.623341875498048870e-01
-1.068680554178886855e-01 9.702041779011072453e-02
7.732638646961520479e-02 -1.239213576707813846e-01
-3.816257701787297840e-01 1.123333311944902935e-01
4.474546645704740033e-01 1.019986761345146320e-01
9.623630878215649886e-02 9.343038850119411709e-02
1.862761984295338014e-01 1.381643566833451464e-01
-3.754973757165881443e-01 1.127314427032137800e-01
7.868944377665088030e-02 2.055002824283594931e-01
1.017200774185569312e-01 3.128670334704500844e-01
6.475790977458462105e-02 1.645132803652210596e-01
4.299981654283211441e-01 1.334954911243270148e-01
8.586894600460404092e-02 -5.219290771184637023e-02
-1.116262141229223959e-01 1.189423422039136424e-01
6.761534473588792782e-02 1.853116501003641003e-01
6.640039413705589588e-02 -1.917769738162873328e-01
7.257485353869863598e-02 -4.770911434742205470e-01
6.427854220051443246e-02 -1.254200590057964471e-01
-1.231952862148840699e-01 1.025316060879436497e-01
6.861805601959947154e-02 3.363985834969775990e-01
4.274361707856797477e-01 1.298775226644477421e-01
-1.241395343811486640e-01 1.302303797908535010e-01
6.575611810783010824e-02 3.460421205290368230e-01
9.966955019945111793e-02 -3.440258674247770321e-01
1.021603209087670328e-01 8.164549775010954136e-02
2.366032997870413102e-01 1.261502007573936934e-01
2.373508337150738168e-01 1.010904091423127094e-01
8.927527041099525551e-02 -3.140919004784399338e-01
1.252465366822076431e-01 1.320577954654450492e-01
9.978107635277289056e-02 3.704147642015546138e-01
6.960642012314932625e-02 -4.647572832998836390e-02
-4.596644904324097558e-01 1.279957603808521416e-01
7.381304352267847868e-02 -2.077397702921177647e-01
6.451324105165223699e-02 1.674214254951165159e-01
4.706162530084341267e-01 1.390623368042476216e-01
4.671327089631513996e-01 1.301272136174338456e-01
6.602100083357564930e-02 -4.606971320116995949e-01
-2.104023013736440184e-01 1.127071744443008949e-01
3.023025942038636282e-01 1.329043897021419118e-01
-1.780741660279093752e-01 1.326768942264391349e-01
-1.950897905880147887e-01 1.195073399747831333e-01
6.564096261015950340e-02 -8.069780693204142707e-02
9.943351379089759856e-02 3.219555736256438649e-01
-2.293976355881298668e-01 1.232948292889340935e-01
3.707684850675361243e-01 1.102319710411210352e-01
1.129716369559090605e-01 1.143262252839937210e-01
8.932668054790626755e-02 -1.214680297937582587e-01
9.990187339350620199e-02 -3.478832067919236382e-01
8.737783328757953161e-02 3.934984131451521039e-01
1.410616358084861854e-01 1.313528200447140470e-01
-4.690384443515650537e-01 1.151290972213341313e-01
1.017065077262641060e-01 -1.525388129335444320e-01
4.592772387291474967e-01 9.874557426154295658e-02
8.044168198226908650e-02 -1.518884349949489732e-01
3.249503179136636888e-01 1.294516949018390539e-01
2.641608788533512664e-01 1.010585504333849638e-01
6.627306549681677428e-02 -2.205683568739771339e-01
9.599897886792885249e-02 -1.112715087128675062e-01
-2.017457381841625264e-01 1.126033118832916458e-01
8.563370890417387749e-02 6.559443987501811790e-02
7.604623975230395683e-02 3.814700734227384205e-01
-4.380816719456345210e-01 1.326612134095433992e-01
2.721189232444043427e-02 1.053919773711996521e-01
6.531413525918772223e-02 1.119546203963031061e-01
9.575217339081898427e-02 4.927527248431395890e-01
7.630482271269423133e-02 3.379600733246361788e-01
-4.376385180151683985e-01 1.237965078996537960e-01
4.720371637417133392e-01 1.353469871509550559e-01
1.282203258826744019e-01 1.058744621093478111e-01
1.015927933212003031e-01 1.669518220887313831e-01
1.029354463818327181e-01 1.137028193029610001e-01
4.883798655277891143e-01 1.054606440778397269e-01
8.053408445392651327e-02 4.395079053085083620e-01
6.452233728353373721e-02 1.058407035649544525e-02
3.760116240327419090e-01 1.219093091583354216e-01
2.358070337416301454e-01 1.168914506505190909e-01
8.084756613083821097e-02 -3.197561898136465075e-01
-2.423177594361564102e-01 1.087489362209624888e-01
9.890524368652531262e-02 -1.594685098070933726e-01
1.907842155469536838e-01 1.156486635707704158e-01
-3.517210970936468506e-02 1.113519679477883439e-01
7.485336809214082621e-02 -3.387888656141956334e-01
2.324370716376152890e-01 1.025175021947581921e-01
-4.749993567963857188e-01 1.109116035829940117e-01
9.146219930425891764e-02 1.784343633877140123e-01
4.578355738332441360e-01 1.325112171135898187e-01
2.420011865780782312e-01 1.136667304981483495e-01
8.235984915716554333e-02 -9.399918281868158143e-02
-4.248704869544508433e-01 1.043971718276771599e-01
7.977057820885435913e-02 1.996612846077727710e-02
8.449732015466093760e-02 -2.266850308628249877e-01
3.061974828755004152e-01 1.311906402425732088e-01
7.643893473265239713e-02 -2.428480979415328367e-01
7.128412956074026141e-02 3.508066822466863188e-01
-5.803866606361618441e-02 1.120161462132732710e-01
6.888722283551762526e-02 4.209608460774938443e-01
1.235863082804676827e-01 1.035235798570764976e-01
1.007077009837626935e-01 2.111364396612956940e-01
-5.836211082872455602e-02 1.332811271273057763e-01
8.710033631598301795e-02 4.205451343025145006e-01
-1.950843263482129331e-01 1.202908960647126602e-01
3.425594067732445902e-01 1.386169008182120965e-01
7.983703762511429325e-02 -4.635821198418520472e-01
9.367885492997762853e-02 -4.414042139977591983e-01
1.008499010418875130e-01 3.068045303322477491e-01
3.736564685409682340e-02 1.076212083127100483e-01
6.383150714022189920e-02 -3.078422676979819528e-02
-4.508896189052794545e-01 1.044869484653806468e-01
6.782220665422633576e-02 -3.297937185826628204e-01
7.476177185536014846e-02 2.052013470184662625e-01
-3.713381427348427799e-01 1.266921027900064223e-01
7.874908476693587289e-02 -2.975355342540113579e-01
6.970517057990643917e-02 -1.937980493064214160e-01
-2.344160404889779059e-01 1.295077526162842219e-01
6.692464967546929433e-02 3.952814928292909258e-01
7.816747858317563136e-02 -1.971719525567675602e-01
8.800077891463076174e-02 -3.248663683644710254e-01
-4.627397251650217092e-01 1.249599445518881913e-01
8.083608634388073089e-02 -1.805531290113830956e-01
4.420899477449750092e-01 1.396610718548551011e-01
-2.984091086972939788e-02 9.797022956958267859e-02
9.831519044581538136e-02 3.783976966305301337e-01
9.595816389513767142e-02 2.483556635370456345e-01
9.797411284049628577e-02 4.709331654437992620e-01
9.936352087720157211e-02 -2.018877046035034706e-01
1.352556051281952332e-01 1.195075879677536257e-01
6.507087364391417328e-02 3.206737882066512668e-02
3.176178899031891767e-01 1.057042005115971239e-01
-1.301655342571933494e-01 1.413653181283620608e-01
-4.568653827750814855e-01 1.351731849315024325e-01
8.193565400028501866e-02 4.877770355202120101e-01
1.848715725071488070e-01 1.354055523516318749e-01
7.100092967661020271e-02 3.791772185639910031e-01
4.267093542283659779e-01 1.354291847556311490e-01
-3.624019459571725665e-02 1.355811851149304470e-01
8.804784801451992493e-02 4.827844362280193646e-01
6.989356688382308835e-02 -3.817167103667965522e-01
2.440391707188290793e-01 1.064550604311829130e-01
3.763832842614633911e-02 1.315337667777681796e-01
-2.287495050715824263e-01 1.168669720700350467e-01
7.587596127424955927e-02 1.914519523126712031e-01
1.014716738587674305e-01 4.223138594106256027e-01
2.005147083121192608e-01 1.053588385421043716e-01
8.765320124170528082e-02 -6.882460178820581920e-02
2.226194194030796103e-01 1.371486266833399359e-01
3.116269926284775948e-03 1.196803882541652708e-01
9.377603424488067940e-02 -3.690330203903169348e-01
2.162570080884766988e-01 1.048818073483194224e-01
8.245009068546838016e-02 2.488489863066364327e-01
-2.982037155982026899e-01 1.078585469811144115e-01
2.478802888378461855e-02 1.243602466917433924e-01
-3.380889320515312324e-02 1.054449225431316473e-01
-3.660613509030278268e-01 1.044762707551377678e-01
1.005351305350916657e-01 1.162793610881485140e-02
3.438995701382652204e-02 1.161392913679933914e-01
2.652836698916746228e-01 1.221297760696782309e-01
7.930581235827949271e-02 -4.609346522013134662e-01
-4.732752670968342068e-01 1.281755378043919480e-01
2.788697174296647097e-01 1.302541514518182897e-01
4.781414368668027715e-01 1.253556876930144171e-01
-1.787181871036011005e-01 1.119574909949705432e-01
-2.043742316836056894e-01 1.425382683799392147e-01
8.259643486045809002e-02 -1.688421949832054070e-01
8.278205300694674307e-02 2.095941058616193065e-01
7.192870456798794443e-02 2.861144201522829444e-01
-9.514436549074944960e-02 1.368797272142650012e-01
9.037676714569264913e-02 2.529804919201126268e-01
-3.227853398861268985e-02 9.716773932369293654e-02
3.768252552017625767e-03 1.128459881180834401e-01
8.440505021724098444e-02 4.721242540206782579e-03
4.841961752418877385e-02 1.407991001806055964e-01
-1.096549635672983136e-01 1.345780262715267073e-01
-4.667736152946303507e-01 1.403211107435136107e-01
2.199854216821895969e-01 1.052066114437443245e-01
4.694287064908447826e-01 1.268802796899992646e-01
2.678206825270601499e-01 1.026177314700297272e-01
-2.759995651243829506e-01 1.162784084915033933e-01
-2.302904836224459739e-01 1.266786529000109018e-01
-1.656640515707096251e-01 1.351908490579727395e-01
8.005948755594238797e-02 -4.842639639777110983e-01
1.010844853836683210e-01 1.604936505407231762e-01
-2.797297281499071531e-01 1.086203799952454307e-01
7.284457299526392315e-02 -8.558853922139941783e-02
3.434640264769961426e-01 9.768381928633618205e-02
-4.340667428767270852e-01 1.061424443488311331e-01
-4.082663140934092993e-01 1.379125308133224426e-01
-1.712634242860298084e-01 1.280272372120372371e-01
5.711530951660870326e-02 9.836037795278440576e-02
9.911763419325414493e-02 3.482791100282367491e-02
2.216877336529199383e-01 1.365463834130092868e-01
7.159632935604853810e-02 -4.802662721911236110e-01
1.004601679626052624e-01 -1.801598998381737093e-01
8.191605547661329201e-02 4.491181975152315209e-01
4.602973447958340625e-01 1.289154918373263126e-01
7.864912013932379153e-02 -3.178813768303090370e-01
7.149208223442826693e-02 3.786421847650855987e-01
9.505336629866967257e-02 3.824735617577424973e-01
1.720848628400092339e-01 1.297465634789045641e-01
-3.612552108091908742e-01 1.165388438081276234e-01
7.460053009719158634e-02 -2.673523761839589064e-01
1.382750516302071464e-01 9.709490603095449757e-02
-1.206599791469009642e-02 9.874046625000576505e-02
1.010995786035594479e-01 -3.430882871654912236e-01
4.295993532599390319e-01 1.105104894273180038e-01
2.813301231471251329e-01 1.279751915636684334e-01
8.934693966199691584e-02 -9.973453997602133025e-02
9.944956550714356691e-02 -3.862824074158408560e-01
-1.785195599919604525e-01 1.364642536864661970e-01
8.163261985596637071e-02 -3.458700962508909349e-01
-2.111800869963729177e-01 1.233397493410712809e-01
-1.947813597292652465e-01 1.081412121902212142e-01
8.875513431346082616e-02 -4.121015744498282007e-01
7.752535825138817671e-02 -4.880158777774499246e-01
7.105183163236494792e-02 -7.405774096131645390e-02
8.952190008441363034e-02 3.213133048408800541e-01
7.824454049254059296e-02 2.691518630752455232e-01
-3.458466191103752863e-01 1.153562358237932850e-01
-3.768918697262494399e-01 1.138443668207308468e-01
-2.283745433134926062e-01 1.264221618393807089e-01
9.781967007426373151e-02 -3.919459920079507720e-01
4.272281580708320314e-01 1.145604017381164352e-01
6.547362569472914284e-02 -4.458046951537899538e-01
2.662984381594935002e-02 1.127388294334482621e-01
9.601744869429773566e-02 1.118558143083249190e-01
3.981148019214180156e-01 9.753203853051251038e-02
4.050028711835612638e-01 1.143967581049296633e-01
8.473765847271652607e-02 3.898522565097729542e-01
-2.172152364628954224e-01 1.250256882663689506e-01
9.611599422756056388e-02 3.501663276248705436e-01
6.322456866330428138e-02 1.177823919814088294e-01
-4.956014134110119373e-01 1.411530278077877121e-01
8.606966624766754226e-02 9.492740430057944323e-02
-6.893514204210138274e-02 1.063459012503833456e-01
7.316558933483219285e-02 1.721238518394613282e-01
-2.467253719362172415e-02 1.046651046118710626e-01
6.609158681070426145e-02 -4.004268686333775085e-01
9.754137419260344721e-02 3.438853691727784545e-01
-2.360986618288831718e-01 1.179733691120484762e-01
4.246004338682207724e-01 1.198647667526754335e-01
8.115023221529149566e-02 -2.568838159096821228e-01
7.619672032339597223e-02 8.012213306003113100e-02
-4.122652470775273192e-01 9.641735938168860542e-02
3.548678269824896425e-01 1.248091487691301849e-01
-1.015578843285499522e-01 1.402667890980222598e-01
-4.918661954563402494e-01 9.900925812246264002e-02
3.853292482396721841e-01 1.208327637348034500e-01
1.999632470887464653e-01 1.305965802764749162e-01
6.968534908664136829e-02 4.554271193962766695e-01
1.730588887011673682e-01 1.171311056456970645e-01
2.091493768100117778e-01 1.124801086031218533e-01
7.174386382153430386e-02 2.551083022455978844e-01
6.546332695998402507e-02 5.865200666649994510e-02
8.935330104513372618e-02 3.558031443150210249e-01
8.697735536679951363e-02 7.778837461968024503e-02
1.498557647825186079e-01 1.395524190728030245e-01
1.741760216508571046e-01 1.203924332528326646e-01
7.331949133656900930e-02 4.488244645596562998e-01
2.487357290622829176e-01 1.089134601813692704e-01
4.135309841865726366e-01 1.414371386404472686e-01
-2.648122794163959570e-01 1.288423425328951710e-01
-4.435015983591933386e-01 1.076045384644789271e-01
9.504578108757066879e-02 5.240816560608041463e-03
1.013828499405039496e-01 -4.577912833349142563e-01
-3.377113581283038846e-01 1.178618615032289707e-01
-7.706003866151611703e-03 1.267898204381792127e-01
9.729885035278895700e-02 -3.036649231990268261e-01
9.493759031422754902e-02 -4.655396347024998160e-01
8.614814841135720602e-02 4.027437626083318900e-02
-1.020329580741246023e-01 1.243457579569549054e-01
2.817291464453172134e-01 1.218811807744882847e-01
-4.632623659387936632e-01 1.391012320585489626e-01
9.535496506678153850e-02 -4.926938067650704633e-01
-1.823554800773165008e-01 1.246571331934093196e-01
-3.343617366082735076e-01 1.073142768283403825e-01
-8.213675192167435579e-02 1.226437845581427322e-01
7.932719270517740728e-02 -3.753663334109532679e-01
6.288365976573007110e-02 1.421203313358153641e-01
1.672557270759921222e-01 1.198218022708337216e-01
6.408745914733260385e-02 -3.802169374313086880e-01
8.577556259702634467e-02 -3.360623262100603803e-02
2.761071843941637072e-01 1.404621213774467359e-01
7.418014773259429262e-02 1.993706174526903574e-01
-2.884705782813276054e-01 1.387451636779452047e-01
3.819014241902748408e-01 1.045797475452977521e-01
4.170721913721578966e-01 1.213445899836838038e-01
2.460174414520459596e-01 1.263398849769031829e-01
2.498425128366269510e-01 1.034533668692177999e-01
6.375103421220307265e-02 7.296387373772994511e-02
6.407429185015245388e-02 -1.586206654822286399e-02
3.937159657323060502e-01 1.317033955557942448e-01
8.544436992329107472e-02 -3.623340578192130179e-01
9.518290936091144960e-02 1.896518829536603112e-01
8.522694145598319615e-02 3.102052930989799284e-01
3.605451550299066943e-01 9.852533373571359387e-02
3.261666582911018075e-01 1.250232011044905001e-01
-2.355435021212735069e-01 1.069202681224084017e-01
-3.165707477219854571e-01 1.317522149251534325e-01
-3.437948306004056098e-01 1.126495257068006461e-01
8.620842074042500691e-02 3.274625408911165936e-01
8.402598277821149431e-02 -3.730700627774624634e-01
2.756628510700220858e-01 1.189347874313451126e-01
8.546791677741194526e-02 -4.284409940445652598e-01
8.866415348236322824e-02 -4.816033115826894306e-01
1.013550894242311040e-01 -4.055758199573565870e-01
2.669310249039046345e-01 1.207877310438620899e-01
-1.924891387300676771e-01 1.011283827014174408e-01
9.144775345050248916e-02 3.580626721675855828e-01
-2.420884711177382353e-01 1.043613958158787769e-01
8.246796454371607688e-02 4.656895991134138990e-01
8.419943947373853543e-02 2.731900586377596918e-01
6.616220479626233608e-02 3.667038679045405702e-01
8.241880328634110242e-02 1.032238830884875114e-01
9.266696024043252766e-02 -3.984402606408576908e-02
8.886507611867444645e-02 -1.900183358520961541e-01
3.229342004868085425e-02 1.180781795273081469e-01
2.714302628495980363e-01 1.178485866578651287e-01
7.864027509433202390e-02 3.933508562817153997e-01
4.353423971714537322e-01 1.179632511764349134e-01
3.969771315890753272e-01 9.859554889497690322e-02
3.561080970640495558e-01 1.112409176263376986e-01
1.288833072835509075e-01 1.277240627863756028e-01
6.513832684840403786e-02 -1.469080795884741830e-01
8.354787923082862555e-03 1.225126115458550213e-01
7.922558192397621823e-02 -1.119331584122771339e-01
-3.570106872116620700e-01 1.170914156156505070e-01
-1.081404647425173726e-01 1.328398060338646935e-01
-2.267690823310013482e-01 1.217668319618733230e-01
1.661043405752619107e-01 1.186971255889368582e-01
9.806165191845350737e-02 2.554693732959905095e-01
4.120967271788834596e-01 1.000068987875596394e-01
-4.169420595800409357e-01 9.866024747182533527e-02
9.043985250342312376e-02 -5.746174037435547444e-02
-1.812072867982813529e-01 1.036943909588079471e-01
9.814538157198737789e-02 1.314612287890869480e-01
-3.546844981829804233e-01 9.676773446724384886e-02
7.824578236134549503e-02 -1.949970725311189756e-01
8.469417591160066650e-02 2.573310546166034385e-01
7.288661181734168437e-02 7.516787894879406462e-02
4.360817100032550186e-01 9.600175351773665433e-02
1.010669260783571000e-01 -4.255057376269215652e-01
1.018748959659256936e-01 -1.926330604627625176e-01
7.820540574411583012e-02 2.086618949105746301e-01
8.866240861563934317e-02 2.052261923989706638e-01
1.264172978156709037e-01 9.905247451544507697e-02
6.646491869361936811e-02 3.799446505581850486e-01
9.842324029365856486e-02 -3.464304020486561608e-01
-3.162377675937643184e-01 1.244659636361210575e-01
1.004236922252406128e-01 -4.143786259901749425e-03
8.103896275506472513e-02 1.841197190994384725e-01
-6.294701441419725541e-02 1.177890153271118345e-01
-4.199728023070551375e-01 1.362066622523150361e-01
8.391413972758599016e-02 2.352751463546509658e-02
8.548174060055080403e-02 3.035756649445686683e-01
9.063527480405442205e-02 2.042979642472225743e-01
-4.368075968652268548e-01 9.905408327538767210e-02
7.999819127379526051e-02 -3.625777452352723085e-01
7.029935554646848939e-02 3.366039696366058820e-01
2.574630131034936209e-01 1.288716658991313491e-01
9.857203022822513816e-02 -2.892564632383176626e-02
8.914303890296459976e-02 -3.102048241336810008e-01
7.701677099374326652e-02 4.436423593873688453e-01
2.331342339735975600e-02 1.317393228879468747e-01
-2.093075479743582434e-01 1.068693972442920082e-01
-1.259834146276626043e-01 1.181486523411422462e-01
-1.767822881913158062e-01 1.280396702857671265e-01
6.904173308112859786e-02 -2.008863663465887406e-02
9.868532989475031769e-02 -1.925524416084187784e-01
-3.417687558094273381e-01 1.182963177273363975e-01
8.503967839185566646e-02 -2.605731127039647710e-01
4.413177854921678245e-01 1.270184471893162081e-01
7.052528399324486941e-02 4.429595971206004013e-01
-6.826006071470902548e-02 1.020905336126063379e-01
4.637690119201964833e-02 1.267307543208547882e-01
2.838637523459622836e-01 1.052692563289833183e-01
-8.206621429352578545e-03 1.027286591168896646e-01
-3.790299286442603277e-01 9.655023578972099507e-02
3.289786422467934068e-01 1.084493577671482578e-01
7.285872512574398385e-02 -2.811463677870806865e-02
8.939690243338682674e-02 9.839700796821171380e-03
-4.232826488539294107e-01 1.389642427256434498e-01
3.896698861223090171e-01 1.245928253428515431e-01
2.730064634679019164e-02 1.272905625605985636e-01
-2.921296378574702590e-01 1.340343537705070975e-01
8.654535752488390354e-02 7.731968670326994086e-03
-2.502299042260984763e-01 1.382646101225221136e-01
2.480266607614937113e-01 1.161784518306314684e-01
1.403111448696183761e-01 1.164612683096976076e-01
-2.491164443413849128e-01 1.035506435779220968e-01
9.127193403076183653e-02 -4.914047253308745367e-01
2.464454333080379200e-02 1.133452986176798349e-01
2.818209733019543251e-01 1.047893891726591198e-01
-1.329944819674560019e-01 1.059250654133142566e-01
6.631590834199396767e-02 -2.055503603013789649e-01
-4.511748956953871570e-01 1.069754265390518988e-01
3.920436080461841000e-01 1.425520932259349838e-01
1.028938218273871552e-01 1.161105301925630107e-01
4.815174960056576303e-01 1.343448333967743880e-01
4.927393719230819258e-01 1.223555655287940080e-01
1.353354559008651536e-01 1.171197181476816285e-01
-1.883350572313613469e-01 1.034571739263990819e-01
-2.017428689992772917e-03 1.252325846807471610e-01
-3.122596560643017272e-01 1.029916409781095332e-01
2.216962560003949978e-01 1.397171773783825177e-01
1.936923090582109985e-02 1.269941938457980202e-01
-6.472588837405135465e-02 1.181761774659800812e-01
7.220414068080249770e-02 6.343815685969200757e-02
2.648739787290874670e-01 1.034620058919573093e-01
2.517197133146706900e-01 9.753515250118938162e-02
7.023211560882258730e-02 3.083593736393409612e-01
8.723394869837253207e-02 -4.008955382721640648e-01
-4.666737134163904122e-01 1.419262946411706805e-01
-3.873884744963799198e-01 1.370474538382453478e-01
7.117208193852497811e-02 1.281981505842484381e-01
7.750501208968152422e-02 -3.183996377769908737e-01
