-4.873111059162748004e-01 2.633011158275633257e-02
4.894732067494484973e-01 2.807391445352980242e-02
3.243776490041306859e-01 1.361536196388513087e-02
4.942156339176628776e-02 -4.747097198317918876e-01
6.853172451902789231e-02 7.612244168875115236e-02
6.466015467102403935e-02 -7.055316212812967613e-03
6.262168218885311166e-02 -1.792689255897634837e-01
-2.817820687789007739e-01 2.006828010196581857e-02
2.889199607260841685e-01 4.302191362599427915e-02
-1.336029995488243749e-01 3.271881536241016963e-02
5.197991524517020512e-02 -3.986173201542363431e-01
7.430741546098718064e-02 -2.889096008506348845e-01
-2.000336763705279353e-01 1.643090695883064889e-02
8.047288528566276522e-02 -3.593927284373334974e-01
-2.511003576953365624e-01 1.706424434314823824e-02
6.617480589565993832e-02 2.471507024740505765e-01
3.120641615106510836e-01 4.017498586537238126e-02
-2.749675405795630745e-01 3.877164261170995552e-02
1.953830835231787910e-01 3.169041617388013155e-02
7.609188493533225461e-02 -1.867730578831322541e-01
6.999543365330940237e-02 2.868692466520840201e-01
7.983713192062336095e-02 -3.621580485246086445e-01
-1.525231391663522951e-01 2.181728698406404376e-02
3.527963368138191669e-01 3.353847493637063248e-02
2.786556592803673960e-01 2.373968164566298000e-02
1.156419270050396131e-01 3.092920559270939673e-02
-6.171610924401615961e-02 1.312868625502450204e-02
-3.407239791949812080e-02 1.937015405688202740e-02
-4.350001269722029162e-01 2.417571257690653841e-02
-1.037072395673876990e-02 2.450568931973939879e-02
5.094503480872303314e-02 2.213797900879935776e-01
8.357127013908083324e-02 2.235617568035933589e-01
7.523743816997807698e-02 -1.260842919766196335e-01
2.072513478604631754e-01 2.162933968516211891e-02
-4.690672841331156029e-02 3.200290536627969917e-02
1.211665062704958551e-01 3.169112431643617001e-02
4.981161633098863950e-01 3.257636003059516394e-02
3.503703281086433252e-01 4.101547614798761732e-02
4.437740684771618316e-02 3.213779308786557376e-02
7.223670557514383361e-02 1.694687294047586557e-01
4.973904518516447659e-02 2.569240649726145520e-01
-2.517812980151445945e-02 2.997447223033578023e-02
6.869200017862731045e-02 -2.038140955587063319e-01
7.571176681974545186e-02 2.572414687461338501e-01
5.981323143636829709e-02 -5.815094370183904182e-03
6.518987617717109107e-02 3.570107044362660353e-01
1.764642890124832331e-01 4.174028169378329878e-02
5.778865454249138001e-02 4.037687745012119578e-02
7.831975865074758403e-02 3.647199226100226177e-01
5.847111832682294619e-02 -3.489743394268247645e-01
5.863302136132120257e-02 1.000433807459673030e-01
8.218685809427705991e-02 -2.173463089105294177e-01
-2.304555048208900558e-02 3.761526640874779392e-02
6.870590216116601034e-02 1.590134594599026396e-01
-4.561367011789633219e-01 2.480422815851124341e-02
4.707204277627051736e-01 3.878066969232540906e-02
6.858533906895947219e-02 -1.710256753919087158e-01
7.181671007347756319e-02 8.923952527692613490e-02
6.541952344509260886e-02 -3.958351995951614466e-02
-3.431518233823740438e-01 1.390865262389329171e-02
-9.256310904527054184e-03 2.962169622531840574e-02
-4.085898809279013832e-01 1.394290953598986693e-02
7.762493638363987536e-02 -3.609374679394584673e-01
2.513466995035413820e-01 3.623648866690454273e-02
-4.801081621427072399e-01 2.539303949670446148e-02
4.820051723130669430e-02 2.701986809411539570e-01
5.998402752596998511e-02 2.958789519873668006e-01
-9.869773282564464623e-02 2.829300021010361377e-02
6.686757138053367466e-02 -4.745560698006193734e-01
1.377062967596608400e-01 4.038678099838710622e-02
-4.855330908712760518e-01 2.524262702063040376e-02
7.488299832215894458e-02 -2.211583451539648193e-01
-4.156655327180619475e-01 3.998171163318264831e-02
7.776388489301266915e-02 3.191292681535576881e-01
8.276571533441878792e-02 -1.903071291005932197e-01
7.865048143688657678e-02 2.412546289473698202e-01
7.295589574312932868e-02 1.481217203649256575e-01
-3.569858939164931577e-01 2.396755507707304389e-02
5.049337357704131168e-02 3.502308892364935922e-01
7.599210509048326401e-02 -1.195579659416761142e-01
5.771307241159107093e-02 1.518203365088134360e-01
6.970654545890564435e-02 4.454740573646193136e-01
3.061374864057379019e-01 3.443890634167401377e-02
7.218317376707616972e-02 -2.199726713978888970e-02
-1.862672578560988779e-01 1.885181210492903325e-02
-2.562720103948743500e-01 3.012036622582914269e-02
5.675440519817520624e-02 -3.438698086918807739e-01
-3.287113051892354143e-02 2.839092814478672011e-02
8.221501365766314962e-02 4.720364489870820801e-01
1.793960346705201214e-01 1.499672882498070958e-02
4.744392172439626520e-01 3.540100109373134352e-02
4.463442899516835149e-01 2.137678109131557758e-02
7.132818112770389352e-02 -3.261315144238446928e-01
7.237762228721822400e-02 8.820925216399821966e-02
7.546754752340667505e-02 3.784248100846927532e-01
8.225359364176243471e-02 8.211599519596990415e-02
1.845512380945950603e-01 3.985095910390523688e-02
7.517532666842041689e-02 4.716790913598489787e-01
8.171511682898580098e-02 -2.565081503222560455e-01
4.798003886463020340e-02 -2.792716523101983483e-01
2.222151400915108876e-01 3.557390057648990300e-02
1.879579536934702366e-01 2.741619384889237843e-02
-1.485368862776454968e-01 1.638106504885250558e-02
5.416464638266527132e-02 -3.111144109941458291e-01
-3.060849206618776464e-01 3.503692721010454036e-02
6.515553319790789999e-02 1.942840785558085370e-01
8.090987008396066660e-02 -2.171561979666563058e-01
4.893228976330830093e-01 4.221351299605990981e-02
4.484502978226774239e-01 2.408405736516072704e-02
5.454041258392983149e-02 -4.355216103006037676e-01
4.806113605474160444e-02 2.484647462724027811e-01
-1.881253333755106283e-02 1.683006732473768530e-02
2.674856991037285470e-01 4.221598392363123953e-02
4.941758999024326027e-02 -2.315963725879865986e-02
1.328945242020126427e-01 1.907923209132600384e-02
7.763883102340252140e-02 -5.363559386721228339e-02
7.594715222221848361e-02 2.630834708312010939e-01
-4.655402448344339028e-01 4.197182856801240369e-02
6.725118041414734904e-02 3.755113447896920587e-01
3.986889099946278048e-01 3.148412551941681681e-02
5.670869550324686426e-02 3.830469373427729529e-01
3.583656690086719498e-01 2.817289516375531822e-02
4.814295200137758135e-01 1.338920615083616372e-02
5.443401521682622590e-02 3.282889459730308213e-01
2.767706949426147478e-01 3.135408010621520969e-02
5.891122905796430942e-02 3.356028836799670456e-01
4.078235868412524168e-01 1.448439910310073131e-02
-3.920512286760923226e-01 3.890067311757372526e-02
-3.558826953311419183e-01 3.733490354252189114e-02
-2.862525349340975245e-01 1.595646680038986798e-02
6.928096102248715304e-02 4.090109517593136790e-01
7.378675800777223515e-02 4.131079575064958709e-01
-4.232008282356617412e-01 1.465153275875041849e-02
-3.590726366321884688e-01 2.966551230858349708e-02
5.292288255711063982e-02 7.510638482527787207e-02
7.883530323544030161e-02 -3.118874180434515475e-01
-3.633273508257802709e-01 2.954681300348604989e-02
7.916757243708127945e-02 -2.227126444429250451e-02
4.598812686024847940e-01 4.216286505469002410e-02
7.762019013850962601e-02 -3.634484398535540173e-01
7.119543063959654638e-02 -8.625662520655552612e-02
-7.712500133208766151e-02 4.180193192373471422e-02
3.361304929772552796e-01 2.267941293701747352e-02
6.089429736059692733e-02 2.229213703069012897e-01
-3.010735628495861960e-01 2.988538098682025357e-02
6.596227989649228185e-02 -2.278232021526301887e-01
6.727528199782772944e-02 1.987418421041278194e-01
4.702235978223547885e-01 1.724652161486672775e-02
4.414705385278915317e-01 3.910404882140106064e-02
1.423538506787785929e-01 2.639876311978539558e-02
7.673099431417385041e-02 -3.001390638025590585e-01
5.590595724254976417e-02 2.448974229823797089e-01
-3.951922572018461421e-01 2.734261914989877251e-02
9.547986708934175226e-02 2.889262204022469138e-02
4.250025568025507239e-01 4.261256790288203700e-02
6.372161520072905372e-02 2.290683296846879324e-01
8.269572110023426514e-02 -4.769724780201770598e-01
8.231150832903655346e-02 4.646250016984099229e-02
-2.060266360836995325e-01 4.109436265370991492e-02
6.067322961107213253e-02 -1.346044071996964631e-01
-3.518929806461320586e-01 3.013635741097697718e-02
1.755786837770264563e-01 3.198637454278518977e-02
6.573458221819628022e-02 -4.087655798226168535e-01
7.598303154567087603e-02 -3.487662759988056083e-01
-1.841732684618698768e-01 2.679840560410418071e-02
1.374556753364231110e-01 1.693766072083779939e-02
-3.400625804672937624e-01 3.662382348034198820e-02
-2.375243056192942737e-01 3.567844832680566736e-02
2.045711365353958255e-01 1.655831268893759312e-02
-1.375066209968489606e-01 3.888656254287092828e-02
6.799413292775557949e-02 6.505911599711866611e-02
5.219078052486214592e-02 1.956648710720191309e-01
-3.394048892852314925e-01 3.679604920028178849e-02
-3.407519984662186197e-01 4.283839752828544345e-02
5.511821789217830059e-02 -4.362438158292618606e-01
6.359269028326186568e-02 8.485518334313602029e-02
4.254369619578879380e-01 2.129572762961640109e-02
5.622834252259878429e-02 -3.815647488246577401e-01
7.030534930187570808e-02 -9.613625327848829283e-02
7.704864137703126836e-02 -2.801620267425456445e-01
6.647226776205428234e-02 -1.403180567317158234e-01
6.221274847525937179e-02 -1.416690599215603141e-01
5.188269945293566554e-02 2.203169958129013173e-01
2.987075320825316460e-03 2.776858183076613695e-02
-4.055348094534280134e-01 3.067191508567790326e-02
2.823918611415998647e-01 2.355415570065433339e-02
8.227564176707857779e-02 3.493507633186554440e-02
6.220434704211974530e-02 -4.227593042957652480e-01
-4.441098560762700709e-01 1.667511774803687175e-02
-1.038012507792004380e-01 3.088864441029026686e-02
5.419918316210237119e-02 -1.100271184429224558e-02
7.902820473168647997e-02 5.687636552064745388e-02
4.064985396495832681e-01 3.290013804177838175e-02
5.105413040892703425e-02 -2.872838435951811098e-01
6.793796564064136234e-02 9.405271647154045400e-02
4.868461092973047633e-01 2.955642024539018031e-02
6.199106195874382053e-02 -2.430399553044013672e-01
5.705415181909945233e-02 -4.677882201713100541e-01
2.454154395302221570e-01 2.923923317000454158e-02
-1.593755658227887784e-01 1.836872792011379207e-02
5.708300688643652698e-02 -8.889679127004046499e-02
-3.071264774840316569e-01 1.313926369351492429e-02
5.240019087004599285e-02 1.567911965965990140e-01
5.815088341350005408e-02 -2.443340672609839448e-02
7.548869327673890517e-02 -3.027654341770651403e-01
-2.382662659872410993e-01 2.341977484619317540e-02
5.205110692525150018e-02 -3.594473302206852017e-01
5.563919170366438127e-02 -1.019066499235006251e-01
3.207524660075484757e-01 1.974341041970917310e-02
7.367693797950036760e-02 2.874444559073385808e-01
-4.855061150378746637e-01 2.010880890123978304e-02
7.415975837917854196e-02 3.454498094412381537e-01
5.677467687414061714e-02 -1.158893507030686054e-01
2.964621409286062326e-01 3.965820442137901747e-02
5.950697499276402791e-02 1.571757494199212957e-01
7.948099514216500072e-02 7.150289934220410704e-02
-3.256595694021052756e-01 4.245166462888849690e-02
2.964191011887219451e-01 3.708282041686039587e-02
4.821986169529857147e-02 3.250358061209263072e-01
-2.110827842875602212e-01 2.123221373864592199e-02
6.776354965460518187e-02 -4.931285012571247073e-01
6.565636995702328615e-02 4.146556039156136242e-01
5.134052525925925092e-02 6.982426713501932447e-02
1.763486491477950224e-02 1.211722346815047313e-02
-4.556865178253668436e-01 3.301713364862191025e-02
3.946689975813498785e-01 1.998620645944548802e-02
-4.911126443927971152e-02 1.983503679448173074e-02
1.602178514680698829e-01 2.452232082857219719e-02
6.151438800473707502e-02 1.412789070775239963e-01
6.361226599440505947e-02 -3.563661031568418069e-01
5.716811157121926001e-02 7.928580222516978804e-02
8.222060758763471977e-02 -2.530370256287330921e-01
3.862374303674946940e-01 1.697806619998509792e-02
6.278516644196563412e-02 -4.499395810479995816e-01
7.948579063555716306e-02 1.196193204562023826e-02
8.128029427205951674e-02 1.859145740756522613e-01
2.196984938990548253e-01 1.850722958003159224e-02
3.197825712874443616e-01 2.267301268128185665e-02
5.928666771888224662e-02 7.266097083768963127e-02
5.447933127585879998e-02 3.080894913242215871e-01
1.680636752489529373e-01 3.011773766155889653e-02
-4.629368443977053271e-01 2.501144253459408606e-02
-1.395657023655243467e-01 2.300213661656869135e-02
3.564547665980331015e-01 3.022992221356601839e-02
2.023777329891401910e-01 1.772548738756518638e-02
7.395207639330092508e-02 3.919043058724278605e-01
-4.555116681934899825e-01 1.399362036952978006e-02
1.335654703972207757e-01 2.575329929234704274e-02
-4.660062809772735903e-01 3.069048816848707339e-02
7.953469508792476717e-02 1.410842144572732604e-01
-4.322819498158791962e-01 2.192009840001318821e-02
5.073849927430729156e-02 3.963611626341434491e-01
2.973773256075732396e-01 1.582692860987289230e-02
6.336901239806480568e-02 1.503019544959038889e-01
-3.823458738837273163e-01 3.954806571461189080e-02
5.563848594158449234e-02 -7.872449653129465208e-02
1.831998204121121354e-01 1.669072394936599313e-02
6.514790568287909256e-02 1.637371825527608182e-01
5.207458272945197919e-02 -2.216250264001113912e-01
7.639175817573218286e-02 -3.942499486696842137e-01
-5.086472967225208475e-02 2.420942394906777650e-02
7.670332456855344372e-02 2.405467914543140129e-01
5.278658646638256791e-02 1.761398919968966137e-01
5.761716406297567872e-02 3.534006998477614570e-01
7.926286533132875789e-02 -4.239669758819434309e-01
5.160622773384648809e-02 -1.536187825980854793e-01
8.219497412487453136e-02 4.896825967146190006e-01
7.554000966621954305e-02 2.524926973608084824e-01
3.941589930236116812e-01 1.909852487800844933e-02
-2.276160434437844993e-01 2.545944680623191125e-02
3.435405856047355488e-01 4.029012612235161050e-02
-4.098175966337428422e-01 3.534211360578309868e-02
8.577610335054375312e-02 3.129359381713081589e-02
4.454615692597888588e-01 2.854110055240166588e-02
6.532746934676059158e-02 -4.542979977011574189e-02
6.410168528884341299e-02 -1.319509224185713148e-01
7.934688340567108700e-02 3.871780681093395238e-02
2.420758256885863213e-01 2.912246058343470612e-02
-4.465548528537274242e-01 2.717360144803593336e-02
5.566755976346648982e-02 -2.126288771223453500e-01
8.227545037522154825e-02 -1.181700777915006828e-01
7.142917797913839184e-02 -4.505529372120794518e-01
2.797103372906993846e-01 3.911840253435960868e-02
7.637281987053412546e-02 -2.859187319505397396e-01
4.820137785917898432e-01 1.650545780055157064e-02
-1.665634061599121640e-01 2.058416630026715932e-02
7.866076590255521861e-02 4.773109544227178702e-01
6.239699148561106412e-02 7.599164225274124274e-02
3.435389586723014421e-01 1.634785036720265428e-02
5.875571821837499709e-02 4.829082012397272194e-01
1.330165847063561335e-01 4.070174121177594362e-02
-2.181437441397964250e-01 1.980731622461850971e-02
5.740842256471656579e-02 4.997198661271269327e-01
5.129351233333112603e-02 -4.310475965004991750e-01
-1.524428213454702696e-01 2.503530419845834132e-02
7.436655521867008289e-02 -9.106504778498725194e-03
5.853693954082894724e-02 -3.177918889973085914e-02
8.158940845669648834e-02 2.485394666568044864e-01
7.678601351072356085e-02 2.393300416942876208e-01
8.340076181734157323e-02 4.851902968198245070e-01
7.048044256789010031e-02 9.587429155631055355e-02
6.802868582036669665e-02 3.143786402550841075e-02
5.851014054504877215e-02 -4.921205442676046538e-02
3.675687257098767535e-01 1.378789436873617547e-02
1.336819146759059551e-01 2.287679396416042454e-02
-1.422070001905991754e-01 3.746887927613862246e-02
1.110847814357253105e-01 2.149446267400545452e-02
5.932927314201175140e-02 -1.747057599471313338e-01
-1.533443690158772243e-01 2.828709745974711254e-02
7.275831207929550626e-02 2.361220501979847120e-01
8.032425487936756259e-02 2.710778321090669962e-01
6.785726945356329587e-02 1.648325180295282522e-01
8.104445740407739684e-02 4.533116567075140546e-01
2.883596470029246017e-01 3.549631233095107419e-02
4.673442124550275523e-01 2.450291100487189677e-02
7.355612285776202963e-02 -4.374274331606693433e-01
4.297046600503411362e-01 2.916932432333163572e-02
7.925683437442776480e-02 4.064315981953293688e-01
8.025716399759730280e-02 3.408198337456992411e-01
4.701449536160563492e-01 1.250966416603760401e-02
-1.183116126183757499e-01 2.581710534863246309e-02
-4.571173677025854865e-01 1.594294670758333865e-02
6.959784734543683626e-02 -2.847771563862248057e-01
5.786784318155913098e-02 -3.542864468244412146e-01
7.611724753435367141e-02 3.979631363654814180e-01
7.124062480587411983e-02 -7.291761002470797948e-02
