-2.635858031824809267e-01 -2.939780201769526258e-01
-3.771801733979043281e-01 -2.932105718711941478e-01
-3.518031985011371710e-02 -3.324038002927042212e-01
3.842813844766812537e-03 -2.309745537874208221e-02
-5.904167639844781768e-02 -2.817652884307836336e-01
3.809868109549670034e-01 -2.808108640056987682e-01
-3.340870643568663034e-01 -3.536439518471293786e-01
-4.234553808426224641e-01 -3.187968629526989339e-01
-4.403986469926637337e-01 -3.562252416691389367e-01
-1.786734041847048982e-02 -3.265090007988732390e-01
2.773937755047084508e-03 -2.960864975467101257e-01
7.665118442981544433e-02 -2.747440331485377918e-01
2.393747124349022704e-01 -3.619516181315149961e-01
1.155879046136565336e-03 5.616606472670870875e-02
8.540944889175394739e-02 -2.872671261289869715e-01
1.220727505446506100e-02 -1.716931370463994355e-01
1.709630591004707156e-03 4.956713523423202927e-01
-1.960424340555912970e-01 -3.058021416569430828e-01
-2.859998366293605709e-01 -3.113925255972966877e-01
-4.064129776569808117e-01 -3.524010874283486361e-01
1.494696348773288941e-01 -3.067542668468868916e-01
1.168098370875716441e-01 -3.256072349780460007e-01
1.118497987877423716e-01 -3.395615297562660784e-01
-1.857030231742781146e-01 -3.230377763919953793e-01
-3.169918767184909392e-02 -2.766364978708478750e-01
-4.447126011645915478e-01 -3.501020913951655711e-01
2.336196912907153589e-01 -3.347624200814784956e-01
2.684652847986600532e-01 -2.829457135716900718e-01
-2.460542079136787130e-01 -2.999313144299726730e-01
4.294400238278743842e-01 -3.412293226056926088e-01
4.384804511487987444e-01 -2.718077898052835284e-01
1.382982277556288331e-02 -5.814675997969587229e-03
1.176461335907452721e-02 2.548953285331465590e-01
-3.727597519516967495e-02 -2.972019511964486549e-01
3.259827371074972557e-01 -3.289757700201565438e-01
-1.207056196265704484e-01 -3.043641210356444748e-01
1.217319114623194309e-02 3.339357138006849857e-01
7.479386797981057988e-02 -3.596548691081880023e-01
4.088785578215445859e-01 -2.993557890632899676e-01
7.017841191706453152e-03 4.465632803217449709e-01
-4.889876748133525908e-02 -3.051239060271501158e-01
-3.532598891814201503e-01 -2.693323329015792078e-01
-4.462361233545737438e-01 -3.436180409458677865e-01
-3.235852070801091829e-01 -3.436196869155934142e-01
-4.959147054398801435e-01 -3.133642681110763162e-01
1.569788434096119900e-02 -1.902932543119163489e-01
-4.038518990440118639e-01 -3.572479476589446312e-01
4.479652962990093856e-01 -3.244639942807358013e-01
8.167859468367955067e-03 -4.241532411754256326e-01
4.582115123628851538e-01 -2.844666430384862332e-01
2.762003796544473255e-01 -3.202435479393846984e-01
-1.910936665421703040e-02 -3.684623908114998958e-01
-3.882554231640744646e-03 -3.551985498704938182e-01
8.419486228970485264e-02 -3.379615690115048698e-01
-1.739501535969045776e-01 -3.572351364866327428e-01
2.579785475562912378e-02 -3.636631813553952153e-01
7.077603104166496628e-03 4.028536055965793450e-01
2.275223290719684544e-01 -2.733084711135999045e-01
-2.922530859281909921e-01 -3.389912458430862641e-01
-4.247714050973128153e-03 -5.705477578160766949e-02
-2.493578700012826221e-01 -3.020633034483356516e-01
1.726555610874003222e-02 1.319597435164945320e-01
1.229002829424218346e-01 -3.265927483536539278e-01
2.943292574083596902e-01 -3.645291085833429756e-01
1.655993806132509683e-01 -2.727702874231887620e-01
-1.416960281190337012e-01 -2.784885839531604512e-01
3.454052088132097964e-04 -3.717707891370206630e-01
-5.369136507232541433e-02 -3.626523329143717111e-01
3.123082095979927697e-01 -2.781695940064615735e-01
-3.770717067591837779e-01 -3.373795133770141064e-01
-3.241847609586783197e-01 -2.705468366224390575e-01
1.403005963295211878e-02 2.828227873368893697e-03
-3.510380221115070309e-01 -3.632751783714128768e-01
1.466055236655873228e-01 -3.229607906889007118e-01
1.336273495298221370e-01 -3.648608991487232167e-01
-1.331215310049508327e-01 -3.258607394449961614e-01
1.302314953879512016e-01 -3.449597695015730325e-01
2.796309452461852585e-01 -2.869699141557287003e-01
2.165079672403802391e-02 -2.731915934556182757e-01
-4.996027779722633788e-03 -2.708046249526722127e-01
-5.421420263655074567e-02 -3.257535338474100151e-01
-2.791781771474182161e-01 -3.538565105663404875e-01
-7.001984151724149896e-03 -1.442602498431722058e-01
1.908014636318491331e-01 -3.315813709949437804e-01
-2.161983912336228331e-01 -3.200715951996420117e-01
3.098699202157428889e-02 -3.078889921141555464e-01
-5.924098680719636079e-03 -3.050792505969630586e-01
-2.105924405617233264e-01 -2.823603387069277826e-01
4.826151709025582326e-01 -3.510298867484761276e-01
6.546603176583798422e-02 -3.578853669529387105e-01
1.619385780019246823e-01 -2.771793173241456909e-01
-7.344754643431095076e-03 2.483467711188382943e-01
-2.663612415144707146e-01 -3.579262397866536105e-01
-4.643811504140226143e-01 -3.636785935601393183e-01
3.122937612133372953e-01 -3.642131363507121744e-01
3.476574909182252870e-01 -2.988001461241371892e-01
1.618498575768789749e-01 -3.007616484201223184e-01
-2.769654153817247000e-03 -2.498113919571496311e-01
-2.010109596913700614e-01 -3.693203686195581925e-01
-1.217557240081434955e-03 2.585951896498861480e-02
2.412926350640604012e-01 -3.453530411621311691e-01
-3.155121910419200759e-01 -3.099352883736216091e-01
-3.057615269367530697e-01 -2.863557492849132524e-01
4.736494313355774644e-01 -2.722296484663018212e-01
-2.602101496848695517e-01 -3.500733017613305575e-01
2.550094616595778296e-01 -2.928416398380313534e-01
-1.383586972032833096e-01 -2.898636427293939111e-01
1.885494398362463908e-02 3.990631071428798471e-01
4.861446349403492073e-01 -3.691371219752269672e-01
-2.583980033187569525e-01 -2.693538522630775089e-01
4.829387956991093578e-01 -2.716294852159998330e-01
1.635573937485886864e-01 -2.719360973043378760e-01
1.661320951890243869e-01 -3.092765625879136948e-01
4.202382293606082841e-01 -3.259782407820347450e-01
2.046287582306682840e-02 1.617483304227623764e-01
3.206800402223045632e-01 -3.605847702507566366e-01
3.464972374940178401e-02 -3.006740718193919859e-01
-9.105283262469399119e-04 -3.806746601726392898e-01
5.281969158351995652e-03 -4.495271734284306264e-01
6.234029201993340763e-03 -2.722087165851293511e-01
9.715990777924954358e-03 -6.213486372575449668e-02
-2.604124394148693566e-01 -3.402353365042675160e-01
-6.591982600994883423e-02 -3.331371501388441514e-01
3.514161706896630211e-01 -3.018939532729024711e-01
-3.637081387642701058e-01 -2.943175300840595865e-01
-4.724419940078697921e-01 -3.474981519625253146e-01
-4.848780677994393162e-01 -2.997087256391521848e-01
2.969815143900887966e-01 -3.115823060663112098e-01
1.355620975254145932e-02 1.555614572500325643e-01
5.424748454589234381e-02 -3.160376441287020555e-01
-6.299227577298560643e-02 -2.779745206647338263e-01
-4.728150632440558665e-01 -3.624701649161569117e-01
-4.351206686592539175e-01 -3.035658998694643618e-01
2.101481401919964576e-01 -3.157517954073508770e-01
4.163731909302877954e-01 -3.291309754147171418e-01
3.875700744484079641e-01 -3.534074313831960801e-01
4.333320883119832212e-01 -2.830468342158727335e-01
-6.205175309525290395e-02 -3.051699032254681088e-01
-6.941121938382810441e-03 4.366987650126470388e-01
-7.778028298696637588e-02 -3.440207574075160313e-01
-1.772755005402594231e-01 -3.410700300407258911e-01
-4.902035129695690996e-01 -3.578148164961150179e-01
-4.332752070912336828e-01 -3.200754268107699474e-01
-4.651439877728027472e-01 -3.610566976560510843e-01
3.571338059254610675e-01 -3.096091848484369136e-01
2.698600141754111670e-01 -2.728661596998612771e-01
3.344402698301640608e-01 -3.138033313886758879e-01
-3.942579585322789626e-01 -3.149316736963279073e-01
-1.343718006204275284e-01 -3.632664148636968182e-01
-4.290240509174645389e-01 -3.262900266332657839e-01
1.603637224111503778e-01 -2.913609005430319865e-01
5.106402252007757880e-02 -3.040104125173201943e-01
3.020649209568415650e-01 -3.352406921265863593e-01
1.631990324969800898e-02 -1.715813918341950739e-01
-3.942227436218337377e-01 -3.034486546639286741e-01
-1.186920597571305969e-03 -3.516476289329066862e-01
-2.296616660312544855e-02 -2.950455282740368501e-01
8.306628381063996258e-04 3.416656373727762208e-01
2.228733350170220007e-02 -2.302196829685725366e-01
-1.228419757883606467e-01 -3.315914885037788418e-01
1.556025202393229723e-02 3.656284003494203461e-02
3.203358239363403026e-01 -3.650604741338665526e-01
9.622931717645499816e-03 3.822538237055246313e-01
7.870619782790089225e-02 -3.635780009693422299e-01
2.027480553171704392e-01 -3.345028251935510122e-01
-1.346570859773119633e-01 -3.673045921616808762e-01
2.451291542137967738e-03 1.007915410009079249e-01
2.544593921255944302e-03 -1.262325911709999415e-01
1.302274642678846739e-03 -1.298746912527490860e-01
4.372875335612382841e-01 -3.616526326839647476e-01
1.721416518104902371e-01 -3.271980616439676970e-01
-1.676188151601915033e-01 -3.001196581608843728e-01
-3.357867590719976203e-01 -2.853317425612262870e-01
-1.231131206959586999e-01 -3.629731470122012915e-01
-1.693684868067091287e-04 -2.451682953447208435e-01
-1.785247570893320201e-01 -3.257154982417456157e-01
4.158477742847929148e-01 -2.800855070672821912e-01
-3.657682827395829506e-01 -3.039186781377699598e-01
-1.947447254309793152e-01 -2.777515969035012633e-01
5.644233752587046737e-03 -3.056224282865122044e-01
-9.485568403775346269e-04 -5.655780351162686959e-02
1.019239294714135990e-02 1.125044130381367413e-01
-2.936601413899552204e-01 -3.321002714883369844e-01
4.519880077114901695e-03 3.696258444710126545e-01
-2.326247253788122915e-01 -3.502046408085073281e-01
1.407445472791768459e-02 2.920234933438448088e-01
-8.503924893058745216e-02 -2.707686304219115714e-01
-1.019234790675853652e-01 -2.791238942748324181e-01
-4.236169810252727874e-01 -3.581765035299437905e-01
1.085259286588746708e-02 2.345516242343547164e-01
-1.054056560278238130e-01 -2.753540169497417089e-01
3.474113753480158051e-01 -3.123514615646409975e-01
-3.455232074234693140e-01 -3.676270985831137095e-01
2.244967865059589451e-01 -3.291771582672735619e-01
-7.188075281223138546e-02 -3.563292680810212776e-01
-4.377844602336705693e-01 -3.544748280551786035e-01
2.002912784285688641e-01 -3.429383432998760473e-01
-1.997642343760447359e-01 -3.327981389668519530e-01
3.611209578861938052e-01 -3.537406891448421353e-01
-1.439558429271898810e-01 -3.256274197806737769e-01
2.361373904647332544e-01 -3.074947435907275928e-01
-5.577720065620295209e-03 -1.121572746386433339e-01
-4.990688493976445095e-01 -3.003858414384689146e-01
-2.878004799222567689e-01 -3.187570029707674779e-01
7.776476432594936483e-03 -2.251744562863664534e-01
-3.548477913324551425e-01 -3.221980404267631437e-01
4.059534658383665562e-01 -2.851158173289504161e-01
1.502242988729218798e-02 -2.423501433861640075e-01
1.321054488011559336e-01 -3.153599509712899929e-01
-3.182287275062525289e-01 -3.637343495139956362e-01
-3.045773246066363349e-03 2.567972289649709250e-01
-3.953005745638361601e-01 -3.136781035335615142e-01
-9.531948673809576000e-02 -3.487357262941545022e-01
-4.198529097725471892e-01 -2.872346860933068236e-01
-2.507415450201324614e-01 -3.448762584157595290e-01
-7.125939426064431537e-03 4.208603377527324607e-01
-1.587112667947010447e-02 -3.203017728157758759e-01
-3.052939879635837572e-01 -3.214637051418277602e-01
3.762074188095622107e-01 -2.873580745623603994e-01
1.354573096861455550e-02 3.699772776233479776e-01
1.470069433644606294e-01 -2.728897303426534027e-01
-2.648803918409536884e-02 -3.629881627501972963e-01
1.610385259489255372e-02 4.233318783305449751e-01
-6.507376455674562798e-03 -3.677922327828906379e-01
-3.206062494134805929e-01 -2.869006592565407354e-01
1.675520169428463824e-01 -3.337812157435455784e-01
1.249755048482270592e-02 2.184712150579015688e-01
-2.563656283447526274e-01 -3.188952436331070617e-01
2.126552385829874048e-01 -2.784341698874548410e-01
-2.861001114156472847e-01 -2.893002186922474239e-01
-1.156021805499594102e-01 -3.635659350792710409e-01
1.694272364100631867e-01 -3.020548955978455963e-01
3.069273727541493857e-01 -3.469198647022412318e-01
4.779763835446759757e-03 -4.155983709660542313e-01
-4.500817723623056210e-01 -3.064158775552470182e-01
-2.895950392681845287e-02 -2.717135678209898764e-01
-1.391702803375527431e-03 4.294258049709558378e-01
5.402362294153151279e-02 -3.439481159726601733e-01
2.198287578408941734e-01 -3.234339792346047071e-01
7.022966464141466858e-02 -3.056784762525989185e-01
3.075639296431305070e-01 -3.577626305272004759e-01
8.124338824882826327e-02 -3.083358860957110537e-01
-8.451555557080281389e-02 -3.367780575275458599e-01
3.160635072351075658e-01 -3.384337944315499724e-01
-2.129229599616782043e-01 -3.674740214162006691e-01
-4.232530503874144534e-01 -3.102034153182439136e-01
3.661847103175028817e-01 -3.470439672246942164e-01
-7.730863857893832680e-02 -2.729510926063758447e-01
9.550610082268873313e-03 -4.167546663932497619e-01
2.657972455370849474e-02 -3.198618213304307289e-01
2.570367225880532125e-02 -3.668015472205216065e-01
-2.008964279363341099e-01 -3.505290374430151124e-01
-1.705469363324981780e-01 -3.676702334363217695e-01
-3.399055835025921457e-01 -3.637648400481154898e-01
-8.670750915041880447e-04 -4.390753398973057386e-02
4.147427206548537360e-02 -3.050404096934671294e-01
4.778520667950858503e-01 -2.931912184015628142e-01
1.521327886493661907e-02 9.748818708192241722e-02
1.617641121686343997e-01 -3.132108877752526332e-01
-2.595526058869572772e-01 -3.485671444067034441e-01
3.220668011905197803e-01 -3.227127138494370051e-01
-1.188804286208734462e-01 -3.421375981080297946e-01
1.160706163501251664e-01 -3.219025053633519651e-01
-1.059030819771555887e-02 -2.951602653373728291e-01
-2.113249534874847013e-01 -3.329435364990170898e-01
2.421077462900809163e-01 -3.049599704897699715e-01
-2.960681833361650250e-01 -3.298837620444963203e-01
7.265730762391231501e-03 4.930800450569676752e-01
4.114728320109380943e-01 -3.116716248511277598e-01
-4.493545705515078481e-04 -3.520767284532868580e-01
4.122039620547912619e-03 -2.311528914614726649e-01
-4.228011592230962457e-03 3.295035579866197883e-01
-4.816986228718089791e-01 -3.371167507323087342e-01
3.368750289765027883e-01 -3.326471429728784512e-01
3.031162954012219801e-01 -3.662982367357263680e-01
-4.015585147808640176e-01 -3.177506240681906569e-01
1.061130636279805639e-02 2.055909291452866494e-01
4.441514657171954372e-01 -3.109948794832759766e-01
1.739919609466222816e-02 3.486019590830483628e-01
4.283653324695495535e-01 -3.685602498281959072e-01
1.484295945516889148e-01 -2.702266493417490034e-01
-7.725338940010417765e-02 -2.947650974108717570e-01
-2.197306310162949750e-01 -3.646385363792374878e-01
2.133855496832788301e-01 -2.782797162305329364e-01
-2.188099495084361301e-03 7.611093784374856064e-02
-1.297288911417227020e-03 -4.320557421061417269e-01
-3.184168480185149974e-01 -2.833202117939189746e-01
-3.706238981195042470e-03 7.756287175896825481e-03
-4.714187119603638898e-01 -3.220684542778688986e-01
9.568800953017642108e-02 -2.924136981799533297e-01
-4.787881703894593111e-01 -2.959352320087487165e-01
-2.897281742175861208e-02 -3.404169275610682277e-01
-1.465286873518530930e-01 -3.575650944913094653e-01
1.605987135874864524e-02 2.247098491627017580e-01
-1.421366992229167181e-04 6.497616315299004075e-02
-3.376935955592608174e-02 -3.291023200973400842e-01
4.684018580930179310e-01 -3.364647315306115161e-01
-4.995948968798861189e-01 -3.265456832333533121e-01
-1.254443772910129873e-01 -2.762477679958882382e-01
1.898517574476232816e-02 -3.505240069908077682e-01
1.979159559368204313e-02 -4.553607470898430876e-01
2.901503972037343670e-01 -2.732586641641714387e-01
4.901389739754180574e-03 -2.658329931336417262e-01
2.147417515974902047e-01 -3.427111028036935458e-01
-1.773065819805947907e-01 -3.465033318025533271e-01
-3.812354146571385050e-01 -2.882517583017604190e-01
-3.612717892758326999e-01 -2.876624538513583573e-01
1.331475590790998087e-02 -2.156614302304904474e-02
-3.236450024074799536e-03 -2.804743963675785379e-01
2.031670574221954295e-01 -3.170588921126051840e-01
2.760176927776841760e-01 -3.541632170617873276e-01
-2.365975163389345548e-01 -3.288180368329709502e-01
-4.497575311774182349e-02 -2.722447686853517457e-01
8.676603446749286963e-02 -3.334447482171388755e-01
-5.100325158003782278e-02 -3.165350975538783196e-01
-3.794986042300082518e-01 -2.897916209099031803e-01
-1.381878471993591706e-02 -2.863724671140124300e-01
-1.871074572725206497e-02 -2.905696579888891184e-01
4.355996106822674907e-01 -3.293104875690708866e-01
4.579722352523003526e-01 -3.531947126471030041e-01
-4.857867520231680114e-01 -2.778439997050097254e-01
-3.627804069049200830e-01 -3.159320081675961456e-01
-2.510501325254876903e-02 -3.595170655344198662e-01
4.219469794363309711e-01 -3.240990178051696979e-01
-2.602570918766574648e-01 -2.985097039543682662e-01
-2.418173011619055846e-01 -3.404621072977008778e-01
2.443002448380248159e-01 -3.641734132467068230e-01
-1.143288252332290700e-01 -3.159462455898690569e-01
3.315982493972652323e-01 -2.755758816743650863e-01
-3.971254431097128723e-01 -3.382307250177449820e-01
-3.232018811790693391e-03 -4.348679069347030079e-01
3.115814938138258272e-01 -2.979792684995877794e-01
-1.595977245596014171e-02 -3.074745213188534443e-01
-2.845800425943501022e-01 -3.466655111331511385e-01
3.602581906688434588e-01 -3.240111681480380978e-01
4.036740029235764693e-01 -3.226627098510321812e-01
-4.330828220920712734e-01 -2.708918965555848768e-01
-4.830347911171795072e-01 -3.195823145836135248e-01
-9.070729704744984190e-03 -2.890655510320161437e-01
3.806321278381350481e-01 -3.419800291367962597e-01
2.753524938900314689e-01 -3.563059057338595625e-01
1.977406234190082213e-02 3.273461611352643796e-01
4.388806108083580515e-01 -3.082567324259569697e-01
1.417564620353751748e-01 -3.608559941519677849e-01
-4.791471020782243073e-01 -3.030130648641434776e-01
-8.378050040743134641e-02 -2.874849216393038365e-01
-4.989557059874738520e-02 -3.281574745609241450e-01
4.105803110772614506e-01 -3.533125506826733098e-01
1.569797767986391701e-02 -3.621627378696492539e-01
7.636816240744104256e-02 -2.985511549540258436e-01
2.993175274676578290e-01 -3.091170871506470075e-01
-5.626028734924926056e-02 -3.340296920616215859e-01
-2.753570528568727305e-03 -3.541862091249973199e-01
2.947333027185451426e-01 -3.128033755439927344e-01
1.228140444190563008e-01 -3.287285126644212685e-01
-4.590858179254478921e-01 -3.436307502622870658e-01
-3.164214659705979482e-01 -2.725414088305261329e-01
4.343434650530775265e-03 -3.490514267310323993e-01
-4.942570181682388597e-01 -3.645337522876485048e-01
-2.701236334951403473e-01 -3.154154766570322899e-01
-1.876293544940002000e-01 -3.663599907257020227e-01
3.323449153308168924e-01 -3.146551227690157493e-01
1.103032290351846356e-02 1.330142018542659343e-01
-2.970999713380884089e-05 3.707131471515270338e-01
-1.464781837999571401e-01 -3.330323760918582066e-01
-1.838786743041684879e-01 -3.585549579451431379e-01
4.486770528126189372e-01 -3.164529477259078183e-01
1.022279636050194007e-01 -3.629745144767256848e-01
-3.801873720807347201e-02 -2.876055994248326586e-01
-1.520831438090031185e-02 -2.921276605876675925e-01
-2.763508718978702206e-01 -3.256389148371787723e-01
2.171429509892767173e-01 -3.236257091086078841e-01
2.339294713575864604e-01 -2.908974217038164944e-01
4.222323510413699132e-01 -3.580511554607818114e-01
4.371065634419829538e-01 -3.666388911069650147e-01
-1.785497983113959464e-02 -2.775493832296600516e-01
2.033100972211328017e-01 -3.103939142837230936e-01
3.722974886621943647e-01 -2.991353496244941734e-01
8.918533435940068088e-03 -3.871251981135099829e-01
2.683670246819713778e-02 -3.163551593071075585e-01
-3.012371809536646960e-01 -3.573179187764045084e-01
6.623156696725973624e-03 -3.186200149828182226e-01
3.561816133107138516e-01 -2.868107982997984973e-01
-3.740181856841086061e-01 -2.852737973235985880e-01
-8.615405578294021982e-02 -2.856481699131907526e-01
-3.697102354841231842e-01 -3.489872386270402860e-01
-1.997651898462922126e-01 -3.225859760093359174e-01
1.323218971348205653e-01 -3.568556028919511736e-01
2.965285387758127555e-01 -3.176563532359887310e-01
1.912886364403065809e-02 2.821347055866989528e-01
2.776962255481986164e-01 -3.564967714878609639e-01
3.256834376293393785e-02 -3.014954218586559653e-01
1.043579332289817918e-01 -2.942804885926501024e-01
1.177750411832479971e-01 -3.551849775493990391e-01
-3.892479630385345946e-01 -3.419759350264006681e-01
-1.703565730995312277e-01 -3.312842204244872413e-01
2.769557701757227042e-01 -3.192940845362483016e-01
1.043090314711673239e-01 -3.617908702506315022e-01
-1.641628912513224403e-01 -3.513244371055339599e-01
5.520903975086477455e-02 -2.809390905571614860e-01
-2.190145747649973051e-01 -2.963467873290653865e-01
2.315956179776876844e-01 -3.604057802519492482e-01
1.288530886518165497e-01 -2.721470089745513521e-01
8.902558120892689608e-03 5.347002538094003388e-02
1.062126211642405726e-01 -3.672047247173020335e-01
-4.782878363791089882e-01 -3.605842587228738072e-01
-4.303562246958478887e-01 -2.699424702866706216e-01
-2.868509953803635160e-01 -3.362146319581352794e-01
2.937708950362161175e-03 -3.472081660891807031e-01
3.198134496850383313e-01 -3.537975061111504615e-01
4.197637505875916331e-01 -2.726264650975028792e-01
1.400046698973530512e-01 -3.241672112493115820e-01
2.730350482092569475e-01 -3.505755580402243332e-01
-1.924224751279431933e-01 -3.135323107449616842e-01
-6.619197986249159005e-02 -2.744054810852210036e-01
-4.373689340078404930e-01 -3.252069191817579252e-01
-1.069954629841862737e-02 -3.016329427821944353e-01
9.865736156392745926e-03 2.201624984607808422e-02
4.123767522932523244e-01 -2.737270778611522459e-01
2.308064540598953052e-03 -4.714351837867947204e-03
-3.804775523816027460e-01 -3.274400965014514497e-01
6.065703497898111696e-02 -3.056894694293413872e-01
1.439068617207994727e-03 3.758002975421119718e-01
-2.996751617568206294e-01 -2.724660341676292674e-01
-4.928999238184195164e-01 -3.396789822684311844e-01
-3.879260828226158697e-01 -2.776194468739755505e-01
-4.737334720451003012e-02 -3.314395350640099158e-01
-4.965588685379075384e-01 -3.323801756958822962e-01
-3.294988227636910239e-01 -3.573316601866488584e-01
-9.584765003791728688e-02 -3.629375481891334854e-01
-2.723622925929806149e-01 -3.639792349841610708e-01
3.104273360272992166e-01 -3.288344193714515251e-01
2.096596976214606389e-01 -2.997870261434728567e-01
1.576688507989190136e-01 -2.697321318176165716e-01
-3.671608578620145780e-01 -3.351046352099703585e-01
2.717300720160427119e-01 -3.364189044606483714e-01
1.804148395478200051e-02 3.106777357882016810e-01
1.970146788050708420e-02 2.208728653306031298e-01
-4.572050604349509051e-03 -2.574553195680737705e-01
1.232939330285509616e-02 -1.791607884025171460e-01
-4.523465935710391239e-01 -3.105881321373538118e-01
1.225440745897610206e-02 1.649982377997458727e-01
2.347827492937154537e-01 -3.112227626558060622e-01
5.113667265170929177e-03 4.108346330936127888e-01
3.604893498521485329e-01 -3.631065989239086189e-01
-6.573743095366013645e-02 -3.195861676784467198e-01
2.744441383162909975e-02 -3.075213911504901532e-01
-7.103264470871228919e-02 -2.956431104374255270e-01
-8.108863777264152528e-02 -3.123158879436910285e-01
1.891704335249172475e-01 -3.552996293602408429e-01
-4.568895289152081762e-01 -2.843600541102075940e-01
8.759738111477677336e-02 -3.419868381561020909e-01
-6.735649198019721950e-03 2.000533887318373116e-01
1.150426844043628272e-02 -1.728250903078379919e-01
2.972549540038024185e-01 -3.365513742358862137e-01
2.120508955938216200e-02 1.816776423702539667e-01
-8.411075988312155527e-02 -2.786036535933995584e-01
3.714090076567633236e-01 -3.658837862232563465e-01
-1.716146306025119195e-01 -2.872227555881585737e-01
-3.262649824360244200e-01 -3.577955285608700464e-01
4.451514253640945773e-01 -3.559046684320115173e-01
-4.149119803762676417e-01 -3.507226586519200939e-01
2.390958315479418950e-03 -1.602722744598328308e-02
4.850711654470429846e-01 -3.264806248556523238e-01
1.144585407311887737e-01 -3.457852922634709891e-01
1.620673352450545668e-01 -3.139151717376658102e-01
1.280627572550208093e-02 3.011608930512102988e-01
1.280922581776933189e-02 -8.918338933347202957e-02
-1.153824029493922820e-01 -3.290437007319381157e-01
1.641894844334769177e-01 -3.661879952181467113e-01
4.552402453220437684e-01 -2.840400404070052565e-01
2.642782289389478123e-02 -3.235263663199607898e-01
-3.467865407064503191e-01 -3.349836499319864824e-01
1.848918893525375307e-02 -2.844009497020593136e-01
1.587802164585261355e-02 -4.376039126380559807e-01
2.245855527129881901e-01 -3.124927177143657087e-01
2.190000901177002746e-02 1.672706155429554142e-01
2.690749391598301621e-03 -1.882028692466505282e-01
-8.712768227998846093e-02 -3.100594016782045603e-01
-2.905838301174892280e-01 -2.968863982736118512e-01
-4.218525756934157211e-01 -3.617729789934847062e-01
-3.272056315061564469e-01 -3.549662874065191431e-01
3.904084966014433888e-01 -3.453877107353455767e-01
1.148177100834208986e-01 -2.965586906617174723e-01
1.461294444764593692e-02 7.434257854021764089e-02
3.727865373468347565e-01 -2.851757054279855375e-01
2.776433021345963148e-01 -3.425258961717114747e-01
1.595041927446883001e-02 2.722479866726525977e-01
-3.422469971231362207e-01 -3.148754290386844845e-01
-3.673231182233365200e-01 -3.354582277970353799e-01
4.750532795051553014e-01 -2.903918211443673458e-01
-4.875791775414718421e-01 -2.844787904590062588e-01
4.898996816872198679e-01 -3.451502966971652375e-01
1.285405945335468259e-01 -3.273907694721964745e-01
5.786833419588643945e-02 -3.352618654925504371e-01
3.259800331957163344e-03 -4.987021663173191177e-01
-3.736391251802688718e-01 -3.024504990823848605e-01
-1.273576350546412606e-02 -3.295572865147140540e-01
2.491941319707888791e-01 -2.783716786468276583e-01
-2.434746194105356087e-01 -2.829506423024062967e-01
3.815114574069402575e-01 -2.943696452647138750e-01
-4.475339850893289562e-01 -2.787637548758810091e-01
4.597229995146112635e-03 9.920379676834867322e-02
-4.087068910298546909e-01 -3.467246427987494828e-01
-6.481941263490387239e-02 -3.416285365109631433e-01
1.139978959163823191e-02 3.095677471204033582e-01
4.463626597791177097e-01 -3.351321116960972457e-01
-1.092823985839599388e-01 -3.274650932063839504e-01
-1.798798507381803580e-01 -3.612086633709956640e-01
3.427104456000917843e-03 -6.839033691799656367e-02
3.921145990284871097e-01 -2.917781244991204392e-01
-7.199789008819668101e-02 -3.039159017533294982e-01
1.078727077893616437e-01 -3.163525289902804349e-01
6.398753083134089970e-03 2.337937136075273203e-01
2.049195493289839298e-01 -2.728370350951651035e-01
2.520059674698545971e-01 -2.925163549588749579e-01
1.623509173054438204e-02 3.862240980076172558e-01
6.836160975354643732e-02 -3.063986624116146196e-01
-3.493228331699845812e-01 -2.877887177156314147e-01
5.184079427942200891e-02 -3.384985388769684578e-01
2.991845367707048897e-01 -3.244107538837393001e-01
1.982968673522145231e-02 3.427247842796284916e-01
-4.951407511050047727e-01 -3.581979966326934717e-01
-9.219378611916251298e-02 -3.052269913986025429e-01
8.417056837604408592e-03 -4.630239421257256183e-01
-3.799877939001293781e-01 -3.206799505957573793e-01
-2.657264354315205246e-01 -3.449060950010426341e-01
-3.192486573301955843e-03 -4.637788946594655348e-01
3.721532357920246392e-01 -3.038838063600611816e-01
1.163436117314897711e-02 4.060096959359794644e-01
-1.415560049419550825e-02 -3.056766049356755000e-01
3.894717221071652968e-01 -3.279574576828785393e-01
-1.199651381517579107e-01 -3.647076841664051994e-01
2.150107207987039803e-02 -6.264637501771308514e-03
5.858307795558481690e-02 -2.904306931951309290e-01
-4.916173822311822317e-01 -3.399116664926452591e-01
4.632138092659121575e-02 -3.151375957374037418e-01
-3.058034990944605847e-01 -3.324197610890364807e-01
3.779624738571146780e-01 -2.827290553519027361e-01
1.112910047814521519e-01 -2.751571676815480760e-01
-5.210301842284648099e-02 -3.692536858046394643e-01
2.101552752436500748e-01 -3.346106499474676976e-01
1.480603864084885091e-01 -2.744929141622139968e-01
1.648940128861382526e-01 -2.989624713815729473e-01
3.663881018438944759e-01 -3.029137988371316537e-01
2.342403889014662566e-01 -3.646244957534396924e-01
-1.295828557953930815e-01 -3.479845681393228807e-01
-4.113717640437997147e-03 2.517605821336542649e-01
-1.639614397888055075e-01 -3.112273272466694607e-01
2.096699149879155399e-02 -2.519854484338178713e-01
8.394500433952600815e-02 -2.751103157716114911e-01
-2.567737511709986542e-01 -3.140923703156435209e-01
-1.950769473103399765e-01 -3.691813803523260606e-01
5.138076680614211966e-02 -2.887507525210214476e-01
3.162445501403654546e-03 -1.096951249862052613e-01
-1.483159345436096954e-01 -3.079791822540334234e-01
3.344828435806890266e-02 -3.054840752483541921e-01
2.255901912026112566e-01 -3.025098619520004695e-01
-1.696863517553832690e-01 -3.432509018433432813e-01
1.205147678389884014e-02 4.644897006695044572e-01
4.381705608652167738e-01 -2.810320461759040489e-01
-2.800130494506534173e-01 -2.817046065693418200e-01
-4.759161466241224048e-04 -3.618343114549672501e-01
2.581845031976158777e-01 -3.457963693653075543e-01
9.771885847191574825e-02 -3.445514957534291378e-01
1.889083918671152773e-02 4.366321491708563540e-01
-3.048473754223537391e-01 -2.718532620725639948e-01
-4.718076700394049361e-01 -3.266851742391794211e-01
4.462550387971210286e-01 -2.782318048128433752e-01
-2.580818188329431218e-01 -3.403038411340590930e-01
2.360948076649511673e-01 -3.591677594931900197e-01
7.264936293419210767e-02 -2.751878269983133452e-01
1.408379892951485690e-01 -3.354552012667869620e-01
-4.196107691270393181e-01 -3.078248153632127115e-01
8.694454001918594521e-03 3.729311769410601496e-01
4.730589899247045205e-01 -2.896974046306538542e-01
7.589980429683951257e-03 3.892466437204733509e-01
4.716538599059351133e-01 -2.858549818924065455e-01
-8.586906956151840742e-02 -3.169436530402394148e-01
-3.725204370735578641e-01 -3.560894415518459644e-01
3.248590389011883905e-01 -2.831164737478872873e-01
2.553435360841411761e-01 -3.623919715637360373e-01
4.586506098245860530e-01 -2.803894855835457056e-01
-6.128057810934206540e-02 -2.782896810771423590e-01
1.352283700052792081e-02 -4.846277642684494458e-01
-1.782916274205847973e-01 -3.493946625288499863e-01
-6.467420642504495554e-03 1.431020084696358330e-01
4.967044311954986746e-01 -2.820414961088041350e-01
3.133751485438759365e-01 -2.872514535174210959e-01
6.612235629259721748e-03 2.120956281400052656e-01
-5.642181353612452099e-02 -3.317085988514838490e-01
-3.848991358637304794e-01 -3.383194598966561273e-01
-3.943169932273710154e-01 -3.332930532930175049e-01
-4.335841706768293058e-01 -2.871810325300921951e-01
4.553209988218156479e-01 -2.786045813758541989e-01
2.818401436226083412e-01 -3.547782699610829704e-01
3.483503879373857082e-01 -3.419689463498707394e-01
1.020009091792195566e-02 -4.502624936514837417e-01
7.882294691345936855e-03 -4.865692289177994123e-01
-4.883022130598734245e-01 -3.464245302627709799e-01
-4.043839072130631651e-01 -3.276353304702339653e-01
-2.447192116183869448e-01 -2.817795003417687960e-01
-3.694510796530288133e-01 -3.614596820098398000e-01
2.480070023741698382e-01 -2.902745582207920672e-01
-6.007831241528815980e-02 -3.227820799328380286e-01
1.062387317112289953e-02 -2.189766736320892804e-01
-5.490741916857833083e-02 -3.353570792419763302e-01
2.024399791771047674e-03 -4.054304360215601477e-01
3.658199674618881625e-01 -3.171890395857266398e-01
4.903393119029481051e-01 -3.676795346178848289e-01
-3.527886517642053743e-01 -2.729775940980381232e-01
2.976734462981702745e-01 -2.745884718562318083e-01
-1.140098125745933055e-01 -3.077260065145595025e-01
1.302757368470550681e-01 -2.800003583133311436e-01
-4.807048403843371398e-01 -3.048606432045652959e-01
1.667545846019544697e-01 -3.296234489454207273e-01
9.242200387916676974e-03 2.167928984943335857e-01
2.781923070159564304e-02 -2.911596158936436973e-01
6.631521111133642510e-02 -3.264746104739520982e-01
1.433504240824667875e-02 3.374249126715690439e-01
4.491634027189820300e-01 -3.662514842838721085e-01
-1.522382998174505175e-01 -2.861296055566099339e-01
4.381052904368225587e-01 -3.014055198056567741e-01
1.047344655747306508e-02 -2.199035985569672835e-01
1.951321892179307405e-01 -2.923255232250920876e-01
4.412239736653608135e-01 -3.045100826880615674e-01
3.399569994137657813e-01 -3.137255990365693803e-01
2.961011842452148102e-01 -3.594336953483531216e-01
-4.157740323823828632e-01 -2.733504330742642097e-01
3.726719260943316403e-01 -3.197500284629650746e-01
2.400579520191645777e-01 -3.095642273881648032e-01
4.822620537005105623e-01 -3.461035354646315731e-01
9.033786676105326485e-03 -3.611839146488775576e-01
