-3.039585682918091170e-01 -3.173974883733710062e-01
-3.679378555010335283e-01 3.434688536817165350e-02
-3.419908488253543544e-01 1.900997037442461179e-01
-3.909489429011356876e-01 -4.905853210797637143e-01
-3.758187480961956428e-01 -3.058011902080473021e-01
-3.597515183934629768e-01 -2.373866086166587230e-01
-3.963236629811447420e-01 -2.106600706690574532e-01
-3.883579917953321470e-01 -8.662722010769097203e-02
-3.675222331824156141e-01 5.853841240245405420e-02
-3.068514090027825159e-01 4.870865750493055257e-01
-3.954891536466172974e-01 1.892493411351164889e-01
-3.093049989852328929e-01 -4.766292200006142510e-01
-3.304279700521824958e-01 -4.506302187292663408e-01
-3.263169989883704103e-01 2.951249879232115125e-01
-3.208902414126370006e-01 -2.875954108569893641e-01
-2.929346320163984663e-01 1.610104757134583897e-01
-3.275760165565702042e-01 1.250058836365945947e-01
-3.341256688877933811e-01 4.077274289383129302e-01
-3.320977249351346750e-01 -4.226175609273050693e-01
-3.927382307481268597e-01 1.755399919808754428e-01
-3.275507811365363509e-01 3.169208952624973374e-01
-3.821832445375876741e-01 -4.915594376609145888e-01
-3.143764754072799761e-01 -1.683368376417933021e-01
-2.952145791644199546e-01 -3.965607952917188372e-01
-3.932576189435035285e-01 2.425798630425801683e-01
-3.848290237509550682e-01 2.195999688943165440e-01
-3.884999684171880352e-01 2.778351946806448813e-01
-2.970230448923426581e-01 -1.362542047149861713e-02
-3.852703248438111849e-01 -1.602952926661748156e-01
-3.051441507338930048e-01 -4.182573864725211976e-01
-3.591502227736292907e-01 -4.286202864421587710e-01
-3.026263708879910475e-01 -1.506125881941093869e-01
-3.075004576450306448e-01 -4.231775345667008192e-01
-3.811915134403466299e-01 -3.227080266093604877e-01
-3.455176588256049230e-01 -4.442775615662702959e-01
-3.839552381351142296e-01 2.258658765932691770e-01
-3.034626000033565640e-01 1.097764559442138133e-02
-3.946604377623602611e-01 -3.704114086222636271e-01
-3.389878879995137373e-01 4.012511707970979336e-01
-3.955291004903972452e-01 -3.509399378564390659e-01
-3.784489129343634461e-01 -7.291054169586930200e-02
-3.181619042255214858e-01 3.778270970869024303e-03
-3.302201198085202849e-01 3.858550670978815322e-01
-3.031099344485519431e-01 4.211027398037425762e-02
-3.746289742920396737e-01 1.883480093701791480e-01
-3.200351876053795230e-01 -6.902223075787428108e-02
-3.991952631388580031e-01 2.562974241308008105e-01
-3.649812138245611681e-01 -1.299859625644833594e-01
-3.650920761214014876e-01 3.148717852118164684e-01
-3.025916613884365169e-01 1.856580531233241738e-01
-3.938726618164083426e-01 8.494768893714166325e-02
-3.704754255511855110e-01 -2.488541346367493245e-01
-3.876244238253064855e-01 2.203152113196847894e-01
-3.014041158182515501e-01 -3.774050317509787256e-01
-3.374269872289813454e-01 4.653953834913626686e-01
-3.170103119222766885e-01 -6.043097810135067416e-02
-3.268845516810835461e-01 1.215997869686765709e-01
-3.371240414160076027e-01 2.528271537037390937e-01
-3.460149890920932725e-01 8.950206527376103338e-02
-3.687547941282667274e-01 1.357127366331177809e-01
-3.302675201565872243e-01 1.740267473289275335e-01
-3.372955199233791390e-01 1.844315423823652544e-01
-3.692289066970171341e-01 -6.972827456655372735e-02
-3.244844405011551025e-01 -2.210888781416744386e-01
-3.316272604410467340e-01 -2.298430978897711974e-01
-3.663927239488641296e-01 2.554315665887045839e-01
-3.899086872526059677e-01 3.086132557495177009e-01
-3.027185553312087274e-01 -3.352584110862889544e-01
-2.929182206997124061e-01 3.972560486682467085e-01
-3.084075604751771449e-01 -2.857894202292180497e-01
-3.460448143511113406e-01 1.872097551935749671e-01
-3.642151553450881929e-01 2.917939335107275767e-01
-3.690050371960003073e-01 -1.910308078990855529e-01
-3.148124573009484228e-01 -3.723048881349346750e-01
-3.319991954163138415e-01 -1.045149203823375617e-01
-3.315094962556980329e-01 2.872716250793976300e-01
-3.647981412218491704e-01 4.220877503643949424e-02
-3.680388218718396720e-01 4.998555716687993478e-01
-3.400071451587561855e-01 3.125031195619693003e-01
-3.868815653776589425e-01 -2.863894778072634262e-01
-3.980774598525559371e-01 -1.846377066701707648e-01
-3.708253097491337469e-01 -1.302633650538581600e-01
-3.165513129751379440e-01 -3.840382502267591924e-03
-3.875918604715953286e-01 -3.822359545615605647e-01
-3.555012386851409412e-01 -4.688876341211691834e-01
-3.518193226569206189e-01 2.525893516485114842e-01
-3.353786021176011767e-01 4.950369078803849021e-01
-3.467918606973766638e-01 9.707692112435617471e-02
-3.516191813978060132e-01 4.507951666068734653e-01
-3.214852623401543985e-01 -3.672328975269933959e-02
-3.119006212350812213e-01 -2.127161500810551553e-01
-3.669620453091373413e-01 3.956379383373349601e-01
-3.411391718189311639e-01 -5.606850050718703571e-02
-3.481737327464590193e-01 9.551185670941608752e-02
-3.935617601356875550e-01 -4.389247915504768116e-02
-3.568606020083143759e-01 4.466250330159546866e-01
-3.931406910379506847e-01 -1.354031772718822246e-01
-3.188217514738077574e-01 3.499588716841494085e-01
-3.311117382261143938e-01 -3.272169414579173541e-01
-2.949188350310347762e-01 -4.614490646517718231e-01
-3.331169246418622665e-01 -1.230780833250713080e-01
-3.759866278045522758e-01 3.783765239799566915e-01
-3.816332966039100993e-01 -2.321809724954361220e-01
-3.258018761675812724e-01 -4.054511027693876724e-01
-3.599566325181892124e-01 -4.203366344516901165e-01
-3.306266877143421157e-01 9.933555474620792136e-02
-2.982722308522651744e-01 4.850510847674208703e-01
-3.438572782986887288e-01 2.553949513492659307e-01
-3.649449443033918605e-01 3.326303192087184391e-01
-3.000625461486737811e-01 -1.258639723051476755e-01
-3.176371381347519174e-01 2.909380917310507852e-01
-3.403846088467765707e-01 -4.284134586455258242e-01
-3.791695652582779408e-01 1.548176479760227098e-01
-3.607537268844984713e-01 4.326717660701527857e-01
-3.604608537536048152e-01 2.327513074323904751e-01
-2.952102845051207680e-01 -3.852960995720360327e-01
-3.693707247000996841e-01 4.503167783047061778e-01
-3.482077031288121072e-01 -2.342981813173681260e-01
-2.932696548700397532e-01 1.840126722047760177e-01
-3.724704809849767040e-01 -4.662700310002046988e-01
-2.965506488404144880e-01 -3.959949177475927673e-01
-3.308217017268204607e-01 -1.391924917757837443e-01
-3.697474413605730259e-01 4.809168007476027906e-02
-3.168341850032482254e-01 4.664259526702615455e-01
-3.773856946598628248e-01 -7.215207972028669925e-02
-3.566011998353750823e-01 3.893395403010543321e-01
-3.490375787125657991e-01 4.813873471328756759e-01
-3.483228188436683359e-01 3.844446593878891871e-01
-3.030575400173508571e-01 1.216336207049703022e-01
-2.927769572896020689e-01 2.466253270299034739e-01
-3.072201155328885269e-01 3.364700416562160790e-02
-3.397126869509866642e-01 -1.558005740444857734e-01
-3.416436996691660788e-01 2.460979509203786719e-02
-3.307119520871744101e-01 2.843484221845228310e-01
-2.923504444330426999e-01 3.676473298832851899e-01
-3.796543272951602432e-01 -7.525461895067186990e-02
-3.559991279282952448e-01 -1.096024574660762196e-01
-2.965801075425928968e-01 -9.813274857412235264e-02
-3.704095077156053240e-01 3.197127697922546030e-01
-3.240613762391062469e-01 -2.438741745352698276e-01
-3.586348528644485167e-01 3.545820033443691788e-01
-3.529986677620526869e-01 1.200183788974233945e-01
-2.969372517661459376e-01 4.129676429305312313e-01
-3.392715883038132096e-01 2.242951370000105804e-01
-3.589892402016494621e-01 -1.783837384671860260e-02
-3.780305060387959548e-01 2.012158288122838368e-01
-2.998487310167264885e-01 4.906378165607179209e-01
-3.778221538758231857e-01 2.067461876634930640e-01
-3.980653529040046879e-01 -2.650160278102366984e-01
-3.073407726124576245e-01 -6.276750435494671265e-02
-3.548708384729686305e-01 -1.897346979329828098e-01
-3.153137291411965970e-01 -1.562111926642983928e-01
-3.419381203120507307e-01 2.663845513942439958e-01
-3.866449505576479151e-01 -4.151373050838055301e-01
-3.772619179367573405e-01 7.049229125079248259e-02
-3.924794271673422985e-01 5.791363259469550773e-02
-3.177290146177443875e-01 -4.712418315729471896e-01
-3.725168389950231917e-01 -6.272742923520580050e-02
-3.948833371402724612e-01 -3.224982962211756510e-01
-3.493413719794690175e-01 2.931228143700463917e-01
-3.682516066124803533e-01 1.338873086109133581e-01
-3.221855042630664689e-01 3.065060608278789012e-01
-3.501468819035122859e-01 -4.537183565962518150e-01
-3.940223090682238860e-01 3.319122587617399089e-01
-3.473468578362056691e-01 -4.114061533749602262e-03
-3.818682110031519361e-01 4.356636832432356776e-01
-3.312573890856843617e-01 4.504246055445692010e-01
-2.930780441398540548e-01 8.206228317554631335e-02
-3.722521303209137544e-01 1.406378259174845269e-01
-3.080785313155544047e-01 3.461095805940858083e-01
-3.853334202683028620e-01 1.828247843850530074e-01
-3.875430353611959422e-01 -4.257058789602186089e-01
-2.946121173621365497e-01 4.380812904318521772e-01
-3.625856293661192664e-01 3.903878943340965968e-02
-3.617543096526895097e-01 5.452493497588684068e-02
-3.186111554857720130e-01 2.123925895973599598e-01
-3.642858535382740293e-01 -9.840724736994521660e-02
-3.613972104622948933e-01 2.545676769594317213e-01
-3.985547695896158871e-01 3.691039336721446684e-01
-3.998192458205854782e-01 -1.564008417932429840e-01
-3.226534270457037668e-01 3.210429360538612498e-01
-3.342337887708010102e-01 -1.226394513499262651e-02
-3.534212820598177096e-01 3.806830574558381919e-01
-3.861849325285710011e-01 -3.675020389241693275e-01
-2.956541821809779425e-01 8.447743300070087447e-02
-3.785284545993227168e-01 2.041237368891704040e-01
-3.491415202402762263e-01 -3.764249039646500039e-01
-3.973771945362514213e-01 -4.750212889034965968e-01
-3.494479902319745923e-01 3.846664240580044414e-02
-3.608557184429281861e-01 -1.045458242041920061e-01
-3.727355826189723276e-01 3.869485908542549257e-01
-3.655913417019126532e-01 -1.176886591662863468e-01
-3.822230586089997439e-01 -2.414373164579238784e-01
-3.566087158127928536e-01 8.711373108408748678e-02
-3.070355344919342144e-01 -3.154689165836466191e-01
-3.512307541925757670e-01 3.405800159448596487e-01
-3.282977064090576436e-01 1.185002885393915406e-02
-3.017841385617938688e-01 4.312561027560585236e-01
-3.387102219549980031e-01 4.453590809428942254e-02
-3.000911265768176905e-01 4.227371124437506733e-02
-3.575793059822145459e-01 -1.546072800464270980e-02
-3.341429186073635593e-01 1.209763280977375066e-01
-3.252609667880838051e-01 -1.598533416991374523e-01
-3.732060633498144320e-01 1.461543762173405092e-01
-3.853834504204110001e-01 4.517834036995463931e-01
-3.050635004241680770e-01 -5.581295605904579293e-02
-3.897470942249173786e-01 -3.735696766645021372e-01
-3.315894664223576482e-01 3.720397799064059097e-01
-3.967265548638998496e-01 -1.964074381449713025e-01
-3.451786186710272819e-01 1.930111012659307956e-02
-3.840097599132324957e-01 2.616171018370890833e-01
-3.269175414406667590e-01 -1.500205173384194790e-02
-3.736976571433802130e-01 -4.567842916766519101e-01
-3.891788468981343119e-01 4.540201301942039525e-01
-3.907763688907452959e-01 4.932206006522135144e-01
-3.248972894418192814e-01 3.854954688990742673e-01
-3.968182951381054036e-01 3.505741517041915944e-01
-3.322791492918104606e-01 2.872862005010373698e-01
-3.309203818148246379e-01 -4.935834368136460260e-01
-3.958103817897152821e-01 1.373333246205575842e-01
-3.648511531771837513e-01 -9.715230429623133990e-02
-3.312731958336510019e-01 -5.631400598153402104e-02
-3.801412463245376072e-01 1.749544177257235100e-01
-3.828945612975684920e-01 -2.918665001135342107e-01
-3.587897921403039314e-01 1.358490554094861080e-01
-3.491628671686497487e-01 -2.717973196786237500e-01
-3.735270789810761771e-01 -1.912238900638050243e-01
-3.451100558566533305e-01 1.799398635037458005e-01
-3.850540541993366928e-01 3.456226126544023058e-01
-3.848311401836430612e-01 3.921574587698712921e-01
-3.339632054724772647e-01 -1.644723669387369025e-01
-3.423914140109453053e-01 2.263232602423593809e-01
-3.577157342440090426e-01 1.635851156615165669e-01
-3.772033391383533552e-01 -2.052152637518834810e-01
-3.198371381762802335e-01 -1.453877294391101582e-01
-2.962840290615089689e-01 -9.082469933366754677e-02
-3.533944283894657756e-01 -3.318841417950963990e-01
-3.939511247761207091e-01 1.547383729279060427e-01
-3.812923342043227359e-01 2.180015544976274811e-01
-3.900944516182854871e-01 -3.546715820086601134e-01
-3.416785651419730341e-01 -4.563270470474285467e-01
-3.734809324911360084e-01 4.616490136718447435e-01
-3.884340890423094717e-01 6.672912692690435854e-02
-3.422968746940937557e-01 1.137779489126617971e-01
-3.944142383072244407e-01 2.778341473821455132e-02
-3.841979682072981239e-01 -4.573345052899411289e-01
-3.126797540176731172e-01 -2.400312315233961158e-01
-3.256800957991919931e-01 -1.533396480203123025e-01
-3.184907631329793043e-01 2.028993016925780823e-01
-3.732223977319942820e-01 3.419913269220149488e-01
-3.750826593172033041e-01 -3.239525205349094161e-01
-3.913433915363651039e-01 3.287960716420844642e-01
-3.127943154321887187e-01 3.545529981112189866e-01
-3.039390636979720783e-01 2.720464174465254681e-01
-2.980526699912242616e-01 -4.728568208990825417e-01
-3.372600961975289469e-01 -3.290578880877105261e-01
-3.534195593270642588e-01 2.131802951263893631e-01
-3.934956168535077570e-01 6.598265725987129127e-02
-3.587976572518458696e-01 2.272449232548175990e-01
-3.005014680079539646e-01 1.301160747784791960e-01
-3.270731406385563034e-01 -2.152043896867251727e-01
-3.458622464821978770e-01 -2.544556644680452395e-01
-3.666829149023862477e-01 -4.447418229245955201e-01
-3.366269523827332133e-01 -4.271175608756845321e-01
-3.322814728459215772e-01 -4.205606469253525548e-01
-3.269490195264033172e-01 2.311101090512546197e-02
-3.675467002485446333e-01 6.761815839946505591e-02
-3.241133098540495139e-01 4.554735379339481804e-01
-3.399399039902528674e-01 2.275182702475486707e-01
-3.620625725030245379e-01 -2.645457031698750239e-02
-3.848042367895794236e-01 4.617913554237959017e-01
-3.380085798843319722e-01 -1.668430588282168170e-01
-2.928542980000570228e-01 -1.338145494524722867e-01
-2.946955426263467848e-01 -2.461829104533381773e-01
-3.809084941767156840e-01 -4.144700699745468286e-01
-3.746942623274772677e-01 1.609258422768544694e-01
-3.975827419132458296e-01 -4.970010707526872906e-02
-3.083608029141513551e-01 1.010408330468606231e-01
-3.735197332563736650e-01 -3.620156194474069000e-01
-3.924015222511452183e-01 4.630145125564055775e-01
-3.564775888996739583e-01 -4.505985621609225333e-01
-3.087697714914824365e-01 -1.860081462526305129e-01
-3.691181131763303647e-01 3.527927102062625719e-01
-3.621795784249609573e-01 -3.826378915273986880e-02
-2.944819695057045994e-01 -1.699844228682367842e-01
-3.534201795596513263e-01 1.123465106689633952e-01
-3.850316470592728413e-01 4.782028956536077402e-02
-3.321700857598978152e-01 3.295278926655593743e-01
-3.320117827101900509e-01 1.408265842932834300e-01
-3.135560490361128938e-01 5.784432315748033737e-02
-3.184172759093211180e-01 3.220210477976115371e-02
-3.288780479797948075e-01 -4.475608258052776733e-02
-3.289245047915086984e-01 4.335536070097155692e-01
-3.843699360134198439e-01 2.722924970419365875e-01
-3.873690820666984003e-01 3.135205389817513622e-01
-3.052064510569217903e-01 -1.161007596603311764e-01
-3.451610755409729725e-01 -1.094036941232552351e-01
-3.765094920264279166e-01 -4.246461740869764689e-01
-3.012709870974938919e-01 9.129997426307279174e-02
-3.554904394608355833e-01 -4.296499275920023786e-01
-3.727689249322483356e-01 1.020349282163970361e-01
-3.864554913314103279e-01 -1.492280851009386566e-01
-3.918797239559035361e-01 -3.034521202229083503e-01
-3.488004434858064107e-01 4.371299639184960117e-01
-3.286905018937430478e-01 2.105473206848093026e-01
-3.130200744768132370e-01 -4.669608530034335958e-01
-3.807760184379769264e-01 4.176127381105103620e-01
-3.112428616358835498e-01 -1.590781502945478598e-01
-3.175770410596091553e-01 4.281922556131632085e-01
-3.705716937906085029e-01 2.059162093968581742e-01
-3.482227917944628048e-01 -7.804678607237180987e-02
-3.373794177568985031e-01 1.650687193604083447e-02
-3.875998810722687260e-01 4.371826532422695699e-01
-2.951834694962213179e-01 4.018680041349407261e-01
-3.682334227329471243e-01 -4.526612670189877896e-02
-3.169912968587054181e-01 -3.211607077740746830e-01
-3.377657197947423473e-01 -4.097321597934044934e-01
-3.149769292629465145e-01 7.293222896317996806e-02
-3.099195052051886279e-01 -2.226453011362353740e-01
-3.069272451545262959e-01 7.092984824219505935e-02
-3.066288816652599225e-01 2.262956684501713500e-01
-3.459347201160255514e-01 -1.311927363198126528e-01
-3.145524532441545951e-01 -3.459635024463720843e-01
-3.364416354598229741e-01 -4.655437961058545016e-01
-3.727581816923876135e-01 -1.001659312820103453e-01
-3.204706260891010405e-01 2.985229107950488903e-01
-3.411553908044219208e-01 -3.931877201253403120e-01
-3.682096703290914652e-01 -5.418556889429027024e-02
-3.484753528136618206e-01 -6.197201625370385436e-02
-3.740920343327345243e-01 -3.314035151914256350e-01
-3.346414102896902998e-01 2.150750613948486656e-01
-3.508843928342334495e-01 3.000023161689229223e-01
-3.733184564963500929e-01 -8.517941497191372502e-02
-3.492085083898621711e-01 4.018247464465356522e-01
-3.255118504846479244e-01 -4.691470707787551708e-01
-3.889705162171487318e-01 7.759931456311575104e-02
-3.350374761942290780e-01 4.727446746257902843e-01
-3.948676723648143483e-01 4.310227602856686602e-01
-2.980445090310842593e-01 -1.043532797682035218e-01
-3.403930186010090120e-01 4.888209122842848142e-01
-3.290248864870144452e-01 4.538394689804038373e-01
-3.078733042429849798e-01 -2.291101980016939654e-01
-3.810198433103274551e-01 -2.483467334510836011e-02
-3.874920140000612800e-01 4.463143368973432334e-01
-3.098557995728425940e-01 -4.409761348950854698e-01
-3.028759894826087429e-01 2.998713650181585866e-01
-3.533801989818532441e-01 -2.970247004895868459e-01
-3.289277857907517699e-01 -3.861068151840277851e-01
-3.656108219937467263e-01 -3.700235978854439223e-01
-3.447906933504103488e-01 4.604759746897235662e-01
-3.131890898973695991e-01 -1.134272408019876277e-01
-3.338859614139334520e-01 3.940564361170755259e-01
-3.865013419416958307e-01 -1.869054146838275976e-01
-3.194989600123633311e-01 3.611114406842916846e-01
-3.593689858459471198e-01 2.488778696755906683e-01
-3.441308650490806365e-01 -1.890393057459934800e-01
-3.952049142484564959e-01 4.219184636446359216e-01
-3.591124197164285992e-01 -5.642770261440854807e-02
-3.108884378213683242e-01 -1.073965114445050162e-01
-3.691107804461042363e-01 -5.347903680265264637e-02
-3.927660619160618927e-01 -9.526216844770729608e-04
-3.218318927701924181e-01 -2.712745714832278665e-01
-3.092033299840702965e-01 1.082742118887292104e-02
-2.931661913431068411e-01 4.164647298780453921e-01
-3.950869923956066287e-01 -3.175244764715837720e-01
-3.920107304258713121e-01 -4.843871645441203411e-01
-3.289655296288296338e-01 2.772837753196887300e-01
-3.507442279868606683e-01 3.319770386863288847e-01
-3.094295305894354531e-01 -1.481139058096003769e-01
-3.967314762796145811e-01 2.755267598017313579e-01
-2.934108371234852575e-01 -1.128858819078683018e-01
-3.636508746930677827e-01 3.277538066437184483e-01
-3.987890757174622491e-01 3.929144996175661930e-01
-3.369647334500720515e-01 9.029185182830734568e-02
-3.278401788697983266e-01 -1.311251556450193645e-01
-3.618912194303919305e-01 1.037497164018323925e-01
-3.633835483286766976e-01 -1.534519664807817430e-01
-3.378188341771735104e-01 -1.465115091441367978e-01
-3.471881736639331750e-01 1.211716694214844958e-01
-3.132376226934477925e-01 4.425867386196863373e-01
-3.599343291123187072e-01 -3.867890020893788305e-01
-3.384017941406105567e-01 3.236561358101129882e-01
-3.515673691859603212e-01 -8.138612103829012678e-02
-3.229989390180135755e-01 -5.440119992796799142e-02
-3.220673693456536091e-01 2.101610421975448340e-01
-3.966378450397139988e-01 2.461664961261466056e-01
-3.857783475185320166e-01 4.842057648488606869e-02
-3.762165124297108809e-01 1.240805614013451574e-01
-3.144339860764675532e-01 -2.815341617369041538e-01
-3.302814804825422446e-01 3.894590666509030186e-01
-3.572707507284096362e-01 -3.069615695667314847e-01
-3.661082645356137366e-01 -4.240488871121333991e-01
-3.138263987969061031e-01 -5.756480906544059195e-02
-3.082604843362657387e-01 -4.228105880698643793e-01
-3.345370185555108788e-01 -4.252308621683835721e-01
-3.551937835907390539e-01 4.491232417904246210e-01
-3.846185582739422015e-01 -1.034619783122068259e-01
-3.341267907624377864e-01 -1.212556955822062799e-01
-3.550786181692622279e-01 -3.020854570030533370e-01
-3.072801572778083301e-01 3.447718964179670165e-01
-3.490733355554161976e-01 2.784868182796270686e-01
-3.269654689040362161e-01 2.336676393374836902e-02
-3.607185514071055144e-01 4.506657897536320290e-01
-3.184141012932245607e-01 -1.056196542726752785e-01
-3.396583672179996904e-01 3.974920030104494018e-01
-3.012466546226285624e-01 -1.656617715909923794e-01
-3.431085621520800766e-01 2.746018638824418989e-01
-3.458728824802713708e-01 -3.041833743683305391e-01
-3.146181544486945647e-01 4.036454103741500266e-01
-3.162121301441057630e-01 4.160646597834392058e-01
-3.548867770876780181e-01 -3.453471922021851270e-01
-3.236157188962658360e-01 -2.644290177323932456e-01
-3.112805872588368938e-01 -1.223372975160090803e-01
-3.071021961165313341e-01 4.273501551213558791e-01
-3.302257036048106276e-01 3.368709699225287402e-01
-3.533420976419024973e-01 -3.695840202046074552e-02
-3.516585598836209359e-01 3.473290732856842977e-01
-3.907862215978751275e-01 1.192651425501713991e-01
-2.968974959685481974e-01 2.656076262005366839e-01
-3.152130573847425898e-01 -2.215591594708266054e-01
-3.078917486384321611e-01 -3.730068585601682418e-01
-3.978552081390397399e-01 3.817252407762703470e-01
-3.477346857657948043e-01 -4.459595385700182435e-01
-3.639116431956033182e-01 -2.295820818906113558e-03
-3.916343316223660498e-01 -3.161803434532548529e-01
-3.280703905913925356e-01 3.105041070480158982e-01
-3.581805643321296362e-01 -3.403019683922081651e-01
-3.224929232424875725e-01 1.966089139239189931e-01
-3.294480974336785328e-01 -9.769380105043334872e-02
-3.937193047226770215e-01 1.914349970041583360e-01
-3.522487250377486223e-01 5.029749276610950837e-02
-3.451604392598580651e-01 2.457923054367811000e-01
-3.660409276405075518e-01 1.558308502672216544e-01
-3.158992559079628615e-01 2.281170697386677437e-01
-3.484082736523229640e-01 -4.069100521030556417e-01
-3.363621444312975273e-01 3.792031952660450678e-01
-3.654854762609816010e-01 -4.644788158918191634e-01
-3.962279086339608458e-01 1.973670939131159097e-01
-3.661632036710515958e-01 1.241131512440651896e-01
-3.711355231525942378e-01 -2.296871495804977403e-01
-3.424323164093506788e-01 -4.652163967716840265e-01
-3.216218802172856606e-01 -4.198770680632563090e-01
-3.728112176668024746e-01 -4.267050680433090992e-01
-3.312939729340108608e-01 -4.246091010055412784e-01
-3.242724316672229712e-01 -3.006112361439484681e-01
-2.952278733363487007e-01 -8.591130829671400626e-02
-3.760092991864899536e-01 -1.385630120984635560e-01
-2.932728969823622522e-01 -4.116758028075061526e-01
-3.909620933342173865e-01 -1.693892312893148233e-01
-3.857631436405530856e-01 -9.665812403506857109e-02
-3.278241296147273998e-01 1.772932891213659934e-01
-3.498134464474631500e-01 -4.368205975340933023e-03
-3.125451948484803122e-01 4.980752794158327390e-01
-3.787256100346720888e-01 3.505296096122149097e-01
-3.142227578399449106e-01 4.059550019264003273e-01
-3.009125102522013373e-01 -4.345392300954543652e-01
-3.815464640282977271e-01 4.598283699824108339e-01
-3.823121480108000458e-01 4.507513590368696921e-01
-3.623837785649806076e-01 -2.582189055035201131e-01
-3.033545699568528375e-01 2.639329572002135915e-01
-2.990543063452676398e-01 -3.100108640688454820e-01
-3.843332925711745451e-01 -1.126507601183467377e-01
-3.529844159609445420e-01 -4.925425707291797295e-01
-3.113326796142321662e-01 -2.453814790898281029e-01
-3.938905784341967253e-01 2.116056366075758088e-01
-3.297793139143980756e-01 -4.831907012416358782e-01
-2.925409843405046839e-01 3.453325580614797774e-01
-3.296963221515548659e-01 -3.418089524871396057e-01
-3.619976698765676737e-01 -3.537102930244238053e-01
-3.207818146111898194e-01 -2.206425899095164622e-01
-3.663328700491208512e-01 -4.402531230937956064e-01
-3.726538579217928415e-01 -3.994333270403125358e-01
-3.582943714569961635e-01 -3.267034791658994797e-01
-3.811102518276301421e-01 -8.149327156099506198e-04
-3.361823390454303784e-01 -1.200984801455129425e-02
-3.130853262466649634e-01 3.316281956569774314e-01
-3.452804223203365108e-01 1.860602465366067992e-02
-3.449784927523965594e-01 -4.161475992131836721e-01
-3.986240548804810269e-01 2.119529833111156725e-01
-3.414078183982003356e-01 3.894968100636868602e-01
-3.087913208415432598e-01 3.039196950420082199e-01
-3.883308268474523484e-01 -1.445927403039481973e-02
-3.850150743505682538e-01 -3.678714497372626013e-02
-3.298940607860069152e-01 3.561407733288765032e-01
-3.524911974667921388e-01 3.727925327866121741e-02
-3.572408473743423629e-01 -4.444835129934583406e-01
-3.774788109452054119e-01 -1.363935565621332557e-01
-3.335509844585525796e-01 -3.733005395539429339e-01
-3.509921534992453962e-01 2.794333684052890954e-01
-3.247528687955186788e-01 4.968183617803172414e-01
-3.767601216786603535e-01 -4.062938391964721063e-02
-3.350370563409851288e-01 2.926146500513467918e-01
-3.473986068039764952e-01 -6.583079350233034255e-02
-3.924709057668321899e-01 1.690620645147411505e-02
-3.083189232742249430e-01 1.924668877071259443e-01
-3.235993759566839767e-01 6.964886681606496932e-02
-3.040941321467869329e-01 3.124756504728889439e-01
-3.161328319538908582e-01 3.268109023789611545e-01
-3.930425030320980895e-01 3.706794091183396311e-01
-3.825891296725973945e-01 -4.304185597155152365e-01
-3.838451331726268068e-01 -3.886238857709580774e-01
-3.155313232807366308e-01 -3.489414219065050116e-01
-3.324860500034338973e-01 -2.918625319813412666e-01
-3.446701403048008094e-01 -1.818610832274546452e-01
-3.239511113566524436e-01 2.494270842779801045e-01
-2.959405476491423492e-01 4.560759813138265395e-01
-3.624122953973415440e-01 -2.193113829532795656e-01
-3.486713723828221978e-01 -4.798067448785822142e-01
-3.671787107037096654e-01 -4.723312150745812010e-01
-3.444888049500079985e-01 -1.988786560874921117e-01
-3.510689034218202886e-01 -1.030467412126130355e-01
-3.721821712458682763e-01 3.677290982286248733e-01
-3.420636849910924093e-01 2.332240056196420719e-01
-3.007924464149698274e-01 3.750631175409795404e-01
-3.088059206238946697e-01 2.154636587689369165e-01
-3.918783707331227051e-01 -2.155641826297837182e-01
-3.412078758668660727e-01 1.511457166942447028e-01
-3.886864545266494053e-01 -1.738498384612142678e-01
-3.751359255561765860e-01 -4.442428974104503103e-01
-3.483962815171357530e-01 3.466018069552881942e-01
-3.815059534782462292e-01 2.612488416833346205e-01
-3.321381881970422167e-01 -2.309126443196186651e-01
-3.673940539832823982e-01 3.786240593747822736e-01
-3.324930385929901755e-01 2.787409820532267268e-01
-3.108554175561824007e-01 -3.758962222072055326e-01
-3.110462221964731544e-01 2.102108840725149808e-01
-3.728557050138885387e-01 -4.571318881266887013e-01
-3.336092906383503198e-01 -1.274987088066238394e-01
-3.790056471426865858e-01 -4.648077620289695622e-01
-3.603373399076674755e-01 4.442063820069651614e-01
-3.772616359378752060e-01 3.967741358916559991e-01
-3.406108422108861111e-01 1.809021391171089510e-01
-3.233363136376800062e-01 -3.225316407044653833e-01
-3.922200546292692325e-01 -4.772510429629750472e-02
-3.574625421538041303e-01 3.836679170171748421e-01
-3.549994798958543418e-01 4.862735024415639762e-01
-3.024453448925267240e-01 9.556180012449988492e-02
-3.663646598898283591e-01 -4.438176961107080931e-01
-3.564075560367495621e-01 -3.359897079369295048e-01
-3.011264880717539061e-01 -2.098227476125817947e-01
-3.154993796613213553e-01 -4.515802767487946401e-01
-3.268524210273048292e-01 -3.270287123390029915e-01
-3.190362160808158931e-01 -1.588058877037339389e-01
-3.967802043394221823e-01 -2.587598621937295951e-01
-3.164930846193387826e-01 2.259300474304560824e-01
-3.001835844484983529e-01 -4.777085163494064757e-01
-3.907433111100254708e-01 4.181049567291114100e-01
-3.969080360198471435e-01 4.026071779913350523e-01
-3.381778868284968098e-01 -4.655715196285354907e-01
-3.892045399959110918e-01 -1.000543600188308346e-01
