-1.500744987472475422e-01 5.121815682688835025e-02
2.405347028056835645e-01 3.991207008637442932e-02
5.424510991264408499e-02 -5.478127550639810828e-03
6.354276815827608615e-02 4.729545506552604861e-01
8.058698998152047377e-02 -1.262637457732895818e-02
-2.744976822681098882e-01 5.494455053336932959e-02
5.632039978246239365e-02 5.745441808299212028e-02
6.804527913376556825e-02 -1.638723735544338478e-01
5.648511847915205220e-02 -4.836067147983738046e-01
5.959876911806116784e-02 -1.141917967680937673e-01
3.884458169486032508e-01 6.823479187054648509e-02
7.861181780725901014e-02 -4.963963563418815061e-01
5.582923894714475477e-02 2.577135038051288074e-01
6.356621764271896957e-02 4.702214860724782675e-01
8.120899484957555536e-02 1.241168551111337948e-02
8.363220315622355017e-02 -3.576178761368616899e-01
-1.280117313752284769e-01 5.391386299294897988e-02
4.968636849887448914e-01 4.456663048052744713e-02
6.805448826027205023e-02 -3.293840202165307929e-01
2.160077347223560151e-01 6.512805463601245570e-02
-3.882831839632783222e-01 5.264101542175769755e-02
8.730000781433566726e-02 -4.155622233031275314e-01
8.092456799962566283e-02 2.342295696912902736e-01
3.442150213166361716e-01 6.915656400636815970e-02
8.038162804633408598e-02 8.452956612311235407e-02
1.349469066462327671e-01 5.115306245279804820e-02
7.220020923841474758e-02 -4.173690793516368069e-01
6.184164418780990768e-02 1.040332850992715663e-01
6.875895630088146859e-02 4.256452619777908453e-01
-2.075150658306708085e-01 3.800099377995991290e-02
4.239507008574566749e-01 4.938802357650318164e-02
7.132594409645975908e-02 -1.554942174340367966e-02
7.058969996910746669e-02 3.482360448450199097e-01
8.875805163009897747e-02 -2.453898022057385830e-01
7.095902904221884633e-02 2.394712866748760494e-02
-2.631992522213559837e-01 6.791905052814528609e-02
8.537027237353433939e-02 1.671832465308610294e-01
6.998689937581803466e-02 1.232714763827889026e-01
3.108794171618878277e-01 4.070524076352444176e-02
6.742569006856435898e-02 -1.225993139871184301e-01
5.224372862073389800e-02 -3.508825616570242500e-01
8.737997497394256463e-02 -4.713479516276770642e-01
7.605110107761692273e-02 1.876819150268106418e-01
7.109770124968017857e-02 4.857208209910897079e-01
8.733584683816075778e-02 -1.425282278591646357e-01
8.104203910985241510e-02 3.736462634581050324e-03
5.732821519199060578e-02 -4.945273586409195676e-01
3.049493710450071893e-01 6.004787240615394595e-02
3.536431933398429539e-01 5.907796115834318407e-02
8.491941494811439117e-02 1.592446999680678932e-01
8.596291297593994241e-02 -1.857075954403747398e-01
7.987372168174022846e-02 2.650701636449231957e-01
3.091445025126869917e-01 6.225461386038300127e-02
1.227129326082005978e-01 6.948740335918113242e-02
1.478591166152936065e-01 6.337297308987732691e-02
7.496517468276586715e-02 -2.158129640907617830e-01
9.959751880665157486e-02 4.136910708831798011e-02
7.891900744848512339e-02 4.896233405160651531e-01
2.573566362757847559e-01 3.966757272025134284e-02
-2.188460879823320715e-01 5.237336087620170222e-02
8.835819226280938743e-02 -2.046045342293678626e-01
-2.618691821855190227e-02 5.984671026379373426e-02
6.066447570701916092e-02 -4.426957551308752237e-02
-4.280813706624009285e-01 5.802879432625807077e-02
8.513142641824811285e-02 3.246312015064356515e-02
8.705395594583786867e-02 -1.985477412103083816e-01
2.134744785481756946e-01 6.195464918930071452e-02
5.485587567206851034e-02 -4.620493002061061283e-01
9.824695600112476335e-02 5.828714779058130624e-02
7.221852487505253659e-02 1.752156343117233783e-01
6.552813697180015495e-02 -3.047878626704902949e-01
-2.399665038029189512e-01 5.653648560124913125e-02
8.843413221070672847e-02 -1.546422690499278385e-01
4.218992831802635957e-01 4.592994164077146557e-02
-4.496714185893656568e-01 6.148509966600579357e-02
7.210523705545723860e-02 3.367125645668981315e-01
-8.122363711435343081e-02 5.453864518486961632e-02
-1.863167023946867840e-01 4.747194384657349442e-02
5.377723842477022398e-02 -2.420412036832370051e-01
8.301699660460060137e-02 -1.343246124952255371e-01
7.594241834280590631e-02 5.301746922483230318e-02
5.269943931440468354e-02 3.436481385060473626e-01
7.527044932989823689e-02 -5.362511461840502314e-02
5.986710216701995879e-02 4.829308201889206398e-01
2.986075031329420426e-01 3.688861052340530744e-02
6.940738812450675255e-02 -2.276926755100687760e-01
6.797220249174984463e-02 6.147159600361296050e-02
7.227800326664324260e-02 -4.757408779016156775e-01
-2.057222935009395126e-02 5.703586320829279188e-02
8.695394563821390310e-02 -3.239539320158685287e-01
8.066847371794094723e-02 3.019590865579674377e-01
-7.700623523095695422e-02 4.035695610325817917e-02
6.348319609774488725e-02 6.668525285827664462e-02
3.061802742368383567e-01 4.533248760797192745e-02
-3.110041989819735120e-01 5.406817410018482928e-02
6.586466814029945382e-02 -2.146764201408024597e-01
2.869005682749181663e-02 6.327071442684017999e-02
4.352575751403505722e-01 4.040270161473724642e-02
5.523284101045289329e-02 -2.593896323513525948e-01
3.060265616139706824e-01 3.617828776905596122e-02
2.237541565845215796e-01 6.246143650626079236e-02
8.412120891585939120e-02 -2.811404215125258288e-01
-3.696239756782944141e-01 6.191187280020837846e-02
1.563724176750236339e-02 4.834922983599676538e-02
-2.743570525139745753e-01 6.249276464558450872e-02
-7.834733574218777363e-02 5.872533787976064179e-02
8.842235640012097164e-02 2.329646872242462363e-01
3.446784760133224657e-01 4.835951078228950539e-02
6.398024124245182964e-02 1.507163191040576944e-01
6.632909146509746723e-02 1.332598602395272946e-01
6.008889786292570534e-02 3.125400412214661694e-01
2.751435415533769469e-01 4.926720096867853727e-02
7.692453429002632515e-02 5.857619965632143710e-02
6.359457033749593702e-02 1.783872959067123176e-03
-4.985803479859985954e-01 6.137708064056290880e-02
7.284360202350170788e-02 -3.007684239992165498e-01
7.209224922226376009e-02 3.155942338758653820e-01
-2.596287441457019174e-01 5.683563807188829475e-02
8.631806929916652216e-02 -4.786971922571569005e-01
4.744648296260169928e-01 3.903460975997341542e-02
-4.221437541293899809e-01 5.125461277154341744e-02
2.786392102575092622e-01 6.353975731828198636e-02
2.968466405496857918e-01 6.226429139890699016e-02
-6.188632995397991277e-02 4.788129139723096284e-02
-2.197252827229352334e-01 6.157343996973962952e-02
2.140513356200935968e-01 6.866126076928502631e-02
-3.447360459483467254e-01 5.116474906415680035e-02
-1.946717956145920247e-01 5.703825511344184918e-02
8.626623450220849421e-02 -1.472199793687432035e-01
6.118630326252627594e-02 2.500617081448202050e-01
-2.726161776048202645e-01 5.841822275536134867e-02
-4.321484542638786008e-01 6.575063108487844143e-02
8.859284087185770318e-02 -1.886558149508946736e-01
2.704314948243902172e-02 5.828561310212865276e-02
-3.307603106560410566e-01 6.940161814640555260e-02
7.939232977002941283e-02 -4.516346695608013384e-01
-3.782436913266500333e-01 3.633049965415335869e-02
1.330601436418377137e-01 6.251592795458271734e-02
5.944451207590251141e-02 -3.047284609230217489e-01
-3.807584610725091023e-01 3.914296446761622583e-02
-2.247825710347491901e-01 4.963512307197937012e-02
6.647366817935496108e-02 2.655575506033448496e-01
5.586389395436541783e-02 -9.636325776121001940e-02
8.238389876511120757e-02 2.593535244032421083e-01
6.877054576251950824e-02 -1.123541263492422448e-01
7.711311972846968121e-02 -4.519371604314396107e-01
7.121843494803137276e-02 1.771269451280217400e-01
3.441284714075151241e-01 6.004877505086869682e-02
7.555459626256733063e-02 4.024337042011768562e-01
5.761942475716175238e-02 -4.315702511514919459e-01
3.291946191480019657e-01 3.661287214030495285e-02
2.151116344247250289e-02 6.070361250408307097e-02
-1.522340425572455969e-01 6.032306078569427132e-02
2.773871564031893389e-02 6.773165907372424854e-02
8.164820097703096025e-02 3.690760640419060712e-01
5.767484251034515896e-02 -3.788000750860284205e-01
1.123415189187774166e-01 4.133287113512618127e-02
8.238204302404972257e-02 -3.918699232585398651e-01
7.942307484188215749e-02 -3.017214698145909146e-01
3.731921780173639291e-01 6.247315254605800838e-02
8.813284438259338938e-02 -4.771404697047467725e-01
3.994302568013998744e-01 4.255115987818203216e-02
7.486593862387302956e-02 -2.087323964742984206e-01
8.719564882557795382e-02 -3.461584219449835853e-01
8.630838131077056552e-02 2.406761520076277083e-01
7.628742325005555269e-02 -4.261610055140097053e-02
6.039646493512340619e-02 -7.252357441954582207e-02
5.775487815483848486e-02 -2.126937328572366948e-01
8.868081782305492489e-02 2.230156312576624389e-01
-2.365765157036858746e-01 3.972727568118972208e-02
-2.855846026785422431e-01 5.927149247880125760e-02
-2.975331625199243435e-01 6.511072800969275320e-02
-2.472582448223724638e-01 4.421748906794142897e-02
9.736941774769802826e-03 6.037489665741135880e-02
8.721936560621756929e-02 4.127256595644488435e-01
1.871856334188483073e-01 3.758945907539312792e-02
6.314766054786480343e-02 -4.309957568071686174e-01
4.905359580306303258e-01 3.781763449593966708e-02
4.237379824858903410e-01 5.498639664368432101e-02
6.380678076004830945e-02 1.760751323274976077e-01
-2.994329605449097542e-03 4.927401488397165075e-02
5.373350530725684582e-02 -2.101002868195912532e-01
7.027802094610713368e-02 -2.941512735921962829e-01
-4.426558964255847828e-01 3.827699449558608080e-02
2.066810262792833086e-01 6.659569399204356976e-02
5.284841082182545335e-02 2.949117436262727043e-01
8.342148317676723046e-02 -2.224076529280430981e-01
6.472258461190738554e-02 1.263320008137297501e-01
4.234949709780696514e-01 4.635745193421181298e-02
-4.459979990612635836e-01 5.937594717063432448e-02
4.091714449530443609e-01 4.895758408751549329e-02
-4.074523443099492548e-01 4.974913770345512631e-02
6.818652328752783376e-02 -4.023418921196508791e-03
7.930557764558099354e-02 -3.806481513371811065e-01
-4.071506402651065004e-01 3.858313910708377481e-02
8.882570971787906444e-02 -3.237825396373464892e-01
4.677105368649632222e-01 6.469144609491406239e-02
8.744793392750482841e-02 1.942253213460711780e-01
6.087183741915380697e-02 -9.766523543014327124e-02
9.129703672732358832e-02 5.886206554303174965e-02
8.242868277458770265e-02 -2.698358092383124074e-02
7.382006060499701761e-02 6.838988078394980796e-02
7.129915605667358491e-02 3.658692536040492049e-01
-1.695408485811157329e-01 4.964390194656354005e-02
7.942466089272004481e-02 7.329406810075422829e-02
6.668992926109729158e-02 -9.730401181480075046e-02
5.629348289764424251e-02 1.994352101165383084e-01
7.601843791356910351e-02 -1.732540317677848662e-01
-5.690098904741425212e-02 6.297412973783911294e-02
2.133767196637933461e-01 6.714339619800624437e-02
5.581915949894000750e-02 -4.495824743049855465e-01
-6.251225983303698719e-02 6.533573167253381442e-02
-2.385523357537967515e-01 4.318947777872295113e-02
8.064919849376861460e-02 3.810546448621552340e-01
6.416378954436219306e-02 4.966445039595962507e-01
7.839202152590452055e-02 -3.525232687344808102e-01
8.481005703278443608e-02 4.638497361651110484e-01
8.858899585451518455e-02 1.165146789887140377e-01
2.843505029255776195e-01 5.993536336945659571e-02
8.207706985919926979e-02 -1.646897550524012432e-01
-3.059469961134834159e-01 6.822892397452928748e-02
7.841239031670721449e-02 -3.537103270833126256e-01
5.157988298326354748e-02 6.046361703130109788e-02
-3.019057973096319625e-01 6.160805081150422247e-02
6.440212006611867324e-02 3.972270491651119784e-01
8.727495082426739437e-02 1.582653849391306711e-01
7.604714527628075871e-02 -4.159668042751207828e-01
8.319023378037260219e-02 2.097295533957888036e-02
-3.301382543535646974e-01 5.694902411163671463e-02
6.767545556818777008e-02 4.757072212542667877e-01
-3.520164373441458938e-01 6.279875981500460114e-02
8.386461404663392294e-02 1.060680402330801408e-01
-4.038705377609859148e-01 3.868643704203422740e-02
4.617352819879005921e-02 6.600054995635618038e-02
2.671300739407516112e-01 5.389435008143395045e-02
2.661870133845634090e-01 5.843832782473401544e-02
-3.232966328595485717e-01 4.794601795071828931e-02
2.134987258679577060e-02 6.039422381027048647e-02
2.979965045691679304e-01 4.665761439703097757e-02
3.921532251428059279e-01 4.057747854421611677e-02
7.088617107484784796e-02 -3.164540378375446661e-01
6.600233903868624186e-02 -3.601250662947017567e-01
-2.680455679595944440e-01 3.999530250291338795e-02
7.606653479652925043e-02 -9.659211209013918165e-03
7.639502845880763449e-02 2.641533950801223662e-01
1.753437710982410636e-01 5.814120012305667995e-02
8.698388557482250594e-02 4.224879516934563206e-01
4.295616097721444149e-02 6.130498287227348353e-02
-4.361113699102392438e-02 4.960378438382906374e-02
-1.475916745250177575e-01 5.957172185205217296e-02
8.747847939439534759e-02 -2.500766929995695831e-01
-1.183528209143688281e-01 4.980504292484799755e-02
6.484056707098273531e-02 -4.835679678512966317e-01
6.933591978479458628e-02 3.507357122508115710e-01
5.890246335340176831e-02 -2.375688525023839093e-01
-3.461405927357739110e-01 4.267143891307612069e-02
8.026871788050149448e-02 3.416886821030024057e-01
6.529421684616987243e-02 4.683538034822790630e-01
7.930030174096180939e-02 1.431028350732960197e-01
-2.227673969738113158e-01 6.726995978182515046e-02
-4.040152564392892609e-01 4.988334333960386946e-02
-1.361756119508930052e-01 4.427966593025101094e-02
-9.451307594297253534e-02 5.027142805272011294e-02
8.122990799850882127e-02 1.497745685299081142e-01
-2.180933081131134488e-01 4.057165418807606727e-02
7.496292815581384605e-02 -3.231190647259837290e-01
4.146957960392509968e-01 5.676271556556866660e-02
-3.419081007427391405e-01 6.425873855491948117e-02
-3.861343175934973670e-01 4.246598699670434129e-02
-4.379398016714807218e-01 6.779380540185075965e-02
-7.314454158721572785e-02 6.171820804011007855e-02
-4.500022539420389656e-03 6.624745260828357463e-02
7.658479657747618852e-02 -3.950627266617683375e-01
7.083462647430949222e-02 -8.764559049063691543e-02
-3.656298173715872846e-01 3.912305997217280229e-02
-2.129263367873355239e-01 6.646508020093444546e-02
5.415687090413523475e-02 4.746040724757544238e-01
9.664660803713309711e-03 6.502410464985119987e-02
9.068475816961907299e-03 6.350227484993253846e-02
7.042740671087566184e-02 2.589757713607465650e-01
-4.515393049374749612e-02 5.540581503290986642e-02
-2.728145159507111561e-02 5.395613794321130197e-02
-4.664046944488084989e-01 4.965247478841272599e-02
2.885267054102022000e-01 5.022389545621708251e-02
5.850998334146662039e-02 2.676706004566112851e-01
4.181918051664278435e-01 4.906958813957573717e-02
6.768951106479326185e-02 -1.195500697037564786e-01
8.033698423911483921e-02 -2.471230231017665924e-01
3.819062418238329260e-01 6.860887955794037207e-02
7.864809357150392977e-02 2.130176108072902030e-01
7.968106052705603570e-02 -2.409215473967616372e-01
8.413470312208204405e-02 3.812244498338832610e-01
7.453620801421900754e-02 1.858638750027689079e-01
6.381972617896425337e-02 -3.968272525559246589e-02
2.202934795102314824e-01 6.532326524895337716e-02
7.814264536336323896e-02 9.743728700044684832e-02
-4.905935526006446334e-01 6.574238903399121092e-02
4.890521170802551998e-01 6.043149756251997573e-02
1.084289008700893842e-01 6.878366443931127616e-02
3.272620363992898573e-01 6.184379370447945501e-02
7.068362753221524297e-02 4.639201339966458892e-01
-2.241818782357952733e-01 5.203383380299575478e-02
5.687411822380339377e-02 -3.520071674874203360e-02
5.708662221984739382e-02 1.368808851171190444e-01
7.606346746716730056e-02 1.462740466408080087e-01
-9.154736214111103276e-02 5.406611369404112910e-02
3.464675948625539625e-02 3.934002858090868138e-02
-3.456562131763716295e-01 6.134427760502381144e-02
-3.702280914085893659e-01 3.814878813111399758e-02
6.850737543425922116e-02 -4.324109620224717565e-01
2.174916075780828351e-01 4.531739576363080779e-02
3.173198323878537730e-01 5.912653396327027799e-02
8.192719546962978772e-02 -2.727991440874782958e-01
8.259652351082469313e-02 -2.709592300405797571e-01
-2.430148855417061382e-01 3.672844585616352742e-02
4.297712119754480975e-01 6.164800227338029792e-02
6.414549053773554999e-02 3.693196081467058356e-01
4.966757520395386205e-01 5.064227277519195436e-02
7.058573714150628842e-02 -4.511135181591685583e-02
2.891987034484189145e-01 3.990195967579424075e-02
6.852260178296187831e-02 1.599027185051260513e-02
3.321006299186433086e-01 4.943869002300571580e-02
-1.138145453501548943e-03 4.960078112436427933e-02
-4.477649310588196485e-01 4.196634951821764936e-02
2.142154650293157658e-01 4.642442901143228884e-02
-9.226767151462700323e-02 5.514237832021728902e-02
7.369826525326705902e-02 1.113471085314117204e-01
-1.095801267805012191e-01 5.557944320331342780e-02
8.612569524708735269e-02 2.495038314190403117e-01
-3.762183471530106127e-01 4.475265164862030076e-02
8.827684789544965049e-02 -7.547462897840784279e-02
