1.446607190859121594e-01 -1.518225527365124616e-01
3.883139014201589800e-01 4.231544182423183642e-01
-4.073590284442759613e-01 3.404852689224521223e-01
1.185162150689668126e-01 2.515389789620033900e-01
-4.856108371329098672e-01 3.336474577789396712e-01
1.587200940129146476e-01 -4.164098355753220737e-02
7.005308063747683889e-02 3.762360382360632194e-01
2.356738875888164664e-02 4.168189590088257068e-01
-2.050768042284513148e-01 3.453875719836724256e-01
2.718789805548116334e-02 4.047387009723988349e-01
1.141092552923927972e-01 1.728767862561361168e-01
-3.583697407642266741e-01 3.417757342209302163e-01
1.217657397106018946e-01 -1.351758110662770740e-01
2.012563564078779788e-01 3.699087655273551878e-01
3.398271800839457457e-01 3.547635479068758091e-01
-3.060493927077491128e-01 3.658191240730284122e-01
1.244816284398603257e-01 1.625916883037263894e-01
8.958871123017153604e-02 3.271234919061521973e-01
3.253183611560062083e-02 3.745855080202309395e-01
-1.447610969579501417e-01 3.355062312907401978e-01
-2.116415053879749930e-01 3.378489608048040882e-01
-1.284327801302518335e-01 4.284354170993597277e-01
1.390139619484810352e-01 -2.133377181969708936e-01
3.689001741179875893e-01 3.442656969418242952e-01
-4.214721420726346146e-01 4.023028549945010246e-01
1.549555724021267622e-03 4.218966263223075108e-01
3.200474559838439870e-02 4.116713536410468999e-01
-2.842003586233210477e-01 3.482047019560154943e-01
-4.809306656919165590e-01 3.420519971325606257e-01
8.791751247234702582e-02 3.398138072106198226e-01
1.118022996045283657e-01 2.322823585630110488e-01
1.177993676461297490e-01 -2.318585742901873026e-01
4.328738271247416503e-01 3.881867570833360537e-01
1.189367738472670855e-01 -2.232651207294232831e-01
-3.188232493581958371e-01 4.133079614278727387e-01
-1.143656472614140718e-01 3.745767252588952934e-01
1.339640944262375788e-01 3.655377201002424359e-01
-3.362441651557461775e-01 3.573328887616021854e-01
3.529975667596718658e-02 3.784088641699097089e-01
-2.773612411965921121e-01 3.781216198770833703e-01
6.028195180663509234e-02 4.034945882235613235e-01
1.465641480513482087e-01 2.079284679504903588e-01
2.448161059774555115e-01 3.265737943197843940e-01
-1.885398092720352858e-01 3.225591564185305016e-01
-4.241200505344252525e-01 4.191953628597845372e-01
-7.102937266448394737e-02 3.980734355541504232e-01
-3.183968586171248560e-02 4.204168257025256983e-01
-1.434698730947248091e-02 4.003317653168214640e-01
-2.100827524961875747e-01 3.485031011803485512e-01
4.680071791052496932e-01 3.322320516622826458e-01
-5.836325481445359120e-02 3.527849950007786450e-01
2.780791004453320170e-01 4.315880013135611204e-01
1.557823228794187331e-01 -8.411308425211772022e-02
-4.978776748417482745e-01 3.592771415714187677e-01
1.368356980039510118e-01 2.418701877594634508e-01
1.295240763585984167e-01 -9.481750233966623753e-02
-1.231926652322010707e-01 3.844164500567098797e-01
4.452230957034385428e-01 4.150326733041375116e-01
-4.315396951089937039e-01 3.377022674611351860e-01
-9.928681458223775902e-02 3.642298447574674469e-01
2.760606825825395738e-01 4.010524654778858666e-01
-1.760989232138591154e-01 3.845443565077603099e-01
3.507874647162164683e-01 3.578945081014477392e-01
2.558696325416586204e-01 3.922555264162222999e-01
-2.634773879916937345e-01 4.327189474202174369e-01
2.823753155283944549e-01 3.409644383883296825e-01
1.223370805352300694e-01 -8.987519225364337672e-03
1.272831810561969590e-01 5.065389296430056199e-02
2.781804786252791706e-01 3.813036370500684225e-01
1.565753692782315687e-01 2.046979180469411519e-01
-3.474459486762698779e-01 4.061945326909786047e-01
-3.784765081700957046e-01 3.586265539948479963e-01
2.964771137638000376e-01 3.220035370109759487e-01
3.619030450767453111e-01 3.729870923362265112e-01
-2.234769355619039555e-01 4.121185622521114089e-01
-3.794041141967544606e-01 3.574859786206322498e-01
9.475153815416514913e-02 3.922345160647076057e-01
1.250535579046443413e-01 4.634800872388469273e-01
-1.650674473345017379e-01 3.461002572485318840e-01
-1.173332471551846723e-01 3.864283949186025913e-01
4.096058255153685046e-01 3.651984210571518341e-01
4.765323210492883321e-01 3.979132718344756681e-01
-3.984687492284144650e-01 3.765001263817699950e-01
1.461718109674676747e-01 7.338023018894967997e-03
1.475258203872212848e-01 -7.567150516370468871e-02
-4.618556536286216874e-01 3.694055501102663230e-01
-4.466143241171239842e-01 3.807718162342070833e-01
1.575949103546230301e-01 2.998736378884266918e-01
9.467403107643090898e-02 3.734494865605817449e-01
1.364419925657814892e-01 3.109984917638772828e-01
-2.986845373980997476e-01 4.148921308875956893e-01
1.150494474549282886e-01 3.712585136570090150e-02
2.007192080952974189e-01 3.831698999023761543e-01
1.560080157114673849e-01 -1.990745413375920592e-01
-1.138108485702830075e-01 4.152226528009547168e-01
-1.211364234728946609e-01 3.565276824784305854e-01
3.205943400673880728e-01 4.171181383152985367e-01
1.516434768008805278e-01 -2.155148247346521106e-01
3.704740940409267935e-02 3.548116516763080153e-01
1.495448562521036751e-01 4.972943307301633808e-01
-2.400874902301739500e-01 3.390184484799749765e-01
1.153666866491631637e-01 3.224921644099998375e-01
1.323688586144512458e-01 7.743719280062411059e-02
3.252868755952643687e-01 3.970678313109013979e-01
2.440272014851048166e-01 3.811840145999175755e-01
2.038191696688429477e-02 4.268534801161474324e-01
4.071338873168420802e-01 3.520212561058886358e-01
4.436265215248161864e-01 4.249746408531882569e-01
1.318788186301752541e-01 -3.191769433392321886e-02
9.876022140293783114e-02 3.246694649142448652e-01
-3.727638542263063126e-01 4.142822016009614083e-01
2.396059753556122329e-01 4.206261980007992562e-01
3.129378976614902719e-01 3.877019080652716054e-01
-4.798919355134426690e-01 4.129552801897696801e-01
4.575620805262506918e-01 3.880279879514672015e-01
1.397136969041843368e-01 -4.743677666253912628e-01
-1.788045713075374632e-01 3.570168115662891717e-01
1.433273275780825307e-01 3.706190748717587136e-01
-2.342779763504981849e-01 3.239155428769902034e-01
1.226050967145017045e-01 -3.676050872499267985e-01
7.655950022035284963e-02 3.902739872688496536e-01
-3.404019335603976071e-01 3.227661789716536056e-01
1.027244352995165810e-01 3.885515866899384996e-01
1.141758150536094085e-01 3.943465182954487558e-01
1.554400014336491109e-01 -1.796650900875385037e-01
5.628006141969188469e-02 3.449313374786102671e-01
1.471587545992952828e-01 -2.205161252268864613e-01
-2.479695338268345095e-01 3.931826041326477172e-01
-4.725178644719667531e-01 3.380005423328442671e-01
1.217947554154956702e-01 1.350137736845886671e-01
-9.218090958551550251e-02 3.941954479954146162e-01
1.893891713197267679e-01 3.223362471503583571e-01
-1.430535555561917027e-01 3.612925719250937862e-01
7.808186985652765255e-02 4.144895236325082388e-01
-1.632173544077276661e-01 4.187120423066766906e-01
1.453806160939160597e-01 1.437607301957082306e-01
-1.405669714215785904e-01 3.606915863213383533e-01
-4.745218509245736627e-01 4.107817533713119529e-01
1.189255860350759697e-01 1.907058049051930659e-01
1.119787365607145535e-01 2.435689394176888678e-01
-2.566773964531796626e-01 3.480068746023862181e-01
9.568680087677938761e-02 3.601580993634319050e-01
3.525892637820806641e-01 3.931581968786491688e-01
1.324251845965197516e-01 -3.170251373854537924e-02
1.590928314257739062e-01 3.663904452693935720e-01
-2.406672701090016853e-01 3.637990019162554711e-01
-2.670910672831573462e-01 3.599957868292109620e-01
-1.679439549523559227e-01 3.698620628463740179e-01
1.331987339308808860e-01 4.861767624921307096e-01
1.515346916391228094e-01 1.372717945051740163e-01
-4.307375593320028617e-02 4.038333960465326777e-01
4.961820765304197911e-01 3.221031496080515311e-01
5.014278805252958549e-03 3.740481292176378592e-01
-1.377167342355013480e-01 3.508912919653893736e-01
-2.804202311014323268e-01 4.167585179915084259e-01
-8.713706106590823897e-02 4.003854597610171373e-01
2.227660895179505163e-01 3.628435164515264599e-01
3.256337386801927414e-01 4.309949023862166273e-01
7.007378150527432403e-02 4.196228992986473783e-01
3.819665742324240831e-02 3.608606107771696880e-01
4.817269663547452119e-03 4.176653443549890321e-01
-1.943609546262670129e-01 3.423985256750091688e-01
5.101394747025433940e-02 3.628096126130604393e-01
4.477072198587327412e-01 3.559474278062820796e-01
3.161102164108353652e-02 3.222035914672796153e-01
1.827171241573437577e-01 3.391359778009154224e-01
1.271706881965302127e-01 -1.224946761100433879e-01
4.323561760003032939e-01 4.207678051999718116e-01
1.164257904508086972e-01 -3.710564533159437239e-01
1.483478913383816655e-01 -2.154922782236644574e-01
2.106449868208624121e-01 4.065382777610354603e-01
8.291230807549287984e-02 3.817430629444908963e-01
-4.359477689235524700e-02 3.539655500108717101e-01
2.247159893726879965e-01 3.467959350351597081e-01
1.588948538343158967e-01 6.566883050165606139e-02
3.335820231551975823e-01 3.713796425783081334e-01
-1.487136041511047946e-01 4.347186499045047059e-01
1.900527617228042754e-02 4.220243797505439654e-01
-1.565508030110647208e-01 3.725531689879008068e-01
1.117326936371223489e-01 -4.455446323847823686e-01
2.050246110306901404e-01 3.550987741086483185e-01
-3.320413866417933901e-01 3.406825938965902800e-01
4.344308264667683384e-01 4.004548457638813508e-01
-1.300333654783257797e-01 3.704811652884292261e-01
1.459851821400433014e-01 -2.108867321596522570e-01
6.619163331019883856e-02 4.333847687062460929e-01
6.249509445773149263e-02 4.192907555903991890e-01
1.810232642726535834e-01 3.649912159665900102e-01
1.727784374953108548e-01 4.347289541877327190e-01
2.743100872959491898e-02 4.257725431524682635e-01
-2.236690115493814579e-01 4.225761808767922734e-01
-4.561717555381239464e-02 3.446207568439874080e-01
1.445749625615893041e-01 -1.170164177266430627e-02
5.594098424851745577e-02 4.191415654575766370e-01
-4.617664715778840856e-01 3.491071671231215090e-01
1.455052863056701673e-01 -1.007752218838477987e-01
1.432760854667086692e-01 4.589387854252646726e-02
6.142048135184108304e-02 3.230392050265584736e-01
-1.664495372472570844e-01 3.222186850296075988e-01
3.009198796580020430e-01 3.674101639890409166e-01
2.325714023927761831e-01 3.323621003960837150e-01
-2.755496354763058431e-01 3.486392657079279145e-01
1.150594690925091923e-01 -4.558428650795413040e-01
2.912475167979347024e-01 4.159145318370449651e-01
1.310275888603193994e-01 -3.557118441275564091e-01
1.462373104322504114e-01 9.018160090208171553e-02
-1.710171516578519180e-01 4.008544619999493408e-01
-2.623513078666815934e-01 3.263375407794109062e-01
7.449544793485274319e-02 3.909797723055459251e-01
-2.153150884250800701e-01 3.259758058403703362e-01
1.276672070789723890e-01 1.257769354345420476e-01
1.324083630977079817e-01 3.720135806706132975e-01
1.337283403984121932e-01 3.911047495514795580e-01
-6.088719260954922330e-02 3.640642423948096118e-01
-6.439967397961376960e-02 3.427976804713284142e-01
-3.651122738206133977e-01 3.982378772699753933e-01
1.227058526917542691e-01 4.467154065339876690e-01
2.875960959770409442e-01 3.335000153695184544e-01
5.420311280555301092e-02 4.158672717587192924e-01
-1.854878323545657848e-01 3.531276092852037030e-01
1.508335456467954083e-01 1.578428513197117633e-01
-7.207379787261491977e-03 3.698612552869182668e-01
7.762757089097982455e-02 4.069848677933248782e-01
1.255920119909572641e-01 2.629096393341131543e-01
-2.886335776538243580e-01 4.076871829261570213e-01
-1.260113911587312785e-03 3.690120069347024856e-01
3.879249650794056592e-01 3.729234948851712916e-01
-1.382268147034118044e-01 3.586036099668626909e-01
1.125886266779271283e-01 9.269447658658613864e-02
1.247109059696258626e-01 3.570164306734014970e-01
2.973230136309725768e-01 3.531766925437552773e-01
-3.453322923931748667e-01 4.293162412496265290e-01
1.288400813617280871e-01 -3.185459207693313033e-01
-1.890089773913850024e-01 4.299438285427318318e-01
4.841675244717623672e-01 3.994378909384611598e-01
1.423778877110229990e-01 -9.936876280168960296e-02
3.302403124969569559e-01 4.031449741222031813e-01
1.386490221473241080e-01 4.309994934523245780e-01
-5.996255671622696681e-02 3.971939395117628502e-01
1.628052148724002945e-01 4.146261750814821401e-01
1.564108826982479883e-01 2.326984620128530468e-01
2.153522376796987992e-01 4.155765772826693905e-01
-1.291196747857485949e-01 4.114873194613301033e-01
-3.218786921350043073e-01 3.301349209351210900e-01
-1.099229238436197909e-01 3.945626808578168720e-01
-3.497112084627633788e-01 3.797344151869305184e-01
-1.879578933362132664e-01 3.869112538046224348e-01
-1.576348807656904327e-01 3.686175033861837091e-01
1.509637046498746304e-01 -4.269029154191842368e-01
-4.760012392209381771e-01 4.213746394134536555e-01
-2.151310079876106451e-01 3.411575734498102364e-01
-4.889130683125320065e-01 3.663039565648532614e-01
1.320709565920320516e-01 2.643973580950503832e-01
-6.997141415774699169e-02 3.218775314761976869e-01
1.099078051576705128e-01 3.222989102208120293e-01
3.880126250634549079e-01 4.094379914797260378e-01
1.335515679202119443e-01 -3.311186050305614526e-01
1.277665567849420869e-01 4.956559301455942812e-02
1.302839483445927815e-01 -1.398693838024160918e-01
-3.229295541597663188e-01 3.241806125628318158e-01
1.360814759667223761e-01 -1.315300944236881264e-01
1.529502141322860442e-01 9.884152651472910556e-03
9.677336748736620198e-02 3.465315465429122943e-01
1.584154801976351834e-01 3.729918026596171776e-01
-3.976079203269480278e-01 3.216715957007889592e-01
-3.374600717697519014e-01 4.372860706686803045e-01
-2.220341844757989236e-01 3.784926439661400188e-01
-4.567003724834760581e-01 4.263430522446352011e-01
1.283254021691037083e-01 -3.328834931782346240e-01
4.841488171948571395e-01 3.374802095789266598e-01
1.363953941153021043e-01 -1.208340682196051841e-02
1.443575148805935626e-01 -3.891852915194315976e-02
3.349051842507444476e-03 3.444265701403429469e-01
4.372712151429458682e-02 4.371103055095378886e-01
2.881155057618021154e-01 3.586740886580995769e-01
-3.686278238453720713e-01 3.985077464433490757e-01
-1.466389250453534743e-01 3.905874906063454555e-01
-1.049440843015470026e-02 3.841345151370777478e-01
-8.227547238931076645e-02 3.358978427329457617e-01
-3.291116469264081523e-01 3.439444096038256626e-01
1.219472280352682514e-01 3.491176896646797090e-01
-1.933171180925848942e-01 3.810637510857736165e-01
-4.559526812561985887e-01 3.243358958032299677e-01
2.956101955065154607e-01 3.936166294024918688e-01
1.587081436080837182e-01 -1.139301448455413146e-01
-1.184912559031013890e-01 4.110120559030219223e-01
-3.269872545845777800e-01 3.395791608869255240e-01
1.941368985709703843e-01 3.732749892846924933e-01
3.672177808134380328e-02 3.299190111050326335e-01
4.249931443340396742e-01 3.467065023262796419e-01
1.122627622516421120e-01 -5.368835342880340367e-02
1.560495651636469860e-01 4.601275245165540317e-01
-3.762336744628007601e-01 3.526124385674711537e-01
-1.096431313254478956e-01 4.046269623903993029e-01
3.803318897289823530e-01 3.451250449813927368e-01
-7.113747331517394912e-02 4.120936003260144975e-01
-4.028676706619650494e-01 3.209921798630053225e-01
1.562212989858854373e-01 3.988783904455179830e-01
4.333198617658523544e-01 3.462185064237935928e-01
1.111521280963140290e-01 1.960473550156818234e-01
-4.281970637698915283e-01 3.874626893960675389e-01
-4.871300270219651729e-01 3.979799087701051397e-01
9.999777866378278812e-02 3.790351693295794799e-01
-1.213087059793538369e-01 3.433938239109863844e-01
-9.962480350262115092e-02 4.246158196360420023e-01
-2.852515371303313563e-01 4.308866609217516519e-01
-1.937608045146972380e-01 3.643931367771432450e-01
1.198612243984493730e-01 2.475185986634517166e-01
1.096388531930850840e-01 -2.564258360740578890e-02
8.428181475617024798e-02 4.050075692808486894e-01
4.088595858561497876e-01 3.940067669395308503e-01
-4.729879883885482750e-01 4.171735440790160787e-01
4.891310667428849790e-01 3.947309278014616840e-01
1.536743200912462637e-01 1.361319427940235194e-01
4.694591031553421168e-01 3.836857503398194424e-01
1.663633155943505804e-01 3.740376631945748764e-01
-3.844187891124143386e-01 3.513070010798489129e-01
1.182373579069669889e-01 3.442134720387231006e-01
1.369186486883464671e-01 4.636620170675962438e-01
1.032863722281338603e-01 3.556335526592874219e-01
2.338432667546367361e-01 4.171371480727426029e-01
-2.331291108570144877e-01 4.131729815812091866e-01
-4.897772699129134821e-01 4.137929498477489476e-01
1.118225017763487816e-01 -2.072480961700616797e-01
-4.535981789633332095e-01 3.255727750620356353e-01
1.427239407602620691e-02 3.267734026112906198e-01
1.256471991724895654e-01 3.341309171254317478e-01
3.687245661380011974e-02 3.363723299484840945e-01
1.201595672757713729e-01 2.635936347208499564e-01
1.217346851069814884e-01 -4.754473780533517990e-01
-9.613718839271556682e-02 4.182454962773793916e-01
2.534342790707885262e-01 3.199821452300866120e-01
4.128289074689844851e-01 3.554034880713502487e-01
1.222428236796904155e-01 -4.585990324036340882e-01
-4.512754042346817096e-01 3.325029913973721607e-01
1.282816753244269137e-01 -3.876504582757228645e-01
2.199030680913185432e-01 3.801789764500904667e-01
4.327228722811393702e-01 4.128914857434242691e-01
-4.228260572841302523e-01 3.354883688140684050e-01
1.798854216344605295e-01 4.364484783134623402e-01
-2.744910777698398308e-01 4.077541863681861667e-01
1.291056599754764056e-01 -1.247030997764094762e-01
-3.204906257281188164e-01 3.512392228870209188e-01
1.161446559181583682e-01 -2.185722764479396396e-01
1.366403185465824288e-01 2.997099978067860881e-01
-2.145634786094176016e-01 4.061346131820819938e-01
-1.793715899023823335e-01 3.215832216697483981e-01
1.124714478685410191e-01 -2.956564267018173542e-01
1.585417687993121438e-01 -7.551953503316388705e-04
2.513889600627805532e-02 3.299509268103895110e-01
4.834891907713850800e-01 3.960311100653484129e-01
1.476746173624953196e-01 3.225077463515151344e-01
-3.850517021907748916e-01 3.821997293555422504e-01
1.282000895927661865e-01 1.771310787678175291e-01
2.918127325921524573e-01 4.178439706523663366e-01
7.763466206830793581e-02 3.518268116507531351e-01
-4.796256803334344454e-01 3.390999743360335605e-01
1.339065538038518577e-01 -9.914166409864588747e-02
-3.544004713386116334e-01 3.988256118404687189e-01
4.286894504311743459e-01 4.202371389754243625e-01
-6.509713009387407823e-03 3.246800983727929912e-01
3.756987791534884824e-01 3.900637357449768805e-01
9.368551727629137460e-02 3.894527190140422146e-01
8.839105430970195521e-02 3.571786125640560305e-01
1.277896175546634483e-01 2.980526387949606892e-01
3.462803119660728957e-01 3.879969028395332531e-01
1.321854269790844194e-01 4.749269555987559732e-01
-3.197226592072290874e-01 3.776867593802191170e-01
2.421706684668339937e-01 3.595843332459284225e-01
1.485629732596351893e-01 -2.831963407215235540e-01
1.236639638358797422e-01 -1.788207368135144026e-01
4.616743765214473827e-01 3.979910752134617757e-01
1.877626319288561163e-02 3.884395810271296101e-01
6.039802351548628767e-02 3.405402629807766646e-01
4.762621464439383834e-01 4.023450834023112321e-01
3.248880868493835283e-01 4.028015806290610179e-01
2.174820854492754973e-01 3.596461123961656181e-01
3.025094150287542805e-01 3.544950568229993104e-01
1.157368430414469351e-01 1.772666689423449959e-01
-4.536640379726646355e-01 4.247983317273487103e-01
8.797822802190224944e-02 3.660146256835692391e-01
1.209528737871036208e-01 -4.537570103133939936e-01
-2.184379060346194334e-01 4.325610165806224039e-01
2.885109807740194876e-01 4.058207214705576993e-01
1.418405716370287895e-01 -3.408348265619126627e-01
2.635601231288499102e-01 3.818896632341121089e-01
-1.861212316013349799e-01 4.131392919149285969e-01
3.448328427039876187e-01 3.862791531909924858e-01
1.137308006294962537e-01 2.965581629685906107e-01
-3.506156623571450304e-01 3.810512404717938395e-01
-1.117903619627171885e-01 3.820514154918566163e-01
1.574723944530198594e-01 -3.203357059991481792e-01
1.710518583398887849e-01 4.041610101746864192e-01
1.080358011116758776e-01 3.259008538369593255e-01
2.403905130884279595e-01 4.140681130395320597e-01
-2.444319459271724337e-01 4.010571951361202592e-01
-2.375655578447688487e-02 4.172374646985496094e-01
3.698610744938971573e-01 3.224509068708056869e-01
1.184931797209659576e-01 -2.502830136243927583e-01
-1.314261771667853962e-01 4.195371223881811940e-01
-1.784203865529190303e-01 3.589375070054120487e-01
1.469877915891901754e-01 4.243402853638577055e-01
1.714935362897286319e-01 3.612419355858380587e-01
1.059769823050856763e-01 3.826639943126287635e-01
1.303865769638423711e-01 1.849391643056375045e-02
3.993575829647605380e-01 4.065482974202287991e-01
1.897281389969713850e-01 3.546856861710263598e-01
-1.177788686279801489e-01 3.270042976200757678e-01
2.148957799996953355e-01 4.356036951327816320e-01
2.123648768999721881e-01 4.009994899068725083e-01
3.991041064268435745e-01 3.510468307790458597e-01
1.299080231485092440e-01 2.163129736760218691e-01
1.590092923818120507e-01 -3.374321769459716069e-01
-5.290982525446652485e-02 4.111636515898569044e-01
1.419475210266832876e-01 2.266698337909966998e-01
4.488543164416181064e-01 3.679927462133310012e-01
1.583608196483363706e-01 -1.831924513275573485e-01
-3.971139854647920409e-01 3.459223649419717050e-01
2.261939363895381083e-01 3.583908402345149513e-01
2.148202562629908385e-01 3.836359607263742921e-01
1.154239151108357175e-01 3.329413871855246843e-02
1.388480827243501192e-01 5.059265150764080676e-02
-2.340024962312684531e-01 3.966078925641012276e-01
-3.198429477484903138e-01 4.084940435522892432e-01
-2.515160862139217413e-01 4.356940318548145896e-01
3.903624397984380989e-01 3.503919297680549994e-01
1.418900789089443393e-01 -3.769857480213558709e-01
4.061319999414915172e-01 4.315875218730135243e-01
-8.412723632803686957e-02 3.301388229384550899e-01
-3.252850392961393888e-01 4.207330109232602089e-01
-3.347064493982061517e-01 3.772543959366601030e-01
1.201755801991314376e-01 -2.340011482499501083e-01
3.898716241536043237e-01 3.217038882486948914e-01
-4.909806710990323175e-01 3.639957050735949107e-01
-3.441731693588186980e-01 3.595102736520200404e-01
-4.049985272147350601e-01 3.716098566708603279e-01
1.553272892225464608e-01 -2.494112778412771458e-01
1.269874509914082905e-01 3.451347630212808770e-01
-4.576442028166700648e-01 3.922775920661534244e-01
3.384236817420314125e-01 3.547553502170113227e-01
3.950954874898326974e-01 3.940807353967509252e-01
1.405718015964673162e-01 -4.880419594619226364e-01
4.578385299662125485e-01 3.301126981498135882e-01
1.300530210658087382e-01 2.523706679467236924e-01
4.789946274770432444e-01 3.911997894084123795e-01
1.529415942439819043e-01 -3.427267913791702814e-01
1.375972939792895477e-01 4.640018231397428083e-01
-1.824387177423686390e-01 4.044555049762449395e-01
-5.298435554156433192e-02 3.229746901751445742e-01
1.270078042090567738e-01 -4.388723964799082777e-01
1.394403338390960423e-01 -7.860273274166951207e-02
1.180521589656564618e-01 4.198363764028878453e-01
1.257954921286154049e-01 4.913927337308278132e-01
2.797498103687391380e-01 3.928830632447473103e-01
5.943236720646283278e-02 4.022232967066793341e-01
8.255379656066819116e-03 3.491202718318117126e-01
4.502115829891017995e-02 3.605019265572023679e-01
9.567870037749837131e-02 3.759551676761432315e-01
2.016911574684794317e-01 3.982737900911390572e-01
-4.804026668551594215e-01 3.550855604067566507e-01
2.876041727580177509e-01 3.924916196411496472e-01
1.490269501465741886e-01 -6.345695386220784329e-02
1.465742376231523592e-01 -2.609921806605377537e-01
2.519073392487695129e-01 3.228425925559343934e-01
3.820575638140387698e-01 4.067418523390108342e-01
7.365609976467601960e-02 4.099718195586486980e-01
-3.110709737317368662e-01 3.424275745847195074e-01
-4.535268689664289088e-01 3.238330460556742008e-01
-4.667503457022023072e-01 3.861361368381612813e-01
2.669687136738552180e-02 3.765513333402696894e-01
1.095983049507263107e-01 4.825975677184368706e-01
1.305775851063463167e-01 -1.669557702866643067e-01
1.514091062578567515e-01 4.850182103454103721e-02
-1.547946663374912823e-01 3.388917274564886561e-01
1.479288630111446068e-01 -3.504582146417900557e-02
3.518650084015773061e-01 3.226222701650506286e-01
4.252156479111938170e-01 3.671951009121787735e-01
-6.107226516109820480e-02 4.326884975843025005e-01
6.892143838203856898e-02 4.186391411101124671e-01
3.672782163444326953e-01 3.680401359022698049e-01
-2.504508773842091252e-01 3.701850497514423965e-01
1.099446966671643322e-01 -2.831771178799670219e-01
3.800666289647118834e-01 4.331398476815061516e-01
3.340312063525682218e-01 3.217589328924309600e-01
4.943774767929194347e-01 3.573876416853962734e-01
1.366296503834347753e-01 -3.509776205015535666e-01
2.262896245765777525e-02 4.010504032517852036e-01
7.969983590409934759e-02 3.486164845764578857e-01
4.579330486573979231e-01 3.860464722425409612e-01
-3.703048291767373490e-01 3.403418052478174305e-01
1.409903133587943058e-01 2.144329729532645779e-02
2.793801002134194134e-01 4.004592065348985264e-01
1.189147965136213569e-01 -2.923374115427739284e-01
-1.743646062668068319e-01 3.896931216517380836e-01
3.182765901324722257e-01 3.857037474973903368e-01
3.145724386797784655e-01 3.845213958200518478e-01
1.181603478481684233e-01 -1.793046185268442061e-01
-2.379209000482956915e-01 4.086673107627062373e-01
1.424693453676475485e-01 3.179028703237023468e-01
1.496406565842078873e-01 3.630182439871486588e-01
1.544764073798874371e-01 -3.016594934095492286e-01
3.485147181483971845e-01 3.904381110949101119e-01
-9.217008021921047067e-03 3.903141606589731749e-01
-1.862307344864495562e-01 4.346636788848693422e-01
8.570899604440773700e-02 3.545269378176389985e-01
3.568083839931374124e-01 3.765532724145685961e-01
4.063720178409667705e-01 3.664565198132617718e-01
1.351325728694835471e-01 -1.921931425125572579e-01
-3.587217320444561208e-01 4.189495092689228262e-01
5.873974570168583043e-04 3.284910944760591756e-01
-4.808147514047398374e-01 4.143705256319690777e-01
1.350953475379558233e-01 -5.734060295970289101e-02
3.162412291072225212e-02 3.578818901033630206e-01
2.089042029675503009e-02 4.189280189856513514e-01
1.256572834891324097e-01 4.347673193382951551e-01
3.757808203615942144e-02 3.389900323279864125e-01
-1.307009572810844400e-01 3.634757280349418807e-01
3.632625277769943040e-01 3.581255621474745965e-01
-2.014779333375676940e-01 3.632457305822921478e-01
-4.454568389585367161e-01 3.504370037841242347e-01
-2.401075958131800858e-01 3.854486779040298128e-01
1.396634507638299105e-01 4.481937858885486348e-01
-6.353980907503098408e-02 4.143985215900890529e-01
3.450414892916313647e-01 3.460960920229190219e-01
1.201663224598769064e-01 -2.123874229635236421e-02
-1.243443837927232787e-01 3.768830770022321142e-01
-3.442353402462746681e-01 3.342954325557447870e-01
1.327117935760401268e-01 -6.872455975324243127e-02
-3.807906534911221774e-01 4.338679515595337266e-01
3.769619525827722084e-01 3.646330518041687174e-01
-3.705772658224869565e-01 3.485092038528433411e-01
8.176629294554793592e-02 3.514414684221170981e-01
1.532560547832780840e-01 -4.917379480636239197e-01
1.454672433915835672e-01 4.720903512083181042e-01
-4.277963683177218313e-01 4.367258581102098081e-01
1.391484166355098084e-01 -4.870150534999422298e-01
-2.166611293236527791e-01 3.408389906302315975e-01
4.221547395122974278e-01 3.674185000083731722e-01
2.886241401016250707e-01 3.903641908309570807e-01
-3.668857537049916573e-01 3.313287501804977886e-01
1.207210944340855185e-01 -2.537208028714819097e-01
2.203860270935834587e-01 3.612950108910999436e-01
1.249643115469964982e-01 4.041914176606062892e-01
1.331827294172562848e-01 -3.095355903480246917e-01
1.426580384494909870e-01 7.597349743823922363e-02
1.320114485355543543e-01 1.269039103290827697e-01
-2.167660988408903755e-01 3.633148848548575227e-01
-2.338604973404337928e-01 4.281870152494378079e-01
-5.436786903742152344e-02 3.591212288988234747e-01
-3.988765890879167886e-01 4.246624982051915298e-01
-3.083272707780232436e-01 3.922714883103634032e-01
-1.250169106530164553e-01 3.479761387405287953e-01
-1.508275773476596138e-01 3.220053657980114226e-01
1.582647102454560750e-01 1.382150983713344994e-01
-4.472497964272894588e-01 4.185689759049741054e-01
-1.288684786397337190e-01 3.320437620029621506e-01
1.209206579945707460e-01 3.753807884254298788e-01
-2.052715791847516957e-01 3.383212327349789383e-01
-4.428307319754466453e-01 4.112165520491176673e-01
-7.976200966786717306e-02 3.497948635756468194e-01
2.809724287239473428e-01 4.321059573307394208e-01
1.205345099719656865e-02 3.871625803301789182e-01
1.543410413999031228e-01 -3.283373193025269643e-01
4.021339794875997686e-01 3.939114877849003715e-01
-4.793249289652826706e-01 3.732171255539812327e-01
1.641008592695141211e-01 3.404604823413315273e-01
3.335511406307043458e-01 4.102354117609069428e-01
1.302998481064625569e-01 3.509264559896499991e-01
1.989449345215839049e-01 4.116996841907345495e-01
1.512433606985668089e-01 4.852325719011548744e-01
2.075247975025188429e-01 3.401137910337196368e-01
-1.241669498008507455e-01 3.980451882162037158e-01
3.005824016658111830e-01 4.011161205354402126e-01
1.301682903963055082e-01 -1.790768508585534047e-01
-4.126283338533702771e-01 4.337525098590728767e-01
1.132700008906359912e-01 -4.147154853001270292e-01
2.382788027446184342e-01 3.893747320132584511e-01
-1.526185519200951024e-01 4.114365795002201676e-01
-3.153492184054565994e-01 3.517860165896969926e-01
1.371274810185335591e-01 1.357164215865899193e-01
1.127470578240709065e-01 -4.467763709071753686e-01
-3.314167219900424621e-01 3.803175344006083369e-01
-2.484184370082354043e-02 3.783257742369047216e-01
9.070621167319903311e-02 4.242376460431235285e-01
1.447608688283845702e-01 4.953685509837805201e-01
3.211150949217942419e-01 3.854679649422410037e-01
-4.167279989422425501e-01 4.367562412195145072e-01
3.384109934157407684e-01 3.704333334254740207e-01
2.616296653671056349e-01 3.285359365817107635e-01
-3.819916577908144539e-03 3.959943205228121377e-01
-2.169835127564360144e-01 3.826394852013272896e-01
1.192155034907400601e-01 3.824516839641959320e-01
-4.326778007925756731e-01 3.647437405847859804e-01
2.412000437179224743e-01 4.352556595820848973e-01
2.558949765227331863e-01 4.047614417206601978e-01
1.902262320470519130e-01 3.227278018974080176e-01
-4.623653652682924164e-01 3.985448346517339591e-01
1.525756538075092594e-01 -6.792805718275207738e-02
1.536681733266386241e-01 2.259461070145124539e-01
3.476126820934972717e-01 3.674226351589781059e-01
3.311973513807466851e-01 3.298687832829627631e-01
-4.392613189565575116e-02 3.348262662916713372e-01
-2.261658877761629771e-02 3.285928020374687675e-01
1.443020277840331156e-01 -1.416103596238950102e-01
-2.724573102050813489e-01 3.597650670845963239e-01
3.932725261969061137e-02 3.492314846707027520e-01
-1.757314514062248145e-01 3.524629698018542090e-01
2.551576275106703928e-01 3.908709680050287405e-01
1.322724579110071685e-01 4.766492067544210176e-01
1.363094618402789227e-01 -2.633453714135574053e-01
2.284564592925772963e-01 4.184340390054286374e-01
1.549464413261760765e-01 1.163255541381998937e-01
1.562430852385093827e-01 -2.702084938385242996e-01
3.464970558934190592e-01 3.863443739428371604e-01
-3.151393879893161776e-01 4.293451645063589561e-01
3.392019394646139663e-01 3.314348397105203459e-01
-1.127297597888458069e-01 4.208573990718537106e-01
-1.215321519445864418e-01 4.349820554234359316e-01
4.676841494101237062e-01 3.923075802454505379e-01
-3.020531435459222758e-01 3.323086243940095441e-01
-3.098851783729053011e-01 3.452409412949581924e-01
-4.184332256233553871e-01 3.703909969450084327e-01
1.191131193566369317e-01 -2.863663731579529914e-01
6.288380600675935739e-02 3.576600129994353949e-01
-9.106417915978159972e-02 3.390505057411749013e-01
-2.502424586216400737e-01 3.535622816719770078e-01
1.508371420271027441e-01 -2.057962738143792603e-01
-3.854563859362930556e-01 3.803649386895922024e-01
1.528403414181372932e-01 -3.078304909901378172e-01
-1.926206594649282344e-01 4.125550325891873538e-01
-4.233811380793450763e-02 3.714414056798791552e-01
1.933224654740275383e-01 3.467331874218529952e-01
4.075136801261836084e-02 3.852734572001081936e-01
3.073886733044081110e-01 3.921086092971866055e-01
1.192918201206754070e-01 -4.945172354512823443e-01
7.374966614084110805e-02 3.287161815466179693e-01
3.139607815446024963e-01 3.969097603830697985e-01
1.429781732956580953e-01 2.544331825543693082e-01
-2.845561820953559362e-01 3.546460135277523795e-01
1.103520166427764959e-01 -4.256499057205391789e-01
1.222027035024304542e-01 -4.047944009334059068e-01
1.191823071668336453e-01 -3.036483246610830466e-01
-4.025623965801122806e-01 4.002300618330056903e-01
-2.900802820486316769e-01 3.909124993123633818e-01
-3.951787946849395494e-01 3.416504824852439892e-01
2.239562032301048999e-01 3.575284945284485927e-01
9.858942585977636952e-03 3.548336894929998708e-01
2.621441726038099551e-01 3.752169332989806483e-01
1.093612504795522522e-01 1.501219498801785734e-01
-4.798923170126424553e-01 4.368602273782056233e-01
1.841078822156584360e-01 3.265993908758454412e-01
1.122354831042152723e-01 -2.203340810140345107e-01
3.855186359738000945e-01 4.213754219930402334e-01
4.743092308991925243e-02 4.127239180042233668e-01
2.904413613498625368e-01 4.321389772605650492e-01
1.475150144606078850e-01 3.773090267298364608e-01
-1.756729986770761975e-01 4.249478814046088182e-01
-3.749953025484644709e-01 3.769027853015026741e-01
-3.543008817241519726e-01 3.725295359006215445e-01
-2.317090577541685015e-01 3.414112135677114246e-01
3.846583297660897127e-01 3.917385254381562376e-01
-3.533066847553152368e-01 3.236354447139512258e-01
-3.122917695923010939e-02 4.253903254986572957e-01
1.035534883258003580e-01 3.382579065258501938e-01
4.024086991934534563e-01 3.673086630271985564e-01
8.132300471257591923e-02 4.118469379430073074e-01
4.393897879329897727e-01 3.572739891854549432e-01
-4.285408593342421302e-01 3.493465326747851041e-01
-3.036712180779589376e-01 3.357846503455196308e-01
2.922756094572191987e-01 3.364883699573180120e-01
4.466467163328038392e-01 3.647489456661464624e-01
8.263353684288854417e-02 3.800009477102215261e-01
4.190401248052584293e-01 3.781844678358966538e-01
-2.384759502832347611e-01 3.445022060724287627e-01
3.033766134877527998e-01 4.324187091531629390e-01
3.961305453492763862e-01 3.209819244949955186e-01
1.335279401293126833e-01 -2.973358375153034583e-01
-1.913504294377400550e-01 4.184485315654475901e-01
7.801558806545083602e-02 3.902112653553434507e-01
2.629732721131210482e-01 4.326203594838244904e-01
1.460902549531339911e-02 3.325838932206639509e-01
-1.349311878471363135e-01 3.218270615090177422e-01
1.278053824993253818e-01 2.073618023085649353e-01
1.132553897592802894e-01 1.651538977879267733e-01
1.522013488756788213e-01 4.274461148978891956e-03
1.245187821679479834e-01 -4.971848375443085333e-01
-3.006295605851632136e-01 3.445055356047458384e-01
1.277373418967878704e-01 -1.950963488131162160e-01
3.963792614879009246e-01 3.367008247107585728e-01
-4.543551626732034165e-03 4.238603520283699133e-01
2.125591270631280727e-01 3.357630605043234739e-01
1.185617431271711597e-01 -3.450147576047866149e-01
1.313106276884306034e-01 -2.360624679159660788e-01
-2.443186891873665445e-01 3.354995086179384245e-01
1.152074819846602427e-01 3.636758699732421940e-01
-1.500146131082769063e-02 3.228169151731014042e-01
3.520449658833435524e-02 3.823259272506251971e-01
4.578739034119476692e-01 4.250874344637224356e-01
-1.351232803545732164e-01 3.978002388820220947e-01
2.851199408758829934e-01 4.121105704897674027e-01
-4.885285619486379183e-01 3.794526333963077480e-01
1.784276622194581607e-01 4.160068102366402121e-01
-9.260244866655631402e-02 4.372470504528982449e-01
1.493966645792954573e-01 2.722079746478190954e-01
1.274159445512413891e-01 4.265714689892698974e-01
-2.520805322669920079e-01 3.515555587460860165e-01
-1.622102628641763911e-02 3.548955781711132795e-01
2.952541433224910028e-01 4.304158526768065984e-01
-2.206766546197720391e-01 3.964439968772428546e-01
1.474321206688335995e-01 -3.387975863445884528e-01
-2.746548166455925477e-01 3.305321537946894761e-01
1.133252171652243678e-01 9.302767803901323962e-02
4.338611507717965443e-01 4.239063095816771876e-01
2.402775165135057067e-01 3.813135141646228909e-01
-8.986733105424826729e-02 3.775580769625500599e-01
3.959626577759313149e-01 4.124712024029275614e-01
1.580129151321316705e-01 4.324809040135936256e-01
1.184951518451510255e-01 1.553183299861097266e-01
-3.199398290308408388e-01 3.690015393846097780e-01
1.333305708943870460e-01 2.482145122769801038e-01
-2.104242878518574056e-01 4.103557574695783083e-01
-3.055427912582721062e-01 3.311382732658676442e-01
4.054557816095027967e-01 3.265672811467243974e-01
5.177131124953904262e-02 3.446787137541377222e-01
1.181225892670380029e-01 3.105508039966383693e-01
1.156930151579155241e-01 2.266254358618301490e-01
3.468461036078284154e-01 4.369047040646122371e-01
8.832170315415621697e-02 3.766311946422983281e-01
3.989924510477180775e-01 3.372122329211539871e-01
-2.471330665313753450e-01 3.528176560503715198e-01
9.442150420376582698e-02 4.152572732251732512e-01
-3.702391334785903876e-02 4.334583117201221691e-01
1.253943478998192917e-01 7.527413965050155920e-02
-2.632486149287577293e-01 3.776340657941538170e-01
2.709558327975052361e-01 3.699810087974269024e-01
-1.586837878422323600e-01 4.249480132484674266e-01
1.352614216877717768e-01 2.395940256033235460e-02
-3.882840175381901959e-01 4.336778424401777077e-01
4.445929060768014640e-01 3.598116063364352746e-01
1.230222788154556879e-01 4.405559935464781196e-01
1.363584526246640616e-01 -2.990988133292101780e-01
-2.328079794073711906e-01 3.581864816211363101e-01
-3.287642195015153534e-01 3.274269104678214637e-01
-3.538223076368208764e-01 3.214902949741991200e-01
1.301446264995613777e-01 -2.607337299837875211e-02
-1.093295662327423701e-01 4.190995112435745851e-01
-7.937010341546624215e-02 3.659909678606682037e-01
3.849373970080443019e-01 3.991173028494220398e-01
-4.587213459699731599e-01 3.369016977792992362e-01
2.249444475806663402e-01 3.372508375638541001e-01
4.228414536414356606e-01 3.995323139561869352e-01
-1.121174851821128415e-01 3.930572724445071664e-01
8.972101086453310170e-02 4.085567377906498265e-01
1.306549640682477254e-01 -1.984270933224868694e-01
3.315979549773284685e-01 3.931357920267046779e-01
1.172336660150170573e-01 3.942866071879115308e-01
3.006288342479401798e-03 3.982132299411919041e-01
1.354603940264346162e-01 -1.326544523793475872e-01
4.554328507845867291e-01 3.776028289945109195e-01
1.108865065237287784e-01 1.077897402504366386e-01
-3.727986873779669530e-01 3.315721081917991642e-01
1.411137128916009065e-01 -2.981420783518787809e-01
-3.646198052518929700e-01 3.435475054915210213e-01
1.105898277519712369e-01 7.803216712403171496e-02
3.029555687109086737e-01 3.243956197687352105e-01
3.145431022800696530e-01 3.628796876597132348e-01
1.264741085399683218e-01 -1.662346714036697648e-01
1.313094285596677624e-01 -4.234322746058479803e-01
6.469919648068611640e-02 4.174210562618504428e-01
1.000511530672026916e-01 4.175093154924347516e-01
-2.897918646347953375e-01 4.250696395915493087e-01
1.378248587956250049e-01 -4.663059099935441543e-01
-1.364333607205587828e-01 4.085338164693916863e-01
-1.526488677430076768e-01 3.724067288923655905e-01
3.312394698021192685e-01 3.723778609714200050e-01
-3.900367055979969688e-02 3.452491296687446587e-01
1.524885024423138224e-01 -1.519254600952493206e-01
5.604010854054575219e-02 4.268442899148180425e-01
1.753531724299413064e-01 4.150479974373274539e-01
1.381121325879962614e-01 -1.133641908268538945e-01
-4.991284127460383635e-01 3.849509121772763942e-01
3.490834104511949532e-01 3.702291520076066433e-01
-6.253786865149635332e-02 3.853808932979140289e-01
4.397082174964628276e-02 3.341031811057001422e-01
-2.290001980480540489e-01 4.234616518594791490e-01
