3.718154083422298140e-02 4.126143503989887495e-01
-4.455766851178846188e-01 -3.365141424518347524e-02
1.087418320574633501e-01 -5.287534595403209359e-02
5.519598094236533026e-02 4.295540201653328394e-01
3.333178182516379762e-01 -3.326678538897809290e-02
4.256413134361113348e-01 -6.044424279206672690e-02
5.432485061487557498e-02 -2.505213640169196010e-01
3.867866464505326229e-01 -4.240088455271195933e-02
3.756773768843102435e-01 -3.213105057297171996e-02
4.564425239092995135e-02 8.393192132586468901e-02
4.963546740936131130e-02 -3.395053937582318548e-01
3.799740515654363993e-01 -5.191516346756663847e-02
1.000343160347099136e-01 -5.514721469789141128e-02
3.921573879256190498e-02 -1.152891693750285329e-01
6.767680011815213614e-02 1.883944451840567913e-01
6.104673525461912220e-02 2.760076304163961991e-01
-1.545180500409041313e-01 -5.324048706195205760e-02
4.683136203990856394e-01 -5.790973002781185652e-02
2.043716538551656470e-01 -3.831774052591496726e-02
3.631738559780387510e-01 -4.669888310194003633e-02
3.608593474986134808e-01 -4.261229290226287159e-02
5.079056833675665850e-02 1.871855786688081391e-01
-4.049142469817269552e-01 -2.859823571780928386e-02
4.378919980738082973e-02 1.190156930379423494e-01
4.130635685094203868e-01 -5.617717593724025349e-02
3.631384481030186517e-02 -1.988295374678623606e-01
6.064743675199346651e-02 -3.432009531554295334e-01
3.669763204330378503e-02 -4.256089117679344724e-01
8.671338592446353744e-02 -6.010786698909154069e-02
4.107551947198140319e-02 3.496421274205847585e-01
-1.929427815549156211e-02 -3.333973625920383377e-02
3.753112885079370464e-01 -4.435890793046648461e-02
4.591074036947206949e-02 -2.456491686631698812e-01
-2.310657275774142816e-01 -4.498623051470862499e-02
6.532311800458534545e-02 -4.497348005539190119e-01
-9.877425414545359939e-02 -4.980330905182039913e-02
-4.424535026682461236e-01 -3.054555124334823457e-02
2.740006153326773886e-01 -4.657538697197050048e-02
4.421673179456386826e-02 1.352443625690668005e-01
4.443444685660625781e-01 -3.641228989052824883e-02
4.766154965291571344e-01 -4.259803226711333934e-02
3.165149481243432206e-01 -5.409271120549141720e-02
5.288663835868778751e-02 2.864393842553636382e-01
3.609401527361000284e-02 4.838192932131513135e-02
2.204259033744940810e-01 -5.682464304567969027e-02
5.250419781815918174e-02 -2.131784373878620187e-01
6.554484915146829849e-02 5.323377093825898410e-02
2.574705217003812052e-01 -4.011520072090568600e-02
4.119123717947451579e-01 -2.994080825261014045e-02
6.919582197150886405e-02 2.195444919676691198e-01
1.607383163560098804e-01 -3.980120454079438819e-02
6.558616815502127384e-02 -4.103153233111862530e-01
-3.798950225515659307e-01 -5.786150737256801069e-02
1.868027470235840148e-01 -4.766224873658009287e-02
6.616033023549161562e-02 9.767851840051655632e-02
-1.067071640104387820e-01 -4.912905877686613021e-02
-4.600988024175823865e-01 -5.393192289672232853e-02
5.158937335597646445e-02 -4.834767012578593537e-01
2.433326578198263812e-01 -2.826988620832115995e-02
3.657313893377911462e-02 4.646201765439295084e-02
-1.506040059314432966e-01 -5.534873724386102367e-02
2.630186539724660433e-01 -5.512427938852371145e-02
7.381473580033182103e-02 -4.185662432257841736e-02
3.890100297183984868e-01 -3.649197798667491721e-02
6.288641168686226468e-02 1.609475829663600255e-01
-3.501166784806297727e-01 -3.834716044957042769e-02
5.149768937303034200e-02 -2.385062215026910737e-01
1.077179995417755221e-01 -3.240546641705810416e-02
-8.581985014833060088e-02 -3.511629305260532963e-02
6.217900316724678245e-02 3.796695786428117003e-01
4.438047394561284165e-02 4.543363487035170234e-01
5.874651827206389676e-02 4.979102715991989836e-01
2.964324121682644364e-01 -2.890811456282071923e-02
5.332634607506958613e-02 4.906474468300200398e-01
3.797614263293991321e-02 -4.684441253134248306e-01
9.399461740144110511e-02 -2.961110366262120763e-02
3.699838973842162204e-02 4.902470801000121670e-01
4.510280702055102786e-02 2.415092743818593179e-01
5.761627421679649252e-02 7.372287102804020442e-03
6.633956821425379680e-02 2.984391250461395639e-01
-1.088866709829023893e-01 -5.941747469845881646e-02
-1.263555066003645422e-01 -3.825383092437983912e-02
4.744113558008681286e-01 -4.349309668150524999e-02
6.744508531668447215e-02 2.630017716122011739e-01
-1.551083194207978355e-01 -5.086815627894425429e-02
6.956258477809507124e-02 1.037822152451741697e-01
6.381950912824574385e-02 1.216087886256050909e-01
5.191998456534796524e-02 -1.024000522153800663e-01
4.273389426285856274e-02 2.529663975873404080e-01
6.345108076225502991e-02 3.300896686754098974e-01
-8.482061748293834302e-02 -5.016864513712893103e-02
1.381590588497951799e-01 -3.128889299038228877e-02
4.996942068440568541e-02 1.403932085656843798e-01
5.467801148490814001e-02 4.500561922027609407e-01
5.434271168257109874e-02 3.747129885170974450e-02
3.950080835179248240e-02 -1.774910029390347477e-01
-8.291441022202883371e-02 -4.648644896929687853e-02
6.178408614518648978e-02 -3.180089881474068569e-02
5.375636743924872007e-02 3.157917462985379009e-01
1.092164129370543080e-01 -5.440102605409879999e-02
4.754132915861204456e-01 -5.597618928951852979e-02
7.747548654002189839e-02 -3.238992700182552475e-02
6.007682258189672719e-02 4.165173971523219443e-01
3.407175168376215257e-01 -6.038970839806767632e-02
6.637060953143059105e-02 -4.532552112391268206e-01
6.901856040352249977e-02 3.864316006488681676e-01
-4.090422369921393742e-01 -3.283868361411879100e-02
3.753507090310204131e-02 1.151373278692057189e-01
6.442299968163767154e-02 3.562598148373699036e-01
-3.642390563979156504e-01 -3.775526582824595412e-02
4.638859780271520350e-02 -4.669795669174829911e-01
3.941721665697384136e-02 4.482858343851475746e-01
4.329357017234447547e-02 7.710684310971771538e-02
3.453198669867466597e-01 -3.704844500091186710e-02
-4.234011098467493905e-01 -5.554593110844641135e-02
6.486838762498092770e-02 3.623861186024774916e-01
3.310336359431528264e-01 -3.209947865356588270e-02
-1.651200852004197639e-02 -5.369437297612389415e-02
-1.331275401776964573e-01 -4.563185662895130612e-02
-7.112064862775502316e-02 -2.960170006279239097e-02
3.706636399278719907e-01 -2.927934926880615407e-02
6.171970947219784787e-02 -9.141373698034604978e-02
2.837567232422426589e-01 -5.085755983271633696e-02
3.674943510408001934e-02 -3.364267828215083966e-02
3.609785649214369840e-02 9.033400203024133379e-02
-2.997301537832502971e-01 -5.586490442300373616e-02
4.587498809242738229e-01 -6.016844714275104700e-02
6.315096090950622632e-02 -3.181507150909043125e-01
-2.047512152818508069e-01 -5.966627990799744374e-02
3.938167351903102409e-01 -3.552835111642027588e-02
6.598718738924813643e-02 -3.134878099869932155e-01
2.018371890263516155e-01 -3.901003906905675667e-02
6.425609810223409379e-02 1.237698790792964854e-01
5.393768062913950612e-02 -3.319272127098734648e-01
6.634281983573220298e-02 3.530889746454776157e-01
5.117800109707737466e-02 3.318971997146248354e-01
6.404623201198811344e-02 -4.004396737959543540e-01
5.813236252514131230e-02 2.573336033658443212e-01
4.859304302711076051e-02 -1.375276619899240549e-01
5.570135832100719941e-02 3.243982623566409318e-01
-1.888406158241544563e-01 -4.047567792842432510e-02
1.280274579471999408e-01 -5.967905048328692175e-02
5.988977347443524835e-02 -1.447596365236215599e-01
-3.288832872720506284e-01 -4.898235231445691173e-02
4.184714079670237563e-02 3.191237770078549918e-01
-2.423604224485877978e-01 -4.355978839315799434e-02
6.239193253648789295e-02 4.104045447770324762e-01
3.288687621276616957e-01 -3.187490165516981833e-02
4.994234584739398741e-02 -7.065872824579777500e-02
4.291606271034276165e-02 -3.479962719373796975e-01
4.411939839220113679e-02 -6.606395176024026927e-02
4.744314796179549543e-02 4.164526018187061362e-01
2.057059574178664585e-01 -3.738200906602773266e-02
4.619729808202677201e-02 -6.231751194040735520e-03
4.200918921952201401e-02 -2.457754188061856970e-01
5.862158561658126210e-02 -1.189335917489209304e-01
6.960563440463618523e-02 -4.334603516570498805e-01
-2.779614032044402938e-01 -5.993507728689029257e-02
2.844025374870557954e-01 -4.742419842443312827e-02
3.796981298131152371e-02 1.336534885610543011e-01
3.741881147666655805e-01 -2.960074714946459018e-02
1.352928678873811519e-01 -2.949037061567383322e-02
3.725832962121511382e-02 -1.534049136366220090e-01
6.789708367058444605e-02 3.304321510837788800e-01
4.077625727357825358e-02 1.174022083611572231e-01
5.656874329241712296e-02 4.376198283411169010e-01
2.005977283172769576e-01 -3.707755770147247443e-02
3.956981872816212054e-02 4.635563926862970030e-01
3.732703332403919383e-02 4.634289496037700129e-01
4.155538769066724480e-02 4.665123519234899430e-01
9.863222233339941081e-02 -3.648491956694488447e-02
3.731222271759550013e-01 -5.950144874211771295e-02
4.216958698577000231e-02 4.189651801480764881e-02
6.803896770408934813e-02 1.915006056566124215e-01
6.270084952659216171e-02 -8.809353777017314702e-02
5.051287150518413149e-02 3.009370559734352302e-01
5.438292335042260728e-02 -3.211373079614096016e-01
-1.966268593292428424e-01 -3.733955557081336529e-02
4.531800712111422325e-02 -9.314010312575171646e-02
4.689854450152564080e-02 3.854600281160408537e-01
-5.643006452577470355e-02 -4.968480001500941157e-02
1.020508363540698626e-01 -5.792609039047458275e-02
-1.527689263160481037e-01 -4.956166241509341042e-02
6.579760068353979197e-02 2.529472587667540573e-01
4.333590383472329943e-02 -3.380883549348412398e-02
-6.384062677602431179e-02 -5.025767452740892427e-02
-3.101275932672546976e-01 -3.992330671150934318e-02
5.726945910795766537e-02 3.462094893052700684e-01
6.019452622417031940e-02 -7.044155099752980043e-03
5.024594212463606713e-02 5.941584386128373474e-02
4.037995368971861732e-01 -5.620204718122900900e-02
4.495971998078451826e-02 3.560298348525845480e-01
5.274234224064489052e-02 -5.060674847247548236e-02
1.818897954256837313e-01 -5.175984625332463729e-02
-2.124068847516679126e-01 -4.488789346395349877e-02
-2.890959802317101257e-01 -4.367033337160319828e-02
5.093390513875906134e-02 3.036587054100462479e-01
6.835879361865426773e-02 -4.204544583473948105e-01
-4.700843246464309066e-01 -5.056381862745329414e-02
5.067372252657342813e-02 4.418170665992714463e-01
3.787600724909367944e-02 3.566337515736498487e-01
1.142934818463208213e-01 -4.607574488338439522e-02
1.106635889196788680e-01 -4.930990727867246015e-02
6.503441600488346630e-02 1.305583481077932095e-01
-4.337105683489073105e-01 -4.063493830119235817e-02
7.839089982247404720e-02 -5.687920291565073949e-02
5.141890090200162966e-02 4.952871846105998399e-01
-1.673385521316694824e-02 -3.726829103298212598e-02
-8.425638769542898032e-02 -3.481200740765189039e-02
2.278488223100364474e-01 -4.249082044166452299e-02
4.200095915522705781e-02 -2.533036380896609430e-01
6.355303785213861634e-02 3.028389936292736895e-01
-3.112483794065404874e-01 -5.940416709545637275e-02
6.541908511173011309e-02 -4.461008550038548792e-01
-4.488202482104357571e-01 -3.533084937402897197e-02
-1.421545803806155694e-01 -3.044895474168884952e-02
3.923715807173888681e-02 -1.006555458024710470e-01
-3.967023071345465723e-01 -4.383714625827062061e-02
3.859513349614704936e-01 -4.343863182507601284e-02
4.751657515648521901e-02 -3.854404398565466350e-01
-1.677686741852680852e-01 -4.688054255124018965e-02
3.950321188269259043e-01 -4.981766834118539489e-02
4.648677141908053034e-02 -4.854271965186628401e-01
-2.075699548188968402e-01 -5.830812107609339989e-02
-6.803902853206722501e-02 -4.666908182091300539e-02
3.869030168901821387e-02 4.122824352815308568e-01
5.056910477061915543e-02 1.911897167215208526e-01
5.363074561161074172e-02 1.737471285808326327e-01
4.302733495339527980e-02 -4.597064100352729055e-01
4.718037051506984714e-02 3.518374354165998419e-02
6.387017181825893619e-02 3.754994150287473964e-01
-3.174401437431297879e-01 -3.740491257146161264e-02
4.862691722902900970e-02 3.797616315305358814e-01
-1.693213628789598246e-01 -4.107496251429831879e-02
6.653388486834621585e-02 6.007093812876673766e-02
4.959995886546120225e-02 2.496186368091857233e-01
4.500655907620887408e-02 -1.465791454101277314e-01
4.415427673784522167e-02 4.616184296249223884e-01
4.872384029167731168e-02 -3.186790230240543753e-02
-1.150395651770299565e-01 -3.632183659562004951e-02
6.465953437135607551e-02 4.675167477698290996e-01
3.699285577115341006e-02 3.293428617139358971e-01
1.096157058681558327e-01 -5.975702815866879014e-02
3.677808806048654677e-02 2.362647165762933321e-01
4.592558385225942175e-02 -4.993105065191717484e-01
1.073558129434015740e-01 -3.193236224732853845e-02
4.938210494754713409e-02 1.167390845671472110e-01
-1.689977267060315258e-01 -3.906661899295837959e-02
3.699412181595607141e-02 -8.068267616656621399e-02
2.412176374910635079e-02 -3.172522596324667266e-02
5.841572651549842288e-02 3.410351143834412513e-01
3.168705887900851170e-01 -4.201405203222008389e-02
4.329538904274154998e-02 -1.386658858020787255e-01
-1.484430286275206790e-01 -3.667492077521428140e-02
5.750480818160252916e-02 -4.284963232233977015e-01
4.725727815459179748e-02 7.297996218273261615e-02
2.078112554725047856e-01 -4.405220394154829577e-02
4.914828206424959323e-02 4.445411480478590471e-01
-3.305887037671411122e-01 -5.974501857677072536e-02
4.163301894698090422e-02 -2.817190874695019165e-01
-1.349764672870460425e-01 -3.153721110459495325e-02
4.942227031166879225e-02 -1.852379048612624590e-01
4.240690889523376361e-01 -2.913500298581417347e-02
4.908952622595685877e-02 -3.107754595090440608e-01
5.646967333656371935e-02 -2.105961682446761962e-01
5.345213979249718861e-02 -3.357370343513532696e-02
5.229488681642857628e-02 4.849664022648512152e-01
-7.357350724752231841e-02 -5.235845094994118210e-02
5.459692079510802820e-03 -5.581716757318710975e-02
-2.028664016829846428e-01 -2.965629601216301925e-02
5.577122799038281009e-02 -9.781510262515835663e-02
6.658757108501367483e-02 -1.464906888148429509e-01
4.784338849868896570e-02 1.601947951456546004e-01
4.201758755875510953e-01 -4.422650452812426636e-02
1.733223677386580563e-01 -5.322807362107817575e-02
9.871607285333472426e-02 -3.428768085008326860e-02
6.730701519111514930e-02 1.058352151002475150e-01
6.157532150175581975e-02 2.552714691189368335e-01
5.883109896655924764e-02 -2.512400205517988372e-01
-2.788548501693798309e-01 -5.568213543895839113e-02
-2.896925320466181564e-01 -5.895872858998207899e-02
1.176086875871522608e-01 -5.328036617558917776e-02
4.413643795712185458e-02 1.177973283783246838e-01
3.240348751017830820e-01 -5.512898630750695528e-02
6.348940022094751168e-02 3.219182623498170193e-01
5.805497839781470493e-02 5.097095192276746012e-02
5.915316530463288203e-02 -1.124449613009694815e-01
5.396066952763511892e-02 2.229664543002715105e-01
6.066236558623028241e-02 4.321594459336282057e-01
-2.532411003189701804e-01 -5.036666282199508959e-02
4.523151601028485569e-02 7.599709113185582066e-02
-2.433095816086316976e-02 -3.403192519723341469e-02
-1.455492452491803368e-01 -4.787634037329413506e-02
1.893107973590343329e-01 -3.099070198501163720e-02
4.431525984300200838e-01 -5.941856528705813378e-02
6.898740260716484940e-02 -3.637681772634340227e-01
-1.960924107753930778e-01 -4.588589755189032005e-02
2.351723858261173250e-01 -3.896712271694025009e-02
-2.150729144162472073e-01 -5.249958691307099468e-02
-2.298269440184517176e-01 -3.770832502910204109e-02
1.805819423248983258e-01 -3.742291228836580608e-02
2.894416127182088960e-01 -3.029560581823487198e-02
-1.385036193233235569e-01 -3.875282960982595615e-02
2.745480446115285966e-01 -3.651932590653628186e-02
-4.648720507693943071e-01 -2.871188238672084392e-02
-4.841394997290999758e-01 -3.622743503918390839e-02
4.094265705383892673e-02 1.956653936879608757e-01
4.208052367086201340e-02 -1.061886780518469520e-01
8.995647534666750822e-02 -3.741752806241427365e-02
4.111800403344167965e-02 4.473186878333985650e-01
3.416170820579077505e-01 -3.476877417006807303e-02
5.164724017407362755e-02 -3.143503643343384946e-01
4.142260933153385505e-02 -2.653672080551640056e-01
6.419886916007966349e-02 3.869840865747677938e-01
3.458578248752064432e-02 -5.713779979299526968e-02
6.034141311592700063e-02 4.230405842115252391e-01
3.110509104159138172e-01 -4.232715256697150430e-02
3.784135665212406963e-02 1.337986459801782102e-01
3.800571999417412528e-02 -3.821208651452712157e-02
5.762969465299172533e-02 1.796787859886910255e-01
6.651850023868455253e-02 1.500829230517219948e-01
-4.370043873528474121e-01 -4.375408876756525789e-02
1.527343265363436675e-01 -5.986192449140859129e-02
-8.538368043418897990e-02 -4.438072916354363073e-02
4.261228110412214054e-01 -3.527173997701715802e-02
5.998546053942999112e-02 3.861988387088203245e-01
4.975762393676963491e-02 4.057193126875724420e-02
-1.857794330454464182e-01 -2.977059719807473304e-02
5.913252887052966589e-02 2.637797502510397241e-01
5.408621047053452369e-02 -4.901740117981613354e-01
6.648593697498661470e-02 -2.775820053856943304e-01
6.062459739911829626e-02 -3.624642607041459463e-01
5.595953124298758130e-02 -3.666864986967877105e-01
2.049781615361995213e-01 -3.883345669023507973e-02
4.322870691534685950e-02 4.382752966355260016e-01
4.847256521369203153e-02 3.154635101909550876e-01
-4.426354215825307747e-01 -4.493559522889345459e-02
5.280334080002102581e-02 -3.230679173772318391e-01
5.088168544305116114e-02 2.562583023443103514e-01
3.988401071922975660e-02 -2.632319462163711377e-01
-3.891580987040702544e-01 -4.370305654033701526e-02
-2.109490265939458764e-01 -5.550917800832477766e-02
3.783975952489671002e-02 4.339079247352084501e-01
6.292437829266361859e-02 3.472458158898814595e-01
