1.687491096558235704e-02 -1.332653843003364091e-01
-3.913635305592115810e-01 -1.403466989129704690e-01
-1.716246204278921716e-01 -1.440706849278511337e-01
1.893893888903949163e-01 -1.329347356528611801e-01
3.310136300050370295e-01 -1.304900196381578725e-01
2.658070756344810270e-02 -2.756724392453643313e-01
-4.216460078493166064e-01 -9.901031517964475892e-02
4.774183514757268654e-02 -4.725460347065557620e-03
-3.238011113692506049e-01 -1.390111866273268104e-01
4.922656525787860726e-02 2.875601025228102792e-01
-3.923956780939700240e-01 -1.292073817326111485e-01
3.645420441752621477e-01 -1.134897284307098131e-01
3.175945907290500525e-02 -1.879560569695450933e-01
4.559445688317657064e-01 -1.395961465048410899e-01
1.853360306157241233e-01 -1.178507557858573529e-01
-1.840547293856690247e-01 -1.415618980328530174e-01
-3.466990463145814827e-01 -1.235679183498253897e-01
4.004285226902615236e-02 -2.893782348183724373e-01
-4.488792533589933686e-01 -1.032337694732061717e-01
4.747921264067331837e-01 -1.006929714124131792e-01
2.169600016863302283e-01 -1.145838827960242723e-01
-2.555744779930482213e-01 -1.366871666127948970e-01
4.073908245555490915e-02 3.764630962463205721e-01
-5.449658716607175268e-02 -1.226878007644068846e-01
-2.152783152552664170e-01 -9.778772385360534614e-02
-2.908892139784893249e-01 -1.228122528800135171e-01
-4.832113399253556985e-01 -1.363012999556841853e-01
3.626730921939758101e-02 4.521658565642925343e-01
4.388946409254790293e-01 -1.139285025318843569e-01
4.751256297118877647e-02 3.912582004490338106e-01
1.652885232628455991e-01 -1.434002416753750175e-01
4.934599010190354740e-02 -3.596927714142448274e-01
-3.804559954934274568e-01 -1.006890799183545182e-01
4.737290293723450674e-02 -1.349499493759824809e-01
-3.543890651272268988e-01 -1.376788181338434169e-01
5.077739382708368332e-02 4.258942031322637822e-01
3.814843895306556654e-01 -1.350564772066712438e-01
3.988878015150942868e-02 -1.765627123780271202e-01
4.334766922093231667e-01 -1.067834042522043392e-01
-4.759651282604620004e-01 -1.185371842231147665e-01
-2.397342560963923175e-01 -1.013959197368156095e-01
6.409661767195151683e-03 -1.087272008214451580e-01
-2.684760088391410227e-01 -1.431060274050480752e-01
4.381323189348984570e-02 5.312665195902721571e-02
3.186076742738519485e-02 -3.721353400297696679e-01
2.718299737415275086e-02 5.701216339645520659e-02
-3.923238892296792013e-01 -1.054692357042662509e-01
-1.730365125999933085e-02 -1.267716030112409076e-01
-2.237678499169515334e-02 -1.077261696445831474e-01
4.941913884618953645e-02 -2.326681200875001521e-01
3.042967905971249998e-02 1.976677523026247885e-01
5.183664730378245711e-02 3.731433097622410822e-01
3.296943000399377155e-02 -2.848171870576958753e-01
5.382933085046170962e-02 4.573251021083281076e-01
4.837535087452844440e-01 -1.211531084898684885e-01
-1.857464095919703073e-02 -1.303857909154249040e-01
-4.508591852228227559e-01 -1.303723863838343044e-01
5.798974263138934049e-02 -1.268104583956517484e-01
3.035399936673943699e-01 -1.332584607681045474e-01
5.298051953847682238e-02 -1.928137573846839814e-01
-1.231303935718611742e-01 -1.187159266492443521e-01
-2.557038160666733617e-01 -1.267680404708845243e-01
-1.237750140175626345e-01 -1.058419589118678728e-01
1.636238619861067889e-01 -1.044147140444607880e-01
-4.993191680656084985e-01 -9.994625187368277874e-02
-1.430870914143207440e-01 -1.104843547204357179e-01
4.291044019584407954e-01 -1.375553423596579394e-01
3.953104241964384702e-01 -1.390235051620858364e-01
-8.967257690217622645e-02 -1.007675997878630936e-01
2.889272789768038141e-02 1.476184986557235179e-01
3.260146696819063994e-01 -1.326167339318444771e-01
4.181513327926005275e-01 -1.071620124692511666e-01
-4.506881750903642958e-01 -1.397845736914633541e-01
4.770830103927681254e-02 4.805606285834331803e-01
5.041630490905824047e-02 -2.792146181344679068e-02
3.325367099241294255e-02 -3.580329299336422189e-01
1.741178971051416946e-01 -1.443764265699895022e-01
3.062861675993644450e-02 -1.744461857461345744e-01
-8.925544556165965204e-02 -1.399609368214206340e-01
2.498440124927159278e-02 2.014929695797673670e-02
4.356600255075109285e-01 -1.373559924766080131e-01
2.667297524032041789e-02 -2.084311507052311052e-01
2.466806603533377995e-02 -4.960530738358892577e-01
3.188085893940073579e-02 -9.038178089643356117e-03
3.847018990497901303e-01 -1.342836614855822397e-01
2.582792363847585815e-02 2.749287546074171695e-01
1.266457745605944485e-01 -1.442404166255776277e-01
9.219991362287771608e-02 -1.202340117506639494e-01
8.853358046327508557e-02 -1.082717671584697561e-01
3.030535314840554495e-02 -4.409852209986782068e-01
-3.672202787348255448e-03 -1.339714949415861112e-01
1.436745424429021201e-01 -1.013326446087541299e-01
-4.178116632717245871e-01 -1.438927018846581918e-01
-2.255797738931401009e-01 -1.446012821417247407e-01
-2.819786954948677593e-01 -1.432564069961251851e-01
3.674240657207186178e-01 -1.350604377909329079e-01
-2.549912352182889252e-01 -1.103479369204944938e-01
-4.147798590997786583e-02 -9.819319364346879020e-02
-4.785374860949822562e-01 -1.017386918663742978e-01
5.465674612956528122e-02 6.771016102412119597e-02
3.057078570135729478e-02 -9.537341102940033455e-02
4.260201504333782641e-02 4.653547138511539005e-01
3.128299996569006147e-02 4.595383305617879444e-01
3.191498781879068547e-01 -1.288155068740469700e-01
2.833341824201418557e-02 -3.344464174842074478e-01
1.326421084581699272e-01 -1.225751923719157199e-01
-6.769839469737315429e-02 -1.218075225103845138e-01
4.949665850181983462e-02 -2.898519472542250286e-01
-2.045075430874188083e-01 -1.152903913528063873e-01
-2.245105849167641221e-01 -1.396475815906156326e-01
-4.287481193148411363e-01 -1.305485711194016574e-01
4.932333758811479063e-01 -1.358989522670727146e-01
3.023007944191968832e-02 1.093951506282381247e-01
-4.497079812390309961e-01 -1.279436813995045163e-01
5.358387535825781534e-02 -3.863159936898921121e-01
3.259949738240519590e-02 -3.633369632760262702e-01
-1.322732980355013632e-01 -1.368654711415860925e-01
-2.040773591423614697e-01 -1.396674799634249897e-01
9.550905285263022737e-02 -1.124328780607575240e-01
3.958079720550344849e-02 2.736505768417152318e-02
5.447665877883345331e-02 2.497048849150390604e-01
-2.709768672969645742e-01 -1.100694463612995611e-01
2.746721735546808763e-02 3.494254647521655155e-02
3.020567178414335086e-02 -3.588451431943174841e-01
-1.368597627299531494e-01 -1.207584064921705114e-01
3.901564483596653421e-02 7.541640664978666031e-02
-3.535424639637674282e-01 -1.355433366660487859e-01
3.965547927610124646e-02 3.965889574637807558e-01
-1.257873845776870114e-01 -1.346681435855942022e-01
-2.882299393690588296e-01 -1.086895611150104912e-01
5.068426666697123384e-02 1.575054838610110419e-01
1.977139973592663136e-01 -1.335258049982535056e-01
4.098038699983689304e-01 -9.767441290895761963e-02
-1.776293097262826581e-01 -9.893130132620686634e-02
-2.842310754245190862e-01 -1.081239728235500186e-01
3.007970811810734002e-02 -2.077682287256465976e-03
3.361721409645073155e-01 -1.430267053432540125e-01
-5.401449134306735012e-02 -1.380658882927792153e-01
-2.299925675440516182e-01 -1.165673536300763091e-01
1.681089283262687806e-01 -9.792686601918831890e-02
2.760004067128046801e-01 -1.059759357872870345e-01
-1.551713208562600643e-01 -1.198710524039656722e-01
2.030017021723253823e-01 -1.352882156478834030e-01
1.941657480847304162e-01 -1.015573463717421854e-01
1.663706570506917615e-01 -1.410373806333030666e-01
-5.543680306108222933e-02 -1.340610857572578363e-01
-8.760561174316672250e-02 -1.060965999670926418e-01
4.777686868607022852e-02 8.549515133395046984e-02
1.688755649940697490e-01 -1.043719998730410214e-01
5.123480291875459613e-02 6.456364429398397942e-02
3.062151134127666374e-02 -4.533657911322277467e-01
2.496689162299350340e-01 -9.962403881842618603e-02
-1.777076708054817766e-01 -1.079082561936891560e-01
3.634464544584092849e-02 -3.910528796908911975e-01
5.345715350128610321e-02 -3.782517368755778930e-01
4.012095461463982549e-02 -1.819562096400882956e-01
1.910436880536883208e-01 -1.103973941414972959e-01
4.023011367457131060e-01 -1.009048807619958854e-01
4.615647396523347989e-02 -1.653627045486154579e-01
-4.350948219105288395e-02 -1.152899024922090510e-01
-2.083664304469997619e-01 -1.445507812107232892e-01
3.759338432530260343e-01 -1.218313173141398753e-01
2.531795204757003592e-02 -6.165549232886069486e-02
5.147902190267195088e-02 -2.399560207244475496e-01
3.371896399575238235e-01 -1.306359733046813520e-01
-7.314254838287548299e-02 -9.799903139423860043e-02
1.972821493168031015e-01 -1.323912610282068636e-01
-4.068705672172556742e-02 -1.251535982485277865e-01
-3.939547841536361616e-01 -1.128684160349460175e-01
4.011265620800541498e-02 1.091790881923238032e-02
2.639785119726489881e-02 -2.257719743770371101e-01
-1.571223534241391606e-01 -9.846220291726326401e-02
4.132889056752648838e-01 -1.027833511870515082e-01
3.424037603697904775e-02 -2.508009656618127581e-01
-2.400228521173488616e-01 -1.292466069784861116e-01
-2.026203984930774471e-01 -1.411911359404822708e-01
2.570147250952903306e-02 3.843110387541888162e-01
-3.340036520372545725e-01 -1.162758164897077506e-01
4.021976045023512025e-02 -5.833250587879057480e-02
1.256336085280033155e-01 -1.427892374447069512e-01
-2.877688385636270052e-01 -1.362521861990472205e-01
4.059759242784789501e-01 -1.288964753988238732e-01
3.363331368564381751e-02 -4.285781637926797671e-01
-1.258973425174211291e-01 -1.133555404069958028e-01
2.467540693548194719e-01 -1.355911834613732214e-01
3.920160569353670077e-02 -3.917938763896096077e-01
4.589982788282824799e-01 -1.151103242322739639e-01
2.632039798349776749e-01 -1.442744822970036811e-01
-3.014811670527575149e-01 -1.222261383120414324e-01
4.893497152423962326e-01 -1.148286918856871175e-01
5.476087458584755208e-02 3.653536608312699663e-01
4.670675015745384684e-02 -5.927691972658444275e-02
5.111765058470585377e-02 -7.821733749256942758e-02
7.845018050524676934e-02 -1.075317704656780782e-01
4.498315377503847579e-01 -1.198525347069774316e-01
-2.987365785453383049e-01 -1.056581905195925764e-01
3.774571629127365657e-02 3.310689856071823423e-01
3.720382025073898369e-02 -4.687955539580938025e-01
-2.945419377422212603e-01 -1.089792348949049083e-01
-3.809376652229342630e-01 -1.348850646719504942e-01
-8.887395118354102230e-02 -1.262920799203327560e-01
3.353273020337477206e-02 2.134181451493372128e-01
5.053010316879236186e-02 -3.064993572580618775e-01
1.528227367170670314e-01 -1.239063318618139897e-01
2.003577899253428107e-01 -1.048950958863017480e-01
1.083601883713380953e-01 -1.340642654732696615e-01
-4.283859665802435268e-01 -1.179152635901150603e-01
-3.557254585030834582e-01 -1.297015332693829404e-01
3.362106090659422453e-02 3.872551023630156353e-01
-1.628098629442353840e-02 -1.335945343444472355e-01
2.447890230873295270e-02 -4.122988220213161803e-01
3.732264236904125898e-02 -2.469683855930598915e-01
-1.954410138734862246e-01 -1.428654240935506303e-01
5.327451395174398474e-02 4.661481739836015326e-02
-4.510248109165665431e-01 -1.172998797117456027e-01
2.505559563703781967e-01 -9.784520603788093851e-02
5.170813332420365338e-02 1.593746481189672881e-02
4.087981085733993769e-02 -3.210822186353300411e-01
1.153131144221328785e-01 -1.048524737296759879e-01
4.751014660404206946e-02 -3.415068305349477917e-02
4.838906928422948006e-02 -1.185820349026794895e-01
2.446556091726714843e-02 -1.423298458865953631e-01
4.256287795087720927e-02 3.978685516682667345e-01
-4.177320042814613998e-02 -1.376208899110840100e-01
3.520357603313561956e-02 -3.921320890318760188e-01
3.275204016981803079e-02 -1.553517151064987001e-01
3.845688817368304591e-01 -1.225566727482153562e-01
-2.320074492545436406e-01 -1.218207391976933174e-01
-7.795404839537334318e-03 -1.096830526656910054e-01
5.596341371886381921e-02 -4.544863136253342040e-01
5.377387616976991858e-02 2.671437119683572892e-01
3.183459663826793129e-02 5.131225503430547619e-02
-1.897051052898166557e-01 -1.039769520562990879e-01
3.442128543045119837e-02 -1.729959987878014749e-01
4.485448392736957057e-02 -4.584585007723228633e-01
5.526595023113156646e-02 -1.922180496491366908e-01
6.401562127668469770e-02 -1.177634427971863129e-01
5.438358212585403528e-02 -1.812293737077395051e-01
4.696425471527032602e-02 -8.367139577446280896e-03
-3.979173290673354568e-02 -1.275831252755095235e-01
3.335367061472459538e-01 -1.333748187855269274e-01
4.218336486186835543e-02 -2.088209564951919450e-01
4.988008841237909774e-01 -1.237904087249139806e-01
2.358224927292429385e-03 -1.299788807223825060e-01
1.923268416588469476e-01 -1.352268121972448611e-01
5.256989205475448568e-02 -4.386970286402812613e-01
-3.733544833390647355e-01 -1.094382715276783768e-01
3.450781804945725062e-01 -1.428762579687341550e-01
5.349179639158851973e-02 -1.326599081975856631e-01
4.173505289635026649e-02 4.473681451459188274e-02
-2.536975338305921257e-01 -1.264575124955225061e-01
9.846359681619731852e-02 -1.436616106416419569e-01
2.476400527631089643e-01 -1.207840677634381965e-01
4.286317122321936512e-02 -3.962150433655120541e-01
4.525310273872762412e-02 -3.704181037882057215e-01
4.876753726013760559e-02 -3.411624242314234001e-01
3.701585419426611789e-02 -2.442403709275104973e-01
3.916713017242567929e-02 -3.180091925866470604e-01
4.163828853089713844e-01 -1.244948644838695939e-01
-3.728434389174805075e-01 -1.320934698515616734e-01
-3.223435266495944251e-02 -1.148245053467628063e-01
-4.563736815178275341e-01 -1.341414091869868042e-01
5.545705154641167312e-02 3.064543910924689696e-01
8.273614880324564602e-02 -9.939927465012576846e-02
3.492666787273301932e-02 3.588238576972682115e-01
-4.977477601762390069e-01 -1.424839248479474740e-01
-4.411887065358857107e-01 -1.239528579740103442e-01
3.808923506320681662e-01 -1.300352922355731966e-01
3.486817334109947319e-01 -9.877784088916741201e-02
2.778167633688854998e-02 -1.363513358223379379e-01
-1.691110731401275213e-01 -1.306672638725497881e-01
5.381915593452601954e-02 4.132369679022332987e-01
1.694197899780258698e-01 -1.165897482445207300e-01
4.376966928044173644e-01 -1.352869367053991523e-01
3.787837319078080078e-02 3.397590930161620282e-02
4.087044031553649370e-01 -1.280029945252916246e-01
-4.444954829235840954e-01 -1.231423118874294120e-01
2.063273378165799699e-01 -1.082767952522004640e-01
4.988510586018601867e-02 4.794806186919713387e-01
2.769536863691357542e-02 1.313052137989632051e-01
3.186504364884801266e-02 4.956529788279483428e-01
-3.001781252635183916e-01 -1.151012240419985178e-01
-1.371513797267508439e-01 -1.217785690209597371e-01
4.994380264538633707e-02 -2.210032706454144735e-01
3.702355884680075260e-02 -4.534296392795559294e-01
5.299834323433272321e-02 1.886118639766457550e-01
4.137691997015224832e-02 8.969604637528338920e-02
3.742772390821846873e-02 2.962125002710497279e-01
3.140872109911552190e-02 1.960021034792243100e-01
4.141041549853544668e-01 -1.306260025995786833e-01
-5.419315409229030767e-02 -1.080235653319786548e-01
1.019285429351263206e-01 -1.167183049259646888e-01
-2.423624422729060424e-01 -1.106746040042201340e-01
4.876574369995378966e-01 -1.309537623578668208e-01
2.204402932982235663e-01 -1.086612899177642477e-01
3.062048189193311565e-02 3.179223164625892828e-01
4.724830186645467833e-02 8.337907310594139254e-03
3.011813285068831725e-03 -1.203884202185684371e-01
2.194200103867814944e-01 -1.436931432746042514e-01
5.568343807553000069e-02 -4.074300289946728437e-01
2.494317511184551694e-02 4.387525194721151323e-01
4.408131422088468199e-02 1.425486536994480247e-01
4.520160037316922619e-02 -1.231678264373388121e-01
3.057715322375385014e-01 -1.378224031778135794e-01
2.690828694239222330e-02 1.886188174661689310e-01
4.486394101304536086e-02 3.432394382196654048e-01
-8.805894455788587649e-02 -9.949769502299121715e-02
5.202357147214975441e-02 4.970586537886418910e-01
2.490051923764740049e-01 -1.379421016150120805e-01
-4.368799963234123451e-01 -1.316148108501573599e-01
2.657270706383924042e-01 -1.432454504602012069e-01
1.173636177644972189e-01 -1.215563584527702412e-01
-1.516224130143684068e-01 -1.179548080194855464e-01
4.982538028852039336e-01 -1.392017545213990459e-01
-2.456035932921823983e-01 -1.350263989595541503e-01
3.208242509807887055e-01 -1.074442864525021468e-01
-4.275332372590189278e-01 -1.324567756580684597e-01
2.362547625755765379e-01 -1.267416711903539550e-01
-2.580600579164809005e-01 -1.235285112536469443e-01
-1.465827016364551483e-02 -1.326976280231557670e-01
-2.712101183103560187e-01 -1.075778565116349839e-01
1.923387005946198824e-01 -1.239383963668073685e-01
-3.852607418308930942e-01 -1.401361525668871622e-01
4.784212331612325286e-02 -4.241635886847978654e-01
2.258718030716266867e-01 -1.189763739280280674e-01
3.861298817880056689e-01 -1.207546808347528255e-01
-4.994760930870467686e-01 -1.029151290002722208e-01
3.128713346801265116e-01 -1.243932569887715722e-01
4.561801429267337005e-01 -1.258276659488074545e-01
-4.113553157189007159e-01 -1.078533933828447200e-01
3.307321482640512844e-02 -1.214018109523994360e-01
4.387747061266089599e-02 2.382036599153998235e-01
4.271940958281110756e-01 -1.387738850457795881e-01
3.386974413499145298e-01 -1.071850661473198185e-01
4.085805632737495863e-01 -1.177555823417844039e-01
2.517133682810634987e-02 -2.603401661700258662e-01
3.365351254115833690e-02 3.412270223459700214e-01
-1.412511782599951138e-01 -1.195318487304527499e-01
4.970004343682132841e-02 -1.592465282543513716e-01
-4.447267597417552398e-01 -1.293374919121113020e-01
4.221463760736343662e-02 3.244445109806136651e-01
-2.753153629717431938e-01 -1.289161555545549342e-01
3.482797957221472895e-02 -3.931529410158615123e-01
3.405996726767801519e-02 1.294163548765348004e-01
2.602466567395833597e-02 -3.955905349794993642e-01
4.117049267155759029e-02 2.161756495808824230e-01
-4.864806772394254519e-01 -1.037017685616543616e-01
-3.095833220048170853e-01 -1.015240592640608286e-01
2.713740650894758133e-02 -3.201059584722073525e-01
-2.969862806866563343e-02 -1.033727646063367089e-01
4.257600880467182769e-02 -6.653584765488662622e-02
1.853049130307893311e-02 -1.191039960317782365e-01
-1.944810755846252404e-01 -1.037281148998712155e-01
3.766353528997603561e-01 -1.098378302168827592e-01
3.729072312100911724e-02 3.203321034536862344e-01
3.612988949846995812e-02 -3.439402961388926538e-01
3.641571679595445588e-02 -3.679612397136269308e-01
3.112187334231986124e-02 -6.480569894431720268e-02
2.572664863178186767e-02 -4.354001539788532327e-02
-3.684602579989568749e-01 -1.329927080707327125e-01
9.073682208252054071e-02 -1.039180874994313220e-01
