-1.314865343349251869e-01 4.482762056868199174e-01
-1.706253668586351635e-01 -1.525381086939175956e-01
-1.406995213913543319e-01 -7.941408695402230045e-02
-1.374412839511973683e-01 2.917600806157660820e-02
-1.668300859397022773e-01 -4.879583302170643622e-01
-1.794877486060483252e-01 3.797228991283607691e-02
-1.633380652015757883e-01 2.762300676043710768e-01
-1.362049039931320094e-01 -2.352973786255512234e-01
-1.745400034872209849e-01 -2.264751994319053052e-01
-1.636166176620281743e-01 -4.594381767445969711e-01
-1.398847042313965394e-01 -4.776988554542793697e-01
-1.673986515371866934e-01 -4.765958225236348600e-01
-1.620706794540003326e-01 1.052676731328471282e-01
-1.559026302794351837e-01 1.135985754216122245e-01
-1.726104565313892891e-01 -1.187502418529016168e-01
-1.658827895198928815e-01 2.617559746987015989e-01
-1.370372942020779972e-01 -2.014782729354547275e-02
-1.663555121579123330e-01 2.416346612375045444e-01
-1.484625497761016266e-01 -1.432457055898601617e-01
-1.461444680683664510e-01 -4.605977095587661108e-01
-1.494359758813031958e-01 -1.329012048353988007e-01
-1.616950647358594839e-01 -6.386047183817056272e-02
-1.645900429383089225e-01 4.310974668470820559e-01
-1.329039521743499153e-01 4.470397769670221289e-01
-1.451981081306167320e-01 -4.806042557743372967e-02
-1.460471175065760630e-01 2.968899425126624303e-01
-1.350900510055538239e-01 -2.116979729083723338e-01
-1.436711508723205188e-01 2.047170999433369776e-01
-1.711101252538839157e-01 -3.995187658852576984e-01
-1.645635118437179800e-01 1.217236993388725041e-01
-1.781792504053453241e-01 -3.297480712172119466e-01
-1.307687190167963198e-01 -1.481641938170245032e-01
-1.363322368620710767e-01 -1.552547048459262946e-01
-1.358099813393992550e-01 2.947216664128375907e-01
-1.316812812187185822e-01 3.312424458832238239e-01
-1.682359476703585432e-01 -4.507170998462602940e-01
-1.845132169807695011e-01 -1.195979984797230777e-01
-1.351017758096455523e-01 1.359116586183861664e-01
-1.500120921286330899e-01 1.326951905214812655e-02
-1.572755409604892352e-01 9.439473657104779925e-02
-1.373272231476243554e-01 3.982593286002842348e-01
-1.427347614281621047e-01 -1.971695884805165777e-01
-1.589621467176068892e-01 -3.491473402298498341e-01
-1.767431302531426995e-01 7.985224141722657709e-02
-1.743377956295122377e-01 -8.272750231163639167e-02
-1.482829236998413069e-01 2.791694551924132073e-01
-1.742489190371963037e-01 -3.176406039970810502e-01
-1.605634091274688036e-01 -2.860949979146145683e-01
-1.757330011984414853e-01 -2.691476803034357212e-01
-1.793100324059070383e-01 -1.376335835215554138e-01
-1.663107253849093192e-01 -2.865052988702634362e-01
-1.716408469694158390e-01 4.916669762317710246e-01
-1.353468877467188802e-01 1.400021479384311318e-01
-1.508099035788139641e-01 3.929540891083216358e-02
-1.560555651014362555e-01 4.763473758219829435e-01
-1.700446081898084882e-01 4.073725773770136005e-01
-1.376635383617350605e-01 2.805421201516233864e-01
-1.697363136671259376e-01 -2.102089405692597612e-02
-1.319427553662927410e-01 4.447644284392561209e-01
-1.578245843183034847e-01 -4.052009057803949155e-01
-1.600965890413663661e-01 5.417142344008374355e-02
-1.401333880890222039e-01 1.079915305863556885e-01
-1.326124011392697533e-01 -1.242373276690975636e-01
-1.716978826698409843e-01 3.723042899435449193e-01
-1.423474699578870517e-01 -9.602120447717021889e-03
-1.624029088075992222e-01 -2.993640491696201167e-01
-1.354813739898000913e-01 4.635797816692289741e-01
-1.855528238717859546e-01 4.616487844854580969e-01
-1.711421071863010734e-01 -1.708629695732082343e-01
-1.449342426267087314e-01 -2.832096947795962327e-01
-1.628230783833384265e-01 -1.303651102497288550e-01
-1.719444137785833826e-01 -3.495821736474075125e-01
-1.686509673415115262e-01 -3.122468215025402394e-01
-1.504105135603299725e-01 1.935773518803231008e-01
-1.535411754662970862e-01 -4.787187539177336637e-01
-1.564806599955019806e-01 -1.086423960143880763e-01
-1.353674356746338292e-01 3.566731615554090684e-01
-1.814911981841944577e-01 -2.881340520741324518e-01
-1.671765532153467460e-01 -3.296847683689581032e-01
-1.461378290737140873e-01 4.861688082153408086e-01
-1.835653128840131210e-01 3.055382929491625710e-01
-1.836104174128366795e-01 2.958317362436942988e-01
-1.487540037598148457e-01 -7.661570365203207444e-02
-1.487098410145769600e-01 3.261413329665406868e-01
-1.837218495982576583e-01 2.310515365272055588e-01
-1.673135682777239230e-01 -4.025234795777891117e-01
-1.329347484800350587e-01 9.397634975442747951e-02
-1.370711623008646907e-01 -1.877894043947037073e-02
-1.377054435466168458e-01 -1.349215662342302391e-01
-1.563245248413344113e-01 2.406164104210576360e-01
-1.612451114422325249e-01 -8.656054851517169801e-02
-1.515997791255290217e-01 -2.926570506287129447e-01
-1.853113121207370373e-01 4.472215621631726590e-01
-1.820479730316681977e-01 -2.954395715025919245e-01
-1.324399500193509382e-01 -1.959665375276246069e-01
-1.312185482717436180e-01 -1.953913714239989829e-01
-1.384214042162082992e-01 3.170500825776154663e-01
-1.409240356468268729e-01 -1.295799594360740326e-01
-1.683524334824948454e-01 2.530712008286547521e-01
-1.480423236717093305e-01 2.764531637245920548e-01
-1.429028745958789148e-01 -4.111960956965169389e-01
-1.446920972008706174e-01 -2.105635411311621574e-01
-1.357351961667994100e-01 1.062483105867292332e-01
-1.435036634922227661e-01 4.094526701923634215e-01
-1.573372333141221935e-01 -2.272915531388355337e-01
-1.517501760744328632e-01 1.282576811971594122e-01
-1.856451865561405956e-01 -2.722708568937532991e-01
-1.550760892125913060e-01 2.204711209537526528e-01
-1.658085396512362086e-01 3.936427434567083550e-01
-1.630542901541407463e-01 4.290860761884111030e-01
-1.844873464980545386e-01 -3.556311784950220156e-01
-1.707526207182017419e-01 1.066080479544755377e-01
-1.301278007524292457e-01 4.427275425521887131e-01
-1.309681891089199413e-01 9.366250852336310828e-02
-1.472337284215167186e-01 2.095896801012959720e-01
-1.568674380207529806e-01 6.466704506667153574e-02
-1.509456269711341170e-01 -1.186762384491600875e-01
-1.824564411359441696e-01 -1.565057193038307259e-01
-1.594889517074051799e-01 -3.959509867851451759e-02
-1.792389468070694214e-01 4.051524775026627001e-02
-1.583388149412815471e-01 3.424220304100494827e-01
-1.512590715379502626e-01 -3.005291713799638220e-01
-1.302048561848569985e-01 -3.572404187610485060e-01
-1.785949083100001333e-01 3.421863850547343100e-01
-1.647541069516071932e-01 3.119622075611307999e-01
-1.808030995437011068e-01 4.108018216996578431e-02
-1.658067699620611180e-01 1.084747563156417405e-01
-1.362868353472873606e-01 3.824796465724908945e-01
-1.732296892968732127e-01 3.606189564551975923e-02
-1.349118524554669962e-01 4.789550457180082876e-01
-1.369928136566338495e-01 -3.311167744494877274e-01
-1.642056979618922163e-01 -2.320616970173388083e-01
-1.461239857206280135e-01 -2.221847707571105168e-01
-1.453883237862626521e-01 1.483496715248959763e-01
-1.704925811870537933e-01 4.964227900517091951e-01
-1.471244440856295244e-01 -4.429205969275263888e-01
-1.640730354137555080e-01 8.643610798182188582e-02
-1.726686874614598022e-01 1.919757764456575533e-02
-1.353583129701462218e-01 3.874451921277307642e-01
-1.615936734246518069e-01 -2.319692433280362565e-01
-1.548895239729520812e-01 1.145067063606450830e-01
-1.778466992594754936e-01 2.616613201837744151e-01
-1.511318862937384155e-01 2.250980842947811755e-01
-1.748700749733013149e-01 3.008548633508644210e-01
-1.780825820310567575e-01 4.802264262357782698e-01
-1.651511746212579457e-01 2.318191838351879586e-02
-1.577567744960167717e-01 3.583683046940863148e-01
-1.383570160838701879e-01 -1.619410060200278112e-01
-1.643157871732752184e-01 7.621686325891408043e-02
-1.583715638736644671e-01 -1.375270263795346226e-01
-1.411978766349191172e-01 -4.336257561986968101e-01
-1.529861732324270251e-01 3.366210193781813409e-01
-1.301283639895873812e-01 -2.267522536042453352e-01
-1.599110008225087531e-01 -6.045524151279024760e-02
-1.557855214450697412e-01 1.103218641851304582e-01
-1.430147843659749229e-01 4.051076962018206329e-01
-1.733967344696649704e-01 1.858839192188800338e-01
-1.452596219008991385e-01 -3.517916252778022779e-01
-1.680299370756799249e-01 -2.833318399450162062e-01
-1.324332560165728534e-01 1.965727119793660993e-01
-1.795656203586298849e-01 -1.735947430527984281e-02
-1.592728932382571072e-01 -1.205437650328249344e-01
-1.571312607636907721e-01 9.950182244810967802e-02
-1.674018169773849873e-01 4.363503234547885246e-01
-1.659193199102104721e-01 3.358465575054033758e-01
-1.796644653982527595e-01 3.260120226600808913e-01
-1.703240845367284262e-01 -1.208989073923750768e-01
-1.395477122431261208e-01 -2.962092731120069544e-01
-1.860462352296207156e-01 -3.986878890018690225e-01
-1.447455552834053805e-01 -6.705726330850825256e-02
-1.779819078290744150e-01 2.676023750118374789e-01
-1.457180808319264997e-01 2.103109942079756101e-01
-1.327288298587712134e-01 -8.424024001484919921e-02
-1.437955932953617344e-01 -2.736798780539457798e-01
-1.545237288358523031e-01 8.752078447485500678e-02
-1.633119375897985615e-01 -2.521661234448536737e-01
-1.821133546754561960e-01 1.508885001145898741e-01
-1.539198513901769427e-01 1.155250578827857755e-01
-1.325313285957752107e-01 1.693732886838859031e-01
-1.763560893094738846e-01 2.141592387082638105e-01
-1.599885347181025930e-01 4.413741692534782768e-01
-1.795639558498810517e-01 -4.792071866921593370e-01
-1.817149367949090211e-01 -5.124661073551595170e-02
-1.834674859703403493e-01 -6.130089002191208003e-02
-1.832760602779767156e-01 2.396113539410671400e-01
-1.785735447951067867e-01 -4.939956229393955844e-01
-1.669673083661022961e-01 -1.461317674756787977e-01
-1.493644621593864796e-01 1.244433108168837565e-01
-1.401391829338031192e-01 1.921346647055001133e-01
-1.434348959653862776e-01 2.753892914073908793e-01
-1.351205028301447619e-01 -3.912744656466120574e-01
-1.533173037976426345e-01 5.299281146471268578e-03
-1.608251850898412272e-01 1.546577894951844945e-01
-1.839958422859386822e-01 3.940029602299248701e-01
-1.310062683250102777e-01 -4.200212005268210147e-01
-1.489619713239751508e-01 4.037401883187641261e-02
-1.675198819345560253e-01 -3.518978075880548895e-01
-1.388918364524565074e-01 2.242278356067405332e-01
-1.378420437948411070e-01 -4.622062606563883680e-01
-1.440307224941121955e-01 -9.276291588077745232e-02
-1.522993045775036247e-01 9.952253509136321785e-02
-1.370129001170272698e-01 -4.314313662026759699e-01
-1.326616502130926190e-01 -8.482435460254733606e-03
-1.793215511208011703e-01 1.094787577066692608e-01
-1.468773870160374750e-01 -3.849690960300070630e-01
-1.582703322596359374e-01 -2.805864319125369599e-01
-1.307568855010028397e-01 2.072360769995927887e-01
-1.652143787978561651e-01 2.048125449145069554e-01
-1.743943080705293580e-01 -1.293307215546590783e-01
-1.634136631455233024e-01 -4.761862926681633690e-01
-1.307319833661405584e-01 1.064895770192847424e-01
-1.300273122457834551e-01 1.721676206105955398e-01
-1.449756646197930543e-01 5.924984748466166629e-02
-1.568618929004763629e-01 2.265487265327296162e-01
-1.677143001464527217e-01 -6.520384677310997468e-02
-1.814669030306653719e-01 -4.608089201298770643e-02
-1.345112458276076506e-01 -1.373623816538109832e-01
-1.482966049854228530e-01 -6.703220097000028854e-02
-1.740297973950064581e-01 1.237234140596732423e-01
-1.716217399444301961e-01 -2.468779499640431085e-01
-1.385870355090469408e-01 3.222222192399700758e-01
-1.709834608371088027e-01 2.256301980370294391e-01
-1.841249527393037377e-01 -3.848654651308708319e-01
-1.617854062628113487e-01 -1.624758618140975663e-02
-1.545771605095245249e-01 2.760970564868133748e-01
-1.832028746112371875e-01 -4.197969022782326309e-01
-1.550344271190853274e-01 2.835592302130921505e-01
-1.501228387548371179e-01 4.981302154274469540e-01
-1.644867184495095724e-01 2.368078213271476162e-01
-1.566113004253338881e-01 -1.127821572219026569e-01
-1.671736476611894728e-01 4.914144128515003374e-01
-1.669121675491129775e-01 1.452575280603883856e-01
-1.518128055854244263e-01 -2.542668203477423949e-01
-1.334945585235807197e-01 -1.617519013374705272e-01
-1.448238487983777301e-01 -3.768819391474551583e-01
-1.372217640735116095e-01 1.050914316770906742e-01
-1.841713407512325373e-01 3.095229834667144742e-01
-1.438776892908959493e-01 1.275987267770921640e-01
-1.709749476924398159e-01 -4.887685774461982824e-01
-1.737469714662713827e-01 -3.422250040556342743e-01
-1.492425804838557468e-01 3.407026039236038528e-03
-1.782349048190164931e-01 3.819273100344806604e-01
-1.493673283551921749e-01 1.532251697163087290e-01
-1.367664797312772018e-01 -4.870916277233394709e-01
-1.401008911692203096e-01 -3.307474142789949001e-01
-1.432296786859409421e-01 8.083426440181762374e-02
-1.839256742431552016e-01 -3.646427454601000040e-01
-1.334006852792292142e-01 1.019991991935113029e-01
-1.399194084982868791e-01 -3.714862355327276378e-01
-1.450314132451676619e-01 1.953308097272263844e-01
-1.756382949061040533e-01 -1.556602488219094305e-01
-1.859836712230373834e-01 3.708389662536785147e-01
-1.414003173225768517e-01 -3.581934072109937972e-02
-1.734466338556694964e-01 -4.706196570047137540e-01
-1.771450023154385045e-01 -4.495280150482450221e-02
-1.710766374971128823e-01 -2.134476285789622674e-01
-1.521722941364115345e-01 2.149943150011210946e-01
-1.844276870745112928e-01 4.871951430023616636e-01
-1.404270452964649918e-01 -4.883231777230372384e-01
-1.823760062868177156e-01 -2.688595970175389205e-02
-1.428972278043791899e-01 1.734290295644813629e-02
-1.778725486877816842e-01 -1.001124213513202577e-01
-1.709313416252546958e-01 1.730734028864142626e-01
-1.852891508306092616e-01 -4.667707452203667673e-01
-1.630361226085934589e-01 2.522182797358518691e-01
-1.675421804850679708e-01 -3.257795775140309713e-01
-1.851542387296903902e-01 1.335210463855689422e-01
-1.484810195271113464e-01 -4.266133402073410963e-01
-1.399145553246350371e-01 -1.658291575708477072e-01
-1.839094072640073962e-01 -3.079427697588781321e-01
-1.345853211191110343e-01 3.981245014759843270e-01
-1.488127679939185155e-01 4.782487284499903346e-02
-1.607517069158679313e-01 -4.755227092561709057e-02
-1.371920957986773049e-01 -4.653421066907122983e-01
-1.792306424342976490e-01 2.685953199752960652e-01
-1.723339811919467612e-01 -3.592587915305868185e-01
-1.560445698659634894e-01 -3.594999423239673142e-01
-1.625017051834640736e-01 1.972797667241525943e-01
-1.579710423749280945e-01 1.077937213146363815e-01
-1.365842117966074021e-01 -2.656066347989554099e-01
-1.834861205176089305e-01 4.712548014238263638e-01
