-2.577194203995485378e-01 9.756637186426708741e-02
-2.462410309456717350e-01 1.004699865707522344e-01
6.775510570286646939e-02 2.237195594746952398e-01
6.633656395463671807e-02 2.299520428202667111e-01
2.087488271900829195e-01 1.122385781183811160e-01
7.925147493107853602e-02 3.480460922777444122e-01
2.916064319432100094e-01 1.250664351438240951e-01
9.316739513991334487e-02 -2.077667944808786471e-01
3.999787173093872772e-01 9.600167749387189531e-02
6.586736458181674525e-02 -3.931054302286690616e-01
8.119229047604092919e-02 -1.354285464966173969e-01
-3.393341119976263087e-01 1.183349210444984978e-01
8.452686689947463972e-02 -2.805157179022471636e-01
1.000586367779534580e-01 9.436281017528114212e-02
8.063940460237017938e-02 -4.916676983317560534e-01
7.475628553447488667e-02 2.371835552708300154e-01
6.814437113302629356e-02 1.548908104480464232e-01
2.374148566097519231e-01 9.571184815750299890e-02
4.196785090439906218e-01 1.317577228372276421e-01
-4.130018604551461969e-01 1.358926228605612518e-01
-1.816625315485956849e-01 1.050691005714620152e-01
1.002312562115394989e-01 -4.423321610679354920e-01
1.087813285019536558e-01 1.362022745651936262e-01
3.303296579444038317e-01 9.783290870149785601e-02
4.494339122963092459e-01 1.020328543526228815e-01
8.617488542697304688e-02 -1.166116732874522555e-01
5.999876912732216017e-02 1.281210211135964672e-01
7.199426290745802870e-02 -4.218111855028071622e-01
-1.430482760801953246e-01 1.310538532470542084e-01
2.975734106346222818e-01 1.142620614264284740e-01
6.447865963321974814e-02 -9.164250799825524041e-02
7.447993534833208251e-02 -3.120079097994864492e-01
-2.900500358392146261e-01 1.147737652753036963e-01
2.299818452725567175e-01 1.141564542489017509e-01
-2.237729298727360039e-01 1.249968250437066830e-01
9.750362426382841452e-02 -2.974641546334612086e-01
-4.774800689425298117e-01 1.127526977323738411e-01
7.635054866374724192e-02 1.721204269486686922e-01
4.124563754508702162e-01 1.340141898311011381e-01
9.607715491629886806e-02 -1.661560159949108106e-01
-7.581395651088651544e-02 1.180695510312878005e-01
4.795439195310416958e-01 1.088985724839722780e-01
6.403506741114017853e-02 2.408816617217292011e-01
4.160961761081711785e-01 1.205683229789037414e-01
-2.978128401707605954e-01 1.186231675554203502e-01
7.599812298063624016e-02 -1.645868401737160536e-01
7.635874023821775936e-02 1.519167179121140299e-01
3.059537636057108045e-02 1.007109649220305769e-01
-1.707915426021433536e-02 1.205826155566518398e-01
8.841410815009820290e-02 2.249486596057211907e-01
-1.487252254358382153e-01 1.268689574220274174e-01
7.485064417487641286e-03 1.074370004626399311e-01
9.868760739968729379e-02 1.843056614452056596e-01
2.326230835639592209e-01 1.370647951946821763e-01
7.774139354179554484e-02 4.748577896267636156e-02
-5.510205364325193589e-02 1.090193815442173086e-01
-1.099892303957258344e-01 1.087291216745447375e-01
9.088568152832188218e-02 4.323653546888430732e-01
9.148539656134635489e-02 4.317723070208356884e-02
7.138296569676105818e-02 4.837391404332622713e-01
-3.598397485019961817e-01 9.420273595302797176e-02
6.573927312702232406e-02 -3.982132044200734633e-01
-2.350327750682487116e-01 9.376033173869247062e-02
8.186633553423738885e-02 -4.599388864869043969e-01
3.399825892121982607e-01 9.444822390163609693e-02
8.577681044436469282e-02 -1.238582258727221053e-01
1.229903460117026670e-01 1.042673643243395842e-01
-2.474025018960235300e-01 1.297620641412967624e-01
-4.858868388004988770e-01 9.424962385159052491e-02
-1.631360755949701202e-01 1.370165006489323378e-01
-3.323388123604212874e-01 9.835570891370415403e-02
4.745872167673658160e-01 1.135238173624714131e-01
-1.955219654040052379e-02 1.081453056158034887e-01
3.792306408472968515e-01 1.080026731853491739e-01
9.448513046228401713e-02 3.680758202024813075e-01
3.648175740527763722e-01 1.178865837066875866e-01
-4.402791640058144607e-01 1.227584871187633597e-01
3.257753804726692959e-02 1.259433990022787997e-01
9.676951994249494149e-02 -2.596944264353273635e-02
-2.303976096156130637e-01 1.069255148148781087e-01
1.344005196897105625e-01 1.342931597956735779e-01
7.651014724651106214e-02 2.805288211297255474e-01
8.394114125025664563e-02 3.499047730886710728e-01
-3.465487898644004083e-01 1.064647088117552931e-01
1.013589823471285900e-01 1.770855436615736966e-02
3.276360224235614904e-01 1.278338643831583576e-01
-9.376342014276839443e-02 1.188596179071816916e-01
3.396296696519922609e-01 1.218047229558970601e-01
-2.351908221392824405e-01 1.302080098814902831e-01
-2.693904655728289743e-01 1.011678898851020580e-01
5.042914906392437224e-02 1.055265862862696524e-01
8.008692227425207033e-02 3.129851510616230570e-01
9.335117562539962943e-02 4.732150630105460554e-01
9.730648375743067291e-02 -3.002209538325945060e-01
7.383437585073138187e-02 -6.761745646292083300e-02
7.432294403243999703e-02 -2.606371969683940470e-02
9.882396950828442606e-02 -5.918937485305142410e-02
9.825080740150093916e-02 3.854930066832211732e-01
-3.098034894157959407e-01 1.274974550176534160e-01
7.149599813118046043e-02 -8.686374551381970122e-02
-4.999602296796863410e-01 1.247388379212460707e-01
2.201438000449719157e-01 1.285494013276954339e-01
7.250049958263848904e-02 2.526565109127177911e-01
8.718745836511410108e-02 -4.399375013412972768e-01
-2.447716932209489382e-01 9.318372439328370671e-02
-1.789753487830461065e-01 1.088809442650103820e-01
-9.338906723698414680e-03 1.373543126635953238e-01
3.406206110315002089e-01 1.049394906403019467e-01
9.868207426260866555e-02 -4.770059312240957361e-01
-4.716535467339815213e-01 1.156592845112432988e-01
-6.659468132505697024e-02 1.230158726964056815e-01
6.594712668186353266e-02 9.147077416120408255e-02
8.355550605189143720e-02 -2.630746366651115498e-02
4.414181284373566161e-01 1.203335120707590411e-01
1.777676303074272601e-01 1.299820423090756183e-01
-6.685068245506986528e-02 1.079771264746934856e-01
-1.375996860503636565e-01 1.076109971700911494e-01
8.718258978491488786e-02 2.706629442110927153e-01
7.970129037095141644e-02 -4.888396550537397189e-01
4.986306588906470605e-01 1.219446183689898433e-01
9.453088962345868040e-02 5.080648959957068111e-02
8.969820502741898682e-02 -3.265271084283867253e-01
9.826639897955891101e-02 2.699997372213600588e-01
8.916545612604920290e-02 -1.140544092750706007e-01
3.973295652868485961e-01 1.093971521132656166e-01
3.667516913095271169e-01 1.108907456429545357e-01
-1.826565666223861628e-01 1.177627530721274685e-01
3.302736743160780142e-01 1.057320401280142930e-01
9.158193847566931112e-02 -4.391415980044029999e-01
4.510834002159517242e-01 9.650426820714175236e-02
9.103357445270288117e-02 4.733446296719833191e-01
-1.293340820243065181e-01 9.665703458087016031e-02
-4.438161469263367520e-01 1.199555191086191241e-01
6.376322180793647654e-02 3.810182332007322481e-01
4.083295264168356198e-01 1.310745444936831650e-01
8.230262223040585301e-02 2.871933017979518832e-01
8.359314696349873230e-02 -3.953552440454749517e-01
3.651613517354256322e-01 1.232218081610741978e-01
2.864210049628479471e-02 1.298038753049274296e-01
5.956951815274946771e-02 1.354776631858277680e-01
-3.592819529071455964e-02 1.362509244208548465e-01
1.014622072196768032e-01 -1.937351874005049934e-01
1.918972613078240297e-02 9.404141830588996775e-02
8.258477558288190856e-02 2.082962172644202692e-01
2.547696970722513887e-01 1.316234958323841964e-01
8.931738539462152904e-02 -4.416919624883220985e-01
9.823023790841234337e-02 3.274533922506641659e-01
8.211906430145210489e-02 2.050982428994165829e-01
2.908564946082132785e-01 1.345493410197198259e-01
2.152742676578903724e-01 1.059325159444211018e-01
6.459407271441708343e-02 4.120383416718672587e-01
7.233382847441016672e-02 3.299189893547751495e-01
4.605241048515752444e-01 1.180618322372997131e-01
2.644861483461891094e-01 1.243959403063477076e-01
-2.282068065523138456e-01 1.042488646699530896e-01
-7.635695993424196359e-02 1.200041403479342739e-01
2.027746712503902815e-01 1.372526934853144365e-01
9.697679043069862281e-02 2.044694534848199297e-01
4.317558303124727770e-01 1.259342091248079054e-01
-4.264645117093144311e-01 1.119547462516966574e-01
9.661642239135237453e-03 1.142123337603009325e-01
-1.326458757584764170e-01 1.024563897034501680e-01
9.942189553988622919e-02 -2.395479459442099168e-01
9.039000563271148980e-02 -7.769552666709322875e-02
7.153597703678671316e-02 1.243687403182479612e-01
8.078447896848117704e-02 4.837756065074131362e-01
3.272947078144752275e-01 1.001428488288815810e-01
6.905916227295716414e-02 2.112823146364188887e-01
8.948590528006306055e-02 -3.104358512461694586e-01
9.526011644712761850e-02 -8.873044295520027269e-02
8.066058150095745116e-02 1.718153178699991512e-01
-8.656937778566076158e-02 9.444349871485890890e-02
2.863139445785184423e-01 1.365544072407189891e-01
4.460695564849751493e-01 1.224056463043717846e-01
6.622548851736276276e-02 2.157440755122445042e-01
7.603058273689400348e-02 -4.233544581311189381e-01
4.566987377282455407e-01 1.268437363752635827e-01
6.331005564151648279e-02 4.995476881470397590e-01
2.514705455769365994e-01 1.180762909118805437e-01
6.739301041491296829e-02 2.062716992976666441e-01
-4.702827966986344865e-02 1.007512786140516425e-01
-9.574628012293173729e-02 1.332277017253671314e-01
1.768860455180936153e-01 1.338252239797035337e-01
9.150715598020486841e-02 5.754728193889846466e-02
6.621656173869372441e-02 1.864772109900270092e-02
4.712731884148868566e-02 9.335441189221238556e-02
1.011430536892076182e-01 3.352740457087874937e-01
4.827979640405071216e-01 9.926037174757595949e-02
2.265297783243197527e-01 9.544756807607490678e-02
-3.336678993716786223e-01 1.301857511275481549e-01
-9.536077581827351324e-02 1.276453097906752321e-01
8.445427769460345235e-02 -3.744133335777573013e-01
6.539923837069183676e-02 -4.627655562123121902e-01
-2.480805042071025923e-01 1.293350919040113789e-01
3.063965729052668951e-01 1.090897954082877819e-01
4.392142414045334675e-01 9.250140525392935853e-02
6.852169661767071318e-02 -1.307790492466140986e-01
6.885738513380323944e-02 2.606224619748324089e-01
1.006169194595619709e-01 -1.640958454284968671e-02
3.402861446720796268e-01 1.002168254115467505e-01
1.827373756641210711e-01 1.065368116454710190e-01
4.621543466442040726e-01 1.307007496018168791e-01
3.695958713703495491e-01 1.374206156080913788e-01
-1.426921216009694460e-01 1.003418451151373292e-01
6.684370026422936650e-02 1.628408201932343147e-01
-4.112996201191365664e-02 1.284706145445949632e-01
4.327647666731648801e-02 1.077785336190090204e-01
4.641125847833631468e-01 1.203611744768580127e-01
-3.847721550540607049e-01 1.106312095692578712e-01
-3.674101156872677798e-01 1.198687374754483503e-01
9.377421774897287676e-02 2.551403680501885818e-01
6.421989530430405324e-02 -1.786603091826551859e-01
9.204960332976175330e-02 -2.708649285502163773e-01
9.030242890754536234e-02 2.291123734443529791e-01
1.017401853821477964e-01 4.265498747443472460e-01
7.313610752547905491e-02 -3.700156917292574121e-01
7.103678368591870296e-02 -4.953654695882011572e-01
3.611093402875862335e-01 1.258969723542087138e-01
9.341083374257264094e-02 -4.484580499962174116e-01
8.862106405640446383e-02 -2.243228684377472915e-01
3.155943413217551230e-01 1.162717132751631688e-01
9.009244873450339419e-02 3.051787992685920381e-01
1.004044432305849499e-01 -4.922482081769885554e-01
-4.376946172426022796e-01 9.977750528328188651e-02
8.257842230369594194e-02 -1.440766019068154824e-01
9.663694787510368478e-02 4.305224842432298082e-01
1.639969605211263337e-01 1.247830509229348461e-01
8.432773184821573675e-02 4.139706559516731499e-02
4.497605004408443685e-01 1.257358892535014316e-01
9.561654525181517705e-02 4.288241613535128671e-01
-1.108608194507537670e-01 1.186778530640827389e-01
-3.552013835806316910e-01 1.037420322393403094e-01
-3.713922883438155464e-01 1.354950881966749954e-01
7.554088359597899149e-02 -2.240028877895983150e-03
8.896433335015552224e-02 -2.097140200269471677e-01
7.728759362633497165e-02 -4.345506793916431576e-03
-1.622697632125769118e-02 1.000014225717301697e-01
7.019515532346154441e-02 3.804289107560961947e-01
7.979028990024350509e-02 2.439802526941783345e-01
8.100713774671164380e-02 -2.121359317370797859e-01
6.953541743948787879e-02 1.663847229904793501e-01
2.155863489222323848e-01 1.056785518550698022e-01
7.684043870896639650e-02 -3.735465966611023481e-01
2.017967150278646704e-01 1.098325037260249326e-01
4.156835382045075411e-01 9.803609847339456174e-02
-2.610031232463513318e-01 9.404769684768798932e-02
9.033902267812876641e-02 1.332300597677489318e-01
1.558651820504128871e-01 1.035877282551603829e-01
-4.828179844480924299e-01 1.143415990533453996e-01
9.405587429294937074e-02 -1.937457777549487226e-01
4.361670466362894683e-01 1.354235420412911450e-01
-1.293961590513824644e-01 1.041885376693016951e-01
3.226292147171816449e-02 1.150279739856251426e-01
9.081136647123788652e-02 -6.301366086831616808e-02
7.053095400759001876e-02 -1.254603491029805395e-01
8.464065452079638785e-02 -1.713117665896860542e-01
3.491836091878466330e-01 1.126591275751389620e-01
7.860616499734318641e-02 4.489920279269579151e-01
9.633406018831114359e-02 -2.802651887174497647e-01
-1.537720289144841601e-01 1.072481821914903488e-01
2.022378531605337759e-01 1.207824482575724501e-01
-2.396192936073886504e-01 1.072010106276634067e-01
-1.376602672301331376e-01 1.062100605540550191e-01
-3.472456202248763724e-02 1.196918700532443314e-01
-4.489113809511164899e-01 1.214586807295235937e-01
1.007930965143315483e-01 -2.744586493545162487e-01
3.552358870209756381e-01 1.018114861992683862e-01
6.901101358390260287e-02 -4.330081823641063199e-01
9.928491131227634714e-02 4.384385955476547414e-01
8.896283223660095274e-02 -4.425404100478724789e-02
-1.040017483156114864e-01 1.001844767419882709e-01
-4.733210729280814544e-01 1.274840963055107190e-01
6.519085201036067811e-02 1.512581810360913437e-01
4.881084305623910602e-01 1.283178901298399621e-01
-3.658085515966671419e-01 1.120879057509195365e-01
4.021081098204275506e-01 1.006414444274557063e-01
-4.170073483533877079e-01 1.024478538778933467e-01
8.846652643828245566e-02 -1.589660594374333602e-01
1.558838323208290300e-01 9.685379134001104173e-02
1.008524966737180950e-01 2.282932322388001589e-01
-4.552405226557508788e-01 1.048775391347590569e-01
9.766992835764054526e-02 -4.598701117888870371e-01
-3.129982535556492529e-01 1.053566255356460646e-01
9.296571987834123529e-02 -1.715548175131477171e-01
1.619079255421662644e-02 1.183342112180993944e-01
7.377457224561978499e-02 8.490800514971863500e-02
9.777298725569094628e-02 3.003228705780444097e-01
-4.768251828416472105e-01 1.255113263372181764e-01
9.595113265512766887e-02 3.997649729343148994e-01
9.491036719035084168e-02 -1.959553564891262090e-01
-1.036701287947361383e-02 1.036546587120918961e-01
7.473749825261155610e-02 -9.120582261949350400e-02
9.323674650961522037e-02 -1.309994632621899191e-01
2.619583968045827715e-01 9.597827816738113693e-02
9.210344246837198767e-02 3.077281322193662350e-01
6.445997414603732434e-02 -2.725523613065059525e-01
-2.316943984848905957e-01 1.133010475010634011e-01
9.312945682820772397e-02 2.481104140828715998e-02
7.560344613122016444e-02 -3.424728404954602290e-01
8.049369601955436160e-02 -1.204677719641297218e-01
-2.548144424214832116e-01 1.147086218362097787e-01
2.088262438611201421e-01 1.110949337696988115e-01
1.016214990327395373e-01 -2.427753916109641752e-01
3.378579489219213361e-01 1.132098586353881275e-01
9.511373294064595640e-02 4.727405621295579508e-01
7.930329577666195284e-02 1.518141256063895161e-01
9.555120031973141081e-02 3.287804082293761532e-01
2.140700371470475316e-01 9.858784889482363756e-02
1.386459467869671780e-02 1.295074437197978323e-01
4.535035219450834765e-01 9.486167257698019384e-02
9.931018885307363320e-02 -1.053590852403456513e-01
2.192554118720649869e-01 1.327239776770301471e-01
8.101076997705303206e-02 -2.341027147806955533e-01
9.588555732334902437e-02 2.996083117720337308e-01
1.634005016246209419e-01 1.332497409042018299e-01
8.042737326238547091e-02 -3.931279667837016545e-01
-1.488713103813821270e-01 1.274736310936950279e-01
9.171472236913347231e-02 -3.678275971485794882e-01
-2.956275589059136344e-01 1.102961797019078594e-01
9.230475249695690998e-02 1.561056456866010134e-01
9.666785580298919989e-02 -3.448409422456854001e-01
-3.369789316621751851e-01 1.046247193727419811e-01
8.454056765519712968e-02 -2.340375675618653339e-01
2.406190165728467889e-01 1.004611816530610602e-01
8.369261768201441409e-02 1.871023237569973130e-01
8.502133824611146640e-02 -2.971123218710157721e-01
4.252762480064202766e-01 1.258181005200003089e-01
-4.525982968587766164e-01 9.923556762733698466e-02
-9.526607755261473631e-02 1.092852628580087693e-01
-6.570380400543873733e-02 1.131234438407892062e-01
8.555938406381580208e-02 3.460343140149386709e-01
4.375466108777570362e-01 1.229978652522786264e-01
7.170047214170172101e-02 -1.835861315065423494e-01
6.424985586027864848e-02 2.024453906213061760e-01
7.716034654278636218e-02 -4.346231540571973140e-01
1.305278696394374105e-02 1.264027510261949150e-01
8.461306760084463807e-02 -2.443828242217129798e-01
9.740684797643339721e-06 1.020986964586645396e-01
9.687156043654765458e-02 -4.688534122376456503e-01
7.044298898796708119e-02 -4.501316122236616035e-01
4.264750183862867638e-01 1.124816627636522348e-01
-3.406846903199007848e-01 1.028158643027839991e-01
8.800040207114667723e-02 2.827892428456093565e-01
8.453455879862181721e-02 1.912343748787348474e-02
2.647208409247160388e-01 9.867633619894455865e-02
6.693359496151063404e-02 -1.773666622181601094e-01
7.435932724787730486e-02 -1.722917437088464787e-01
-2.356592111006626800e-01 9.595207886946066633e-02
-5.927357097584518009e-03 9.651736028323532057e-02
7.873877284063579562e-02 1.595983574937352989e-01
2.008326055909259722e-02 1.118143730883283116e-01
4.383229079004397066e-01 1.288593440888485819e-01
1.865047583610009996e-01 1.005579091476389575e-01
4.709010055928514182e-01 1.279183983505138844e-01
9.446320361887350359e-02 -2.233927768308439088e-01
-3.798463935039808614e-02 1.376169290861688488e-01
8.878034738089646272e-02 2.296986817999024932e-01
-4.836967670902104777e-01 1.048617184365050470e-01
-2.550986252238227614e-01 1.323018489478396953e-01
9.137295805183487385e-02 2.291890789226443959e-01
1.175414405017551900e-01 1.123827356011544154e-01
7.820147151356304782e-02 1.605350861752252722e-01
-3.196397493100950893e-01 9.309770655082294510e-02
-9.005362504583946937e-03 1.237651624360337488e-01
6.592132199182532126e-02 -2.464034468927785992e-01
-4.866441204338467497e-02 1.334946043796414461e-01
1.007225541074896480e-01 -2.101214941594539143e-01
-2.380162128099471142e-01 1.236704205813610180e-01
-3.474939148134814637e-02 9.612650353533158665e-02
-4.407973725767633244e-02 1.320081661309645549e-01
8.192837988208967470e-02 3.621442225384621239e-01
-3.796795370182231011e-01 1.348584123930939294e-01
6.429988985811396773e-02 -1.631041113071471926e-01
4.774135970625871250e-01 1.169371946614626845e-01
-1.989912406453462346e-01 1.060911115873959254e-01
7.891682123654952807e-02 2.483821541336809213e-01
9.688322935660031998e-02 2.047529817235800298e-01
4.571112196429893970e-01 1.016753499901087432e-01
7.606731686228263012e-02 -1.656999101861668100e-01
4.655085763216090244e-01 9.249151573899161427e-02
8.795438625906870644e-02 -2.741551756599723833e-01
9.952032305185964933e-02 -4.553501530256884866e-01
-2.127250046617195078e-01 1.309586944283879228e-01
7.120276603846142915e-02 -9.987758163630844344e-03
2.893161468821096038e-01 1.140628158822093452e-01
-1.738520009317998660e-01 1.042708881119625008e-01
8.821464407162626920e-02 1.522491733835127370e-01
4.957499585809524989e-01 1.256578305591008471e-01
7.976864695320007304e-02 3.923137447894126106e-01
8.235114502277873783e-02 -3.018704691786502359e-01
2.651647753420174336e-01 9.504390383313898738e-02
7.060972788634645170e-02 -3.637297948354545341e-03
9.434327311731682819e-02 -1.571222849407667432e-01
8.198183219408883282e-02 -1.290436239097330073e-01
1.171928303435576524e-02 1.160064017203116249e-01
-3.537337336815835620e-01 1.215504099608087918e-01
-3.160045137117948322e-01 1.155691673510854667e-01
6.600720844336716020e-02 1.705119688439377112e-01
9.688961827876152455e-02 -2.191514613922243004e-01
6.548278677513696966e-02 -3.572377862811230154e-01
8.166974538760518598e-02 1.135958159193626305e-01
-4.675928380449834165e-02 1.380525717100499206e-01
9.995480144951407464e-02 3.604758223438865317e-01
-3.687068666882714618e-01 1.005945455760015594e-01
8.457648975811815628e-02 -2.632886322443194205e-01
-1.755605853835211505e-01 1.343063597436191525e-01
3.825294249015054326e-01 1.126431723201494206e-01
2.067608009637361688e-01 1.159425190230265468e-01
7.697113140955724742e-02 -3.488486579805940568e-01
7.860528055262172575e-02 -2.217767439107620753e-03
9.931306034383169390e-02 1.855378890735855935e-01
-4.325827752863115050e-01 1.219737394304961642e-01
7.888373693091277339e-02 4.426847026119471451e-01
-4.996354281012975740e-01 1.072094533741665412e-01
9.198835219453094236e-02 4.315719957439801968e-01
6.781614293709015140e-02 -3.483488207720401020e-01
7.613186512682290630e-02 3.420482763715082530e-02
6.637213324705693029e-02 8.767088279788703975e-02
2.617612526276309470e-01 1.051388673967205145e-01
9.088937800217944396e-02 4.273648197186208364e-01
-2.412681938523686398e-02 1.095582364825518074e-01
-4.262312405568120521e-01 1.082192743636966048e-01
9.585236495207027918e-02 -3.286759787222380824e-01
9.769217138921570953e-02 -8.322333242253354690e-02
8.101977840898400007e-02 3.100357754539839750e-02
-3.412269157379633766e-01 9.531771586698112309e-02
-2.442453169449898542e-01 1.204107993310973290e-01
8.998384004191217755e-02 2.089393176466747271e-01
1.086152376667963715e-01 1.055994482773878751e-01
7.015689701324978600e-02 8.253266288774518955e-02
4.069886034661572838e-01 1.105512466637649238e-01
3.828166999009176008e-01 1.211909864935460934e-01
1.701765871066468483e-01 9.517150951820563254e-02
9.450950612229191972e-02 9.002641060238403270e-03
9.619039794104078389e-02 -1.233135338805730896e-01
4.698544232835291101e-01 1.103928091528548761e-01
8.999133937185221921e-02 4.934099043585962185e-01
9.065020349171626357e-02 2.091049465880543412e-01
9.027555768086370502e-02 4.750495334338236120e-01
6.722622245459808354e-02 -7.849614878773669702e-03
3.001324524824561246e-01 1.032227129868027449e-01
1.906269824646080746e-01 1.026972633719339667e-01
4.777629241750649403e-01 1.183747558407926004e-01
7.593043166328661275e-02 4.886429180274679540e-01
-4.264122319936959338e-01 1.035205094925250036e-01
1.662592271575832337e-01 1.188406198578049189e-01
2.037303150001071872e-01 9.977911853826448851e-02
