8.658063263802251441e-04 -4.697896209722809413e-01
2.353417353303044468e-02 -4.327798062435498361e-01
-8.625567454810634249e-02 -2.954532377749526928e-01
1.902657611689395623e-03 -1.470061419836329319e-01
1.854614670336707238e-02 4.082511154215577864e-01
-2.854539763981943645e-01 -2.868645282757232851e-01
1.384676821337479380e-01 -3.093878544274957232e-01
3.763491538193697306e-01 -2.959507770690342765e-01
-3.068684112339403747e-01 -2.703727347825100047e-01
2.238321627735029296e-02 -2.967813293356096338e-01
-1.098927528789980235e-01 -2.670584895268232062e-01
-1.220825467074596604e-01 -3.211681977346684258e-01
5.235561835824098509e-02 -2.949696267258152815e-01
4.087582311113083788e-01 -2.731009789665516108e-01
4.383021571163945307e-01 -2.578091214271787113e-01
-4.373420477451486210e-01 -2.381786629974746994e-01
-3.413581626859152340e-02 -3.209457377273533529e-01
1.156490012581867788e-02 -1.263618404519208926e-01
3.601873444584319239e-01 -2.485769468434901874e-01
-2.434817093633887541e-01 -2.460709099859406113e-01
-3.026124916946607568e-01 -3.069442096391215014e-01
1.834892831171726080e-01 -3.189186755524450190e-01
5.364984809813733158e-03 2.866362580118452241e-01
1.506958808993064114e-02 -4.179128243580675361e-01
-3.586985616661941823e-01 -2.523392290760854140e-01
-3.666205786150708024e-01 -3.195871617264698372e-01
-5.173097969145934449e-02 -2.450339076282601614e-01
-3.186402865108219906e-01 -3.074670111360530145e-01
9.855778829172767708e-03 1.677708123225164494e-01
1.891988018391366211e-02 4.568467646102299939e-01
2.165884758287817125e-02 -8.996594742567209924e-02
1.086393680972519427e-02 2.421993880923895004e-01
2.854735524031826177e-02 -2.457057223558556380e-01
-2.414547787426146730e-01 -2.700567480909924489e-01
2.781209289253294692e-02 4.574994281119313388e-01
2.459755257919209459e-01 -2.817066396968262998e-01
-3.263397792304374434e-01 -3.168966999276664476e-01
-4.906953599736263438e-02 -2.673040716114819526e-01
4.940633577017490285e-01 -2.896847095023066254e-01
8.506473765715449886e-03 3.085143736097248901e-01
-4.993549358743940569e-01 -2.484615223572328446e-01
-4.032114872795133920e-01 -2.847977922017833619e-01
-2.311699718764820277e-01 -2.758602575012345515e-01
-3.484449322564309171e-03 -3.237768079986576009e-01
-4.257726457462114311e-01 -2.988963313646819664e-01
-6.162086226869734062e-02 -3.002638627316562836e-01
2.144023293213888071e-01 -2.719271613747208383e-01
6.410863979251946176e-03 -1.353319398037008403e-01
1.409742607015274096e-02 2.445789421110839967e-01
-3.965891270785498746e-01 -2.526684056409723711e-01
-4.851777952692488682e-01 -2.765349073676273139e-01
2.363326655180797431e-03 -2.111060219465438204e-01
4.546034845553597048e-01 -2.920428584506798986e-01
5.512853408569851066e-02 -2.413395055811504708e-01
-4.625488414258824843e-01 -2.829840932709576373e-01
-8.381581821852890357e-02 -2.791935898254052084e-01
-4.552667597662416465e-01 -2.859533404858412009e-01
-1.247717044987834978e-01 -2.711110524778040931e-01
4.450214965284119417e-01 -2.729729999196078838e-01
3.077813607869523960e-01 -2.887116675289775891e-01
-2.526404779104903797e-01 -2.411179686041324821e-01
5.653143170583518895e-03 -4.827461923757414564e-02
1.023326438119842585e-02 9.832962534037481550e-02
2.523749821594435394e-01 -3.221751438077102847e-01
1.728269462233644749e-02 -4.919863317517395584e-01
-1.970699161507052377e-01 -2.538253457282461101e-01
1.526676284934858074e-02 -3.845369325790709558e-01
-9.308855401239735095e-02 -2.778179691587184807e-01
1.058197384948200703e-02 3.805972536599111500e-01
1.740965400624057136e-01 -2.889830266132993319e-01
-3.404403781874510981e-01 -3.045261085226014242e-01
-4.961183527671600979e-01 -2.998017110574113797e-01
1.821876978885366150e-01 -2.386963080002634241e-01
4.032553394735478580e-01 -2.424502839299236268e-01
2.145886607589109207e-02 -3.655741344616794120e-01
1.360666357423745421e-02 -6.434710125281439819e-02
3.740887251162718918e-01 -2.519205747011613594e-01
3.882485186614134109e-01 -2.563427048737677572e-01
-3.729498254068697172e-02 -2.455715685213222255e-01
-7.923138579811972448e-03 -2.870349784721679676e-01
-4.649481532757160362e-02 -2.877943012450396854e-01
3.316817156569222824e-01 -2.689118365922512632e-01
-2.689023799323615460e-01 -3.094134862233339778e-01
1.170479959527948033e-02 -4.860540736718266253e-03
-2.016989351383161599e-01 -3.110589542494672788e-01
-1.566485617164909971e-01 -3.174586818998684778e-01
1.617266020685438344e-01 -2.486657179773188453e-01
-2.003728777982184406e-01 -2.498796766272407543e-01
-1.481290714060085056e-01 -2.669596666316857991e-01
1.726390506237085454e-02 -1.027276470418534426e-01
-6.312496225685526596e-04 2.486005525874113165e-01
-1.443173463173027526e-01 -2.866702558605709328e-01
-3.155975475030651234e-01 -2.359925502285800114e-01
-2.138154768787886573e-01 -3.018369378738855469e-01
6.525038514302194947e-03 -4.480066483114553133e-02
-4.419002996937068106e-01 -3.182230585649369337e-01
-6.649017753067798520e-02 -3.176290405132310424e-01
-9.389765429644758576e-03 -2.680971240836723668e-01
1.774170882505021751e-02 -3.265627046670256384e-01
9.101137776791079492e-02 -2.978715615957925333e-01
-1.944110300340130548e-01 -2.494536187448364029e-01
2.220650130692392032e-02 3.530108259379070024e-01
3.754296610283147650e-03 1.819551985046148346e-01
4.590696174473624103e-01 -2.422596525718487825e-01
2.289366121650117103e-01 -3.049352799697460092e-01
-1.574387148422137228e-01 -3.075259604608296948e-01
3.963594347822563257e-03 3.950449039815421282e-01
1.966351644919095421e-03 2.396464661862999224e-01
-4.690869166203237572e-01 -2.776185152713671611e-01
1.414327267710624447e-02 2.170609513190142614e-01
1.199749341178745210e-01 -2.991463774251896801e-01
-2.875497532724835548e-01 -2.717636384565664809e-01
1.212945711260027259e-02 1.388014964789540118e-01
2.730609589605970111e-02 4.296725078287104704e-01
1.633466019300766625e-02 -2.344977608631126920e-01
1.982737300502335209e-02 -2.339878513282245276e-02
2.595378680935009896e-01 -2.940900858908392923e-01
2.926305482214114351e-01 -2.459961124555319900e-01
-1.167882071349650719e-01 -2.543800233863765525e-01
-1.460462953256681518e-01 -2.958675294448872561e-01
4.237391507819069369e-01 -2.912005982174615815e-01
-7.956881697065432135e-04 -4.140682923229573875e-01
-1.933893266773618613e-01 -2.695192737749758649e-01
3.266470437374346947e-02 -2.430887185787954374e-01
-3.063146095705784333e-01 -3.091576956729434889e-01
2.526167150240010706e-03 4.581386852428838141e-01
3.633998058416062493e-01 -3.179870268630435870e-01
1.954888675252774988e-01 -2.957758764870932477e-01
6.108740407913759718e-03 -1.439962213277138359e-01
3.433808499816486393e-01 -2.696875215674627846e-01
2.567605015475784569e-01 -2.978717691661781908e-01
8.648370996306997682e-03 7.675963531211682511e-02
1.768657204632910762e-01 -2.726332113401647161e-01
3.396963910816286347e-02 -2.743879807718355712e-01
-3.242154343335263977e-01 -2.804607812618612472e-01
1.285416205158410596e-01 -2.971834772388651791e-01
4.287045849365701544e-01 -2.850959847827713167e-01
3.218188786650033606e-03 -1.419751074780459810e-01
4.273159387183819158e-01 -2.596781995843306934e-01
-7.040715919664297662e-02 -2.949844811776655140e-01
9.502030933866700835e-03 8.951829829379420733e-02
2.539634264565604482e-04 -1.168178259548338094e-01
-4.771253493955773806e-01 -2.600414749080808274e-01
4.256220619465201915e-01 -3.205237695247217244e-01
-4.250035052599753227e-01 -3.124507715951869713e-01
-2.786636768279617815e-01 -2.362523062356194359e-01
4.318732388860814231e-01 -2.415855672935492970e-01
-2.744457687774938259e-01 -2.552055243002849805e-01
1.837107750730317957e-01 -3.110285183786676289e-01
-3.649058238833664536e-01 -2.731212327661137751e-01
-5.609375612660316701e-02 -2.701755119351783030e-01
-3.266487881959762030e-01 -2.702105259360307876e-01
1.282897767904056519e-02 2.735527894941184313e-01
1.675432861337776691e-01 -3.098261067458678575e-01
3.823094329794174406e-02 -2.578242750274243322e-01
3.830596663771690391e-02 -2.797499909352343384e-01
1.563652610690422495e-01 -3.191758466480731915e-01
-4.043044014743469861e-01 -3.031595417280401605e-01
-1.310558533330761222e-01 -3.157795812277679470e-01
1.968142453212025078e-01 -2.665455759026111870e-01
4.068330039534167053e-01 -3.005607239124048480e-01
-3.754000647371302790e-04 4.421707857821233212e-02
4.595874041617766803e-01 -2.821287759173034537e-01
-4.004649407490590285e-01 -3.076390297966358212e-01
1.153536135158339526e-03 -4.380745588661075773e-01
-1.139385690983041322e-03 -4.828879480464297602e-01
5.799112933851713336e-03 -4.626626252269342432e-01
-2.315569651853649491e-01 -3.074966321989447415e-01
2.284559054480500562e-01 -3.078163524120194339e-01
8.952345689175467136e-03 -4.835121272181299723e-01
1.705366516849948777e-02 -4.389615511639120005e-01
-9.958089328424235553e-02 -2.602265200884908980e-01
3.129390759379895304e-01 -2.514555650764308536e-01
2.615665551195855976e-02 1.376544723539557813e-01
1.764050752499266572e-01 -2.913911148515311300e-01
4.097742201056131517e-01 -2.722933401510143625e-01
1.880316419235616987e-02 -2.367686662613491810e-01
4.522032208470078141e-01 -2.437824376806979609e-01
-2.766883541194038454e-01 -2.853538206738688299e-01
3.167067121788713635e-03 -1.224853597676778261e-01
2.582814411553280287e-03 -2.643153359246697143e-02
-1.885918687452053932e-01 -3.208437602980847014e-01
1.927820734945029368e-02 -1.516723648573491401e-01
-4.686215936697516460e-01 -2.768025631992319102e-01
-4.892743775882402169e-01 -3.164006603927236316e-01
4.013969088249691453e-03 -4.276965029917823014e-01
2.335206749495355449e-02 -4.060790350047249753e-01
-3.796258567636268122e-02 -3.177128035853975518e-01
9.120793331180543362e-03 -2.229404692310703595e-01
6.698061376128716660e-02 -2.793527774448850698e-01
-2.443146315841082661e-01 -2.612626335960784862e-01
-3.712805607755593762e-01 -2.533281544613855685e-01
3.431687227325119771e-01 -3.072566405057458594e-01
9.354980203225204960e-02 -3.035092546462182517e-01
4.333459583843266572e-01 -2.688013118960589365e-01
3.595027361324379944e-01 -3.051312096767481163e-01
3.394850726411431374e-01 -3.132611395902801243e-01
1.395020518046852231e-03 1.279945453138733313e-01
2.178729376886699987e-01 -3.178247042408999246e-01
1.624086351232167935e-02 2.066743553851781989e-01
2.147417667101847449e-01 -2.745907171310927319e-01
-2.019706400626587461e-01 -2.354344566092122504e-01
-4.355938606813385405e-01 -2.619784923483262640e-01
-2.247911731447894690e-01 -2.963414116812423948e-01
-1.241236136336668627e-01 -2.449662330004718225e-01
-2.279709153235325303e-01 -2.577442980637093539e-01
6.142715372353446668e-03 -1.367402978804876934e-01
-2.869645448861867232e-01 -3.199234645764372775e-01
2.736356165705566834e-01 -2.959388229119302993e-01
-3.447138106960103698e-01 -2.578590924624860614e-01
3.071091303596618083e-01 -2.516342995751967848e-01
-1.623457356403691376e-01 -2.538444709626862528e-01
4.570745065345402924e-01 -2.973484147727227800e-01
4.886709117346317299e-01 -2.525108291837236951e-01
1.854519650263930508e-02 -2.950764161254034734e-01
-4.021939298949518404e-01 -2.805570557453348490e-01
2.233102692322241900e-03 -3.175326516256183895e-01
-1.212281110554116470e-01 -2.861190344446016276e-01
-2.964786995069782494e-01 -2.625982388506084009e-01
1.044469198159059253e-02 2.973217346285611518e-01
2.329797202405273771e-01 -3.183437893537317542e-01
-3.961544827642772271e-01 -2.382298830947873203e-01
9.174639431134390399e-02 -3.200870930928187974e-01
2.300714890003663360e-02 -4.224128880176855061e-01
-3.323020603676896112e-02 -2.893951801625461728e-01
-5.530277887589807317e-02 -2.657889314061531172e-01
2.841759482543759763e-02 3.198683030861810828e-01
-6.096596684189581339e-02 -2.731092722752035407e-01
-1.358157067088050507e-01 -2.764742409880363017e-01
-4.369440360405739687e-01 -2.485586638306125362e-01
5.596108664735977012e-02 -2.481862617533646675e-01
8.034300934940730166e-03 -2.609652596651814704e-01
3.462939565405666054e-01 -3.219779829894463541e-01
-2.213345338682548569e-02 -3.186688472392502636e-01
7.401846121532273948e-03 -3.954763856998688709e-02
-2.668201125805698126e-01 -3.106532275052578118e-01
-2.825791061293074780e-01 -3.014563705800926696e-01
3.808450644539662644e-01 -2.709330201184244613e-01
-4.044057583110568510e-01 -2.903203598445345257e-01
2.759871641666544750e-02 4.547189859184563865e-02
-3.408598309113038960e-01 -3.162510589696041485e-01
5.172547621336343049e-03 3.299389023113944441e-01
-4.532440615157585784e-01 -2.660103948643193217e-01
1.958221997339301135e-01 -2.930547636802897093e-01
-5.398153118292015051e-02 -2.914457930516118900e-01
-2.985535319859466963e-01 -3.037968096447801747e-01
1.030148714896673701e-01 -2.388002882818043293e-01
4.014722996361188567e-01 -2.876657356091866236e-01
2.008437055743699240e-01 -2.390062836291857451e-01
-9.338886980408278582e-02 -2.394627855025809327e-01
1.139013904875030292e-03 -2.185503729649903581e-01
1.131281122195326727e-02 1.279097290043510471e-01
4.282585135414859190e-01 -3.145974889118364759e-01
1.902416209847229700e-01 -3.218745364165402911e-01
-4.083866798669990583e-01 -2.384891230206630519e-01
4.707869973949539988e-01 -2.635569459318635177e-01
-2.355388813823949823e-01 -2.654152482430978122e-01
1.894669771793616730e-01 -3.010232325130172137e-01
-4.771327534182557839e-01 -3.171338821694894561e-01
2.326824552877657659e-01 -2.945477498862173471e-01
-5.106044407431808985e-02 -3.116361033616643628e-01
-2.934825349915730630e-01 -2.629208997289140815e-01
-3.311391121593619813e-01 -2.618605506724980270e-01
-4.971703768216435559e-01 -2.937541377313807045e-01
-5.950841518712779443e-02 -3.209239841736710730e-01
6.307191191146532816e-03 -3.305771352526881701e-01
4.394159308199317993e-01 -3.191639185048543714e-01
7.420342085338149651e-03 1.810314656876257366e-01
-8.085243416654364079e-02 -2.546578216694926899e-01
-1.229517519468288356e-01 -2.552052745765001074e-01
4.803168499856709239e-01 -3.214233172567776409e-01
-2.021215584645913443e-01 -2.866927478896373893e-01
1.395146235341793162e-02 3.873744949248790759e-01
2.324466270914392618e-01 -2.552794179487848369e-01
-3.847446721764858912e-01 -2.941877707816763499e-01
1.576107882077570910e-02 4.056899964162141714e-01
-5.792282432510831303e-02 -3.193580306846502959e-01
2.077826629999623975e-01 -2.803870320175483322e-01
2.145702795902959537e-02 1.456961382186172660e-01
-4.923837227780673009e-01 -2.436536616645693654e-01
3.613127012474371957e-01 -2.972321977451991559e-01
-7.565409620648555489e-03 -2.395133167307587074e-01
4.147347070867232199e-01 -2.926936183830919358e-01
2.596191208942095763e-01 -2.836659548378065443e-01
-4.655123059206920377e-01 -2.376634115326046182e-01
-3.184324234222857264e-02 -2.453356388947325328e-01
2.681178266593116089e-01 -2.806705628376172657e-01
-2.542862705856197003e-01 -2.565395978965215873e-01
5.428673128901606582e-03 4.178306434123306712e-01
-2.719384575848038388e-02 -3.216620306796774686e-01
-6.744152963240523935e-02 -3.132302553666793665e-01
2.905093616982158400e-01 -2.699383444883027838e-01
2.783131346000922157e-02 -2.388147776192782734e-01
1.754231420133667285e-02 -3.284100263100484529e-01
1.244770905019954021e-03 1.277002718426173411e-01
-5.970152879067214258e-03 -3.178770826731059929e-01
-4.653620287539944611e-01 -2.798901672394811246e-01
-4.042162025940384540e-01 -2.587495899991310022e-01
-4.612404729761818700e-01 -2.826198720951476062e-01
2.641033953004467971e-02 -4.670480288587698370e-01
4.874613844266190155e-01 -2.541604946861564240e-01
2.201228778002470854e-01 -2.837024618627327355e-01
7.461147184283589695e-03 -6.137252398540804510e-02
4.863659282425591979e-01 -3.238790485867857338e-01
-1.253299479889946610e-03 2.484490219365610431e-01
7.268358163280863593e-03 -1.611672294894666013e-01
-3.620789156974725254e-01 -2.376095653132023200e-01
-2.612617180239370507e-01 -3.025675573046616718e-01
3.089337105473568545e-01 -3.172063715183655042e-01
-3.721689325567776319e-01 -3.054060514421080841e-01
1.029447110679060362e-02 -2.459004431221437637e-01
-8.725217721353317746e-02 -2.779892853847071299e-01
4.113064138879651832e-02 -2.720381792629789075e-01
-2.319514199156235135e-01 -2.925452595083055662e-01
1.974131990963925443e-01 -2.414371956695402499e-01
-1.799317919519133335e-01 -2.966636207175680218e-01
7.699083408794638039e-02 -3.232414062342890970e-01
2.755370132902414948e-01 -2.747830321053519320e-01
2.515058724228724785e-02 -9.528721581630983373e-03
-1.193332592296588723e-01 -3.087068951349846158e-01
3.046628294473715526e-01 -2.402250560519967326e-01
-1.580197152341826783e-01 -2.790631384038254614e-01
-6.580679308128811744e-02 -2.701715976415995923e-01
-3.010104057947480261e-01 -3.245571089404915011e-01
-4.851731765724566214e-01 -2.755882252373721419e-01
2.405292163040195774e-04 -1.337850933332072056e-01
2.727779297610782860e-01 -2.711043316861808661e-01
1.693049888211726195e-01 -2.830513999997912311e-01
3.221176319214181794e-01 -2.729777772218006104e-01
3.286214677873912082e-01 -2.633912626481527131e-01
-3.256805631034521697e-01 -2.825141553496317570e-01
2.645930270698992892e-02 1.434410877134350004e-01
9.144147932972579440e-02 -2.713126929130884601e-01
4.403112308275854980e-01 -2.452658054418606071e-01
1.155805015764040933e-01 -2.784857468136148206e-01
-4.187155485354826512e-01 -2.740282857543137052e-01
2.911861387457381767e-01 -2.698462424982688290e-01
2.854920671819839439e-01 -2.719225763181942757e-01
1.055368425514346953e-04 3.907979287046620120e-01
2.226616039697618676e-01 -2.801644003824776963e-01
3.417985901971672957e-01 -3.033368745439616321e-01
8.236949848321795109e-02 -2.522391166172918142e-01
8.594895065372154530e-02 -2.475835432117887702e-01
-2.832112494090955890e-01 -3.077778295437765266e-01
4.896036877973616308e-01 -2.573057873224997572e-01
3.030709642182929375e-01 -2.820133340373432995e-01
-2.380348343560899638e-01 -3.122162940842755363e-01
-3.741553350445530057e-01 -2.561457798326339796e-01
-5.176274630955268741e-03 -2.411695530842589141e-01
-4.993203894230396900e-01 -2.515749719354968272e-01
-2.148922088934139829e-01 -3.056374638668041266e-01
1.661237952717588007e-01 -2.379285851305608102e-01
-3.157616427355747213e-02 -2.576414550327070785e-01
2.604256768082109375e-01 -3.196046007258189769e-01
4.388351890402752975e-01 -3.160045445516912466e-01
3.049814957577178243e-01 -2.643021471990232296e-01
1.119667130930218635e-01 -2.848007077787083619e-01
1.453187002260403204e-02 -2.684427173118272281e-01
2.834317354775215403e-01 -2.913172960888842367e-01
1.732433403783776305e-01 -3.116544965066202488e-01
3.868448148782732687e-03 -6.072367828990232752e-03
-3.291218550131599363e-01 -2.756107636263142036e-01
-4.662153911673028173e-01 -2.422706423983266300e-01
1.333272226230441948e-02 3.179520257455359378e-02
3.181735146476936116e-01 -3.038500108931789789e-01
1.806920662451321213e-01 -3.245845380924765600e-01
-1.749782955309028276e-01 -2.831257488564392633e-01
2.030854137154225469e-02 9.436362480822202414e-02
-4.172369796179329349e-01 -3.098805609014129159e-01
-2.921790901516249095e-01 -2.410103876608713502e-01
2.120888549642914178e-01 -2.380672659571760885e-01
-1.153614624162192515e-01 -2.740104690211871974e-01
-1.256766325551718078e-01 -2.431404775755845460e-01
-2.680742425593527489e-01 -2.430147077854759585e-01
1.718736769338385928e-01 -2.919268500142296885e-01
1.148254606356269303e-02 -2.444767408370499551e-01
2.596650039966397205e-02 1.114107720421784187e-01
2.677206221979189227e-02 1.197582302768007700e-01
-1.928510999653576530e-02 -2.972921838679911666e-01
1.691053781195173134e-02 -2.490460760793123951e-01
1.982558127618327948e-02 -2.046700108849827116e-01
-4.317356636721344509e-01 -3.107416189932881156e-01
1.916558028522141743e-02 -3.698022879702352883e-01
3.371707216571788734e-01 -2.587911336692867437e-01
2.242240700641717766e-02 -1.204625111988564257e-01
2.943748630282521095e-01 -2.489880695777272335e-01
-2.049330569778881062e-01 -2.832678018014673782e-01
6.005378818982620714e-02 -2.392901649294917332e-01
1.151234723160260431e-01 -2.830960497951634514e-01
3.815453418376214545e-01 -2.451448506357867263e-01
3.837659761482914433e-01 -2.421766977903794249e-01
-4.369917976574945184e-01 -3.151071411064282346e-01
1.317588136616931749e-02 -4.388651142134046834e-01
4.947989369898797563e-01 -2.727594878613703866e-01
1.818388435668436554e-01 -3.134835028788491851e-01
2.817526050149843364e-02 3.800948720795178648e-01
-4.880294446382039686e-01 -2.821244447718930237e-01
2.120130249272764722e-01 -2.481475295911020895e-01
-3.979581851350078026e-01 -3.156617968398800489e-01
2.228970063535595791e-02 -4.920796356714226549e-01
-4.249044601026521484e-01 -2.359469669713472051e-01
-1.622846868841433254e-01 -3.244505743374428430e-01
1.001481678870541625e-02 -1.755494279335920726e-01
2.907761282753612564e-01 -2.411240929366977870e-01
1.129484634639362772e-01 -3.183792689165114709e-01
8.788307056545896501e-02 -2.707607048939494332e-01
3.186678551611819010e-01 -2.830430557780939660e-01
1.914774515904194008e-02 1.074914622494633765e-01
2.389250972655002636e-01 -3.144138502154990578e-01
-2.205466569612026806e-01 -2.832487769956817392e-01
4.823079784038152296e-01 -2.934325573737557313e-01
-2.425452730362916975e-01 -3.044375133924432930e-01
1.961796320301129049e-01 -2.909979930562787143e-01
7.800764376107505171e-02 -2.913505096003721206e-01
5.659198224534156552e-02 -2.936002501552225086e-01
-4.323692528757084874e-01 -2.382796423969814059e-01
1.352474559046903391e-01 -2.428865856084895247e-01
-3.576938718522814087e-01 -3.236805403160772920e-01
-1.578730298490794715e-01 -2.970755371914531873e-01
4.052736984885563221e-02 -3.220616150473097905e-01
1.278992372069328587e-01 -2.578013993685830396e-01
3.144348807123670264e-01 -2.679806625222237448e-01
4.948020555712695501e-02 -2.488705833132881517e-01
-4.762925105680120286e-01 -2.410527197536332933e-01
2.662952139058767376e-01 -2.436999018084831103e-01
-4.150482961487385047e-01 -2.826483314328801510e-01
-1.454536336627465509e-01 -2.744320040510442871e-01
-2.511823194921852798e-01 -3.125283763101259771e-01
2.606800957645859507e-01 -3.076078362136951405e-01
-1.107748038535527613e-03 -2.062847532890361713e-01
-2.861938853815337858e-02 -2.938540006041844288e-01
-4.111104986450031529e-02 -2.434670780954105718e-01
-2.711903958738515197e-01 -3.233625095422419937e-01
1.133069962075294868e-01 -3.153998323496437495e-01
-1.137816839982589423e-01 -2.864437575905408595e-01
4.801854027439710348e-01 -3.182588696884642854e-01
4.127630222077478539e-01 -2.906499972577141211e-01
3.237469344195837984e-01 -2.757985575736153772e-01
-1.286343094561086531e-01 -2.504656924136705598e-01
-2.408132062766207282e-01 -2.955915917346833011e-01
7.003160758988880019e-03 -1.917323091605798169e-01
1.242058925678135584e-02 -3.399798022728162117e-03
3.686288256344993908e-01 -2.421478292994928561e-01
2.369947112101281617e-01 -2.594843200728632615e-01
1.182399639921427603e-02 -7.800721506670549310e-03
2.209606238910555298e-02 1.338227325295070491e-01
3.104507340411926108e-01 -2.390121402262429529e-01
3.738449876558602725e-01 -2.925957616351233526e-01
4.839218801261746528e-01 -2.659000739172698857e-01
6.954919589067642960e-02 -2.372478929860554198e-01
3.145182572445871516e-01 -2.678642525052955525e-01
-7.412792921788902145e-02 -2.944913320407250845e-01
-9.252738991335129892e-02 -2.490077788784513801e-01
3.961439352060359687e-01 -2.511282285466475139e-01
2.640741168761451263e-02 -3.086529833463830252e-01
7.613904091256729068e-03 1.580051490392955227e-01
-1.549435827118872400e-01 -2.637838452294274383e-01
1.328234047688914288e-02 -1.094129945294646244e-01
2.677512163376505328e-02 5.603780388810553070e-02
2.222155269951275880e-02 -1.561548948057563946e-01
3.832647454717934554e-01 -2.622933868368011456e-01
2.010406207525872180e-02 -2.274197318919157773e-01
-2.997626155704524731e-01 -2.566195589186074377e-01
1.611425921464348932e-03 4.210718430636208875e-01
1.896383269612123001e-02 2.854447658371451757e-01
-4.092622591551930977e-01 -3.182037088263945934e-01
2.236704270068601286e-02 1.423948003678077168e-02
4.782152304090885320e-01 -2.834852031322441235e-01
1.325557710332936345e-02 -2.371674177064297950e-03
2.253822545014050327e-03 -5.410011515545820604e-02
-1.257784926984892859e-01 -2.591348143663828596e-01
3.236168514969858245e-01 -3.024805070736173995e-01
2.436143219346542654e-02 -2.798808662381827572e-01
2.814827154176491320e-01 -3.211513537868658785e-01
-4.356990434804816070e-01 -2.948517669305151800e-01
2.851556463242914674e-01 -2.706947715736079951e-01
-2.021715691916446955e-01 -2.703634680029396442e-01
1.394645564257143144e-01 -2.461306636362239342e-01
1.360235270705123511e-02 -2.849284433035356168e-01
1.161849977054016936e-01 -2.402876415374125552e-01
4.653030034272692683e-01 -3.229048027860506043e-01
1.552263550156404159e-01 -2.765561897492021526e-01
-1.286006620734303496e-04 -2.452111255896672892e-01
-2.569219744298545383e-02 -2.365990825875639025e-01
3.206219653654565072e-01 -2.807618915399011650e-01
8.372938709826327486e-02 -2.703914482026933408e-01
8.364155834850839355e-03 -4.934558028804996166e-01
3.911087094349559035e-01 -2.956681587518705800e-01
2.831955472551039854e-02 -2.148030199851270750e-01
-1.789633321659844789e-02 -2.646764011992180921e-01
2.244940683584617513e-02 -2.286334874159475783e-01
1.800092377320863246e-01 -2.634076328277840107e-01
-2.698347645364176373e-01 -2.814377343291384337e-01
-1.679641311024779871e-01 -2.674302953116044490e-01
2.438265987432983728e-01 -2.992238635461295093e-01
1.341384202868467490e-02 -3.178691353038588518e-01
2.791551132159453275e-01 -3.083737883322547058e-01
2.968288405473745728e-01 -2.373894045643561990e-01
-3.170721425866896981e-01 -2.483944711393158977e-01
2.535555432041358692e-02 4.666879359301885355e-01
-3.174192327997149565e-02 -3.195517103529720293e-01
-2.815211664767591770e-02 -3.124157015698195705e-01
-3.115748033781196025e-02 -2.391980719080938345e-01
1.531208692022308915e-01 -2.834833969858949754e-01
8.585612408332443657e-03 -2.745930432113424802e-01
2.501718455729617929e-02 -4.300298365648717036e-01
2.141790576538523672e-01 -2.518989050668781760e-01
-1.193351847062193993e-01 -2.925939227594906988e-01
-3.962844156358624748e-01 -2.777849525455304835e-01
-4.420077267145321454e-01 -2.739214373915477285e-01
-3.975684779901113020e-01 -2.846885639602162454e-01
2.736534324340456070e-02 -4.142039873793111893e-01
4.606263547551280313e-01 -2.687593472875146050e-01
-1.516817966943078133e-01 -2.455864446715735339e-01
1.337165290954767105e-02 -8.274546629348533688e-02
2.730293722028653836e-01 -2.378777170423608256e-01
3.499375809546660943e-01 -2.541880945205626796e-01
-3.079725989062807034e-01 -3.065085604642033834e-01
-3.758534136697436745e-01 -2.431848402492966521e-01
2.065304941730659039e-01 -2.647741614462357784e-01
-1.673721255039891664e-01 -2.504868705123599604e-01
3.337774131471404893e-03 -3.624190898720887066e-01
-2.121291228810162632e-01 -2.446055106063761420e-01
-1.027996246725674245e-01 -2.511845505421599345e-01
-5.192509747829565647e-02 -2.866854161988018346e-01
2.461198714688961342e-02 2.086592246344605162e-01
1.993378592236575431e-01 -2.795261962780004605e-01
1.486209753017172508e-01 -2.597434710948313130e-01
1.933281273291254099e-02 3.588547003698963067e-01
1.089428258880564826e-02 3.609964638461333752e-01
4.813478952804183253e-01 -2.735798280623665812e-01
2.186753824021303583e-02 3.290919770739513250e-01
3.516417864338095001e-03 -1.141722467557633180e-01
1.480262845515367687e-02 -3.409091979531593264e-01
-2.255669065341058266e-01 -2.500820730425172833e-01
1.960189554840292558e-01 -2.384637125620522324e-01
-4.732572945357182981e-01 -2.619682699677421400e-01
4.782768697665751301e-01 -3.226967609835987849e-01
3.650184204900042140e-03 4.310084906046502962e-01
-2.466163442954416585e-01 -2.372781385512345853e-01
3.489655272080025572e-01 -2.426937067992595010e-01
3.394082396028527127e-01 -2.357188151437181745e-01
2.470414965594219803e-01 -2.512620048112901294e-01
4.867917326262127808e-01 -2.915615265511789511e-01
1.204952368500233906e-02 2.373031778677968662e-01
9.507835555251820114e-02 -2.596422632920958318e-01
-4.842611388314148613e-01 -2.887410225775941530e-01
1.804282051701788792e-02 3.650183481548892050e-01
-2.421409982493686330e-01 -2.964131104201902511e-01
2.968776030914587194e-01 -3.100723605966084762e-01
2.293224684832093629e-01 -3.225181027684629331e-01
1.966118454557252981e-02 4.978634087340338965e-01
1.822814000823785863e-01 -2.788657777871559329e-01
4.779738054370196165e-01 -2.963596491932870558e-01
-1.015687779132634638e-03 2.304086656250977638e-01
-1.612163814759386415e-01 -2.750697616119989197e-01
-5.608069725208719714e-02 -2.621656743447136062e-01
2.086635095860911449e-02 -3.635815479016307750e-01
7.073432436388948918e-02 -3.119017141628228629e-01
1.245391791378658297e-02 2.077117044123389933e-01
3.550526752989539014e-01 -3.121118273808797250e-01
2.440235278233457983e-01 -2.850346580522776785e-01
4.736477933524543271e-01 -3.036871959358120598e-01
4.028643533490008366e-01 -3.223509944133668981e-01
2.426439271665126185e-02 2.659606817692162783e-01
-3.953442936798502449e-01 -2.670669727216534728e-01
-3.312819884520824543e-01 -3.184368959881102024e-01
4.749683541701642531e-01 -2.374549743037098759e-01
3.059285616296060217e-01 -2.474951289441863489e-01
6.768764910470403962e-03 1.794097697823352489e-01
-3.663283277130978677e-01 -2.457053429578965886e-01
2.669039741491109341e-01 -2.471048066147167876e-01
4.762805834910195379e-01 -2.491512244115342556e-01
-2.366696435665230913e-01 -2.671381786897546462e-01
1.777474845446458396e-02 -3.556010612292096473e-01
-1.639514341452529278e-01 -3.221774459049819850e-01
2.165026913461971514e-01 -2.366519831434547028e-01
-1.767443691723664667e-01 -2.689885490128287593e-01
1.127020406709389189e-02 -3.556746244596729056e-01
1.991828133261952516e-01 -2.360308364858546559e-01
1.492486213132149242e-02 -1.639757763098916854e-01
3.674865615939193475e-01 -2.680699852040558939e-01
1.724960802314610131e-01 -2.758549130900085355e-01
2.107264208708917730e-01 -3.225094280284419579e-01
-1.023749633746832144e-01 -2.957892129083377064e-01
1.666351781362052087e-01 -2.570142443773626439e-01
-4.179773072075988471e-01 -3.040298431767989307e-01
-1.398961215716917339e-01 -3.143733145510445581e-01
-1.467353457934863492e-01 -3.118753345157700974e-01
1.957919283952023193e-01 -3.213030210863706548e-01
8.777779047371125909e-02 -2.915185372675979103e-01
