4.091775983730727706e-01 -6.298037595285432833e-02
5.610362850859762496e-02 2.436972712134758412e-01
-4.194037855455007291e-01 -5.085179807675066499e-02
-3.751286315227575496e-02 -6.654556440595693623e-02
-2.115094580697683968e-01 -6.403449949641037975e-02
1.632550957985434703e-02 -7.051027011086918872e-02
-4.056430790149819776e-01 -4.594236102499349439e-02
3.586887871439440323e-01 -6.341686630873777375e-02
6.375265552901454580e-02 3.057656387518070673e-02
4.818195466047237030e-02 -2.154662464236485331e-01
-3.061044143813507201e-01 -6.988592414112970719e-02
5.371209037636692774e-02 2.552700372243921212e-02
5.038073513465302078e-02 -4.942114632239340555e-01
3.681285159420044639e-02 4.597313988878755087e-01
3.729150377098577884e-02 1.964667316304478106e-01
4.732889264223579806e-01 -5.385331324557318666e-02
3.813901069840525127e-01 -6.591602631796855682e-02
2.774444703074662177e-01 -5.266249610896189814e-02
-3.963159743793863710e-01 -4.232546035902384762e-02
-2.918250534201113355e-01 -6.761484232828274266e-02
2.400546133413080652e-01 -6.900431225844028127e-02
-9.083232899102289259e-02 -6.645102916710465824e-02
5.438945461794442160e-02 3.262504878523864171e-03
-4.873537693078103805e-01 -4.415232315675232666e-02
4.016224260202028162e-02 1.637604042485657496e-01
3.716769256730922955e-02 -3.689117624117964622e-01
-4.588338824219401202e-01 -7.408481410385192589e-02
-3.502479280423831387e-02 -5.914949291638393891e-02
4.255525165524054465e-02 1.304696350320039278e-01
-4.455960274366363993e-01 -5.453076686593805178e-02
-2.823645077101789580e-01 -4.901400338961703351e-02
1.128288651065685322e-01 -5.440390424414942583e-02
-3.167653343242554653e-01 -4.038007713823632550e-02
5.671279367687276363e-02 -2.678254720428148161e-01
-2.471537996724673114e-01 -6.600305364807013131e-02
4.197803982882908347e-02 -4.122298976044619367e-01
2.782627520933873555e-01 -6.733043145700634557e-02
-3.684022471692651735e-01 -6.325715851384361432e-02
6.134217619229120899e-02 -1.594856388327076102e-01
5.705330220452464740e-02 -3.761816864326776866e-01
5.078422151806716300e-02 -5.726667482075131765e-02
5.398641214965049784e-02 4.146905694526225039e-01
-6.824001800823098485e-03 -5.728624112777846999e-02
3.666034695524056364e-02 4.889648187277462199e-01
4.710992189628027127e-02 -1.022256292080379048e-01
4.975126353225445275e-02 2.304593436237095672e-01
3.445653661000080970e-02 4.481888534469469221e-02
-8.240992571524818899e-02 -5.373134217964303794e-02
6.241917068825020287e-02 -4.695119579197633009e-01
3.192888367187670662e-01 -5.190120984015222927e-02
5.116650720767479399e-02 -3.026446131833769870e-01
3.417000044027995731e-02 -4.874400126011686485e-01
4.738705592834679958e-02 4.555079888724249404e-01
4.780751210761735592e-02 -3.114248542785358342e-02
6.271695927465181786e-02 -2.192514079368891311e-01
2.174627340865304959e-01 -6.458701173627245939e-02
3.345080508947690934e-01 -5.555561924017471398e-02
4.668202904557561261e-02 -2.332524054926211621e-01
1.114726677864297244e-01 -6.208369640312072502e-02
-2.084510054664513445e-01 -5.920620529757703032e-02
7.507531242218423717e-02 -6.754563172673444527e-02
7.204982031816065113e-02 -6.707936323452956540e-02
3.551965292767026439e-01 -5.784607758024107316e-02
6.138591498984180550e-02 -4.663872181501701464e-01
-1.815967008861956167e-01 -7.122013046114339385e-02
6.464922146975127237e-02 4.393055235243122914e-01
3.330205552279624781e-01 -5.538315088388257035e-02
5.561311287029291339e-02 7.778281796755925903e-02
3.424795968039229255e-02 2.667663699074006578e-01
3.749075181816197144e-02 3.219288886448445908e-02
7.391895273347870443e-02 -5.036015663807880127e-02
3.563852741880202402e-02 -3.793635383956216467e-01
4.690159526132642309e-02 -4.069487425378056633e-01
5.816943092827198125e-02 -3.489330884610137851e-01
6.562122271226356052e-02 4.424160421440181956e-02
-2.556999202580488850e-01 -5.227531950628561130e-02
4.062236613744729663e-02 -2.409224376082713670e-01
4.516886287824728452e-02 -2.145118547788982255e-01
3.748114081852420565e-01 -4.748171254818034370e-02
2.865147916889078106e-01 -7.339967275703995764e-02
1.861743031601122977e-01 -7.033943260528219277e-02
3.856378240634317223e-02 -5.296001591500110184e-02
4.181370264596007136e-02 7.355883999844337051e-02
-4.792136098221710938e-04 -6.953263348448279757e-02
4.098704000308788231e-01 -7.146214759193803001e-02
-4.741532453500355571e-01 -6.251430707093952321e-02
4.723050598441835835e-02 -3.776181822669029131e-01
-3.660259590462799917e-01 -5.224678787431979998e-02
-4.719319826034005239e-01 -6.359298092662446500e-02
4.626538396486268301e-02 9.080727360710216800e-02
6.514280393641724842e-02 -1.937259998384293080e-01
6.051285886584945040e-02 1.524543089435360654e-01
8.032590340496537085e-02 -5.442368001131758781e-02
3.709940414283408039e-02 -1.750363881042232839e-01
-1.864028782923731198e-01 -5.862151050149155829e-02
3.585145317600502146e-02 -2.335711651470302463e-01
4.289998607810374676e-02 3.187614891160994723e-02
4.943335520683522777e-02 9.743059883137283883e-02
1.334367505630130735e-01 -6.027270272980178589e-02
5.922174656283574201e-02 -3.975449983411432076e-01
-2.680776267988813633e-01 -7.385631999693020866e-02
3.237378068868395076e-01 -5.791605604060034995e-02
4.252591711179487532e-02 4.697778351160607491e-01
-2.105060485395591208e-01 -4.660586641567887600e-02
3.963984568899003857e-02 2.846075667373250129e-01
6.723463231013349084e-02 1.975440006083284405e-01
4.599164248564227009e-01 -4.105153108783854421e-02
-4.778970538020800296e-01 -7.363551009332214292e-02
3.805424538975166193e-02 2.971670656837684943e-01
4.393411373739652959e-02 1.731468562999873839e-01
-1.655314647085845969e-01 -7.045845160045782762e-02
5.021103951765792939e-02 4.438244603571375180e-01
4.858073066175050414e-01 -5.082470316557208267e-02
5.600823366758989064e-02 3.113542477035301514e-01
4.263997094516636110e-02 1.350596558628713861e-02
5.119094800322743222e-02 3.116964319617382406e-01
6.459204092811976494e-02 2.158729852625840273e-01
3.111324189340658464e-02 -5.998722961886393534e-02
4.381742192197346508e-02 2.013183890919778563e-02
-2.934609561037417880e-01 -6.192826469797474420e-02
1.802589574110170512e-01 -5.707563997728370975e-02
-1.319536428760956781e-01 -7.033018408797175880e-02
-1.736180107885310075e-01 -7.167387435531236139e-02
-4.098923188969436637e-01 -5.476912053140892134e-02
-3.769065612461057757e-01 -5.507230998771817099e-02
6.101635879575595389e-02 1.759466282707944362e-02
4.989290376861745813e-01 -4.497834174212622660e-02
4.877603110702856126e-01 -7.230029026273787629e-02
1.026489509437418235e-01 -4.159505754822401258e-02
3.688017851354541410e-02 3.433581797237994504e-01
-9.886867973154411793e-02 -4.673296166523221995e-02
-4.767596260649005213e-01 -6.138383103880462599e-02
6.163432396347179321e-02 -4.994482632879805317e-01
4.144448064321659686e-02 1.434551888187041158e-02
5.942474451939772084e-02 3.485882803009637820e-01
-4.683742409815069285e-01 -4.777672772123708889e-02
2.926467215081816065e-01 -4.890386228639498345e-02
-4.192371612977116024e-01 -5.949667029258565165e-02
5.956642730256056506e-02 -3.734299882409962690e-01
5.658758778889005914e-02 4.215516506014670428e-01
3.455653548054615776e-02 -4.728432938240350047e-01
1.783627368754248099e-02 -4.735035290235034555e-02
5.708135813801840097e-02 2.633364181286236283e-01
5.141772592363680339e-02 4.841062876976365281e-02
4.191409050227712374e-02 -5.439535055109245842e-02
5.980995429536384300e-02 2.942525251134712194e-01
-2.755261325580482534e-01 -5.112424345616894961e-02
6.412749716710475223e-02 -5.275216501039847738e-02
4.785417565336107515e-01 -6.039737355215024639e-02
4.591352415788396701e-02 -2.012892955373768444e-01
5.737060059655185729e-02 -4.909249202481427155e-01
-3.341662567160345043e-01 -5.345057032957434284e-02
-1.477902502463102064e-01 -6.390155115548590281e-02
-3.430631595284336921e-01 -6.720625117641987334e-02
5.421734915221032569e-02 1.011884973908860896e-01
3.080223757394625617e-01 -6.943357937624672349e-02
3.810300695662405257e-02 3.554975052549765868e-01
-2.620941011673562082e-01 -6.097174643590330678e-02
2.851715005683864712e-01 -4.089731616312308748e-02
-3.909847104161812137e-01 -4.335485593628285450e-02
3.708841389042196734e-01 -4.251788247004772980e-02
3.734324153353785203e-02 2.913682339485267336e-01
3.693491795530168265e-02 3.452360682932171798e-01
4.257371906617035684e-02 -1.666573045314281298e-01
5.132618765205887446e-02 2.107655781972472830e-03
2.746685784380291651e-01 -6.924379715589690232e-02
5.424563154992134706e-02 -1.056705835898638091e-01
6.364343257235771656e-02 -4.395516160492233260e-01
3.072889360030477413e-01 -5.152134916344641713e-02
6.130106049809136426e-02 -7.846263776303097348e-02
-1.595530162085418979e-01 -5.250463075443989602e-02
3.805067775096437899e-02 8.752647584119466195e-02
-3.884005767692771949e-01 -4.422388755899897550e-02
-2.679194461397540472e-01 -6.706378028301329675e-02
4.891174477142823385e-02 -3.561150578585159376e-02
5.283009545795236406e-02 3.531114305755388427e-01
3.667815226423443153e-02 -1.018905772916699481e-01
4.373402495989031635e-02 -2.960383658160569142e-01
1.250252669952793827e-01 -6.165077365034288270e-02
4.274921063490666473e-02 -3.461154232597571934e-01
-1.050140037047868624e-01 -6.875114841774920826e-02
5.080097516693338200e-02 1.590394397239530688e-01
4.994848271019898256e-01 -7.274301500519830821e-02
6.172016087338327850e-02 -1.168555575225372900e-01
3.499803157823576649e-01 -6.451634247418125412e-02
3.863633771904348979e-01 -5.010590306986162368e-02
4.810422007908787823e-02 -3.829395468770842026e-01
4.733334500751018581e-02 -3.291012272610088774e-01
4.242767138898451140e-02 1.175502067641347459e-01
3.555078693183471028e-01 -5.784810366395476411e-02
6.201289314605473724e-02 -4.863217798859625907e-01
5.820688405518492647e-02 3.859574901579907458e-01
6.584477660431031776e-02 -1.425349304123851857e-01
3.666180573377952889e-02 3.278064027329202768e-01
5.523941149862710009e-02 -3.704523913772498345e-01
4.410742473743067826e-02 1.144702055408844954e-01
4.317838772812321313e-01 -5.203841985036139484e-02
-2.005074235116409698e-01 -7.190236782319703313e-02
-2.813241355482597461e-01 -4.406755785782090484e-02
4.506849647541943948e-02 -5.435468907777551983e-02
2.234784349454437269e-01 -6.846497860018352366e-02
-6.146456616892947977e-02 -5.693647743026686303e-02
1.145689273131269559e-01 -7.298035284443715742e-02
6.145347671081247132e-02 -1.739345605516340321e-01
4.078223200946029525e-02 -4.896396071620757739e-01
-1.085722083086300138e-01 -6.695353979685347845e-02
-2.580348662272884397e-01 -7.259562917468598275e-02
4.273320539605206525e-01 -5.911862757747921027e-02
5.182400742529003068e-02 3.649752880225427543e-01
5.952056555023654827e-02 2.036825273663991354e-01
4.369470921619589276e-02 -3.097712199936627497e-01
2.206843591616897138e-01 -5.085053072480105740e-02
6.319873835357514569e-02 -1.653336700651879543e-01
4.790343706072954788e-01 -6.530279987981801870e-02
2.474914374524505023e-01 -6.147564104725244949e-02
3.975931465708038015e-02 3.575210693906504256e-01
5.074080893955801308e-02 2.253824799732238038e-01
-1.805033191555667216e-01 -7.126328144814642052e-02
4.635226971994721445e-02 -2.036534382448479397e-01
-3.297843529718528233e-01 -7.289273795344430873e-02
-2.680871555755325319e-01 -5.845063836157782244e-02
4.241645291017492880e-02 -2.682238109552967931e-01
3.989581793973562274e-02 -8.079594630443798220e-02
6.078326493266716923e-02 4.155424504123722551e-01
-6.147673179890400519e-05 -6.873133515811646888e-02
4.664729964360370129e-02 -5.306565996449164047e-02
4.766005032482334425e-02 -1.198488677491391652e-01
-3.209411435225107967e-01 -5.345136224846869233e-02
6.113221843253380250e-02 3.533213035937631252e-01
7.833421145618368886e-02 -4.977402604457648039e-02
4.313285179912121903e-01 -5.086247445932012834e-02
5.540338492743823728e-02 -1.277994490595261157e-01
4.991395048991009720e-02 1.212104743286038788e-01
4.885165912068667460e-02 -4.526996880772844456e-01
1.699692343516706616e-01 -5.525852741705117310e-02
3.020502604627509635e-01 -4.751436441878753580e-02
5.387329821254471796e-02 1.943411782913360142e-01
3.094758659436543935e-01 -7.020796275876584058e-02
4.481919098836983917e-02 -1.047211096485611836e-02
8.572536801268137996e-02 -5.344999949309414689e-02
-4.783480791651362196e-01 -7.078615066672344636e-02
-1.824803079423884533e-01 -4.462713611622004528e-02
5.107379658050648086e-02 -3.314889635992275263e-01
6.509820249035724871e-02 -2.648527220413640082e-01
4.180138869169724991e-02 -4.784122970828706967e-01
3.485214029257033275e-02 9.978809764060014853e-02
-2.762993475709718538e-01 -5.395917367556102295e-02
4.738824333373325981e-02 -4.075983232234223763e-01
-3.190449560238730609e-01 -7.305705953569097133e-02
-2.212854583569038303e-01 -4.151735505779974300e-02
3.555718715067119895e-01 -4.695979786324311345e-02
4.276510217702611527e-02 1.919092734984274573e-01
4.600108205094856073e-01 -4.874333838080935344e-02
8.726843799252448353e-02 -3.968583558513294474e-02
3.340957103538918505e-01 -4.639283195830778972e-02
-9.093140336491334352e-02 -5.044550188471186303e-02
5.149331853684191440e-02 2.721584931678712183e-01
6.575590965045785552e-02 -1.099933744464347551e-01
6.733237852965145986e-02 -1.514687340960002571e-01
6.394974675568054767e-02 -3.299344578784612070e-01
3.780982494921059089e-02 4.703135697558833428e-01
-1.481021007149141422e-01 -7.274556073470928030e-02
-3.726207796953182605e-01 -4.205841413032074261e-02
1.731318109074269085e-01 -4.993381875112157253e-02
-4.080810997661281636e-01 -5.154085691418253123e-02
9.032867083036788536e-02 -5.707877697404728501e-02
2.007592161770554995e-01 -6.319203020825858719e-02
4.863069024904483895e-01 -4.071509288362140655e-02
2.746916089263814476e-01 -5.094456510618994294e-02
2.815011006894518886e-03 -6.864653290162647803e-02
5.395430744705276283e-02 2.715936263466660616e-01
4.864475197395323747e-02 -4.572723848115621825e-01
-5.049997093989000430e-02 -4.236529337857231070e-02
3.883785201941025722e-02 -1.240055213860498107e-01
5.190162931819530812e-02 2.795060344353252901e-01
2.264351876920511764e-02 -5.367246865258523680e-02
5.676787439056374396e-02 -1.445634864310638701e-01
-2.761406801721182358e-01 -4.214710039992075608e-02
5.428955302454085974e-02 -3.832834712189943094e-01
-3.584831163599513371e-01 -5.534427263803998187e-02
5.133962344134335165e-02 4.507754772887726524e-01
-1.024650795098625000e-02 -6.278160863873882835e-02
7.415654643419533620e-02 -6.792790674757775982e-02
8.231792824741124281e-02 -5.970228434121460648e-02
2.070123309403927303e-01 -4.306123475190248850e-02
4.667835145654042339e-02 2.573021938135920950e-01
5.333181443635059971e-02 -6.591561373635190790e-02
5.851692495363025603e-02 1.202442710458148101e-01
5.887444415256037900e-02 2.701892686681509614e-01
3.844894362933223286e-01 -6.166976367818355342e-02
4.396747668773659523e-02 -3.759485072614686674e-01
6.756414347993189295e-02 1.235500176739112721e-01
4.066166410788940588e-02 -1.185397754098278522e-01
-1.057136439393288052e-01 -6.092369164854083419e-02
6.735320415815515549e-02 3.619169449094810087e-01
6.299082714818671214e-02 -4.304567745061842476e-01
-4.911016248043598154e-01 -4.882527847373763219e-02
6.314083351101185126e-02 3.085588186200624028e-01
2.334900498129010016e-01 -5.682661263350696768e-02
4.526413014367569598e-02 -3.069057657867316768e-01
3.707681560820452749e-02 -4.483042479890448906e-01
-3.488456073312773409e-02 -6.602732558394441842e-02
6.620114448337588442e-02 -4.828604258273681005e-01
5.063524923217266327e-02 6.401909859360366273e-02
1.179212468015389259e-01 -4.651629538977519740e-02
-2.818720805533313500e-01 -6.456596437144523914e-02
4.347876639756070860e-01 -5.095588103189629958e-02
5.487712376359543676e-02 -2.538355716000095796e-01
3.682773475204803582e-02 -4.134481174909446777e-01
4.239686269061981871e-02 -1.282129504976213807e-01
3.391582018416094968e-01 -6.123535826526804726e-02
3.846615417265708547e-02 -4.804836501246068092e-01
4.719028794373714142e-02 3.335611228528484462e-01
-3.696319086502340978e-01 -6.564370435136690496e-02
1.451113769092625683e-01 -6.501612585262483979e-02
3.431519263790372420e-02 -3.962368091411531124e-01
8.269236278856950673e-02 -5.510743096813763842e-02
1.822732065008715319e-01 -4.263469897891836169e-02
-4.005284746877657565e-02 -4.873055394412328933e-02
-4.676447201490726568e-01 -5.978152744255260664e-02
5.958108756461255595e-02 -4.728920856231558778e-01
5.949463223465878414e-02 3.869005597024921528e-01
4.885927230251840836e-02 -9.992320314485270139e-03
5.973866875259403741e-02 6.030962749927681887e-02
6.314060705897117654e-02 1.636269475606871859e-01
4.048035205821653992e-02 2.940001336534138199e-01
-3.848655481787010002e-01 -6.060279181875738441e-02
-3.262810715872959122e-01 -5.029876062601879028e-02
-3.581739585059732223e-01 -5.317603174902707508e-02
-1.479653944494261353e-01 -4.475705347828662362e-02
4.828640981521881148e-02 1.957161578002454272e-01
5.830451420528759421e-02 4.323583594461345436e-01
2.427065546649959105e-01 -7.360814700179130199e-02
4.987025889705917203e-01 -5.564419290655153727e-02
1.952412318026556237e-01 -6.624776392667486302e-02
4.271316071366737521e-02 -9.901268033103649557e-03
1.831301865357600756e-01 -4.910323493120427596e-02
-1.648127821159316442e-01 -5.673578057127359742e-02
3.491285190931758819e-02 -3.317514146436921774e-01
4.244879018714409202e-02 -4.070038581749041429e-01
-2.835984958761756936e-01 -4.687257321940285770e-02
3.911424838994305153e-01 -4.428843063523490997e-02
3.511100395976729516e-02 9.422638240991965120e-02
3.351720258657832074e-01 -4.326622982223926606e-02
1.493695490042933338e-01 -4.839007538947526221e-02
