8.858199135738376029e-02 -8.149647990780439777e-02
1.874363342545368738e-01 1.016387398977245393e-01
4.696389065093209414e-02 9.274727857300602007e-02
9.079696295156647334e-02 5.139882191277123091e-02
8.245286393853945572e-02 -2.497177839660654763e-01
1.588193752187134766e-01 9.276329341037992116e-02
6.987710002564861966e-02 3.933654534064685571e-01
7.832015284271920397e-02 -2.059915584589776527e-01
8.444344221212496393e-02 -4.235489258283715586e-01
-2.692982988174918990e-01 1.065961588981647612e-01
6.514127507355316204e-02 6.516398972270442957e-02
7.067662070942271058e-02 3.648101901650723233e-01
-3.237012228250247814e-01 1.088618602574233929e-01
6.705922894403493206e-02 -3.335243352939009087e-01
-2.740791374631730282e-01 9.665820315869955159e-02
-3.350698231326636467e-01 9.965479964418455516e-02
9.366831668013619883e-02 -2.687448813727745245e-01
9.834856817069637103e-02 3.555938863038993203e-01
8.913360698787753389e-02 -2.642974142179500552e-01
2.925261400092062924e-01 1.122927633770616218e-01
-3.358200975976118885e-01 1.017087249154782214e-01
-8.486979231572422400e-02 1.094896404130755174e-01
-1.919005377656003430e-01 1.143942388149427059e-01
-3.508019106693686107e-01 1.349194275743361704e-01
6.763650352778449726e-02 3.854124271838035298e-01
4.939373778150996097e-01 1.129984947083328972e-01
3.505553622031101213e-01 1.290024957879634115e-01
5.047549247922156201e-02 1.025703962579289641e-01
8.517404265854977563e-02 -1.669106793984922454e-01
-1.542964293357533823e-01 9.322080234215590622e-02
7.083601129414329733e-02 2.525280178363407124e-01
6.343918845469775913e-02 4.201502803276048192e-01
7.037671860581007355e-02 2.083980927498453317e-01
-2.738945356546051979e-02 1.299946165601167936e-01
-3.880909706493378408e-01 1.343501523395873587e-01
8.527896922647526523e-02 4.047197452724566880e-01
-4.345969866599627141e-01 1.137990920177730514e-01
-3.255717997990348334e-02 1.255587646094573628e-01
-1.925158236663537803e-02 1.245917573858121852e-01
2.874524515050272955e-01 1.283085383061657314e-01
8.890138465717201122e-02 3.624677382838050743e-01
8.489331632479690803e-02 2.629490184461488189e-01
4.233595749455871804e-01 1.315886729352020446e-01
-2.150644880168006701e-02 1.150592632226562495e-01
9.976306877340057611e-02 -1.077496478923172241e-01
-5.129362317977870234e-02 1.333293042242352788e-01
3.197622387356185980e-01 9.301968540029659227e-02
1.518772267895911465e-01 1.073958577580803597e-01
7.762716847030493028e-02 3.844686721239884974e-01
8.182444524463095004e-02 5.166705015519779121e-02
-7.238291547407471604e-02 1.088918561501194260e-01
7.693784397909175787e-02 4.259563660002130270e-02
2.856061805721161750e-01 1.081578619351841741e-01
1.057225737950198141e-01 1.305424668212155082e-01
3.674863168037224570e-01 1.023511190356569678e-01
5.073328144436606291e-02 1.304494482143101486e-01
1.525730165584117115e-01 1.197446550152965195e-01
7.996648977831888327e-02 1.432423538561454768e-01
9.629900362839094452e-02 -2.025074831568743905e-01
-3.512729341126664684e-01 1.270781962645509688e-01
-7.787438573010629916e-02 1.301245497321786848e-01
-1.147399539376702249e-01 1.013132274708741232e-01
7.477750732129317957e-02 4.096772808223174689e-01
9.042774730990665866e-02 4.311115521653978711e-01
9.144118114592780788e-02 3.957352577127049020e-02
4.858689190296553440e-01 1.119664135343209077e-01
3.781509786471070056e-01 9.293998504065770216e-02
7.710176031533688690e-02 -2.183497418973330273e-01
1.016422795058011808e-01 -1.978318482636041153e-01
8.550551582911913862e-02 -5.736828009313110766e-02
7.851024070568801694e-02 1.111659381213431219e-01
-1.152591884527920385e-02 1.114392416948827291e-01
7.855124424693371576e-02 1.265216123937955572e-01
8.584164836396557252e-02 -1.303990157010027628e-01
-2.701586032244696067e-01 9.409262441338051008e-02
7.997145874787303654e-02 4.106350714779970490e-01
6.388433397756887455e-02 -4.643272941270261134e-01
-4.012845898633988773e-01 1.013537215504011213e-01
7.333363830271166783e-02 1.953177844521032380e-01
2.657826540743963850e-01 1.313060283235183423e-01
-4.999024642784541950e-01 1.176480504093444512e-01
6.454731473373009898e-02 4.521565155908937594e-01
6.303945425401447089e-02 -4.161540266811042388e-01
-4.147696702621680442e-01 9.211610870870123868e-02
1.700256940787158166e-01 1.313764250034885617e-01
6.686680110912612829e-02 -1.740893032690232767e-01
7.665057067183700390e-02 -4.817193952866531959e-01
8.569269485443131718e-02 2.440662328823981486e-01
7.863197742937788615e-02 -4.094914317038576002e-01
3.032673709732272016e-01 1.143374492167543721e-01
-1.446703833196628652e-01 1.011933314039088483e-01
9.619304826260755004e-02 4.478743626299195313e-01
1.118200854514048714e-01 1.002756085441706135e-01
-5.759801237622519388e-02 9.891796242523631655e-02
1.597277665084162468e-01 1.354734111466202595e-01
1.602584476734968399e-01 1.100682889848531021e-01
1.045354078659053165e-01 1.350599366534277479e-01
7.277354888774589803e-02 3.969728167540143016e-01
2.177431531823946775e-01 9.892692881169706798e-02
4.942515104093395673e-01 1.310371891598332006e-01
7.988083385801003633e-02 -4.169626128695532730e-01
3.826554286614158862e-01 1.022026657504426783e-01
9.850072347843519260e-02 1.520407148260218833e-01
9.374713687429403475e-02 -4.313530707439205969e-01
-3.513878039351507887e-01 1.078586630310357508e-01
7.048808546407103748e-02 7.820450217424057548e-02
1.449996986094309603e-01 1.356292469007107648e-01
4.299354506142601950e-01 9.832724430996209186e-02
9.346581820349131320e-02 3.560229457044095103e-01
-5.418007142340308668e-03 1.199598266573135286e-01
2.157027260335859786e-01 1.266171522452984588e-01
6.309293782077551871e-02 -3.093885050001983217e-01
-3.776113442321866742e-01 1.000648503115681986e-01
8.759796741736969317e-02 2.444136945221901946e-01
7.206641721489082109e-02 -3.069227683065623991e-01
-3.190118447676579816e-01 1.246715041510350064e-01
-2.968988628657983631e-01 1.099895044182325199e-01
9.535636260813584730e-02 1.497998829256097508e-02
9.098502402291153146e-02 -7.692041777509794898e-02
-4.999357973608601347e-01 9.859523830107963516e-02
9.446010539164684250e-02 -4.914573464287602667e-01
-1.788114462887349099e-01 1.276457348574642214e-01
6.648837380158989507e-02 3.835155584810980844e-01
8.405696693503794670e-02 2.570610387164801169e-01
-3.436007461525666384e-01 1.311397669844207581e-01
4.873520930568614462e-01 1.259854983942142459e-01
7.993273140840018165e-02 -2.746071026810793514e-01
2.317887543226460068e-02 1.133419368090220480e-01
3.067618336258004508e-02 1.163883606897161416e-01
-1.705500257344677584e-01 1.200384519186751264e-01
7.031898267301373018e-02 -2.422153450971169519e-01
1.708327860645807439e-01 1.205835378312138939e-01
3.513976993271269444e-01 1.019209866004442411e-01
1.007840506390346169e-01 4.761028309205836972e-01
-4.662214274988296658e-02 1.065819258521985002e-01
-4.057350481026840150e-01 1.244768520990612304e-01
9.785527490713974430e-02 4.024554865385651103e-01
2.649203539225766235e-01 1.294736333842547715e-01
-1.857143044684063105e-01 1.050413854233004374e-01
2.121901238254449984e-01 1.353865895254834362e-01
1.023224290977634565e-01 1.217520987505024133e-01
6.660399173034836640e-02 3.369232186932941131e-01
3.687901328889195973e-01 1.218009714430786650e-01
1.210440381783048913e-01 9.337435261199011904e-02
7.014894955197292781e-02 4.040227374459719467e-01
1.009948117530302669e-01 -1.700356037586011615e-01
9.409530843144064960e-02 -2.591119323005938169e-01
8.301680774742814517e-02 -4.289593033879240958e-01
7.232582515106256160e-02 4.156888636473163867e-01
6.116582492695510354e-02 1.348242493507607609e-01
6.289283523774746865e-02 -4.872458625387487974e-01
1.230975387588495451e-02 9.469508844458840446e-02
2.858243537384415056e-01 1.109495347397065901e-01
7.718751463000961266e-02 -2.026557840782117204e-02
7.429636484820090203e-02 -4.381728776561598648e-01
8.377288060701715278e-02 -1.645784756274690785e-01
3.936558722598018090e-01 1.119656278502437763e-01
6.946708829522274531e-02 -4.135364142415280941e-01
7.698776388217576372e-02 1.830003666880177793e-01
-1.101571813486871276e-01 1.006434157800892848e-01
6.947262998598913164e-02 -3.011695866570377467e-01
9.729997669236845059e-02 -2.547041655407030758e-01
-4.522233858755581037e-01 1.137418920113493215e-01
-3.767929914549358328e-01 1.145525221911050107e-01
9.941980289592089459e-02 -1.651902544707261056e-01
6.479387383892754038e-02 1.186088646181981954e-02
9.805774570273495527e-02 3.596282298066777461e-01
1.983233762642452325e-01 9.390530819592624034e-02
8.592820237203779854e-02 -1.344648825817694737e-01
6.895899364377389151e-02 -4.026711236395664750e-01
9.532851761831029336e-02 1.396916616218889517e-01
-7.605937257431527598e-03 9.309409757564102161e-02
9.870924705950367972e-02 4.647457541857552554e-01
7.301187811984832798e-02 3.247931793494777120e-01
3.348731970964399229e-01 1.231698999072508016e-01
1.128503095739639139e-01 1.088380285723050678e-01
9.291136905897323661e-02 -4.917394394039265038e-02
6.585914453210939268e-02 4.967149827156188691e-01
-4.194805347960699482e-01 1.018556019238762156e-01
4.581996998770406782e-01 1.372045312412821794e-01
7.553974592821022238e-02 -1.947845331591382401e-01
1.238947580589828679e-01 9.868812380892633129e-02
7.193253949846767359e-02 3.850935106474343561e-01
1.237134023973970320e-01 1.033700669979963349e-01
-2.411896276381392257e-01 1.196460531643893654e-01
4.142103078439443031e-01 1.375200176520384732e-01
1.517420628098926638e-01 1.229641271321195717e-01
1.011384043141474454e-01 2.953243386847043128e-01
4.046596860954534414e-01 1.231672011973566905e-01
-2.392216494181605979e-01 1.235382432312884804e-01
7.735044789565559409e-02 -3.282898202507850138e-01
1.522243769377673583e-01 9.554011615558988257e-02
7.947588391910942462e-02 -3.692194986691752501e-01
-3.788544770434343345e-01 1.041392975006989463e-01
4.582722719961409563e-01 1.122445635993318813e-01
-1.678657823723180842e-01 9.895814144242975896e-02
6.335490172135183062e-02 -2.572917554325289125e-01
8.802069021484504319e-02 -4.251845952294909248e-01
-3.109809464947816959e-01 1.165089222566112470e-01
8.018549638524752332e-02 1.389711865916741784e-01
-4.768040955168955097e-01 1.281602140991142669e-01
9.271691451358832214e-02 -2.979380264470099515e-01
6.818514664143016102e-02 -1.997718543504398703e-01
-4.392082873529636888e-01 1.033668509151243198e-01
-4.097173025322812245e-01 1.331140183455817860e-01
-4.517794846063428738e-01 1.301266878498925639e-01
6.868286526144951054e-02 -1.424708484830402577e-01
8.673424507897731228e-02 -4.584360346713433065e-01
6.301751115914433488e-02 1.714611847146583212e-01
1.405600179462523913e-01 1.121402671674222029e-01
6.511165939643981382e-02 4.756204493337612416e-01
3.235204577360267786e-01 1.231858992385038709e-01
9.646897818051314299e-02 -6.349696616785649450e-02
8.155810892578829741e-02 -3.739058686549173727e-01
7.827090048856621962e-02 8.857995596796630622e-02
1.955906175984705175e-01 9.910775636865332139e-02
7.838017096393723460e-02 3.317267175635885135e-01
2.696066115124607920e-01 1.363267798971250500e-01
1.149131008852519731e-01 9.777848615752560146e-02
6.606333448318113533e-02 3.850755852853722239e-01
4.237022799487866198e-02 1.268639543937325476e-01
6.784575709368267926e-02 1.394294573253260783e-01
4.539339398748049037e-01 1.126264878285964111e-01
3.153494594413017715e-01 9.933157151703764232e-02
-3.651382517981454079e-01 1.244763002532124352e-01
9.131634548448619437e-02 2.119882109783932655e-01
8.755299560464324671e-02 2.009434347829250900e-01
-2.049506837434170725e-01 1.363504400301066566e-01
-2.773157516403161882e-01 1.219901217819631123e-01
1.126450949983807126e-01 1.116512839056797990e-01
-3.549444559074588224e-01 1.203434426511570399e-01
7.079534188474634337e-02 -1.630864851252588066e-01
6.860347445442682712e-02 5.288441196599058536e-02
9.784417024910252447e-02 1.119779214525982169e-01
6.449522566333854012e-02 3.192509835530481510e-01
-2.462376068756881864e-01 9.838657621987756396e-02
8.129905544261128991e-02 3.698913645810074646e-01
-5.949506871925525076e-03 1.009427890829709407e-01
-4.346628387370420343e-01 1.222645713714172189e-01
7.983892451651086741e-02 3.869183172871242249e-01
6.765385788256550459e-02 -1.860481824564295117e-01
-3.543871434925576214e-01 1.143288950016662087e-01
2.220947168764767499e-01 9.234179224700289623e-02
9.724857975418499390e-02 2.499003310229516162e-01
-2.227852555688664138e-01 1.098721040580469266e-01
-1.708429833938813758e-01 1.133727525557319815e-01
-3.203922499647123834e-01 1.104957055090729501e-01
9.796254175637120198e-02 -4.418266812539483057e-01
8.003553065426571855e-02 2.800743467396318298e-01
7.678994685593087954e-02 -4.177343921011715810e-01
2.762436502095623192e-01 1.246528293646484986e-01
6.460303513052900737e-02 -1.596674394323095436e-01
1.001091819265035321e-01 4.236244649036047250e-03
6.672514566953102744e-02 3.833240898345705583e-01
2.529638428279126217e-01 9.893093017048237847e-02
9.624726572770814226e-02 3.173777287771074596e-01
9.295185492989554987e-02 -1.406982040095831055e-01
8.591832861709580715e-02 3.496991086627238010e-01
-3.595573794125840328e-01 1.219659487528022002e-01
-4.026574801243882895e-01 1.260555672230622148e-01
2.910966790260836046e-01 1.006397619469053817e-01
2.639901187238307134e-01 1.307755994741951477e-01
6.883990089561664583e-02 -4.282832035293198114e-01
3.911027516423111194e-01 1.124786833843549605e-01
-9.803542703987278006e-02 1.159382335394416597e-01
8.217281040953594573e-02 2.119327965455631846e-01
6.448748583088637076e-02 -2.531432828002835311e-01
-3.972137889159855773e-01 1.139780641776715342e-01
9.981983488783086056e-02 2.674038906719992115e-01
-3.107940352823165275e-01 1.193720363554464647e-01
-2.141950417799456385e-01 1.015561984996486977e-01
1.700666953346128274e-01 1.238423260638686907e-01
9.939582138879332618e-02 -4.339641982084392335e-01
6.995342239032831255e-02 -1.921116528120280220e-01
1.014699253904055576e-01 -2.124223563150783312e-01
6.828572757420514616e-02 2.581742003509215344e-01
-1.598142033448665122e-01 1.200583527847175480e-01
9.128996681522361101e-02 1.508219155900258901e-01
9.896333814951940866e-02 -1.980560121636119053e-01
2.735113956084889164e-02 1.294670698294995148e-01
7.373226859565196190e-02 4.501339428292335798e-01
-2.377781227542185016e-01 1.203781783877025946e-01
2.123552840332143532e-01 1.131582474048201670e-01
-6.065585304988596604e-02 1.274847166626922323e-01
2.384102953567016625e-01 1.306840331504500741e-01
-1.989944516683282982e-01 1.101813452314339692e-01
-4.575597596863286709e-01 9.322840838751733639e-02
-4.067939564761563487e-01 1.273143708083817049e-01
-3.480719121898991908e-01 9.255501810421795650e-02
-3.711895817605530556e-01 9.434738862697467088e-02
-2.381897982332487063e-01 1.017877109048069828e-01
6.338988729215211393e-02 3.681436079701554398e-01
-3.445440504017411865e-01 1.181104552060789903e-01
8.484258341876627085e-02 1.725696426957604723e-01
2.103139678615897346e-01 1.105384896199225198e-01
-3.309463979795967958e-01 1.372813106132703131e-01
-1.066241557924539896e-01 1.018108156545757259e-01
3.352201743255409649e-01 1.046791895969674258e-01
7.206766959706334408e-02 1.709078906371972462e-01
-1.938866260309832779e-01 1.341036220193151385e-01
9.162964888797253682e-02 1.621874199858326371e-01
7.453613954286097965e-02 7.742605662003021472e-03
6.390918727976369063e-02 7.755416327461961412e-02
-1.133467443624891491e-01 1.333140760398880964e-01
-4.521345985640751186e-01 1.254824614865704957e-01
1.875788966408875602e-02 9.335594481046638471e-02
4.688048462209168932e-01 1.275999209672158408e-01
-1.963839165763154870e-01 1.143063097931196204e-01
8.310985806009529853e-02 -2.118721413370795448e-01
6.968340623228297392e-02 -2.522179979097368685e-01
9.795082572416635713e-02 2.629702655216679119e-01
1.001457223462173252e-01 2.246800506508730422e-01
1.438087706351744988e-01 1.195084886389877754e-01
8.769796436098498127e-02 -3.412259438707486714e-01
9.471856328368810640e-02 -4.661787404370641985e-01
3.399741765264715498e-01 9.461195520589793517e-02
8.641268338043450736e-02 3.344415904195698896e-01
6.321222302912388180e-02 -7.572315342327573529e-02
5.781247725211591248e-02 1.144225494104911256e-01
9.401759849329838215e-02 2.028761581738954822e-01
7.940327730088514446e-02 3.059465330819468587e-01
-7.329956046120911228e-02 1.172145739111859486e-01
6.705671571020577204e-02 2.803814632274437280e-02
7.954688277460209012e-02 3.412256744394621677e-01
-5.227159111067181119e-02 1.252042917109850162e-01
6.970258630264225541e-02 2.347239999934342958e-01
3.764743673652303224e-01 1.126499859495176947e-01
-3.649433044432980333e-01 1.006875374662278277e-01
8.754935199197200202e-02 3.747876308752786656e-01
6.911427572416628529e-02 1.237294003624267447e-03
7.324019335708686906e-02 -3.143390170934698968e-01
9.991519111396451880e-02 -2.397748509741627343e-01
7.625684011991074041e-02 4.027209418251573858e-01
-1.073204816163758624e-01 9.378476383669143157e-02
3.770209432721116638e-01 1.050311461330047935e-01
9.580761519481317823e-02 4.278282620618173437e-01
4.499551157334382712e-01 1.229286473735118346e-01
-7.238222201729105354e-02 1.116792092189913266e-01
9.376292773945382741e-02 3.460110030059870834e-01
9.627385541885213893e-02 3.008049817183853225e-01
-1.560294340743212382e-01 1.051501554636365965e-01
1.260745411959590667e-01 1.266177210314375357e-01
6.632116610295191172e-02 -2.401137038174938620e-01
4.963662005392064369e-01 1.183566634471207024e-01
-2.150453088389263634e-01 9.295554394428651168e-02
6.783321524454621887e-02 -1.610771316930873498e-01
3.554715213521475459e-02 1.306247603771515386e-01
6.587369025015510360e-02 -3.080323414643054702e-01
9.795332938764877984e-02 -1.314399556783362177e-01
1.008997909144170313e-01 3.894774639869842403e-01
3.585825822585561040e-01 1.201834707449669359e-01
-2.681318906954839321e-01 1.055761619719549627e-01
7.643363569124128620e-02 2.733404555157556981e-01
7.516295224030455913e-02 4.993972754915904089e-01
9.799644921482353332e-02 -1.930932619887926194e-01
-3.284132232815119012e-01 9.635390653628095325e-02
-3.480010385033605047e-02 1.244387258881258784e-01
7.062163902801588122e-02 9.218659740365553468e-02
1.867898463592032599e-03 1.325046120331992983e-01
2.084167604705777777e-02 1.024995068572157608e-01
8.699094151123554219e-02 -1.835753138625825232e-01
-1.356647243585479279e-01 9.510086688125896082e-02
8.656297859706862940e-02 -1.289402287168076588e-01
-2.968673452083678832e-01 1.213887284169983261e-01
-3.208864607713912687e-01 1.295781159206089717e-01
7.526048508826710393e-02 4.566438061635611501e-01
-2.810824655322863297e-02 1.287965946337028544e-01
2.907020934123646372e-01 1.131932082707265419e-01
-3.819003166897426693e-01 1.287135714779685802e-01
7.474803478604052920e-02 2.982047697284234689e-01
-3.549549639809845836e-02 1.128398215644286218e-01
1.049391374647590247e-02 1.120605085412200719e-01
4.087120714665275489e-01 1.005011513148518221e-01
6.353979866694381418e-02 2.801181857181066492e-01
-3.261244604480506570e-02 1.342698646063146262e-01
-2.738619975673890483e-01 9.965199485542297619e-02
1.329864513995637765e-03 9.552779143813994178e-02
7.031586350085594628e-02 2.778208671060011792e-02
1.571799104751006038e-01 1.177146361483462078e-01
-3.623794229084895679e-01 9.676185392725666912e-02
7.259642862807336172e-02 5.086539514525811878e-02
9.258400214703776943e-02 3.581716080548816850e-01
-5.975508265794238216e-02 1.272620272765927485e-01
9.317882632244900432e-02 -2.204240266188396413e-01
1.563417763453346376e-01 1.153303455971441682e-01
8.424404550500308453e-02 -2.517695755348970943e-01
4.819996430906566820e-01 1.360984037205632546e-01
-1.761128178705326786e-01 1.183628721342133705e-01
1.401672541917854398e-01 9.499731658765764308e-02
7.025032370555706063e-02 3.730301934703925681e-01
6.372570409392797064e-02 -3.858422551670834810e-01
-4.385283079267776607e-01 1.320382399720487765e-01
2.019691371058981444e-01 1.012230458473462047e-01
7.060697126255399692e-02 -3.059185967276047968e-01
1.900457826540540296e-01 1.094502990390863184e-01
4.416947955888053112e-01 1.156922859055831143e-01
2.489162233995637630e-01 1.108908044270164872e-01
4.289815180950782292e-01 1.308373064871891645e-01
9.247310687640175608e-02 -4.889481910480507620e-01
2.481736324281811346e-01 1.165726779226172738e-01
8.962359863120261672e-02 6.139898054848935693e-03
6.586857400089796144e-02 4.594033888699623480e-01
7.033338794304078156e-02 -4.538130762197865042e-01
2.390336732911200190e-01 1.192968423669908962e-01
4.264581541386542884e-01 1.238731069406829866e-01
