7.725474551417776947e-02 -2.603548551480382445e-01
9.719486089304474330e-02 4.884189774836078524e-02
3.001116711572944240e-01 1.107545414537769446e-01
7.952451113182901210e-02 -7.883583129437998771e-02
6.760945374794413709e-02 -3.130823233201699418e-01
9.723518774121420183e-02 -2.845964107358589512e-02
9.555785465363286768e-02 -1.101604303560801412e-01
8.205125793482581642e-02 1.251050254937464690e-01
4.924164275697547888e-01 8.580913561081759955e-02
-2.513277733027129424e-01 1.109986822515107718e-01
7.263360278882946552e-02 -2.551157400580170709e-01
9.050862358918276840e-02 2.164771541402283894e-01
6.363537571455413211e-02 4.486390980616287161e-01
9.246770155630978927e-02 -4.918534833301682063e-01
9.841308768104728433e-02 -3.939503047496377697e-01
-1.013916418895144389e-01 1.017997353247187542e-01
-2.909238814753634106e-02 1.189164372428190841e-01
7.878965775671509242e-02 3.138538010214547702e-01
6.516949250780879055e-02 4.160497356912894462e-01
-3.941478224184635781e-01 1.059577710718845323e-01
2.813121407209573377e-03 8.589476779404903173e-02
7.782273076328294348e-02 -1.990578289098851039e-01
6.925611554259325509e-02 3.140539964845071585e-01
6.975693937104043840e-02 4.343507406426350137e-02
3.341688143369062614e-01 1.071037856558230139e-01
-6.732502683569285828e-03 1.028291171975179719e-01
7.970305028836133232e-02 -3.423209086276501889e-01
5.224003622912487543e-02 8.159042833654150950e-02
4.470562550667469548e-01 8.219478998089990718e-02
-3.796668973326478014e-01 8.394940879968859626e-02
6.268238216216326375e-02 -3.066546899284636751e-01
-4.762887814575484935e-01 1.211016122982236931e-01
4.711889232830054342e-01 1.162854032097925261e-01
3.775447314550902655e-01 8.754230108355687268e-02
7.885761865207951971e-02 -3.372600182990698192e-01
6.173685308481791090e-02 1.155717692994917556e-01
4.334137194700296014e-01 1.222539566291588331e-01
-4.244570417862547629e-01 1.232224491979680980e-01
-1.409538998460090342e-01 1.065763072097130060e-01
3.517182585406783968e-01 9.783148916155925967e-02
2.649357376451105806e-01 9.054862877813107946e-02
2.326909795877685205e-02 1.085491831698734977e-01
7.246840943510868271e-02 -3.650797822184560504e-01
3.490164575798663238e-01 1.224227625506149053e-01
7.924071984128122637e-02 -3.662227741150866356e-01
-1.727239427230141677e-01 9.748819020361632059e-02
2.408149514885622455e-01 9.867283482980138132e-02
8.709931378033541893e-02 -1.856196125669353769e-01
7.508465569579014787e-02 4.261825659973268454e-01
1.497936299689737183e-01 1.098046043737495037e-01
6.321234750562498839e-02 2.581763823611932240e-01
6.342965946086243090e-02 -1.008026552870792125e-01
9.798162222906958707e-02 2.989700682779964369e-01
-4.312683428185155599e-01 1.137449116720495867e-01
3.066229280824892545e-01 1.196855340181000038e-01
6.376342793760458871e-02 -3.877736908654281223e-01
9.173768486462829941e-02 2.075223662062792851e-01
6.451886522338545760e-02 3.673874096706253312e-02
4.885583512566920028e-01 9.229302344973944194e-02
7.506161339458272685e-02 1.308913842158655472e-01
6.180270282874700261e-02 3.783690903617488166e-01
6.748669541147489515e-02 -4.634637591681045610e-02
9.671667397029692914e-02 4.674755102683018082e-01
9.052585465434570544e-02 -4.745440040527282299e-01
7.125288994326706149e-02 -3.130681393143045499e-01
7.819737046976638073e-02 -3.209603775032743300e-02
8.014441338521416380e-02 -3.199771491838030446e-01
9.980786345764380840e-03 1.171280345298228998e-01
-4.802035953298052773e-01 1.031159126795512249e-01
8.862869659088890018e-02 3.473681187251185243e-01
-7.490265644154270319e-02 1.158904223195629246e-01
3.103222963604163054e-01 1.214381572170851742e-01
-8.137684823639679266e-02 8.370456599641362683e-02
-2.135002776600152252e-01 9.924591534910143231e-02
6.378638239155198786e-02 -3.623065500723431365e-01
7.089865695981945048e-02 -1.158415604586464642e-01
-8.397571587476859722e-02 1.046890445986500273e-01
-2.613927122506910505e-01 8.858205178869582586e-02
-1.961009187012593413e-01 1.205827849794501860e-01
2.944504739690501083e-01 1.170633536566844102e-01
7.661750269072986619e-02 -1.480965656489930948e-01
1.479325929257305772e-01 1.046009589590514155e-01
7.855320255667541662e-02 4.262395837336416804e-01
-3.793137953401385376e-01 8.371343131841058050e-02
2.433203608843816923e-01 1.209508981453505383e-01
6.419038485721129117e-02 -3.062833477258308790e-01
8.702677893010557497e-02 -2.133776017680980575e-01
1.097154739807982837e-01 9.153341964143180132e-02
8.306980163012211982e-02 -4.973809335595026360e-01
-4.218632129243548023e-01 1.221619562244600221e-01
4.557151185128619497e-01 9.672818155729456802e-02
4.386438620818187140e-01 9.150431867696440236e-02
9.841035620076732382e-02 -2.012428416063943848e-01
2.713688344519374906e-01 8.498355718701722239e-02
9.540019601156024542e-02 3.146012122583411452e-01
-3.192148133467875848e-01 1.090321280504069623e-01
8.046091745514771798e-02 -1.124491261503099970e-01
6.338105244508285274e-02 -3.688292706831288736e-01
6.881136462139525456e-02 -4.914135543432640585e-01
2.995630524726485833e-01 9.589207618258011045e-02
9.512233065938668908e-02 2.485526819202611426e-01
6.876307460523756188e-02 1.641245840824896440e-01
6.356442932556882752e-02 -1.571070995289567396e-01
-6.720988473344258196e-02 9.895097048416312546e-02
-2.773244642525917181e-01 8.353262927838178697e-02
7.209388804370597814e-02 -3.859180844573462110e-01
8.207421754775834355e-02 1.764032778468838103e-01
7.341563302027531712e-02 2.389406305162171673e-01
3.762116695232846642e-01 1.142327687591720986e-01
9.428757995568137762e-02 -4.661708480375242880e-01
9.724260120045014055e-02 2.316506784539358321e-01
9.443697753622681823e-02 -2.598695550203238280e-01
-4.827934899197755536e-01 1.132743260991314616e-01
-3.789612522520353632e-01 8.954133351537252317e-02
-2.554026827827117208e-01 1.101157531802534617e-01
1.150070515290567696e-01 9.618599822175510905e-02
8.107820687038835850e-02 -1.773038014480263769e-01
7.101007897237987532e-02 -3.047266913325317184e-01
8.585926107074215441e-02 3.671962092630429719e-01
8.768228471979078176e-02 1.026083713606605885e-01
9.483531061489736125e-02 -4.743518428786733798e-01
2.048734838721761875e-01 8.212974843989340190e-02
1.177262256178384092e-01 1.074072523577213056e-01
9.524123102434767230e-02 -4.096514968431230752e-02
8.740609745027305699e-02 -2.887425808765298196e-01
9.317632194520242273e-02 -2.534120078575422541e-01
-1.822016627494049690e-01 9.446127190319597577e-02
1.642780979965476895e-01 1.085812649238713234e-01
8.442479260000523844e-02 2.995049757780905431e-01
4.299145530775630997e-01 1.102295863836182388e-01
8.606996742699457581e-02 2.700277518530849186e-01
9.543091309396445343e-02 1.616771316278491355e-01
2.337348078499384973e-01 1.095831648531752078e-01
9.213655054277869461e-02 4.752490771121185009e-01
2.008225392121905095e-01 1.233944014672434530e-01
9.382481439336531892e-02 -3.008267982540147045e-01
3.212539605761589590e-01 9.192443734144539746e-02
9.224820425702218163e-02 -2.717631090830265883e-01
2.007717362804606331e-02 9.816840446504726536e-02
-7.073689979358999125e-02 9.749552842697140065e-02
-3.283204841074317537e-01 9.254733240289725327e-02
2.873812856200826937e-01 1.012531214120219181e-01
8.147862204494549232e-02 -1.731431727369032725e-01
6.518381559838326567e-02 -7.003340167594052090e-02
-4.660538620211251981e-02 1.233224086523820873e-01
6.344896288667190021e-02 3.776238501158005745e-01
4.598493221929098596e-01 9.491362146784376730e-02
8.342603250444313723e-02 1.054217851395579109e-01
6.307024944545869261e-02 -2.741297487810026023e-01
7.695333284541694407e-02 2.261198886019607501e-01
-4.136479856271485511e-01 1.172092438015928106e-01
-4.067789245879785964e-01 1.002814898497023099e-01
8.959902978747991131e-02 -3.645049996763519706e-01
9.387918724924260161e-02 -2.778236123039096173e-01
1.068355241402134670e-01 9.040133603772870785e-02
9.287640050592260721e-02 1.430149222897414418e-04
8.596210438165552414e-02 -3.193734466589739363e-01
6.514303798242970789e-02 -2.222709261312841855e-01
6.097780293312571320e-02 1.644655136106394355e-01
6.653571203975272574e-02 -4.956618368138249187e-01
2.201908770412256411e-01 9.425939284536288820e-02
-4.818379682505756767e-01 8.455499304735936139e-02
-2.107388411808212014e-01 1.201086396585979710e-01
9.049710955303824633e-02 -4.705065909605512520e-01
8.643543594557001608e-02 8.564233164609735827e-02
9.591401722954773224e-02 -3.715877389176985846e-01
9.907823338976129435e-02 3.233248171929695713e-01
4.688923387861467784e-01 8.800117029121679035e-02
2.583309091334863306e-01 8.740429642518909858e-02
7.892261268794054097e-02 -2.482611176314215573e-01
-4.287672039745147323e-01 8.719258234918902950e-02
-3.185371952215029223e-01 9.822705876805304381e-02
1.082091931357537229e-01 1.166550049048103999e-01
-2.607389660027933376e-01 8.698498691191425269e-02
-6.963609506138435101e-02 8.275943797792195689e-02
3.263112729579605853e-01 1.075720770800130399e-01
9.494523735967919098e-02 1.706602288819724089e-01
9.061913154044987095e-02 4.840075161974525253e-01
8.020008733699579562e-02 1.424077091029227748e-01
4.419435736815543470e-01 1.078603839509904017e-01
4.405755477014843269e-01 1.065750148840094447e-01
1.408464818369633553e-01 8.328694709379647065e-02
7.493574075848952187e-02 3.417463578964589077e-01
4.077053259900753623e-02 9.902177254343547119e-02
-3.730846259689986066e-01 1.131755375046311629e-01
8.649988566549349223e-02 2.087582261707912057e-01
9.799984091921154494e-02 -5.802025232574870017e-02
-2.231944588164846976e-02 1.213121117389603931e-01
4.753551452204084482e-01 1.053313872519081595e-01
8.432363476759452414e-02 2.283418615533449048e-01
2.103424165102574239e-01 8.285328281155013297e-02
9.522900698562664079e-02 3.186146466137320665e-01
2.274997221728932706e-01 1.217469007086665611e-01
9.566678342657830569e-02 2.136860239742910395e-01
7.141912565109609368e-02 2.476924835753934184e-01
2.193289450057820389e-01 1.138412440900438138e-01
-2.632667488058580973e-01 8.799830639014183387e-02
1.514622164589608522e-01 8.586577393620442589e-02
-5.837624218776826801e-02 1.169981466862580755e-01
7.513279492132696191e-02 2.378121361282857782e-01
-3.377090793842985050e-01 1.029403490395804921e-01
7.619642107801771758e-02 -3.952443938810721313e-01
-4.454839067837502720e-01 9.253426608453785285e-02
7.085514670116099811e-02 -3.063883229513904016e-01
-3.992237561267063528e-01 1.155874126271508873e-01
6.121908946770693305e-02 -4.218129449615916071e-01
8.943280066709924370e-02 9.059902934940278207e-02
-4.473832537452213653e-01 1.205623618874666070e-01
-3.796070160483322464e-02 9.427957373986284306e-02
6.149297439072398674e-02 -2.378139626765040093e-01
-4.217366381879948944e-01 1.215226633899745279e-01
9.894340009944457837e-02 5.816167148195561243e-02
8.775001338334553758e-02 5.466828482112062737e-02
8.614949795153825640e-02 6.008628040803387638e-02
2.500508634700693289e-01 1.075058065678496932e-01
-1.913639900696864071e-01 8.972126370286737096e-02
-3.861274490185123698e-01 9.186438479941783086e-02
8.405706385414168924e-02 1.838976292908257593e-01
-4.879972052187544485e-01 1.020454338538351324e-01
8.494185785474284156e-02 3.927040474727538921e-01
7.072818258614477216e-02 -4.589296805843656735e-01
1.120173950258323003e-01 1.235708886547575158e-01
2.402726000679911156e-01 1.074595972527334631e-01
-6.327088163614524863e-02 1.002458583677330317e-01
-3.695760891052173314e-01 8.835180708238898895e-02
4.408946986791761891e-02 1.235821169598037006e-01
3.191476936599797476e-01 1.077778292293756213e-01
-3.041239429663635807e-01 8.654360906818003851e-02
2.409448096625939062e-01 9.974624230236017741e-02
9.139808565802776119e-02 -2.842210073659467984e-01
4.837346386641987461e-01 1.110653849601610510e-01
8.681939115863435141e-02 1.322222646305004634e-02
2.343459530269712543e-01 1.087051440227536636e-01
-4.530948687851066303e-01 1.152989701123753319e-01
6.304082528663890184e-02 -4.103161489249931293e-01
8.362480603018906944e-02 -8.685695518500113899e-02
6.561781461733207088e-02 3.169882757233493109e-01
8.776757954248781690e-02 -3.061506352297176381e-01
-3.420908176198691475e-01 9.841778326219907669e-02
7.699777299403021136e-02 -4.633983224156698055e-01
9.448964214710764420e-02 -2.864018064382051199e-01
-2.568284158917465421e-01 1.073638235482663461e-01
7.294680812443321560e-02 -1.974443567125966359e-01
7.737697096868989544e-02 4.544988609933252599e-01
-2.177994972405792318e-01 1.235961101946060348e-01
-8.901275749451542652e-02 9.636458999940533676e-02
-1.653791401193847044e-01 9.642847637466966937e-02
8.030058457710986808e-02 7.148165876618106651e-02
3.222559646124392163e-01 1.225939783208638278e-01
1.823819122454191088e-01 9.836023144773187177e-02
9.366535067663794845e-02 3.379486513436251727e-01
7.669665323578156446e-02 2.535469643472880730e-01
-3.512119289841534320e-01 9.892008560715304100e-02
4.651338092727966833e-01 1.211472231151442536e-01
9.588629921623503805e-02 4.065292167535897727e-01
7.895718080809532857e-02 2.733024788941093020e-01
2.532234742955623563e-01 9.067610626658950679e-02
9.750793357770137781e-02 4.941043739995005790e-01
8.029125638097711626e-02 -4.702649836071421952e-01
9.023896949166965165e-02 -2.413172391012092799e-01
-4.918832378676682993e-01 1.142061873305181274e-01
1.754266361114589223e-01 1.214067740803440598e-01
3.528841962530425702e-01 9.850695690337130106e-02
-1.285049549925464385e-01 1.029574239141488601e-01
1.341995543200016350e-01 8.534348270753133736e-02
-7.173716532181861893e-02 8.984970498240985037e-02
-3.094190482817650301e-01 1.016597204301844526e-01
-2.393457505797780271e-03 8.928696212738973514e-02
7.806398804319558682e-02 8.281693587736760342e-02
9.005636562854724136e-02 -1.278772735429930529e-01
-1.470732794981548519e-01 9.003052757159180075e-02
9.086114398210898280e-02 2.402900888138337354e-02
-2.707629553985373416e-01 9.533188820289117960e-02
6.399582556093863506e-02 -3.414861329843210669e-02
9.813734792722839106e-02 -2.340352529974614182e-01
-1.293224729593777100e-01 9.811610379757562672e-02
6.696015894067874896e-03 1.234694754235999836e-01
3.376872078891312023e-01 9.461026979970998951e-02
7.897433864153491356e-02 4.001377885440162707e-01
9.893829083285754500e-02 -2.787475225987291472e-01
7.114704825090634177e-02 -3.523634169234957092e-01
4.629296406226256488e-01 1.024390668344943300e-01
6.588321060871438206e-02 -2.506606050225751448e-01
8.289863283807874517e-02 7.291893833494123012e-02
-3.253377650204714033e-01 1.048681566355407213e-01
1.554969499929362842e-01 1.151871203643222152e-01
2.394014037372602655e-01 1.082918665367700317e-01
-1.611725184140673228e-01 1.223783429119866817e-01
7.499667421075772999e-02 3.518420613348840487e-01
9.891579354681578895e-02 1.439110191680426087e-02
1.285423082557389796e-01 9.535839680878666069e-02
8.198448152727733085e-02 -2.242047465189197508e-01
6.731555360022056789e-02 -2.551315933356388399e-01
-3.185438526535310233e-01 1.127849127557726261e-01
6.707515192767632417e-02 1.426061633618342928e-01
-2.595010464869980105e-01 8.289208021330740639e-02
7.522218854733841997e-02 2.071302237247775180e-01
7.364960747412474529e-02 -2.513993200580099119e-01
-3.495037599075184742e-01 1.092199287014413711e-01
2.961975243841985517e-02 8.624840109531528576e-02
9.714666500644009162e-02 -4.984788263681600995e-01
-1.011410056833261795e-02 9.902648337852437699e-02
-4.828438557033486456e-01 9.710873769105865527e-02
2.171893850383004310e-01 8.691781545245347296e-02
3.961376018805016219e-01 1.107466587051733065e-01
1.659326573492114765e-01 8.489775675668231880e-02
-3.784727131489370455e-01 8.244501506652812672e-02
7.209142195248896545e-02 2.701392874269766819e-01
7.823818434889762141e-02 4.107413315046576363e-01
8.437192718901664890e-02 -2.739403295356799273e-01
4.995304043636605851e-01 8.566581649805338206e-02
8.779117846933626179e-02 -1.626120253067853128e-01
2.662684410743227925e-01 1.194238959135465183e-01
-4.146605953664551647e-01 9.853221440107318152e-02
7.309391472284687552e-02 4.623835731822045769e-02
2.564502009356391943e-01 1.027368880618888536e-01
4.153989253961309913e-01 9.828518447665279822e-02
8.709337232308211885e-02 2.632959384763167154e-02
-1.312267011208094747e-01 9.470414173056151963e-02
-2.342558940273908874e-01 1.181399499171882361e-01
8.059423287376810130e-02 -1.306980726571613793e-01
8.522213539973211294e-02 -3.861902246493577051e-01
-4.819178081540886893e-01 1.171853041935773110e-01
-3.115916025370324416e-01 1.121024437181041833e-01
7.359496108251883939e-02 -2.103992622026180648e-01
7.898083021423851768e-02 -1.406780359714290274e-01
9.835790026686819232e-02 9.004678133390742190e-02
-4.897350201714053552e-01 1.045564974429709082e-01
6.218561358048257937e-02 -3.987174600333629471e-01
3.810135169122053078e-02 9.735899684188020764e-02
7.970320489443105672e-02 -4.535065022652231548e-01
3.560035538308017333e-01 1.177044834488794045e-01
4.331510581864219667e-01 1.016140288750463361e-01
7.469604329019763345e-02 -3.799082583929694890e-01
9.398962143919409318e-02 3.426973617134675409e-01
8.717794815726642721e-02 -2.183482470034159295e-02
-1.302684334313592984e-01 9.691787593129863598e-02
1.516779008813740059e-01 1.182168418225930662e-01
4.203242025995745923e-02 1.007751580194635732e-01
-1.863434083905134431e-01 1.025496768825853167e-01
9.765448807570198397e-02 -1.277756984866139645e-01
2.636193635539073599e-01 9.271561296034369626e-02
-4.275794394302259160e-01 1.235951093969780423e-01
-1.815925343139099812e-01 1.062710274585721981e-01
-4.466713803052583254e-01 8.459897661208459763e-02
6.756694675698760033e-02 4.463773891926033910e-01
-3.667622300902181331e-01 1.179962797264237917e-01
8.600848041223596585e-02 6.806389768807430407e-03
8.706301562630647251e-02 -2.584429735420659124e-01
-1.710993738829670319e-01 1.008225061599398176e-01
6.924462175790180307e-02 -3.509065289878465776e-01
8.627334274392717273e-02 1.531457670101293855e-01
9.379115946409333215e-02 -4.825699586462678381e-01
-5.790934840224182256e-02 8.786621332191768552e-02
7.537036999007717952e-02 1.617085196328262864e-01
-4.580339246541414999e-01 9.883863844686191502e-02
6.899533448420003268e-02 3.456441540347070518e-01
8.917841129185544169e-02 2.010943702123156873e-01
2.341242311461619874e-01 1.185132751622948177e-01
-2.644138049531895573e-01 9.275153360559829085e-02
7.781552210632913802e-02 -2.934413554710373351e-01
-1.233019346109534009e-01 9.933167023895417280e-02
-2.542121101987282472e-01 8.950341172814058055e-02
6.589999527365630883e-02 1.244284954841370361e-01
-8.274605255473832521e-02 1.194366646196644011e-01
-1.391806426005315345e-02 1.192483620001938416e-01
1.599004893937083782e-02 1.168436726319304064e-01
7.025053276709158911e-02 -3.531402394798950350e-01
-1.594723565782906194e-01 9.132353391580394497e-02
7.588664437536229990e-02 1.021692367942248492e-01
-3.296782396001779469e-01 1.125251043977631982e-01
2.922418832730067084e-02 1.072571234974988297e-01
9.303612013790052426e-02 -2.708156495417926024e-01
4.871759409292859555e-01 1.040968628460552381e-01
-1.607738400961346015e-01 1.001368473001064130e-01
-1.859931074642826587e-01 8.984753149937274586e-02
8.571885420174774062e-02 -3.097928940809618892e-01
7.319684530111170151e-02 -6.979619415474591637e-02
7.504015281840337170e-02 -9.461642149689586390e-04
-1.391881394501730540e-01 8.494747848657913103e-02
-6.102292862249047989e-02 1.079340277360024691e-01
6.910444939290449895e-02 -4.560352342306264184e-01
-2.783216569387633177e-01 1.196941399557677199e-01
7.036828508452264153e-02 2.755691169526217621e-01
4.417892635060697293e-01 1.163351715235776407e-01
-3.044593057252571455e-01 1.003348988036102396e-01
8.641726750051370587e-02 2.977366730140047490e-01
7.187018995904692620e-02 -1.739203478922253243e-01
8.005069836038369857e-02 2.312943016898606485e-01
