1.222850515311961761e-01 -1.594196068915579856e-01
6.772726531458772570e-03 2.607676017619138253e-01
-2.156406813220326235e-01 2.842278311439152549e-01
1.253418030579395159e-01 -4.263105756219710551e-01
1.266440071310288573e-01 -2.083929175649166243e-01
2.357775444106846585e-01 2.188815151663011660e-01
-1.795260160579676967e-01 2.566915722106003495e-01
2.398497461681459164e-01 2.186154531973530935e-01
2.857868091677411293e-01 2.425658141797056855e-01
1.962832420937197231e-01 2.540875024967903517e-01
3.742109683784152763e-01 2.529008184023151529e-01
8.797938758883283583e-02 3.212933736121759143e-01
4.666040000155958767e-01 2.567526864596779701e-01
1.078590152642913136e-01 4.257596713972860991e-01
4.988356165380292140e-03 2.729784608127112655e-01
3.089542113731151840e-01 2.144087369404504839e-01
1.161794217831206844e-01 -4.828884814077244458e-01
9.540658986609651393e-02 -1.858421151133372584e-01
-9.016724382953045236e-02 2.662327561593950120e-01
1.160758778743349318e-01 2.096258509600135156e-01
1.916289013467759039e-01 2.191940078258602931e-01
-3.945044476346645235e-01 2.524051680804656472e-01
1.510873061533479778e-02 2.220927011973368170e-01
1.245958255778936152e-01 -3.951274673492819467e-01
2.423215986071657335e-01 2.814576506724613125e-01
-9.135953061711876710e-02 2.642619732286130008e-01
-3.027964605314251711e-01 2.696415557771102423e-01
1.155782527628603784e-01 -9.149996620144928983e-03
9.007810659535198106e-02 1.986705685467069493e-01
2.778181925599895186e-01 2.743585278590162657e-01
1.180639652083069757e-01 4.320638935763032595e-02
9.448689761096329409e-02 -1.011457875505590298e-01
2.650140925764192801e-01 2.542626582890701314e-01
6.349188837131203300e-02 2.715923833820167443e-01
3.952598479945124144e-01 2.124310231939477989e-01
1.011360641706965380e-01 -2.456441659293828739e-01
1.229926863964257988e-01 -8.387932478704485106e-02
1.254066720770515841e-01 -4.766033878858421113e-01
1.099087747323234110e-01 -3.151920527516954840e-01
-4.960606643346225919e-01 2.649951582612611878e-01
1.219134921704895236e-01 4.376209186973046839e-01
2.242989117829397028e-01 2.201055960568468750e-01
1.305757170798630407e-01 4.242852531421269502e-01
9.018725840817476413e-02 2.856793180825840661e-01
4.490003188073852236e-01 2.159099638501097429e-01
9.713588139601125881e-02 4.805261211859929160e-01
-4.213800697610733392e-01 2.420821901035008494e-01
-1.242021660016964235e-01 2.151444542490434930e-01
3.774305957914750875e-01 2.502223011533988295e-01
3.295417285993103018e-01 2.443523531824929318e-01
3.136226167497893069e-01 2.319460688644537916e-01
-3.707343156527663774e-01 2.386067368321571625e-01
1.131830351746777596e-01 3.740354322858233660e-01
8.881143097165611344e-02 -9.950262600975601224e-02
9.416629479049343221e-02 4.154481072358109373e-01
-4.209150188991489516e-01 2.854800779744286476e-01
7.958634688842236571e-02 2.802240731681050478e-01
-3.712297815152441061e-01 2.864341222854984714e-01
4.724351908772009834e-01 2.540090988249066317e-01
-2.228835191389232362e-01 2.571205640666510694e-01
1.281507881087581291e-01 3.241475421588075889e-01
5.964253305876432432e-02 2.293891341257107142e-01
4.134087802261656730e-01 2.719105712034444178e-01
3.751727859459487169e-01 2.292951695360757602e-01
-7.102134230068424259e-02 2.837753727934962944e-01
-2.448999596916427990e-01 2.264704815912949032e-01
1.027200815561234437e-01 1.240434895608879540e-01
-4.722371738414182785e-01 2.228082850282178118e-01
8.982690340889543101e-02 -3.375301206810138455e-01
-4.441717550516213198e-01 2.207216960810183259e-01
-3.313636346473780581e-02 2.661028374386606998e-01
3.877327910378850495e-01 2.494802979496869577e-01
-1.460498126770461980e-01 2.621167823512066120e-01
-6.228156051071520594e-02 2.757027699940721721e-01
3.500322356196081675e-01 2.625002583250755084e-01
-3.708443782168896474e-01 2.279271902318069642e-01
-2.243176822360001266e-01 2.521818181051233010e-01
-1.965317883986785752e-01 2.343138263146343769e-01
1.291294839914113313e-01 -1.015291407838556648e-01
-3.872354821912248335e-01 2.252823345747333450e-01
2.936528079304840944e-01 2.688044341432425099e-01
8.851804546542119123e-02 -2.478899938775044332e-01
1.275300000393584376e-01 4.059349707148794950e-01
-7.693473404219042244e-02 2.793675235251661393e-01
3.972770083683063724e-02 2.337062560510645426e-01
-3.017839189153341817e-01 2.475987531146592868e-01
2.924173797213707182e-01 2.338823157346888726e-01
-1.102394344805182058e-01 2.327230750747838472e-01
-1.475036862403470428e-01 2.745622583294932140e-01
1.228050543685199614e-01 -2.382239792554474711e-03
-3.695773648211966300e-01 2.446653901936207687e-01
-1.853847526843244164e-02 2.692607008497961418e-01
3.391408073259297717e-01 2.910755747738408283e-01
2.323205495560481948e-01 2.883898959456945299e-01
9.201174340304107968e-02 4.491873964589575552e-01
-2.174636235992015720e-01 2.401807934522440791e-01
1.092414116966970994e-01 1.562487009167603524e-01
-4.795564618996098760e-01 2.229043815431323017e-01
-3.779584295201598998e-02 2.726297267831406801e-01
1.255450577354478847e-01 1.342868665884628943e-01
-2.381677990107881060e-01 2.236695677719251485e-01
-1.962878929605262890e-01 2.836241841451240253e-01
1.071012894331255794e-01 -3.509584172809443459e-02
5.791353098710250169e-02 2.541981307710308169e-01
1.519408752482637182e-01 2.323712038946609271e-01
8.212815039458321031e-02 2.167805455462433750e-01
1.414569393154729848e-02 2.123712851734376184e-01
1.192117302014964464e-01 -4.543431866781808548e-01
-2.498918107215911677e-01 2.732918007134376159e-01
1.114599607292124928e-01 -1.835354815813344809e-01
-1.948199355032642632e-02 2.447188271091184086e-01
-9.222256408613149770e-02 2.752345956988937470e-01
1.139946691623220376e-01 -2.129775691297185469e-01
3.036054610548265531e-01 2.819073856162584990e-01
-2.751060976810921765e-01 2.548379983534317939e-01
9.717643550485988158e-02 -1.461707531970668494e-01
1.214754926389209899e-01 -1.400150125815177171e-01
-1.428456566395994720e-01 2.716062372358626353e-01
-9.143635148612183627e-02 2.183633074855763079e-01
9.607541523713203357e-02 -2.874652987698897988e-01
2.185482305743667863e-01 2.423631442104250411e-01
-1.158316530555241197e-01 2.289068979080439714e-01
1.203093510383073106e-01 -5.892215516954391052e-02
1.261200170988379110e-01 1.797594741584171985e-01
-2.313235238665320992e-01 2.259549663375063355e-01
-4.972383356874119364e-01 2.136384610878413470e-01
-1.999853961950991410e-01 2.828906787092444475e-01
-4.058750719266456253e-01 2.463878252070205166e-01
-3.407373341106271214e-01 2.351353452038106306e-01
1.652898524442848460e-01 2.887347100186875570e-01
4.880752739732741041e-01 2.166252522325907703e-01
-3.759122510715586785e-01 2.570423060574390517e-01
1.312201342527552494e-01 2.825993463299903974e-01
-3.361057168622054725e-01 2.621402490639240801e-01
1.504546319354822526e-01 2.914809995029642442e-01
9.264092854664318644e-02 -6.009185737969480190e-02
9.204458497235246117e-02 -4.420790101788885096e-02
5.650465404425264460e-03 2.219006521775335194e-01
1.065312061007855915e-01 1.034589623973676265e-01
2.622222882959793777e-01 2.518298449930205241e-01
9.037115820716878911e-02 -4.471325428903750732e-01
9.760120594928356486e-02 1.041073569313529790e-01
-3.875295294059160067e-01 2.718838093281402690e-01
2.660689497618961008e-01 2.236373034567753493e-01
2.634269945670851820e-01 2.725370321572421206e-01
-5.961531073115478030e-02 2.560599846983672156e-01
-1.227872861772972835e-01 2.777529658096378196e-01
2.902119400881212341e-01 2.386834424719226355e-01
4.640495442024555883e-01 2.503355134476917820e-01
4.555321004477681512e-01 2.332940454840850553e-01
-1.406454774228099724e-01 2.643040656736598271e-01
-4.281862684868662505e-01 2.237955669805549164e-01
1.306105111391030471e-01 1.367662420739178541e-01
-2.229126593729963135e-01 2.231637733412982216e-01
4.615306379982779816e-01 2.667873004097267575e-01
9.009664691445318230e-02 1.233292989462949629e-01
1.423724910506176666e-01 2.183823968112876823e-01
-3.369626053244152430e-01 2.918382352329433882e-01
1.053972104086495776e-01 2.275522569783529070e-01
2.585401891252585571e-01 2.459002890182874212e-01
4.455156338682481065e-01 2.829478701092332793e-01
1.131407332535633303e-01 -3.079399419675783456e-01
-2.581383601032537500e-01 2.472192862864953655e-01
1.223659793675140328e-01 2.764034219045001795e-01
2.841203283490891796e-01 2.171798198133790825e-01
-3.292981440039318697e-01 2.733407957404750954e-01
-3.503884712679521396e-01 2.563516625220915168e-01
-1.710096338930617854e-01 2.546223334368228342e-01
8.982530910558428339e-02 -3.586910018922239152e-01
1.140880256789944536e-01 -6.662223423653990118e-02
9.654810373760125408e-02 2.804019702106255174e-01
-4.342700164934987228e-03 2.179761147824408329e-01
-2.414594768606285191e-01 2.138441593107346383e-01
9.216466467465656009e-03 2.154339708559300792e-01
1.830456330771169648e-01 2.564775414759015160e-01
-9.124432750787547786e-02 2.284801042870875376e-01
-1.487562525129892954e-01 2.176043176445946470e-01
-4.693763353877098421e-01 2.832251280907563951e-01
3.620964338273920946e-01 2.784198924986294177e-01
8.641692287373126113e-02 2.324778752448589669e-01
1.072807022419350886e-01 4.777448943616883215e-01
1.157929122404808275e-01 2.595398023614936545e-01
-4.296267004424991764e-01 2.587281921578123978e-01
1.290197884330612776e-01 5.375201893413861232e-02
4.670800068046958575e-01 2.530550927386510107e-01
-4.787909697602362735e-01 2.370732039180476480e-01
-1.135169080379191398e-01 2.831208543488746843e-01
1.130585732972451130e-01 -4.876849442471200557e-01
1.260312373959916465e-01 -3.186541773516249343e-02
-1.525657404156505192e-01 2.538085365263303972e-01
8.901112994478543872e-02 3.122029269982776745e-01
1.188015530556458810e-01 4.588094220206480056e-01
1.002808994594724945e-01 -3.086619071311945683e-01
-2.545226539622804651e-01 2.850587160950738275e-01
1.114421193746018002e-01 -9.317642665168612837e-02
-2.819509450664794414e-01 2.293645163215182192e-01
-4.966534107977288448e-01 2.794342396396531925e-01
1.083643341906749269e-01 4.921568377628324775e-01
9.081667590060693573e-02 3.201379954226774016e-01
1.166433000120022934e-01 4.062850055255150528e-01
-2.451049911596420161e-01 2.722481002889192148e-01
4.686906877972504271e-01 2.894904934832266408e-01
1.233879752088639092e-01 1.763362971234262444e-01
9.363998693556629949e-02 -4.602280726289719182e-01
-4.099481338160145816e-01 2.614810637804301230e-01
1.254154093787214208e-01 6.286385713673081632e-02
4.936323517245921888e-01 2.467583021404461396e-01
4.833123922890416591e-01 2.525438171469017723e-01
1.131560356710294979e-01 2.186624925102881312e-01
3.363830542988964778e-01 2.572835863082892915e-01
-4.392788914931710087e-01 2.762018557182470690e-01
4.122807057389858976e-01 2.863887410320392624e-01
-4.901101566946826082e-01 2.370071642126444500e-01
1.277739622281691689e-01 3.954978436467281311e-01
1.170889725288487559e-01 4.489130058184703786e-01
9.230713488767883224e-02 1.506631893251529908e-01
1.852644204015776452e-01 2.772726778892570243e-01
2.494220590048796815e-01 2.321798641998357171e-01
1.087363294055778695e-01 1.123134620272847606e-02
1.306547839099735375e-01 4.315931616022888884e-01
-4.156200198409589763e-01 2.716468338796872439e-01
4.954447839408151477e-01 2.910337859509091185e-01
2.113632534348658387e-01 2.531551642091336429e-01
3.275614380356072219e-01 2.201003043881102350e-01
-3.659101622732707781e-02 2.639330009949083511e-01
1.188707864341750353e-01 6.354388167591584757e-02
-4.726915250423692205e-01 2.462140112400910130e-01
8.705740127619088220e-02 3.970458385127472178e-01
4.242395103308668203e-01 2.724029991438744469e-01
1.268439544608439551e-01 2.259791793055032638e-01
4.025914183936282198e-01 2.743472093420610269e-01
1.283424590010342481e-01 -1.787004768486933903e-01
3.591576539747697305e-01 2.200449720599396697e-01
1.056756964708516211e-02 2.922265819564876521e-01
1.280367715720042154e-01 3.970390625188267020e-01
1.281957241744765552e-01 1.348975448894824680e-01
-2.140380795877905307e-01 2.815010893678387971e-01
1.511870811252091773e-01 2.199266685563906476e-01
-1.256513805538052031e-01 2.706149994544014836e-01
5.308792884004587265e-02 2.693294817743532299e-01
6.708297948708075165e-02 2.850605069067936315e-01
1.429208486925332977e-01 2.556562089265173032e-01
-2.390026196920761459e-01 2.491142589984270961e-01
3.031268109105980102e-01 2.241864182331791966e-01
1.264498092378210092e-01 -1.132438319237919488e-01
8.127913202376935153e-03 2.653340051247868869e-01
1.072956927683406114e-01 2.892328072904568614e-01
1.165334375598803263e-01 -2.471019307902077022e-01
3.686503871088567807e-01 2.380117090909605881e-01
1.123649688410602865e-01 4.200154933737241247e-01
1.223132699740647755e-01 -5.905879482772546929e-03
3.202676273928329875e-01 2.606991973107293248e-01
1.410739652038462966e-01 2.305280001654318456e-01
-3.128333580872164621e-01 2.770897783443979634e-01
1.202022098548652940e-01 4.921462483749263761e-01
1.299144179298429291e-01 3.962549456743237331e-01
-8.545849140700312319e-02 2.818190236616430200e-01
-3.085579747457475319e-01 2.140653153679805687e-01
-9.419593863104980258e-02 2.273281292948501342e-01
-2.065992598728223495e-01 2.458092598840954102e-01
5.194300905388049561e-02 2.746770846566987112e-01
1.042298346362896533e-01 1.648527228576656123e-01
1.190313844811248245e-01 -5.912222713037751376e-02
-3.231969572762909415e-01 2.545092912354747217e-01
1.308295337077288734e-01 9.540003923376960682e-02
3.701187377315457994e-01 2.393588043273922050e-01
-2.928360004312998699e-01 2.850037205667391715e-01
3.535277909732792434e-01 2.752657207026062425e-01
2.746016544837712736e-01 2.458981557348679514e-01
-5.378282297038650128e-02 2.652277675579050031e-01
1.097741752727640074e-01 -1.801176402671571530e-01
-4.652754919245494225e-02 2.896111178157761978e-01
-4.713545427088066120e-01 2.153677002511479310e-01
4.363601924909066287e-01 2.880082169974815809e-01
-4.502922283585358842e-01 2.570840200795790897e-01
1.301065539296718532e-01 -1.812482016612612101e-01
9.472916988955049078e-02 1.414050776886138783e-01
-7.285113448565760930e-02 2.553920886500694598e-01
-2.227306908217938641e-01 2.404030990538602586e-01
2.885409760802403190e-01 2.425548062685585204e-01
2.021258009760870111e-01 2.380211112568078047e-01
-3.161623305717712329e-01 2.399936820245807123e-01
-2.659905438588527904e-02 2.897121073387907142e-01
1.282155439252674611e-01 -2.197521435315324956e-01
3.924660710310476919e-01 2.494293777121324718e-01
1.233319179510102837e-01 -2.845451787212313066e-01
-3.268249149283082300e-01 2.389195259937900717e-01
-4.741647700326889758e-01 2.309692527753255398e-01
-8.209480391860246584e-02 2.299510195927100265e-01
2.730940494077571667e-01 2.732537012070486160e-01
-2.572137685729741774e-01 2.586437873712416069e-01
1.230546485207755225e-01 -2.915694683517167096e-01
1.095197256018237697e-01 -2.809130343752016534e-01
1.299229472121821161e-01 5.850699494602173978e-02
8.856463952353910152e-02 -9.216391140326130049e-03
2.915265243393916350e-01 2.122095953848136540e-01
9.337310880756133358e-02 4.298313057547229477e-01
-3.665139788024798229e-01 2.631269506323331564e-01
9.971058990563097524e-02 2.544175603851067669e-01
1.005610041145285072e-01 2.291337807639589608e-01
8.775184529970336822e-02 4.549063800626642617e-01
4.044918293977549650e-01 2.825161028956899578e-01
4.685660068715394866e-01 2.374884163318231600e-01
-1.559696459166290960e-01 2.171947878066905480e-01
9.088990637838079145e-02 2.811474375072214871e-01
4.257666903126838820e-01 2.865203266952818240e-01
1.169930721724675715e-01 1.660635993147573375e-01
1.721528844309249129e-01 2.562326496804004927e-01
9.446978625129776042e-02 2.089601539605323577e-02
2.556172155717795214e-02 2.676759497600440518e-01
-2.756570621853010605e-01 2.178026698394393001e-01
-3.243658954100325786e-01 2.599658223927260314e-01
-4.635422187555543472e-01 2.466664206817408278e-01
-2.335095448796199458e-01 2.802715851756394372e-01
-3.853789590514485885e-01 2.823587400140347148e-01
-1.223511455411937510e-01 2.368570956845836850e-01
-3.686098337100098821e-01 2.770887126543802870e-01
-4.494110798566980369e-01 2.663574415210844260e-01
1.154407026642841894e-01 7.420154313397220314e-02
1.163682813508911673e-01 3.978070043114053655e-01
4.131720086878508669e-01 2.814433515527124952e-01
-4.517390551749260741e-01 2.870502891790328581e-01
3.968875427337239525e-01 2.486409638450781667e-01
3.147872509857034817e-01 2.116757495589788318e-01
6.198157198331266660e-02 2.178642859943953347e-01
2.896505987855393371e-01 2.391151424037700757e-01
-3.358924103784819426e-01 2.183941145215464452e-01
-6.793652367391667113e-02 2.251706442836964861e-01
-4.629277346435447527e-01 2.716690089459967705e-01
-1.484236332778543499e-02 2.555249372534977859e-01
1.997014885101672244e-01 2.300172318510854685e-01
-1.092441250812540288e-01 2.631554898597076031e-01
1.001780122371184190e-01 -1.511597012116269179e-01
-6.863310349705931124e-02 2.895892003089173272e-01
-3.134938630717540864e-01 2.546358608790634248e-01
1.084366425105572906e-01 2.059886693773210764e-01
-2.792955316776438712e-01 2.467357229708418975e-01
1.032385313726494891e-01 -1.118567861914134820e-01
-2.622002443688479234e-01 2.877017526077007004e-01
1.529663558131739709e-01 2.407373521558273666e-01
-2.108567510915473342e-01 2.661696134737228103e-01
-1.034131802395706901e-01 2.579196963861788428e-01
1.001705325151095449e-01 3.200560903022612314e-01
4.965432180959739039e-01 2.409421594820934098e-01
1.149067400789970383e-01 -4.797951079791562545e-01
9.989402826069593289e-02 2.430607597351043259e-01
9.547451548891583428e-03 2.692764268041737408e-01
9.805147218425902533e-02 -4.364074534903938929e-02
-3.559191703685535835e-01 2.559293700095840451e-01
-4.087905217239651279e-01 2.922814923867889103e-01
9.336395746857384381e-02 -1.736786205701406072e-01
-9.093932872338528206e-02 2.411921801920647868e-01
1.283933860450281461e-01 2.289411387770594608e-01
4.540383835256925904e-01 2.497283405873398365e-01
4.408701294359128608e-01 2.445688522004743071e-01
9.041308035819073385e-02 5.736840147324773209e-02
1.094764299442300137e-01 2.734838909210427493e-01
-1.709968289457136636e-01 2.650274108349348623e-01
-1.943599179439418068e-01 2.624138020610677913e-01
-1.507770069521474632e-01 2.808353352747271492e-01
1.185913409120289419e-01 -1.476245721902693653e-01
-1.531425701722710642e-03 2.920292077285462362e-01
1.212180456211267021e-01 4.060806203698849037e-01
1.265743642824476156e-01 1.694831835614041271e-01
-2.262401462349125092e-01 2.834966938699619021e-01
-4.161899845225591754e-02 2.546285752132040336e-01
-3.111671377824425377e-01 2.404027596910194298e-01
1.367057788307834976e-01 2.788488635167595264e-01
-2.130145893525394740e-01 2.519746567847452878e-01
4.172489346698541324e-01 2.814338935789667540e-01
-3.837324106651038846e-01 2.813112039252697594e-01
-2.756685567916346002e-01 2.281480223575632627e-01
1.964082717133595057e-01 2.634343677027389807e-01
-2.655519653021636284e-01 2.763852565739591816e-01
1.278152354071088181e-01 2.469564823792931296e-01
2.560570713163795586e-01 2.345852120535494301e-01
2.421276923434878547e-01 2.877250229688355088e-01
1.121737441239806232e-01 -1.260505131722691186e-01
1.893723233775241876e-01 2.551031324536207068e-01
1.530714687643365268e-01 2.232455700387642183e-01
1.143625931820425601e-01 -1.032716321401044857e-01
-2.944454307319184228e-01 2.297746421699119468e-01
-3.595398486558857298e-01 2.409860651095810935e-01
3.018538758634178309e-01 2.760927703545057454e-01
1.187155694338944967e-01 -2.775411161203509280e-01
1.176468982795921825e-01 5.350528498295759050e-02
1.896361400873373126e-01 2.764756082294346218e-01
3.532609854505989189e-01 2.712628636372528268e-01
6.506087701730234318e-02 2.816314117810023721e-01
-4.598503756748790749e-01 2.463587502393965734e-01
-3.077720950784971210e-01 2.587161818289634985e-01
4.694465643518996867e-02 2.896208322171646143e-01
-4.116908356545717629e-01 2.588859951511026658e-01
7.792228963880132309e-02 2.714482835768220470e-01
1.289101303981545765e-01 2.326999840656197582e-01
-2.981196186340199228e-01 2.512121882660545147e-01
4.749753032339605330e-01 2.517511687567757228e-01
-2.477968046381272549e-01 2.122038675528469254e-01
-9.616872301243062360e-02 2.406875436158132375e-01
1.074890123739328240e-01 -3.502086062929831156e-01
1.545423400386231050e-01 2.335371835307816779e-01
1.083402951892702415e-01 1.975393154339798452e-01
3.105922071778770555e-01 2.771526804316178927e-01
1.124024890875362503e-01 2.392467859689246801e-01
1.264489171550535751e-01 -3.235189963063312968e-01
1.892519777957488714e-01 2.392912661423957088e-01
-5.231826373067605118e-02 2.301445603639467041e-01
8.890113673284849583e-02 2.942520936378830720e-01
8.723248795421900681e-02 -4.040622008243510699e-02
8.846104923224862304e-02 -3.685791413569724506e-01
-4.380031542501926500e-01 2.780238672877558548e-01
1.148022715476381128e-01 6.543852335907152096e-03
-1.105207457236750956e-01 2.209039605917564320e-01
8.834281067821769806e-02 1.278596067422205218e-01
4.614114111982725586e-02 2.714855249434143802e-01
2.681153303874898031e-01 2.841329587118160971e-01
1.080788452705886415e-01 2.650976840653193056e-01
3.273449375953652041e-01 2.472864356607629155e-01
1.861140349011337625e-01 2.285206834106582319e-01
9.154616147398386694e-02 -2.299397206023255924e-01
2.148941356687855686e-01 2.439452712419011293e-01
1.312800278979399105e-01 2.575503554758705738e-01
-1.465166992324967721e-01 2.602704410944219893e-01
1.262214415994981076e-01 2.658348510737836845e-01
-1.544086166453112474e-01 2.398481426695893148e-01
-7.569258040790227682e-03 2.506628935533113944e-01
-3.772135236595214325e-01 2.832058469821137070e-01
1.109258287287102629e-01 -2.899030474146984115e-01
8.745678138878076879e-02 -9.360400127623658140e-02
4.487924240779527230e-01 2.769677267336885240e-01
1.383323275066283831e-02 2.233750511598250332e-01
-3.752076160407270544e-01 2.822379433235595592e-01
-5.631845221376019506e-02 2.316465520751761487e-01
1.020482515236410537e-01 1.768289445642466928e-01
1.297768631128568551e-01 -1.623686002140933837e-02
1.170666674820380893e-01 1.057498220904011799e-01
-1.246061101607772725e-01 2.238743020056130906e-01
2.245198252441460429e-01 2.368916309893148719e-01
1.234368441649134063e-01 1.608786827652763929e-02
2.995029148030379229e-01 2.865471859317545444e-01
3.666182624273554014e-01 2.355093790838443946e-01
-2.754693691941367817e-02 2.415975579833441467e-01
1.116158249224519228e-01 3.629909187163037343e-01
-4.664860734860634128e-01 2.323932276278378728e-01
-2.241977867698630167e-01 2.922462324785715104e-01
-2.290520159191083982e-01 2.618182116321945418e-01
1.244433102372218825e-01 -1.636568723120476188e-01
-4.103369626662852765e-01 2.649104870182016347e-01
-6.330906224954402362e-02 2.459677083659782548e-01
-1.268930093819924387e-01 2.426929009701233042e-01
-2.222551410187114662e-01 2.720163321804600631e-01
-4.401616075552367002e-01 2.159737729068746948e-01
1.705147228283021565e-01 2.131350821259611061e-01
2.135391149418819356e-01 2.827927804509771104e-01
9.072561440668835964e-02 1.173490207116050232e-01
8.130017454632532115e-02 2.653573950447254415e-01
1.302146854956410804e-01 9.351218125019566951e-02
4.467302310304506197e-01 2.174576909412793135e-01
-4.889713720303879851e-01 2.216372491643575637e-01
1.585298821170787464e-01 2.119109546234199115e-01
-2.852499579499667703e-02 2.234955035977981286e-01
-7.953315164416308036e-02 2.578799018154146472e-01
-6.476837325109152665e-02 2.437134024031314405e-01
4.697159516268745172e-01 2.722466639917950904e-01
1.306381059876705608e-01 3.954996032885408352e-01
-2.476571305765661313e-01 2.212834892375898921e-01
-2.708372452357876714e-01 2.504740617464779051e-01
1.240685683103727177e-01 6.477479124355256523e-02
-2.577264167573412035e-02 2.741936028929995439e-01
9.678182051351291726e-02 -4.507863114483630085e-01
-3.375937695407811301e-01 2.775496194675199924e-01
-3.806655513987839967e-01 2.372678035438015032e-01
9.675737493647385001e-02 1.448215719016642256e-01
-1.157058909347665754e-01 2.679303424395335087e-01
1.099052969210183583e-01 -1.557073730768804287e-01
-3.571541149899193357e-01 2.772201937936638050e-01
9.312007007266287495e-02 -4.365407168174415542e-01
3.922452256005738436e-01 2.636180625759698692e-01
-2.139225127817636629e-01 2.827424272571299468e-01
1.074200789860365601e-01 1.693570410177305252e-01
1.114215773402255083e-01 -4.227983145906158979e-01
-2.853843478379232135e-01 2.267522984403110842e-01
3.622931670900154666e-01 2.462290789665062540e-01
-3.089602710813638131e-01 2.188582537754789614e-01
1.222110498640470722e-01 -5.768656915894532222e-02
1.043863941095328762e-01 -1.853481160066675626e-01
-2.464618380959671118e-01 2.532568551954131886e-01
1.088324373367604014e-01 -2.264377300426440032e-01
1.283766075502400517e-01 -2.235429679839373573e-01
1.260709131604454969e-01 1.133340354215529588e-01
2.333302542823239012e-01 2.902988325331460340e-01
1.187681814500336497e-01 2.393283043479699224e-02
-4.608883583414795648e-01 2.765597564074618875e-01
9.390172461517343194e-02 2.426336460834953579e-01
1.108365189391816719e-01 -4.196745132707557779e-01
-2.724431804056376416e-01 2.908424767866937266e-01
-8.482953024896655592e-02 2.692618171062720611e-01
1.122884855043660979e-01 3.736838366101162823e-01
1.056733023940309435e-01 -3.275277988734526247e-01
3.531750894929648332e-01 2.368579097672522948e-01
9.764471929032669806e-02 1.663253455098391287e-01
1.179973358684522911e-01 -4.654330939518116494e-01
1.903459510190297355e-01 2.130322891808035246e-01
-1.676887078777753448e-01 2.139456265800327994e-01
-3.459458532615763415e-01 2.129227978059958781e-01
2.237252003650302967e-02 2.186657258129003356e-01
9.460021936078111260e-02 4.740736289326911157e-01
4.231639908758073609e-01 2.469787182884903842e-01
-8.107170379881190048e-02 2.396815801867974161e-01
1.166292260798736935e-01 4.048126844890406195e-01
-4.874122737699750907e-01 2.837166546339696671e-01
1.966757473585056815e-02 2.287211353594739149e-01
9.007206351977303793e-02 -1.437522418870051943e-02
1.102828471946017963e-01 2.307693064756733969e-01
1.022434422667447551e-01 4.626642679858871121e-01
9.254387914543138471e-03 2.493067647707263301e-01
3.846700266480689301e-01 2.598031983161214198e-01
3.578538903734574950e-01 2.257481755198995632e-01
-6.671437303236105176e-02 2.468461165242410438e-01
8.917465710597261008e-02 -3.352093327136888012e-01
1.976318381811237312e-01 2.174959206924090838e-01
1.267494878422947835e-01 -2.634510551088539154e-01
-3.687372004873090692e-01 2.133018098073455882e-01
-2.687966808150877851e-01 2.659995187246951831e-01
-1.733177433973341897e-01 2.324589322464590824e-01
2.619000256583192687e-02 2.323810607264330530e-01
-2.826669640864825084e-01 2.630488659848263522e-01
-4.685596935583334899e-01 2.686498216840105258e-01
2.780808890810967382e-01 2.926222252790587897e-01
-4.109464784242086166e-01 2.539422095991583639e-01
3.363638273503610776e-02 2.545932068844711793e-01
1.266051564868025947e-01 1.417942922147207296e-01
2.782087744301150467e-01 2.827431139237710500e-01
4.878349852239137752e-01 2.255843562939657820e-01
3.307552233008389519e-01 2.836884783958535383e-01
-4.580938166898927966e-01 2.505194507907609891e-01
3.317760382413417197e-01 2.275214511397156691e-01
1.015427688529458861e-01 3.316996172639244955e-01
1.252977559341184044e-01 -3.314785370953723387e-01
4.193527096332337889e-01 2.191593038153265560e-01
-4.198209173807000427e-01 2.507319682258761784e-01
3.685483638664963646e-01 2.169290882862591197e-01
1.002941465582740665e-01 -7.655053712124759713e-02
2.918669160154385711e-01 2.228171176980026091e-01
-4.547784316314644748e-01 2.884216421458759561e-01
1.142038732831356374e-01 4.752337067632701473e-01
1.269233286093148783e-01 1.116353092864862395e-01
-1.769208125326960923e-01 2.728547803865578603e-01
-6.240005295126915819e-02 2.855991341449163334e-01
1.294663415446803967e-01 7.262882727588904075e-03
1.146860035424730473e-01 3.135192997121222236e-01
-1.714211286076893215e-01 2.884587231578432664e-01
1.080576729466357078e-01 -2.016183701364318015e-01
8.940236745151897146e-02 -3.761128422755297684e-01
1.210074549810883360e-01 -9.897043844057207274e-02
-1.161502626907739977e-02 2.422458258583113366e-01
-1.725170937763528256e-01 2.407417196047112462e-01
1.173493169827054539e-01 -4.299185293753561288e-01
8.194313815685516644e-02 2.457744450130573410e-01
4.179464589580162981e-01 2.393610716302290164e-01
-3.782344489052855696e-01 2.150081775255437977e-01
1.190165643608296353e-01 -4.208633859646155884e-01
6.507877715234466898e-02 2.376867107944412583e-01
1.269858721649551603e-01 -6.439486569198227262e-02
9.507074035997298278e-02 5.643179727566005610e-03
1.351466569633814618e-01 2.897578549113537516e-01
-2.464379984955494818e-01 2.801400123091229988e-01
2.436757983781168146e-02 2.621522800465374559e-01
1.509977043299458588e-01 2.166257666975349716e-01
1.211149208314411529e-01 2.217662369250246179e-01
-1.163890779957885702e-01 2.549687526482211641e-01
1.098544411639499341e-01 1.389490820673539018e-01
1.058760503783815476e-01 -5.262080062148233317e-02
3.162913836803057377e-01 2.753585087160099754e-01
1.169953612076475302e-01 2.939377440704131761e-01
1.239560962017400847e-01 -3.901024165491010498e-01
1.010511093538746241e-01 4.980936420577272150e-01
-4.901270714650289850e-01 2.322035751135054227e-01
-4.823102092454608636e-01 2.503646869810214337e-01
1.192630152505766983e-01 -1.437274684182883178e-01
1.246386753844449524e-01 1.491429878389555208e-01
-6.389535885109876023e-02 2.544372990775251031e-01
-6.563008195506447873e-02 2.462697406033511616e-01
1.005545379909725812e-01 2.860553119841796610e-01
4.233894775064654947e-01 2.523659777556177541e-01
9.241077629910499081e-02 -2.707777164687441562e-02
1.522085692796970591e-02 2.173465000986447571e-01
-1.797657873750685420e-01 2.256693459125965751e-01
4.475526056195122671e-02 2.269385491716299219e-01
-4.374225920904276643e-01 2.548022574249056982e-01
1.160045138453527080e-01 -2.161313748786397593e-01
1.100936567299183322e-01 -3.908133802139321933e-01
-3.688378866672802348e-01 2.858234746354306743e-01
-3.913920058658143519e-01 2.627609515307959276e-01
1.091437909057908495e-01 -2.827969646328832853e-01
1.696613386155402248e-01 2.777218496928894886e-01
8.942973039921819911e-02 -1.323985482477295639e-01
2.931233136681554718e-02 2.489920569298703645e-01
-4.004394087634410848e-02 2.900477401557060020e-01
2.328895693330427230e-01 2.260735131911811857e-01
1.232421201131671529e-01 3.279067391149137478e-03
-1.449814643094622379e-01 2.264525348048679332e-01
-3.918106560283169948e-01 2.346505191555251502e-01
5.064588548987725147e-03 2.375497415878343732e-01
1.237070685103452972e-01 -9.666803995150186068e-02
-4.873531911061490529e-02 2.877339876222111403e-01
-4.138589662231433319e-01 2.538931049078841928e-01
-3.822698516008001812e-01 2.405898997851141363e-01
1.225111129928397879e-01 -1.113499703161264787e-01
-1.843703506159654060e-01 2.210793766514018710e-01
2.320542299893307847e-01 2.256849224634915885e-01
-3.993047093156951721e-01 2.278911979662083809e-01
1.087825234873620595e-01 -1.495081335817495249e-01
1.144161793518594372e-01 -9.207218146808615611e-02
1.154000425527726970e-01 -8.721250609604669357e-02
1.186262858687527899e-01 4.874677634871342757e-01
-1.845609983103445595e-01 2.720644181889299018e-01
-3.738445074521616895e-01 2.119437246807218678e-01
1.241076179416357173e-01 1.818470176122020110e-01
3.871648734886080634e-01 2.914398929488301038e-01
-1.430857254202342332e-01 2.896634782104693384e-01
3.701966200401325402e-01 2.727229606386036842e-01
1.012342338120985064e-01 -1.560922243688057653e-01
-3.166409037833428641e-02 2.404015188918285917e-01
-1.355880029020993804e-01 2.863347940674828562e-01
1.877857560956162075e-01 2.365650167254399472e-01
2.379141961285816675e-01 2.418612149605837702e-01
5.148916785684520825e-02 2.220374607929701538e-01
1.203784635503347689e-01 2.216384226334350283e-01
1.118042227797196864e-01 3.108984044619689247e-01
