-3.265474348472273691e-01 -1.303506113073421568e-01
-7.954294589659283155e-02 -1.625908375087337099e-01
-2.826248575446921318e-01 -1.310570094405203445e-01
-1.319783878269854549e-01 -1.285686866729256472e-01
-1.145187592524927744e-01 -1.716587997717642367e-01
2.925466850910984906e-02 -8.191649918194976454e-02
-4.687922783602993526e-02 -1.822873609455848420e-01
2.939964431257324762e-02 3.296358352326000940e-02
3.262125999283047584e-01 -1.436987850960159685e-01
4.174612930704346692e-02 1.269092926724348924e-01
2.552225173764077759e-02 -3.168574320715797921e-01
-4.184491397671452617e-01 -1.383018759978982271e-01
-3.392020354469601484e-01 -1.494876284348207740e-01
-2.119427357459642280e-01 -1.661822167959911001e-01
1.746744195218141726e-01 -1.701996489427330950e-01
3.264022606597638543e-02 -1.559208285553597140e-01
-3.857859570615974620e-01 -1.562634517374311693e-01
3.979038950147893994e-01 -1.827298219330051321e-01
-4.530573929326782157e-01 -1.708337466135134708e-01
-4.352638417411490712e-01 -1.748863485029370501e-01
4.876219868417663861e-02 -6.064388268013964911e-02
3.922438299164177078e-02 -4.872758485493419167e-01
1.774390758711148486e-01 -1.442072380391824504e-01
3.845110141950236482e-02 1.639280690884541425e-01
-1.613845770100922339e-01 -1.343666022004614824e-01
4.896926966135647374e-01 -1.329385146764164860e-01
1.702238443051506955e-03 -1.514629822734357978e-01
3.749368953788900782e-02 -4.334351323312403137e-01
-4.570822807413996713e-01 -1.713051595415775452e-01
4.209280999105377008e-01 -1.301510645932899557e-01
3.787540762384999926e-02 3.987565681236425741e-01
3.474857998665011882e-01 -1.504904151390563660e-01
4.261651403666549820e-01 -1.439449094690433695e-01
4.581247696041745865e-02 -3.132717854831225113e-01
-1.847405093585555713e-01 -1.665131884042937438e-01
5.397054577303805889e-02 -1.297242835421508200e-01
-4.473070014006719219e-01 -1.434596209628842267e-01
2.593320292909395697e-02 -1.401331236668287294e-01
2.012295019633558724e-02 2.898165351143903168e-01
4.563130012051419548e-02 1.704935104056550799e-01
3.276374737389110559e-01 -1.334718940751465910e-01
3.931331762782053207e-02 -6.527801405818345337e-02
2.946206834073350489e-02 -2.901069539471874403e-01
-4.316287695363162369e-01 -1.494554113088059077e-01
1.867734284183319993e-02 -4.113629071689586247e-01
4.408543724603801728e-01 -1.384623543189904549e-01
3.936004875050558294e-02 1.415999509564958014e-02
3.588255324688394143e-01 -1.421149565667939596e-01
-4.916340127124187998e-01 -1.302665881074027698e-01
4.948831233398687246e-02 4.554779866226238427e-01
-3.017003125669520669e-01 -1.804389588127124355e-01
3.649213034924692067e-02 1.937500521062578418e-01
-1.112078981472114370e-01 -1.304217987370080989e-01
-5.280697177212634319e-02 -1.583356969666313008e-01
4.254610056454755096e-02 2.242420027380991332e-01
1.555663101320103880e-02 -1.762457420201632985e-01
3.942164020147431724e-02 1.048015569776702405e-01
1.048250495210658606e-01 -1.647923310959856780e-01
3.439063935978547981e-02 -1.859354659996454995e-01
3.023766749738354687e-02 -1.026979125631619638e-01
4.868637180390441577e-01 -1.744775373351827863e-01
1.733238741339535594e-01 -1.792268112554137316e-01
2.002305464760404385e-01 -1.528863173963014299e-01
3.586823107849634873e-02 -2.023254965567270469e-01
4.758156624095555287e-02 3.874087328815093434e-01
3.550442598246267289e-01 -1.342004806330636679e-01
-2.625164928292278432e-02 -1.304590911555150168e-01
2.753860471866401705e-01 -1.644636112579694887e-01
2.655940257708138130e-01 -1.553410902620228073e-01
4.082284483911557960e-02 2.249599410763447604e-01
3.512119595048746046e-02 3.540022335868503456e-01
-3.275315503774753889e-01 -1.658079173250209815e-01
-4.142399819738882272e-01 -1.397410522503103047e-01
-7.896419314971225845e-02 -1.626253895555593854e-01
5.555342582611333402e-02 -1.335128833331679088e-01
-3.713558869528585937e-01 -1.343671603530300906e-01
-4.799670390072541259e-01 -1.450617704674334041e-01
2.091636159955478913e-02 3.696363388740354639e-01
3.015491728650288028e-02 1.545019362296273790e-02
3.258847906423267826e-02 -1.525300905677664520e-01
-5.459266899466341805e-02 -1.815965931597248728e-01
3.730806608840248062e-01 -1.326279915665389275e-01
-4.460854450151033879e-01 -1.412428253114489385e-01
4.928435841135546669e-01 -1.304286367184434026e-01
-4.538863751332756769e-01 -1.655709532462519284e-01
1.457446371439135024e-01 -1.337427097056653746e-01
3.967821154723227828e-02 -4.189353939866388155e-01
4.490032307132107992e-02 1.294423800130608537e-01
3.233537480242876239e-02 -3.917585029214547543e-01
3.468712389297246013e-02 -2.960235775004671499e-02
4.628900906452082520e-02 2.245920949385653564e-01
7.877792487447499159e-02 -1.314333418509378015e-01
-4.510556293895897628e-01 -1.795739043926686263e-01
-1.017368228141678488e-01 -1.493179566097214694e-01
2.375988461452349654e-02 -4.563246653864121427e-01
2.023646479371676854e-02 1.839208345189224936e-02
4.778373860433848819e-02 -1.134522066683396613e-02
4.687822549928810645e-02 -1.733552544712452237e-01
-1.559418110856907180e-01 -1.393674485770900473e-01
3.370552757569985625e-01 -1.304373808067393892e-01
4.967662806516928153e-01 -1.296926499555814960e-01
-1.124687498424108423e-01 -1.375970756242572701e-01
4.708162310846175647e-02 -2.285010903417593608e-01
8.376268993149704745e-02 -1.317777229773314795e-01
8.583200151434222658e-02 -1.602705843586215151e-01
4.029363493526835205e-01 -1.283449276205106404e-01
-3.618397282799036274e-01 -1.546339114228266753e-01
3.371954516546967762e-01 -1.597326736096309485e-01
4.963393020732956851e-01 -1.578127918427353338e-01
2.999158610517405066e-02 -6.100764794508062305e-02
4.649940096344000739e-01 -1.796414626453934904e-01
3.380756098336745730e-02 3.943018736196451934e-01
3.764449570151162661e-02 -2.355285759161575010e-01
3.792193746621519423e-02 -1.550793902851087536e-01
4.895228693126663089e-02 1.865228955682770584e-01
4.638756729703863435e-02 -4.917106830327976352e-01
-2.439955053543076957e-01 -1.477247743495434529e-01
3.969541269288379137e-01 -1.734120040710083188e-01
2.485945635089377159e-01 -1.664279547460569830e-01
-6.478920754298544971e-02 -1.342520489703811215e-01
-4.535693930107584926e-01 -1.595946335337101729e-01
4.558875905321191357e-02 3.598213819634228372e-01
3.086185361216664536e-02 -4.074129035749078920e-01
-1.103616005844831882e-02 -1.729581136995413937e-01
-3.017839880906068029e-01 -1.384402815334397907e-01
-3.274807350801545169e-03 -1.666995439049338001e-01
2.025337245674874165e-02 -4.436692506597891272e-01
4.809298892337543485e-02 -4.613792764176882777e-02
-4.907088921760859312e-01 -1.651252454119126467e-01
1.907835639266741712e-02 -2.179631709911108439e-01
3.130598364329688632e-01 -1.586180742471852145e-01
-1.456100453526202321e-01 -1.335656258309411148e-01
2.597630083298618775e-02 -1.441477941351201331e-01
2.443183405144189191e-02 -4.599600070645948335e-01
2.608024289706698529e-01 -1.299815941261326380e-01
3.137142968798822817e-02 4.307674409761167444e-01
2.479266115989442465e-02 2.361888798541201817e-01
4.855551287632020596e-02 8.741894209023148843e-02
1.015848727870782842e-02 -1.435265357288629806e-01
2.617437016713752840e-02 -8.534678360015757193e-02
4.128064901274763887e-02 -2.644466024326006526e-01
2.592613418899714084e-02 1.892077444230989558e-01
-1.560295937374259756e-01 -1.823651977590914353e-01
-7.634712427988066263e-02 -1.463126636888886223e-01
1.759996074917383746e-01 -1.393482186472937423e-01
1.744364352732529211e-01 -1.716946154833483007e-01
-1.074682989087444307e-01 -1.636449998440705489e-01
2.420272557864250329e-01 -1.642739484273633144e-01
3.575687488717138596e-02 -2.535134151848273953e-01
-1.062376650631179364e-01 -1.681839508305780218e-01
4.622740432968452939e-02 3.526879307948753706e-01
3.562084041342343799e-01 -1.503016276200817014e-01
-2.561610706838624019e-02 -1.345712227207191969e-01
2.283014529616694821e-01 -1.427908341052526175e-01
4.979681794451107368e-02 -3.137581768510870894e-01
3.534667324479252581e-01 -1.803976564624087953e-01
2.359727891276186540e-02 -3.174848214937709967e-01
4.875391202635925847e-02 2.442349763957161191e-01
-3.662081933476305506e-01 -1.767690242325877792e-01
-2.255836487421443159e-01 -1.497380418992153572e-01
9.511890409485534992e-02 -1.362661942811072002e-01
-2.540378120223542036e-01 -1.614369389527311460e-01
3.439422314880047349e-02 -9.322018163085976639e-03
2.472837544543071697e-02 2.923048322049357495e-01
-4.938145906394454387e-01 -1.456913904537483484e-01
4.418755648142080883e-02 3.105029473372328264e-01
4.068553807477315321e-02 1.029345448274180397e-01
3.468620967408267974e-01 -1.542309978754327071e-01
4.260462711502444044e-02 5.579748400531403529e-02
2.429497086475707057e-02 3.832557634645076261e-01
-1.773687943993086380e-01 -1.633350611771964278e-01
2.811709096410031083e-02 -2.903446731771677225e-01
3.945376140981815549e-02 -1.159996895423804908e-01
4.515192141975099549e-02 -3.502818006603389822e-01
-2.262848473288506801e-01 -1.292556616025087868e-01
4.878370750534233302e-02 -3.851716883073523778e-01
-4.038854202016640693e-01 -1.600489917250155214e-01
-7.308076221246784243e-02 -1.608577635417953733e-01
-3.442746522224705563e-01 -1.350048959602625498e-01
3.138702967657169829e-02 2.318231360650035988e-01
-3.647413419370778564e-01 -1.674935218212252330e-01
9.032558273694080153e-02 -1.697889776462715439e-01
4.848882557737232979e-02 -1.820094529561272489e-01
1.554008798355411836e-01 -1.319190260374151213e-01
-4.746185471519176469e-01 -1.588512608516677860e-01
1.935772384791856204e-01 -1.287403827559603364e-01
2.456654382814486004e-01 -1.330485348263810153e-01
1.538107800325259067e-01 -1.537418741006636447e-01
-3.051674278203914126e-01 -1.521291314768385972e-01
-3.401436922744869307e-01 -1.654928086789265729e-01
2.927809274969277453e-01 -1.681349877253447422e-01
4.632220482038595932e-02 -3.974361243367083851e-01
1.949435677264872435e-01 -1.792166078689668707e-01
4.336822345279633950e-02 -1.167884553759962474e-01
4.068219947212126097e-02 3.358068230615242067e-01
3.240063091107014959e-02 4.388283913646506829e-01
-3.247410833908616068e-01 -1.420027003573401947e-01
-2.254554863471125437e-01 -1.334617004768233750e-01
-3.724165544953624840e-01 -1.536260537208293808e-01
2.483250154052207836e-02 -1.514590659079214641e-01
-4.718410170093045863e-02 -1.727777507294087078e-01
2.193375100115224630e-01 -1.708119433663907172e-01
2.908202032269768811e-02 -2.569114946032458047e-01
3.568555767403580603e-02 2.633212136785419988e-01
3.467742671689200140e-02 -2.289764992173017877e-01
-2.361488034562009286e-01 -1.593781491771315562e-01
3.603210049019101024e-02 -5.991676844817139802e-02
2.472972993634260375e-01 -1.555131689204740653e-01
-1.842910919387106272e-01 -1.591575260416748794e-01
3.329379385885633535e-02 4.543355759544520645e-02
4.957271583737071774e-01 -1.724553738629465149e-01
6.865517895255723868e-02 -1.597673823563959816e-01
3.479277992687708210e-01 -1.485859556143561688e-01
3.133388191187935767e-02 2.847976606427707891e-01
1.516328602988492591e-02 -1.431139672838633858e-01
-8.791711800976387270e-02 -1.721491961895822431e-01
1.500086876594559637e-01 -1.808908634583948905e-01
2.661470345463566867e-01 -1.667202592596317423e-01
4.338538807357121829e-01 -1.607060774560267191e-01
-4.184721835496639786e-01 -1.607435313578936542e-01
1.272246926308019388e-01 -1.586429112425663535e-01
5.003826607439798568e-02 -6.675163165462705273e-02
2.619341678831242914e-01 -1.539964360261323328e-01
-1.832627400593046518e-01 -1.431995543778723512e-01
4.843669774233139158e-02 -3.986249003480368813e-02
-2.217614745375275920e-01 -1.295604784181019209e-01
3.404593527983235113e-02 -3.359687995100594238e-01
2.002155498106465981e-01 -1.391530606214652632e-01
2.101205670686756566e-02 -1.758655779197154656e-01
3.223044701825983349e-02 1.820739387886544103e-01
2.674142249403188565e-02 1.599513812204889085e-01
2.067519595080480332e-02 2.620425449347194569e-01
-4.899522236343391013e-01 -1.822664167713202721e-01
-9.174940514647456080e-02 -1.508572099008518297e-01
-6.738018172313531284e-02 -1.829351676326765874e-01
-2.991899222480793874e-01 -1.786432337262524594e-01
3.361502844198105411e-02 2.213505504691073433e-01
4.858577436904754077e-02 4.336864661283235112e-01
-4.010821993889719383e-01 -1.764375893549030572e-01
-3.462799324196990103e-01 -1.819056326070155327e-01
2.796882438807124505e-02 7.214230936429688601e-02
3.412400432440609865e-02 -2.425756652897521626e-01
5.004093818176458264e-02 -1.833454010966327763e-01
1.902188342125177289e-02 -1.749331470162535096e-01
-3.114668678267474844e-01 -1.406981979185608633e-01
4.894184470084487204e-01 -1.620837594088845313e-01
-2.783420142736486858e-01 -1.322946170495079565e-01
-1.058070729087030593e-01 -1.622064924828880983e-01
-3.900748246689703658e-01 -1.504324060357881132e-01
4.794941864419222100e-02 -3.481244659831594923e-02
4.562673802022398917e-02 -2.803656835436296735e-02
3.641289406575443088e-02 -3.726285327869128805e-01
4.177310484945762070e-02 2.950329261501892786e-01
1.261875213289389563e-01 -1.571107810452182507e-01
1.965344521469269967e-02 4.084080314851554760e-01
4.764341894386969756e-02 3.556296666464175971e-01
-2.114204059916784395e-01 -1.399627175732242046e-01
-3.182905073975457189e-01 -1.391148375583610708e-01
-4.549876902093814568e-01 -1.722222748319466312e-01
2.630204463541818694e-02 -1.746217239223432083e-01
2.509514667768331098e-02 2.766301575003922153e-01
1.147570823135106721e-01 -1.804864274547173242e-01
7.859145633556396948e-02 -1.779499719020924964e-01
-3.944924809982427449e-01 -1.385469710452608139e-01
2.952110096964399855e-02 -1.256951656568561226e-01
3.007246299933352685e-02 -6.914831890352046706e-02
1.881169533875781674e-02 -2.671808403679953869e-01
-2.141046630082101832e-01 -1.480998379763387440e-01
-4.403220415811491817e-01 -1.593280027743666505e-01
4.566368362531048053e-02 5.882897444709245249e-02
2.653928940845128315e-01 -1.425001761309089288e-01
2.473128223376303003e-01 -1.791726799886659283e-01
4.333217555478718896e-02 -4.879816337292265382e-01
-4.385244637252928568e-01 -1.322029355831667585e-01
-5.181378453054896749e-02 -1.731695377722423101e-01
3.518787617213836594e-02 3.050048467596178092e-01
3.797767533766313042e-01 -1.499590768414997832e-01
3.290594257523526966e-02 4.513442366052734522e-01
4.787044505185389376e-02 3.568285544214159222e-01
4.101909407500382576e-01 -1.614002915205269284e-01
9.722142678733003418e-02 -1.456339391372759584e-01
2.173920158827047366e-02 -3.201776890334885328e-01
3.005268119378345926e-02 2.933074746888627571e-01
1.947361819854287468e-02 -1.122585513351183062e-01
4.750688795785199536e-01 -1.583743879514697417e-01
-4.120940082227049217e-01 -1.506086991028737776e-01
4.921745025267991736e-01 -1.526601692593660964e-01
6.592144248588904798e-02 -1.529322690304817378e-01
2.977463444275507687e-02 4.617361273692843771e-01
2.515293034129617578e-02 -6.125652080533727784e-03
3.231902736280387600e-01 -1.375345437109009028e-01
-3.026111257208081717e-01 -1.559087686924237603e-01
-1.653870583345360412e-01 -1.402393591377840698e-01
1.019327445339137661e-01 -1.523194113510112357e-01
-3.047224396662140400e-01 -1.557157613829318610e-01
-2.422280639305289807e-01 -1.306051475455164423e-01
-3.275953695675036803e-01 -1.587585289551273204e-01
2.193844251854981664e-02 -3.785582399178123447e-01
5.539472854849314398e-02 -1.407065882765201614e-01
-2.303708082114725997e-01 -1.429987237005476697e-01
-4.607174291468907334e-02 -1.580510405542374652e-01
3.521505198829458783e-01 -1.693490835478046463e-01
-1.614362640140093452e-01 -1.505699656237965423e-01
3.598297533680083760e-02 1.364329222868713165e-01
3.959281201224662539e-02 -3.674900557812131874e-01
1.421996391290247796e-02 -1.292620654586883466e-01
3.275419881523955468e-02 3.448941972976826698e-01
-7.030760378568134961e-02 -1.759047284865337124e-01
4.889400538109089922e-02 6.810653180139480956e-02
-2.282891547621451744e-01 -1.363834590520960344e-01
1.499059951278942648e-01 -1.340269410755599022e-01
4.473056807413516855e-01 -1.463619329117157308e-01
4.060737651949652971e-02 -2.707118627842997061e-01
2.536842243311965284e-02 2.108419050237109182e-02
2.584628185232894504e-01 -1.376998402863802706e-01
4.153327156971375889e-02 3.551850114920576118e-01
7.319211966852334772e-02 -1.351110843148193297e-01
1.116651456696285960e-01 -1.769575888997602098e-01
-4.419577959511882259e-01 -1.340244247390354193e-01
4.996183557845575995e-01 -1.776036698756032761e-01
4.639088261562073212e-01 -1.367533076585634166e-01
-4.362710048176984268e-01 -1.784726812262759088e-01
4.947855132657291710e-01 -1.330336486627300419e-01
4.641530987733561986e-01 -1.485692561142398782e-01
3.943531368028752038e-02 -1.759869367616767599e-01
4.824687888537759761e-02 -4.035615353586257115e-01
-3.287934632837606896e-01 -1.522348467815998196e-01
1.414152862383047937e-01 -1.463453770129939935e-01
2.076381982326668263e-01 -1.576264809005799572e-01
-2.246268599715861569e-02 -1.714474341863010398e-01
3.773997816543639416e-02 1.449555136771335517e-01
1.128127803568940157e-01 -1.566619556128954205e-01
2.071519223021536238e-01 -1.389506300072184120e-01
3.496611077806488499e-02 2.405100279414599251e-01
5.797830953866067727e-02 -1.553700477553758841e-01
-4.505697945306388341e-01 -1.497048741101586478e-01
2.444028328793745874e-01 -1.504328277209427966e-01
1.829471366662330789e-01 -1.347583349956980037e-01
3.246068323958761770e-02 -2.220477158933520379e-01
-1.952921977359708405e-01 -1.688896935941509581e-01
4.252369650450948946e-02 4.013150343765496952e-01
4.473353525439216494e-02 -4.619983767787723128e-01
4.476152530972332677e-02 -3.822416428457889870e-01
3.626549617390295577e-02 7.880976870100830922e-02
2.088770930760024402e-01 -1.648965389596250830e-01
-3.877982513923640129e-01 -1.480725233462452106e-01
-5.942985979781334471e-02 -1.457365928286074030e-01
3.700292117788939183e-02 3.775174209541120041e-01
1.867004795668292250e-02 3.440503587192251800e-01
2.328542278366330098e-01 -1.658157145566825363e-01
1.182300405213415617e-01 -1.443056848558544880e-01
-4.308233657841921138e-01 -1.590409317389563926e-01
2.718965743516177369e-02 -1.651341689423169168e-01
4.553705463963126920e-01 -1.390462691674648754e-01
8.158074666793624363e-02 -1.494227490767043864e-01
2.860891295819840696e-01 -1.519708460292938934e-01
-1.411041977973184203e-01 -1.522336636775242225e-01
1.855299653685956729e-01 -1.825120177795083176e-01
1.517185717365315822e-01 -1.354222332844685628e-01
1.901545003295357361e-02 -4.948834183727511826e-01
1.075854450478308522e-02 -1.339695234728872641e-01
4.806567059825560539e-01 -1.720670172621231453e-01
2.502822150824979275e-02 2.192123959229788088e-01
-1.873503640333219478e-01 -1.531169156506483331e-01
-3.423399762429427673e-01 -1.351502563592312800e-01
4.453015283496652987e-02 3.162500169084785373e-01
3.351404576711121130e-01 -1.393091346045358669e-01
-1.253680927928481070e-01 -1.614818069067225359e-01
2.409986315574375038e-02 -4.639932175827056193e-01
1.396221196904015027e-01 -1.298299330995494882e-01
1.973453644557121578e-02 3.425785965150373036e-01
1.975244053159781465e-01 -1.395055466828231117e-01
-2.915541834088748452e-01 -1.671544770715351902e-01
-2.653794621743548188e-01 -1.480343768868634946e-01
1.987653850725734639e-02 3.915486292376609834e-01
3.017650014081917353e-01 -1.825289119779446301e-01
3.765450318576738509e-01 -1.780650600548183693e-01
2.672647578819130620e-01 -1.709860286491657888e-01
2.497129396457525852e-01 -1.320826657801997817e-01
-3.389210885514969407e-01 -1.603235772477767940e-01
2.018320540650432315e-01 -1.639961333368549212e-01
4.411923080132773567e-02 4.183159128030365936e-01
4.803601378671640276e-01 -1.312383915554269365e-01
3.805097994512618431e-02 4.351118246545377932e-01
4.045599763154050788e-02 -4.356310880788908380e-01
-9.911200916998230692e-02 -1.542771426657298939e-01
1.445283372023948854e-01 -1.488496970698881539e-01
3.383482024327176818e-01 -1.355661071831375519e-01
-3.114658351421649707e-01 -1.459350566191079945e-01
2.608279529232826466e-02 2.416311198425060702e-01
3.740595223327403129e-02 1.823052678365831847e-01
3.834790412218724853e-01 -1.750225365285889012e-01
3.592920449713576936e-02 1.340421692541408083e-01
-1.595772942484101620e-01 -1.625526608062830558e-01
1.913760860367327288e-01 -1.490206747236190177e-01
4.200202385431028862e-02 -7.807608872800775313e-02
-2.212741183578400550e-01 -1.347676559782600147e-01
5.943351692436971145e-02 -1.342996945454526525e-01
-1.737663329660363853e-01 -1.794770460460047845e-01
4.278745232616915084e-01 -1.798253572284446156e-01
3.833942328575956626e-02 4.237750781189864036e-02
-1.785707705493316810e-01 -1.397907466097624285e-01
4.291911428403660800e-02 -1.918322232436286967e-01
1.528936781612496576e-01 -1.638634854517613260e-01
6.810675793834353176e-02 -1.365840280279447816e-01
6.304498690404924943e-02 -1.401410983207742600e-01
3.484130469342561209e-02 -2.342872247459597546e-01
3.864220252280448076e-02 -2.344313633565811017e-01
2.846629233553420457e-01 -1.486542642380801471e-01
4.672390976669160700e-03 -1.570379172119025224e-01
-1.468478251965082970e-01 -1.438973553689519846e-01
4.696580219586199423e-02 4.583436705227982300e-01
4.849878136756979874e-02 2.353721094484357845e-01
3.080897669298410246e-02 -2.096796769127161619e-01
3.427082962096716923e-02 -2.994042400233806189e-01
4.792611892579756727e-02 -2.083615496773093545e-01
3.378425585841671186e-01 -1.333358189830712304e-01
2.261333566632184322e-02 -1.582678718861013634e-01
-2.552908026096573080e-01 -1.612568884936191882e-01
6.923221313761895868e-02 -1.768943570173239221e-01
4.042637114555673872e-01 -1.813195329397949696e-01
1.341499528914985584e-01 -1.713985052246729257e-01
2.777973070858186233e-02 3.508003949153110090e-01
3.599403334702655499e-02 -3.710227798497213181e-01
-9.169645906405343716e-02 -1.303971309625283626e-01
2.843757975253033976e-01 -1.765568012551588239e-01
-3.466468928158265017e-01 -1.660028236634392140e-01
4.479269523841400424e-02 -4.825152525014612115e-01
2.606280746268996307e-02 -2.617099467311430061e-01
4.833357015102823784e-02 1.748457007226065230e-01
2.381419993792022183e-02 2.671683970742807501e-01
2.245594744849118696e-01 -1.651369050326668697e-01
4.952337955530350388e-02 1.743299770713635510e-03
2.700620434014389115e-02 -8.609128258164699954e-02
-4.719848530939652065e-03 -1.491559245008939882e-01
3.522565962269775808e-01 -1.677439651389855957e-01
4.438795954822361001e-02 -9.962060769833414042e-03
2.649505261909248510e-01 -1.664139425537803918e-01
1.428670255965299729e-01 -1.598176878232239195e-01
