1.195719683090858965e-01 1.209871568789445684e-01
1.782777184687152072e-01 2.227730568302167535e-01
-1.483839088774706605e-01 2.155141707483215763e-01
-4.474449939418375655e-01 2.175183962645514946e-01
6.908391942995006918e-02 2.407529263274345022e-01
9.298929000858580096e-02 -3.816940344789131467e-01
2.512389540936977861e-01 2.023892673717826440e-01
-1.552967123252946280e-02 2.050873773944188461e-01
3.591923562871492948e-01 2.368115362220702957e-01
1.028025877657450238e-01 1.804896561070949979e-01
-1.704309853859208301e-01 1.898246224140397453e-01
-2.637321821470335337e-01 2.205390895417885799e-01
-3.764669813675610710e-01 2.222189368062649217e-01
3.102984625246602013e-01 2.133678529714752026e-01
3.651596828902127223e-01 2.296040306041989831e-01
-6.349202529812747464e-02 2.141342219285079507e-01
1.067194617324529471e-01 2.525813283005915455e-01
1.003308209488708025e-01 3.494437668783489936e-01
-3.975463510566877856e-01 2.518363566342513016e-01
9.256851933056209347e-02 -7.866519168959718034e-02
-2.883677732046658893e-01 1.899396398434990418e-01
-9.111630056367236996e-02 2.227424776863824452e-01
7.048036504962040816e-02 2.064661564993046650e-01
-2.819667460855023178e-01 2.381852964994866095e-01
3.788373110900508101e-01 2.142341285739225443e-01
-3.787272675503225994e-01 1.905674138210436963e-01
2.589604754941792208e-01 2.145010026906454259e-01
-2.228615424127800004e-01 1.883414297900763978e-01
2.262140716979523791e-01 2.442525602678493613e-01
1.905883224808400112e-01 2.084644559910215911e-01
9.965348203584745157e-02 3.682287732185276496e-01
3.779828212548590471e-01 2.276567814797213485e-01
1.145236812944964155e-01 -3.019461092736648311e-01
6.720358586198160733e-02 2.120539675462389528e-01
2.083177860008205151e-01 2.074092825159375986e-01
1.196522390346972387e-01 1.463873608774461932e-01
8.924979454161008352e-02 3.185900399755343670e-01
9.200476225257236962e-02 2.474026422645151380e-01
-2.679430158454325639e-01 2.270762171250789718e-01
8.880733501860882395e-02 1.457009469045783545e-01
3.962481111362575747e-01 2.111564316652240203e-01
2.246880500872977526e-01 2.051888288562901952e-01
2.736801908654512561e-01 2.358077430382969908e-01
-2.799357182107542474e-02 1.836448417349446638e-01
-2.255878769148721430e-01 2.325918007650024100e-01
1.472751070655626826e-01 1.981391466373861876e-01
1.191897612587259347e-01 -2.655843814632052879e-01
9.873327523088437641e-02 -2.868536560245680267e-01
-9.648427300314588173e-02 2.085678491350633212e-01
1.433826737027377174e-01 2.449032601465856995e-01
-1.155603260401926180e-01 2.181109860546267543e-01
-2.981366979719458632e-01 2.372225190504245740e-01
-2.695445756060523834e-01 2.296424551374973699e-01
-2.058035291019717494e-01 1.897025613907182828e-01
1.178675251915058952e-01 -1.079624057643897572e-01
7.733253787364491316e-02 2.462044272480391482e-01
2.445362867513224403e-01 2.017261680092019560e-01
-1.029037794795361060e-01 2.395279140145047947e-01
1.134967010343796989e-01 4.385442825935247368e-01
-4.274666505678553774e-01 1.946077457648225373e-01
-9.892112366020355818e-02 1.839431224877009496e-01
8.684336589000041240e-02 -4.743747531241073734e-01
-2.991952126284146418e-01 2.332231146246035447e-01
-9.891246371939899085e-02 2.290633041604596132e-01
1.250163009413444160e-01 2.449361924930995027e-01
-1.894220442164389340e-01 1.995181428881331875e-01
3.823648580926766183e-01 2.016520046644115771e-01
-4.919643976573084831e-01 2.372661679914855881e-01
3.827378087640238569e-01 2.033947528884593181e-01
-6.491040718412999233e-02 2.498809161293900072e-01
-4.372659638268172611e-01 2.221263780348230465e-01
-2.411489727274727102e-01 2.337464838162379710e-01
-1.668745168604586215e-01 2.515495125261876241e-01
-2.363233788801267776e-01 2.107585088950759689e-01
1.096825572059395570e-01 -4.387845782024640817e-01
1.605379277790900394e-01 2.187331258842784010e-01
4.800022605205985782e-01 2.421730246133676490e-01
1.087262847364527385e-01 4.265134093388650571e-01
1.067382729157705379e-01 -4.853189602861642804e-01
1.175990596379589137e-01 2.512845869736072268e-01
-9.422460743586758003e-02 2.380614484978930134e-01
1.013490951986217858e-01 4.356177339922839842e-01
2.131535517663262214e-01 2.323238714413217165e-01
1.972135625507027701e-01 1.851891252491013606e-01
8.592564264272462005e-02 4.276571062969964920e-01
9.610744096198664543e-03 2.052712297039873679e-01
-3.280272446354052240e-01 2.454311052282368566e-01
3.446224172900865801e-01 2.043655560021501172e-01
3.113789976638187129e-01 2.157705729993009136e-01
1.414794648767508933e-01 2.256695711527239023e-01
8.669955269378992746e-02 4.353653274647167892e-01
9.231964618550458912e-02 1.236740765120711849e-01
-1.621268438354722674e-01 2.166750875828649114e-01
1.042044484140954852e-01 -3.524210063466144405e-01
-4.302249392650199233e-01 1.921853067061115583e-01
2.491649950532538460e-01 1.939918873144147460e-01
-3.337401847801078070e-01 2.322249781996177376e-01
8.952327899623879759e-02 -1.532412503801662274e-01
3.177319341297480948e-01 1.975343533750960612e-01
6.426073429936296488e-02 1.946048851742518959e-01
1.740360371989914112e-01 2.038585702580884007e-01
3.297504207041300761e-01 2.262045944347377269e-01
7.719463054001174385e-02 1.916172015212698199e-01
3.111374596929212810e-01 2.027506483425572936e-01
-3.492439901700039595e-01 2.023030881501307610e-01
-2.807348115255902110e-01 1.935982270818791262e-01
-3.418907378969192612e-01 2.430011214950208442e-01
-3.872899370075999492e-01 1.912822941115228659e-01
1.137218550302084852e-01 2.124089776793577355e-01
3.327260063531889411e-02 2.497103509269169574e-01
-6.724067512054998641e-02 1.990657676296675449e-01
1.962905294579088133e-01 2.457316538262442895e-01
9.664521608005871567e-02 4.360028171168306432e-02
-2.184721583307011050e-01 2.053509551763411656e-01
9.644554731529841884e-02 3.670987231312506927e-01
9.544422784803396898e-02 4.450926541374071732e-01
8.735626774312443832e-02 2.357383648406228271e-01
-3.007695596927640880e-01 2.226813780342333793e-01
3.567663735171100470e-02 2.219203645664604707e-01
2.618436301089589469e-01 2.171587388785310990e-01
-2.102839397880076344e-01 1.952846670366590320e-01
-2.731361144789901108e-01 1.996218352552859843e-01
9.762258414723024025e-02 -7.781129287687238438e-02
1.190525695687378871e-01 4.959713513968295739e-01
4.066471251149179622e-01 1.896044497799976858e-01
-1.880258664508499544e-01 2.345414032801977910e-01
1.184694186741612754e-01 -2.602874631074979517e-01
-1.139806668404037548e-01 2.536212667657384845e-01
-4.553178352764482018e-01 1.921981351547111805e-01
8.951067002661694527e-02 -2.837281691485762369e-01
8.621762250083886414e-02 3.473861127522800407e-01
9.970707035380366179e-02 -1.997021198455426472e-01
-4.519927516903967657e-01 2.422142349031658481e-01
-4.910709095764598242e-01 2.495700381224709163e-01
-3.371615238760313771e-01 1.999092942995313038e-01
-4.164263117326304497e-01 1.879072947138196170e-01
-4.591246543062943442e-01 2.106523542907134949e-01
-5.039232338766908015e-03 2.201596993360137589e-01
-1.498268720633831874e-01 2.324704553167379339e-01
1.081747384525699740e-01 -4.125272187812634161e-01
-3.398198115038638667e-01 2.508832284988246064e-01
1.049175297980199373e-01 2.092483105535579702e-01
1.094406738528772571e-01 4.132951773542030693e-01
3.655717050442985894e-02 2.383723372487114300e-01
-3.942808008296797562e-01 2.452225019582255916e-01
-2.284388589447557960e-01 2.096303291798117252e-01
1.208297083323377485e-01 4.178325584380537805e-01
3.959232910846544051e-03 2.291185791962699891e-01
-1.045337647483950416e-01 2.518236205265820260e-01
-3.855371157363681744e-01 2.514096774874884366e-01
8.681474691423807233e-02 -3.434027476234536858e-01
1.349103981054337043e-01 2.266958365414233345e-01
-4.819953953583806516e-01 2.502036755165207849e-01
4.061848608223538326e-01 1.870406071588714969e-01
3.688683618794331709e-01 1.889684918691517668e-01
-6.832772314652302281e-02 2.185843742557994629e-01
-4.125268455696871062e-01 2.254306089946132019e-01
-2.343030900673789274e-01 2.420785213024845284e-01
-2.139714073389010762e-01 2.513808859642888693e-01
-5.930883826094124345e-02 2.105415698883835729e-01
3.514211500660088250e-01 2.505944515133126105e-01
1.681608478112460725e-01 1.916625757070213876e-01
9.044031126167351164e-02 3.353369165078828873e-01
-3.175672171729597704e-01 2.180729044901431601e-01
1.189041813571110051e-01 9.530932103231415375e-02
8.413068305618387477e-02 -3.397450881634187514e-01
9.964429200198943182e-02 -4.182775219624340624e-01
1.150407543265778987e-01 2.446374782124144387e-01
-1.280541887014658986e-01 2.506647728778670370e-01
5.466634665072889199e-02 2.220128203065033778e-01
-5.849032471346260476e-02 2.506474931315199051e-01
1.088093079301367672e-01 -2.049989593590590964e-01
3.383057358375046730e-01 2.292427884484067313e-01
-3.245672226785213388e-01 1.907700958164881833e-01
3.693615907883679439e-01 2.452643890727046472e-01
8.899449950233651041e-02 1.814938030628935328e-01
-2.533249772629584395e-01 2.410859817027306562e-01
-3.753692137979723897e-01 2.525789796968362921e-01
-3.933983593786444244e-01 2.251758396455167954e-01
3.689713620484268430e-01 2.477347131936854518e-01
4.098351717867473321e-01 2.385215190220801862e-01
-3.670346158514182777e-01 1.870706164308389985e-01
2.704069323460103202e-01 1.830816141817522835e-01
5.491582140182438287e-02 2.029024677919228914e-01
1.232339641835649147e-01 3.701580889106518280e-01
-3.989428709174112075e-01 2.038187312299327703e-01
8.110322572898753801e-02 -4.550761488666240639e-01
1.237961416407240556e-01 -1.621611253647824435e-01
1.173091215988862901e-01 2.037781379941149273e-01
-4.425630658100727644e-01 1.855675763522680599e-01
1.675057326287836545e-01 2.011956453989219851e-01
-3.178080651786043820e-01 2.038986278068367630e-01
8.796776496591429684e-02 7.704388132988604365e-02
-1.221853659293222760e-01 1.839134200401307817e-01
1.014530454264378490e-01 4.621239240035684981e-01
1.974158837872649341e-01 2.193231047372318221e-01
-1.535647109614708405e-01 1.926488351222639395e-01
1.080869799933590336e-01 -4.963131581442681295e-03
-4.612396511904596208e-01 2.054299075709401512e-01
8.766373772616997684e-02 4.556943836766513822e-01
2.634009088537707655e-01 2.160334876987844988e-01
-1.741619822739707280e-01 1.955516367397572841e-01
9.107309952190045799e-02 -5.666242977628210831e-02
-6.012269821250326718e-02 2.073676929401248037e-01
-4.285833662795082155e-01 2.511264835816340302e-01
-4.747666618431984897e-01 2.516115592101941800e-01
8.870041832541131210e-02 -2.282225293603670213e-01
8.255438730528252833e-02 -1.073933868254797197e-01
1.102235325239324659e-01 3.708652129422792543e-01
9.634184239323351218e-02 -5.850383252145863189e-02
4.455304108093320892e-01 1.915530914679656194e-01
1.230679589398644413e-01 -9.144906225640014874e-02
3.111016614687536208e-01 2.126258733842149029e-01
1.365553420226953696e-01 2.291437335596757663e-01
2.871933178094366879e-01 1.881682143450357225e-01
8.886669718402306906e-02 2.457537363076958137e-01
2.420060541561944722e-01 1.891799532003549666e-01
-4.327262485222455046e-01 2.526585320385217326e-01
-4.026842636637275596e-01 1.825838859076575060e-01
1.575347555431029223e-01 1.895727831966003141e-01
1.158624010220814515e-01 -1.967995430074600538e-01
-2.286476044213513470e-01 2.021275355039459098e-01
1.186071149069741759e-01 -1.045989336757302546e-02
-1.799503671496723856e-01 2.429647166983944784e-01
-2.487998810130296334e-01 2.257854322258701085e-01
1.036224401305367859e-01 4.434089942557234432e-01
8.836452940498285002e-03 2.148926258213345042e-01
-2.246869899657475411e-01 1.832079417765070106e-01
3.556824719875939511e-01 2.219952240331175553e-01
2.169326211644414526e-01 2.413835836366339249e-01
-1.659712880241974720e-01 1.940362022538522080e-01
3.230057368532225359e-01 2.124881383901006116e-01
-2.641011615071210406e-01 2.220200124109238393e-01
8.229380303269551167e-02 -5.383600899215257307e-02
1.250237238611090484e-01 2.474331303680586958e-01
9.065695319831557075e-02 5.584203552995492537e-02
9.713625170072037740e-02 -4.891646607528238322e-01
-4.654030292168636063e-01 2.336936905307595014e-01
-2.489988777849104773e-01 2.147517363175877048e-01
1.159650217226863012e-01 -3.615744911633290704e-01
4.160230651101320953e-01 2.097949867249230271e-01
1.163460989872232565e-01 9.825238912972344973e-02
-1.570085783045960248e-01 2.088663528266395675e-01
1.076495916122568453e-01 2.532879198971972334e-01
1.148445434130636045e-01 -3.562230031572796163e-01
9.835222004640187254e-02 -3.639836273356594765e-01
1.012985859592101523e-01 4.288298150484592952e-01
1.219455059833381982e-01 -1.193280277161120617e-01
2.542545934428339649e-01 2.488107749054440099e-01
-4.861714073953471438e-02 2.074898107221853083e-01
1.164342670240808841e-01 -2.524111436011690079e-01
-3.796241720208559656e-01 2.216716497886547232e-01
3.852525297559878936e-01 1.846452212174923835e-01
-2.636721015072827079e-01 1.924143330583252265e-01
1.695438807576760132e-01 2.491607179776822445e-01
2.175853213355749549e-01 2.373818252200492473e-01
9.447020347457601996e-02 6.152979281094950181e-02
8.422111012255750762e-02 -4.313463862380559899e-01
-4.039412265388379053e-01 2.388836194034221760e-01
8.172248745092181021e-02 -1.132544513704222267e-01
2.265922604116796801e-01 1.870791007511825033e-01
9.292336501541842431e-02 2.680145632975077241e-01
2.307043135774663467e-01 2.127086534998929856e-01
1.203684002137767051e-01 -4.114833123783061541e-01
2.022175902940034353e-01 1.840679665012041610e-01
-2.779503140628480917e-02 2.094988748410140378e-01
9.179407609106837729e-02 3.086798344295452745e-01
2.440693565535190235e-02 2.074424226565068086e-01
1.104535002837965241e-01 -4.229001985723035428e-02
4.953131605173088925e-01 2.032183702494460009e-01
5.412563813451898298e-02 2.221277309811550138e-01
2.073179018413932040e-01 2.089800475723411211e-01
1.208588488767309288e-01 4.111206464057576282e-01
1.214431249297690529e-01 1.823225580665860379e-01
8.719097444140577746e-02 8.220014921626528359e-02
-4.103468497022981776e-01 2.318691199090442412e-01
3.594690623616623171e-01 2.273899560415210130e-01
5.243873865183279470e-02 2.115204266652700449e-01
2.434142082473189639e-02 2.378928003411492353e-01
-1.464312887311272071e-01 2.398803264860109863e-01
3.842493203686214720e-02 2.424372341691620747e-01
9.318319295530186341e-02 -2.520362375332999560e-01
1.093702082233571904e-01 -3.992523295897557611e-01
3.286814668038121612e-01 1.833418888911366729e-01
1.224505746734149136e-01 2.822048730709023623e-01
1.164772561372057202e-01 2.193233932575028300e-01
3.421010779063955454e-01 2.055894640095345949e-01
1.587930112488489254e-02 2.203852066142057975e-01
1.112894687275443051e-01 -8.585549641473688709e-02
-4.762750896824308189e-02 2.138970024131021663e-01
-3.391743412609091735e-01 2.109190615561324922e-01
-3.354226182684925117e-01 1.853470425980875413e-01
1.146445872493000451e-01 -1.284928865894157113e-01
8.263269368715275842e-02 9.071708882176698907e-02
2.278920913146608163e-01 2.196011334082484945e-01
-1.063079203966024178e-01 2.406054013801924851e-01
1.216833065980338358e-01 1.297094487598149382e-01
1.309758526478252971e-01 2.428395465319397317e-01
-1.940012050393897791e-01 1.965901310300071092e-01
4.122901758678757522e-01 2.385924816574729324e-01
1.737972516443363480e-01 2.466028427801524314e-01
9.257384357039744049e-02 2.621376905537496915e-01
1.035771688276049263e-01 -7.984979091201893642e-02
1.059778186833706393e-01 4.104818149013375050e-01
1.929875253285288084e-01 1.965884675956438565e-01
-2.975617687080343021e-01 2.377176571157543217e-01
-3.399899409315443322e-02 2.139939511923760751e-01
1.115368851788877125e-01 3.288303776450208771e-01
1.194635764932220345e-01 3.432312577058701519e-01
1.119634842822919696e-01 1.359386665708502973e-01
6.832116121450093615e-02 2.110758895984117256e-01
1.208226595210399879e-01 2.867656302893319964e-01
8.234343824778456167e-02 -4.620732015273586457e-01
-2.046832510489404733e-02 1.912236058614040779e-01
9.883998342429467510e-02 4.184539660634730707e-01
1.141048838138110089e-01 1.054361051163057450e-01
8.572219322898833038e-02 -2.194627292331539081e-01
1.149150056991002922e-01 1.622934476543721471e-01
8.528337891600468179e-02 4.889598706534199479e-01
1.066221180429542947e-01 4.498696548836256248e-02
1.047270693159758626e-01 -4.368862744272220544e-01
1.201741559372890844e-01 -3.318333659354418819e-01
-4.828374403824504668e-01 2.092096743111484525e-01
9.241038487725083961e-02 1.254024802209561251e-01
1.870212063502432187e-01 2.424832344369617365e-01
2.395221682507169270e-01 2.278647277108508673e-01
-5.555553697056203610e-02 2.357611476462713185e-01
-4.631979158661887475e-01 2.002686288718293905e-01
-2.170170891098721633e-02 2.166124884686825292e-01
8.494966886535737505e-02 1.243289053565157509e-01
9.771523429010919859e-02 -3.337925861777760739e-01
1.474916176030262038e-01 1.935201633587462222e-01
1.632880321036811466e-01 1.968180472440483886e-01
-1.412263680769080265e-01 2.327937000852147165e-01
2.221080843752438749e-01 2.355133047308017868e-01
-2.223538063794391340e-01 2.032349284063016404e-01
9.056339567030657900e-02 2.833503440404727680e-01
4.411394833207720190e-01 1.908840224522305729e-01
1.178676160348982593e-01 -1.808661500037123115e-01
8.788684957627646011e-02 2.216128932644060301e-01
-2.450202448348053341e-01 2.014261588528466485e-01
3.860634688944403203e-01 2.520946150237505234e-01
1.051091753845140309e-01 1.078682292781836249e-01
-4.488562560485489517e-01 2.521205053590402922e-01
-4.262874123306544805e-01 2.412986630460777215e-01
3.769805357331386109e-01 2.189735821997255139e-01
-2.427996801904919177e-01 2.358042114954292945e-01
4.663834693579714807e-01 1.910426140827660157e-01
8.964321096311744785e-02 3.416073008228206476e-01
1.656247780947270876e-01 2.483962406083951580e-01
2.006667935923269752e-01 2.380976355247585996e-01
1.127699060198521508e-01 3.361999092718266358e-01
9.419532258357687926e-02 3.150346407575193020e-01
-1.093973129986066661e-01 2.099084369843536857e-01
-3.816331862088693239e-01 1.984783684312206864e-01
7.249865855088055699e-02 1.934314517711565040e-01
-4.766877028718348175e-01 2.087480815779511056e-01
1.376957296219637472e-01 2.053470554652477853e-01
-3.238290837612002315e-01 2.322396914548661151e-01
9.276381068776184957e-02 2.137061427567314986e-01
1.416338929690833526e-01 2.077063773342031627e-01
1.084850947207824934e-01 2.119870501277952846e-01
3.614626856467517690e-02 2.537832991785601289e-01
-1.600062773877630740e-02 2.525281451958635293e-01
-1.696504731971035795e-01 2.243161834494068474e-01
-8.723536431407741265e-02 2.265448726454956097e-01
1.919263772224741871e-01 1.897079314366447722e-01
1.228612786221747744e-01 -9.964934555427773510e-02
9.820481050507268161e-02 3.111397011124406031e-02
9.370768216808311735e-02 -2.501638196987172602e-01
1.722448733818418010e-01 1.914302378815990746e-01
9.767263704580897432e-02 -4.262774363799419763e-01
9.694294459272623232e-02 1.412007744006010812e-01
-1.088930114969421936e-02 1.828793147759809612e-01
9.617826364873083289e-02 3.032254999944049567e-01
1.105756179715762233e-01 2.636517214388384156e-01
1.112366054139255489e-01 -1.020042901912132649e-01
-6.392712543254874813e-02 1.868652127608311231e-01
7.265954636843396930e-02 2.369859359334876014e-01
9.566406380023495526e-02 1.184797596810333031e-01
-4.034857338090366285e-01 2.413767143021348094e-01
1.104111536213912004e-01 -4.292343788387487091e-02
-4.837615964807026048e-01 1.860748235261419081e-01
4.205650998898684545e-01 2.446102254777061669e-01
3.185077516050665025e-01 2.290163279580975653e-01
9.960984885296564340e-02 5.401099487641891628e-04
1.219246673876718257e-01 -2.714502416802825335e-01
4.027294628956922251e-01 2.349249148950657284e-01
2.493755063706197816e-01 1.912926213458220337e-01
-2.435701075684006955e-01 2.536517952063632730e-01
1.039113009300650647e-01 -3.909064105244097753e-01
-3.176012139228823195e-01 2.535569237070494086e-01
1.164253118885846261e-01 -9.493413662715455281e-02
3.496939824185165691e-01 2.179922152312359085e-01
-1.682888287758614876e-01 2.074271906234058660e-01
1.117452489382009251e-01 -8.351453537508490843e-02
-4.667101091364896925e-01 1.945809124741980645e-01
9.531293372077842552e-02 -3.191541006119171797e-01
-2.556938486356208351e-01 1.971650883040042546e-01
1.237107436366708946e-01 -4.148178190127824738e-01
8.322424356248703248e-02 2.808898525749694564e-01
1.101781917261616117e-01 2.944765349790764430e-01
-1.697098376150649734e-01 1.911169976499699219e-01
5.164999723608032500e-02 2.497251524692258862e-01
-4.641006038925210575e-02 2.000378134958211707e-01
3.844897721072966235e-01 1.995147266322804258e-01
-3.929074160074241817e-02 2.429823035008160659e-01
1.056988604257178554e-01 -1.134912304929205362e-01
-4.009585287159078693e-02 2.423687274321254526e-01
2.331802044647178773e-01 2.214019625725860418e-01
2.064751971373814943e-01 2.178166847358645741e-01
1.000360080453145395e-01 2.635421092121067455e-01
1.566992157909177230e-01 2.346020620671898094e-01
-2.777508392269940618e-01 2.460546035078554628e-01
9.121261353831833230e-02 3.554897433617403291e-01
9.156046532042483310e-02 -4.728903809291616911e-01
-2.073829235133788362e-01 1.903112966429640895e-01
-3.856323274988717742e-01 2.506848705689534995e-01
8.385385089760000188e-02 4.241057029302286452e-01
-3.433966890659287952e-01 2.277024250549642970e-01
-2.935579895894779856e-02 2.435653857978959946e-01
3.811765994496579824e-01 1.866620376988684660e-01
9.103238616502229430e-02 -2.474012385529582581e-01
1.620036702226766989e-01 2.078802810488272756e-01
-2.987104783174292510e-01 1.994967800054120444e-01
-4.695083217208989579e-01 1.975175482057253129e-01
1.096838919885476660e-01 -1.326133240288484005e-01
2.771156986867140404e-02 2.432557615589078237e-01
-3.214005559635982889e-01 1.997891696078003543e-01
4.633449264985900484e-01 1.942938052342262356e-01
4.325759706518021996e-01 2.210890516452507226e-01
1.137355361581479096e-01 -1.677174263622446260e-01
2.916303258217266547e-01 2.149942862828826406e-01
2.242440584656374414e-01 2.125381789919273956e-01
-3.137052562408160217e-01 2.428092092879060582e-01
1.078200107043830736e-01 3.322214206678213433e-01
2.428660551023158476e-01 2.388852155494780583e-01
8.095892694010276003e-02 1.986992510736844686e-01
4.771805766487722256e-01 1.840297138258737419e-01
-2.194183595200440706e-01 2.421801012368194339e-01
-6.588815065305497765e-02 2.420713049499585434e-01
1.100196738234654470e-01 4.554894417813803997e-01
9.737482104609351818e-02 -4.731145528812951140e-01
-1.005764279410374940e-01 2.073341423534595940e-01
-3.182483903842492357e-02 2.407796181800416768e-01
-7.417691337221510306e-02 2.516932222214265380e-01
-3.516602024247086344e-01 2.429341419900615806e-01
-2.927062551802315227e-01 2.226879586613412787e-01
1.284322247778275639e-01 2.356306036552410221e-01
1.109776608074989346e-01 -3.224779047941906951e-01
3.230906710747389887e-01 2.236367260708886917e-01
3.707766220940816870e-01 2.237599144399181617e-01
9.704729238319742546e-02 -6.853369763604522102e-02
4.654439496117352970e-01 1.965260877316906685e-01
1.084985432024204721e-01 -9.217097990432621124e-02
1.017047938205604130e-01 6.964903225669683007e-02
1.191847891352344480e-01 3.326606079031535490e-01
-2.464669266403325398e-01 2.227232986038940599e-01
-7.841099942034912562e-02 2.392953055735517198e-01
1.702707136329280058e-01 2.256856766923019952e-01
-4.760119809786853562e-01 2.039584568636163553e-01
1.197578739917256607e-01 -1.032748767063568218e-01
9.419232465195759296e-02 4.227286013538193998e-01
1.197509466868819095e-01 9.346935434290537525e-02
-4.799476605405825769e-01 1.843128487387997172e-01
3.101906869062421856e-01 1.922323864501965796e-01
-1.402319720804341419e-01 1.942180059000695458e-01
5.701585297526012841e-02 1.854033346128461934e-01
9.489717883214965344e-02 -2.423814487344236879e-01
-4.343688284627859053e-01 1.876642834834926221e-01
3.974115713970194363e-01 2.344354032528774834e-01
2.102141196042939253e-02 2.071039150322309119e-01
2.857103703215624346e-02 2.342017808063894257e-01
1.167753777502128498e-01 1.842099544146449386e-01
1.866403576390730512e-01 2.366392404034340924e-01
8.710326960045999822e-02 -1.086209455472201268e-01
3.351751309818840063e-02 2.014635669484118319e-01
8.709527057441424081e-02 2.822909409590670382e-01
1.729823522246221046e-02 2.151953802933632698e-01
-2.556595669026293649e-01 2.094581051182224929e-01
2.193627383442013912e-01 2.016107804922410152e-01
-4.296633455033366245e-01 2.259613331817932336e-01
1.210238047848192222e-01 -2.520435746008981015e-01
-3.354399016598639260e-01 2.388266870363757732e-01
-2.968515271169509528e-01 2.463710645417922507e-01
2.022621377625395400e-01 2.458407062926072362e-01
8.453754246535138961e-02 -1.579362727195209315e-01
-3.237488133304989857e-01 2.235015748068248653e-01
-4.296662658245303801e-01 2.264339868609601680e-01
1.130071608246935311e-01 -3.963676256560823008e-01
5.161052748053007733e-03 2.354106810873566324e-01
1.119500559537244255e-01 3.101315440946619262e-01
4.422518070542468260e-01 2.455156874834096836e-01
1.074370415740069085e-01 -1.947184906160812634e-01
-2.220532404232467005e-02 2.246089665893504783e-01
2.631617504238017435e-01 2.110072134942789779e-01
-4.824255504157998198e-01 2.127433919898048531e-01
-1.063548945577234006e-01 2.182712657264637146e-01
-1.255482486567618405e-01 2.350247412172735695e-01
4.513992118629526207e-01 2.456719031950289622e-01
6.764107417907605502e-02 1.947667505139122346e-01
2.333599269747160809e-01 2.431751378365547556e-01
-9.809197855610840566e-02 2.019028066264421106e-01
-3.745155634830318325e-01 2.055105086234936262e-01
8.851700218986635615e-02 4.565650598313951702e-01
1.149630151609468687e-01 4.908779280557795666e-02
-3.810151791144118505e-01 2.339912595377720006e-01
4.392195715970881320e-02 1.902566267944004741e-01
3.437928162859146264e-01 2.523024146901294840e-01
-3.043385009898028626e-01 1.954566718939018122e-01
1.259859409527959162e-01 2.116372610697098144e-01
1.176636024343572506e-01 -2.691033035330052670e-01
1.207528784686289214e-01 4.549946247048980430e-01
3.828398464465394557e-01 2.206913016297761265e-01
1.273447496396252765e-01 1.978471321079392498e-01
1.078796808738718971e-01 -4.158414657873058529e-01
-3.363681474744694144e-01 2.401929615302418330e-01
-2.388013191011847391e-01 2.377484137598754321e-01
8.664604383885288197e-02 2.789334476860794165e-02
4.726023458627858220e-01 1.956245682124782004e-01
-5.154450023579715268e-02 2.263686595543227265e-01
-3.754333877660035457e-01 2.290629751698795014e-01
3.179009565370436441e-01 2.376237312331245244e-01
3.165371883119701968e-01 2.305297392535424761e-01
1.049808135230686501e-01 -2.672413367304639076e-01
8.820517929221582953e-02 3.041092886929424033e-01
2.749786899237274262e-01 2.372802245904782614e-01
-4.258353629079270064e-02 2.301725154871477885e-01
1.153135783366765477e-01 1.894151991937209623e-01
-4.329624053609690826e-01 2.389653763066919012e-01
-6.954097006550197246e-02 2.173237423094980247e-01
4.478415322423001665e-02 2.397856240693239105e-01
1.226943368956536773e-01 -1.285715620801518577e-01
-4.051524515575697372e-01 2.315170064144037587e-01
1.888145335643954814e-01 2.394706074243848626e-01
8.100147127510015643e-02 3.952248541750352784e-01
3.791660490346587808e-01 2.241969410320814315e-01
