1.775401181520716021e-01 1.001603386391108907e-01
-3.080674689089925034e-01 4.902645223746822101e-01
1.565336141757228683e-01 2.435225651813403003e-01
1.771735403317414859e-01 4.467026257611236284e-01
1.699224889655932547e-01 1.746251360635230343e-01
1.594698841115472776e-01 -1.031324318101332072e-01
1.897427828506915715e-01 -3.993488934208410113e-01
1.938703377340332823e-01 -2.552544442712088024e-01
-2.499347446153443730e-02 4.794175445284082349e-01
1.632879773392422740e-01 3.375852873316447234e-01
1.981785721286541957e-01 8.819077894147597796e-03
1.710566970273557086e-01 -3.462786987050198162e-01
1.795660554371958373e-01 8.045374146330752652e-02
1.680587898004722858e-01 9.084745685609707522e-02
1.513349797222331983e-01 -1.709348390247374949e-01
1.579844542215129710e-01 4.079015527130385177e-01
1.694691262467963311e-01 -1.560160466779996202e-01
1.960684830047455529e-01 -1.300743580591697812e-01
1.989325286718638397e-01 -9.851553759675446553e-02
1.426920621564733427e-01 -1.977031704377124610e-01
1.411787569245710472e-01 -1.276801322788502224e-01
1.840336683954137964e-01 1.463813892156499152e-01
1.719818607980292402e-01 4.294920230161997088e-01
-3.027451329717365525e-01 4.853010790592208190e-01
1.474484840539485031e-01 -1.216303494582380296e-01
1.958338908338983497e-01 2.050643845343946836e-01
1.928688821934055886e-01 -3.711622699993972763e-01
1.483858480232653765e-01 -3.812802964802020078e-01
1.945440528814247338e-01 -3.994992642942860606e-01
8.187124665571277049e-02 4.887797275209496695e-01
2.453539519798959567e-01 4.892266676747748511e-01
3.390483695620444271e-01 4.852041723753525160e-01
4.743572564675420100e-01 4.897109696678708657e-01
1.929216753908201687e-01 1.729587674978426692e-01
1.753673367440575781e-01 -3.590539672691317463e-01
1.974996478669307498e-01 4.552340401173377016e-01
-7.100255406865163543e-02 4.989444326388945417e-01
1.987254819574921783e-01 -4.045714481868255552e-01
1.850143593214286231e-01 -1.593510385567007415e-01
1.886575047174401387e-01 3.036787471143147510e-01
1.997332267005753614e-01 4.251970200256898202e-01
1.755992806361198477e-01 1.558114426610235359e-01
3.610420267660074956e-02 4.891266533536041683e-01
1.510863255616816669e-01 -2.010913511511104312e-01
-1.790674216293064447e-02 4.849974523833284756e-01
-4.548095974820588472e-01 4.947386795514022717e-01
1.495223923244207720e-01 2.349968791634939880e-01
1.831347705761668943e-01 -4.976220104758065643e-01
1.998767117934011628e-01 -2.747608042895255398e-02
-2.686472343005463781e-02 4.936595941590582459e-01
1.573316358954021110e-01 -2.824615264561396444e-01
1.797171088644039516e-01 -3.419406643110353139e-01
1.522040989539521494e-01 -4.157101283598030328e-03
1.758000015826408635e-01 -2.747068842661396504e-01
1.733769489306783429e-01 4.397421844680290404e-01
-9.711695160068800625e-02 4.867629728183427984e-01
1.782348101929124295e-01 8.049662918729549865e-03
1.905843398608443318e-01 4.423710850026333352e-01
1.543803244479792225e-01 -1.282007827636344466e-02
-2.847579381255552766e-01 4.924022359839718144e-01
1.835333745656004822e-01 1.021012653627945133e-01
1.520226805247647528e-01 4.642190988216774450e-01
-2.172244690421702984e-01 4.872974776788311368e-01
1.790361550609697039e-01 -4.156589931348153577e-01
1.891832952488210484e-01 -3.529035876882041789e-01
4.236948888820373238e-01 4.935967232417495243e-01
3.734465550007961543e-01 4.974465643430966422e-01
-1.854529497195968046e-01 4.917547753761951634e-01
1.889538418549560062e-01 -3.257912505402134062e-01
1.552050828122296666e-01 -2.156307593624311458e-01
1.789925609319996669e-01 6.089026257875884696e-03
1.684841849862367402e-01 -1.847047535994479350e-01
1.605288843169281332e-01 -3.659569950162946395e-01
1.861059105376547951e-01 -2.406802550674269625e-02
1.590439205427940372e-01 -5.283387694387475797e-02
1.644590648808506028e-01 1.169960854698254282e-01
1.790834853828406903e-01 1.284134741505245092e-01
1.653854359070940916e-01 -1.637954753624004667e-02
1.426872602643518562e-01 -6.822414849225844069e-02
1.916823453400385846e-01 -2.678616064848319267e-01
1.609704065214427882e-01 3.257073519473095979e-01
1.636983095513662168e-01 1.620002203163914967e-01
1.632151614022727681e-01 -3.082804684119077043e-01
1.853045674600619641e-01 -8.790624755928411194e-02
1.437338988470733270e-01 3.186462103138527624e-01
1.580433848751847670e-01 1.217787797855897081e-01
1.892020105083445092e-01 3.915352700090481974e-01
1.594727475819858187e-01 -3.733699882126981784e-01
1.412144894603512002e-01 -4.299298702807391459e-01
1.505663116880001651e-01 4.936376751750406466e-01
1.752045528681611675e-01 -3.455640638101554751e-01
1.826175406963378434e-01 -1.147767228086415958e-01
1.492487402437339128e-01 4.482291761620913473e-01
1.561090049164768345e-01 -1.465628880933023126e-02
1.996060243545596524e-01 -1.777176669826878719e-01
1.530739125951959823e-01 4.037484507091756436e-01
1.494176169212333427e-01 1.170635644496134109e-01
3.185370016715801667e-01 4.957435158992746782e-01
1.428192410778472698e-01 -7.356999274747411111e-02
1.420033653863530532e-01 2.202100857084597907e-01
1.842025095865308382e-01 -3.664446705987345343e-02
-1.262442091823389179e-01 4.879581726976633949e-01
1.646808166916936544e-01 2.131741713873802624e-02
1.553569344500248528e-01 -4.264652352136718561e-01
1.618597607516203407e-01 -4.183509613644783576e-01
1.724380039685138311e-01 4.946398614425751017e-01
1.762885728257549411e-01 -6.076375927754229522e-03
1.669865218911816829e-01 6.335738571424909260e-02
1.857286875112539315e-01 9.882904481738863378e-02
4.859300337856931051e-01 4.925892967848706228e-01
1.758181516757290064e-01 -3.411758752195418465e-01
1.675572755725397434e-01 3.988291943841537623e-03
1.554710532308802851e-01 1.149060793461685881e-01
1.745949697492261699e-01 -2.486961263609372974e-01
1.481874207963436163e-01 2.168766894883378260e-02
1.526969314369961417e-01 1.962111467673246512e-01
1.457349002729626530e-01 3.707342128296507999e-01
1.881819234938330032e-01 -3.532349573219297767e-01
1.460878283610235195e-01 1.301783129057824118e-01
-4.703086828712963463e-01 4.975440266859284533e-01
1.486740767695265975e-01 1.525893906237879571e-01
1.652106818429476265e-01 3.533651194673239626e-01
1.332146982897620680e-01 4.904986792815385632e-01
3.771340700289095293e-01 4.896637406114634494e-01
1.422569198878682606e-01 1.123334073473144512e-01
1.971674349544382254e-01 3.797990631978819254e-01
1.621245627246505894e-01 4.053357697112218716e-01
1.966805324138345412e-01 4.892839438990571610e-01
-4.173330865107036658e-01 4.785761263654038089e-01
1.701430849585517935e-01 -1.366952043880176326e-02
1.640493112906049600e-01 -3.015248475093712521e-02
1.927429738541676096e-01 1.528717855631975819e-01
4.376828662989764585e-01 4.812019473525163127e-01
1.631361909816363420e-01 -4.033164753687877857e-01
1.767522259874843016e-01 -4.115116817948129002e-01
1.667875729044089317e-01 1.700374535115413144e-01
1.640624064726606823e-01 1.547645466289934157e-01
3.893319333195455201e-02 4.919063851917171437e-01
1.486252465648981724e-01 2.392567540655154978e-02
6.491459550444589333e-02 4.856956418374709372e-01
1.481335543523820686e-01 -8.006824268356715901e-02
1.617949909936036157e-01 -4.506985690828846369e-02
1.926145260382806645e-01 4.287989131702659718e-01
1.775589117991972499e-01 2.686476576102807545e-01
1.773145262037948422e-01 3.850831016283511321e-01
1.539077821584068362e-01 2.084160207831650125e-01
1.530482231895130552e-01 -4.626347002833739452e-01
1.660814090050166669e-01 -3.863901621280946275e-01
1.817203741662500871e-01 -1.412184289519098357e-01
1.561115674427597799e-01 -3.521114759313281883e-01
-7.454098094970029731e-02 4.887767901864156217e-01
1.773089959514227987e-01 4.449556491422917981e-01
1.426930173544278535e-01 4.635807906856953542e-01
-3.192504575008192624e-02 4.879496156467383328e-01
1.617376243860820795e-01 4.077629147660229991e-01
1.767355201482315730e-01 -4.327292839074147190e-01
1.471874397252730393e-01 -2.564610270083241828e-01
-2.467513211249793281e-01 4.831552722687904033e-01
1.559143820076583919e-01 2.155043904078627337e-01
1.675480566017575335e-01 3.316359737916929618e-02
-2.246233366038590251e-01 4.837531973872905011e-01
-3.422650441974239843e-02 4.788414755100155462e-01
1.457164879891398312e-01 3.532570628265769841e-01
1.967818664182585664e-01 -4.179692460581463376e-01
1.939741108883280551e-01 -2.695434280592544640e-01
1.822957426237616918e-01 -2.618754011898982714e-01
-3.783704879613150052e-01 4.844637024484441667e-01
1.677271712545631566e-01 -2.267755013691881150e-01
-6.498301772942050025e-02 4.990652408193907430e-01
-1.508704264959969121e-01 4.889176900402563142e-01
1.693243943063867940e-01 -6.751235165113911307e-02
1.880545534783486517e-01 -2.678629968871983902e-01
-1.947157394125277330e-01 4.816898499899249231e-01
1.463726700875876974e-01 -7.636229697047036691e-02
-3.916627905729883619e-01 4.998563130278236288e-01
1.841504429263983722e-01 7.143515089185126232e-02
1.511116694980486619e-01 1.005547710676527595e-01
-1.604091131874851861e-01 4.991107948087613044e-01
-4.309501297655221608e-01 4.945815746981563343e-01
1.728657911789525103e-01 4.932399888401720611e-01
1.413260892704218952e-01 3.236918874078822395e-01
1.735593670522931342e-01 2.246654467940011335e-01
-7.820734586796562748e-02 4.941762434115308800e-01
1.940637422137340140e-01 6.427325970096808838e-02
1.418119530137375017e-01 -1.516220876567749842e-01
1.980315298718879902e-01 4.551013818853808512e-01
-2.138505771962485591e-01 4.901302030524559150e-01
1.728099663323228175e-01 -2.662726279186545808e-01
1.814599610664503482e-01 4.538343460038065658e-01
-6.869112895245033101e-02 4.889646171670731789e-01
1.920176955911102601e-01 4.959189195813237250e-01
1.860855680373805221e-01 4.173908376619434035e-01
1.437227283011474066e-01 -4.435629244564949225e-01
1.909368690284015679e-01 -4.389676215892354127e-01
1.441262980771614854e-01 2.655404151701242776e-01
1.840159390820325092e-01 1.279022799362129481e-01
1.597652989093067966e-01 2.616286788372039762e-01
-4.934629666009269222e-01 4.822043769133638191e-01
1.686952909435723846e-02 4.873140572611756038e-01
-2.312422867766482648e-01 4.953108866376945141e-01
1.771913987392300660e-01 -6.413188073744613416e-02
1.901533793524249338e-01 -1.280593429346157386e-01
1.640971927944759878e-01 2.107948943332894620e-01
1.538283606771797540e-01 -4.447708382180804998e-01
1.416084086737515735e-01 -3.784739888977413091e-01
1.458982391143099910e-01 -3.224872141286336813e-01
-4.041122726255376163e-01 4.808858587767756987e-01
1.642389197882416774e-01 -1.519000560787483467e-01
1.847703139538248163e-01 -2.417874433912817755e-01
-3.863354516082500023e-01 4.820799319999331534e-01
1.742684729372415697e-01 -6.491671685266942049e-02
1.823839982464066090e-01 -3.568862344162779809e-01
1.836729926582082451e-01 1.925490214724216997e-01
1.716846418903926752e-01 3.001893234003804034e-01
1.667513736693373438e-01 -2.059659577797375851e-01
1.565768731817374082e-01 -4.678868660206234598e-01
1.743090941194365140e-01 -8.408148002333637461e-02
1.527710120789845805e-01 -4.644187703883706497e-02
1.609312701456605543e-01 -3.826008510081206904e-01
5.741564413843247561e-02 4.831029317211830154e-01
1.676032432591419985e-01 4.971449483833345617e-01
1.889948169314933368e-01 -2.855055847222067733e-01
1.580678393449814756e-01 1.679398774663865002e-02
1.481662859448291680e-01 4.684026896670165918e-01
1.423572317111899688e-01 -7.239639232484873510e-02
1.865284092950715289e-01 1.768146635537737321e-01
-2.253676849055192832e-01 4.920708154429348502e-01
1.459349312880583449e-01 -3.582179702469161509e-01
1.893090767830132304e-01 3.655887486408401221e-01
1.916038827255095445e-01 -2.736012615040195328e-03
1.509019310281264348e-01 1.192445790000752348e-01
1.870947754473644142e-01 -1.133128447457641963e-01
1.543961680987910867e-01 -1.883130041758174222e-02
1.620864632331514565e-01 -4.714054436461379005e-01
1.957525723762123526e-01 -1.435979350859177828e-01
-1.923002691601486402e-01 4.778856582868168390e-01
1.554816605721727196e-01 -3.746186333095280485e-01
1.604121621592299318e-01 -3.610829999773012000e-01
1.897248702298059975e-01 3.859637639192861069e-01
1.988515928967735658e-01 -4.602744077106005749e-01
1.813633605809455984e-01 2.557132005137086050e-02
3.038539552192274229e-01 4.847524321365838107e-01
-4.898559630361948303e-01 4.920261581846008259e-01
1.075651716930763335e-01 4.798901317066949224e-01
1.786070963351735763e-01 -6.922878810683297246e-02
1.927773364234558473e-01 4.726875941487614918e-01
1.934306909280494313e-01 2.370477650146806115e-01
1.479443607724212351e-01 2.904779084180945103e-01
1.526999643839822562e-01 -3.389742118349892142e-01
2.101754691406061415e-01 4.853773101356724240e-01
1.754203749416759495e-01 4.322765460653085201e-01
1.968063701174583846e-01 2.008652851184952182e-01
1.664177077200340582e-01 -3.094272758674994073e-01
1.833489007276104532e-01 -3.809132778946522357e-01
1.606498483539943178e-01 -4.215387501112222157e-02
1.791572535813378275e-01 1.491885267248792557e-01
4.915897812413222434e-01 4.796021702535476772e-01
1.805686328504448879e-01 -3.409631737265428342e-01
-7.825486530636061033e-02 4.787530184313159021e-01
1.415604317508111221e-01 -2.429807113584414591e-02
1.932768768701208506e-01 8.402864267356735528e-02
1.602280302372666165e-01 -2.865959212145758883e-01
1.699268175079989840e-01 -1.842985433516686200e-03
-1.785597250333664787e-01 4.887072124338435186e-01
1.857202532142933071e-01 -2.311053032649357242e-01
2.782889426233270402e-02 4.847928718531981929e-01
1.643188286633719963e-01 -1.125098211765707124e-02
1.646421769026602533e-01 -8.712825524347511674e-02
1.907541120795394063e-01 -2.143932284166641944e-01
-1.879621166696466839e-01 4.795368834468485275e-01
1.898590112783310468e-01 -1.017019342781766422e-02
1.976005122670092540e-01 1.052255855334116585e-01
2.558440721312821298e-01 4.887097326536874453e-01
1.849461456310289575e-01 -8.194153310787355426e-02
1.567693602184200286e-01 2.583985639067336582e-01
1.579856892452168315e-01 -1.899507515776862610e-01
1.608013428284521540e-01 -3.487472278004321025e-01
-4.306890889469268124e-01 4.800586189338593712e-01
1.519106207038047884e-01 4.217220093530915648e-02
2.761089201801543158e-01 4.846977311263084287e-01
2.568550691688586962e-01 4.787066843783382986e-01
-4.182997228873258644e-01 4.838954995415585270e-01
1.430749100255936934e-01 4.933979006273152557e-01
1.540261739674578800e-01 -1.170407100835122449e-01
1.866487043820160840e-01 -4.340022053592714757e-01
1.254450346169057040e-01 4.856069512993411719e-01
1.962414855087996068e-01 2.487684296386055705e-01
1.794640007001038207e-01 4.074273477906402707e-01
1.854203876144630003e-01 -4.154432029500615409e-01
1.487526497999150932e-01 4.357815504872886159e-01
-1.703566949803255737e-01 4.904602051038088328e-01
3.266906974472555403e-01 4.916724764101684242e-01
1.935447702071513287e-01 2.656983253510214471e-02
1.560637722865004795e-01 -4.744624221735715963e-01
1.429593422786744616e-01 -2.814074275364035760e-01
1.624001369494296743e-01 1.186844550896450912e-01
1.878251233651441199e-01 4.809633159653424750e-01
-2.456037905019590184e-01 4.800566724951446096e-01
1.964796479564947518e-01 -3.292665372305583205e-01
1.480635322582414259e-01 -1.878720582731926436e-01
1.855769353123557508e-01 1.230000226509875283e-02
-1.670188395069904796e-02 4.899346692634780620e-01
1.664153354658755024e-01 -2.724829191739037704e-01
1.576484613812682012e-01 -3.004474157434269266e-01
1.409752400838881758e-01 2.893880841094049750e-01
1.878021448708637742e-01 3.907117402858538702e-01
1.732219283458407144e-01 -3.870884397882563555e-01
1.732096420068520715e-01 -2.663777043928537980e-01
1.480763922915141473e-01 1.459188742230133062e-02
1.440874075921950714e-01 -3.903960749975321498e-02
1.619085519026917108e-01 2.156430575727369403e-01
1.549526641911393998e-01 -3.235522383198217167e-01
1.655654117291693872e-01 4.245808254571453721e-01
1.541286572007368738e-01 -3.320292969288884954e-02
1.638755684646406863e-01 -1.276041056617653879e-01
1.247192948769610954e-01 4.889960124864409785e-01
1.563882641303531162e-01 3.090450859150840612e-01
1.497722164329933214e-01 3.949590085867485945e-01
1.586313395068821297e-01 -1.551622197901676437e-01
1.874708581255606354e-01 5.170994609654455676e-02
1.990190266926439300e-01 -4.798255650049225718e-01
-1.434824684991986565e-01 4.938446843860171409e-01
1.623988721387387146e-01 -3.598978599776636589e-02
1.749231555212857891e-01 1.005015683472320065e-01
1.651427024774186902e-01 6.927830569914816827e-02
1.521896068861267048e-01 -4.262376337963640349e-01
8.156392976516690929e-02 4.915522970796488700e-01
1.863427439993764478e-01 2.755816523627053760e-01
1.772980386602772684e-01 1.596174711117023248e-01
-2.408257258865198480e-01 4.883496513463008171e-01
1.921512592998185776e-01 -4.078415297065568490e-01
1.741358695950072644e-01 -2.401399034790827614e-01
1.985423478221239879e-01 -4.520234882904116125e-01
1.535682003350724578e-01 4.584121954162886370e-01
1.859266585969308050e-01 1.882925099505331490e-01
1.349870598734411731e-01 4.908451393622874637e-01
1.721886341694885969e-01 -1.583635325441203889e-01
-1.638929224775150795e-01 4.937065723676973272e-01
1.426343771770614000e-01 3.430166293468487337e-01
2.442731913823270595e-02 4.890746384738184904e-01
1.936449586745041529e-01 4.263530260322966337e-01
1.556703755685734381e-01 3.308042381053654113e-01
1.525652846711973432e-01 1.752845742870484669e-01
1.536491886869352230e-01 -1.182737991564400959e-01
1.541779960470787136e-01 1.196827808887777067e-01
1.754104802078925163e-01 -3.870607587202423705e-02
1.149033311902506460e-01 4.987186321324645899e-01
1.409810015267050076e-01 1.426791160844487205e-02
4.862661010150407526e-01 4.996631398128331680e-01
1.699890641475790831e-01 -2.557290947879720111e-02
1.940341386745587648e-01 4.508393122433095312e-01
1.835234012044113516e-01 3.771547547514033649e-01
1.433457117848502271e-01 2.040647039551395370e-01
2.001156295331879553e-01 4.968612209846733352e-01
1.879730866370856734e-01 2.932985836999285612e-01
1.496267989010485744e-01 -3.164670194625505140e-01
2.553690842751954460e-01 4.913053011909687129e-01
1.431036333527508919e-01 4.434348885227292758e-01
2.827825824137606414e-01 4.890962068816582242e-01
1.962653265426149707e-01 -1.424187238761456253e-01
1.607925211355106798e-01 -1.524157009955809938e-01
1.472391104021522068e-01 -1.530733751569763879e-01
1.868441179604263258e-01 -2.115940081494479541e-01
-3.061129088074111548e-01 4.781171139065116815e-01
1.705134225470874565e-01 -2.907087667130037190e-01
-1.595195532498799862e-01 4.951814318583448449e-01
1.751863198046523795e-01 -2.909967236577767347e-01
1.888105491861825636e-01 -1.474065025549445851e-01
-5.555809198722605480e-02 4.800480705402826453e-01
1.647572967353727602e-01 8.366411581489352489e-02
1.649424753974761959e-01 -4.009832302752496247e-01
-2.962867189701922088e-01 4.930749997924183115e-01
-6.346701508962016014e-02 4.845880028664045769e-01
1.776241373736066054e-01 -1.090504912388395864e-01
1.916492376713484491e-01 1.778134362970348326e-01
1.739175868256110924e-01 -3.823536687079053253e-01
1.966892748099633437e-01 -2.923988010674350990e-01
1.543463229914254775e-01 -7.591000237910172643e-02
3.391777531133142176e-01 4.788690213542324825e-01
1.958787550056575455e-01 -3.888452699590573269e-01
1.807392414640204281e-01 -4.549447203964727127e-01
1.720744848361912549e-01 1.884739567393570736e-01
1.584113076830310218e-01 -4.948842895389928831e-01
1.874378196975219346e-01 8.898045546819233209e-02
-2.500217686868818623e-01 4.866550487622991472e-01
1.477436436981727219e-01 -2.653964122558288841e-01
4.846694445928652062e-01 4.833062482063180676e-01
-3.851282391197017319e-01 4.944259137760069756e-01
1.691117708031016909e-01 4.847673614976285572e-01
1.557212266465560768e-01 1.580713868024541391e-02
1.629773921504920065e-01 4.430410042370560575e-01
1.442059448097517960e-01 -1.420792882433424831e-01
-4.508545170346012210e-02 4.984568452765752999e-01
4.287457343924091502e-01 4.907840255175991429e-01
1.935282382269797319e-01 -4.734889798766666047e-01
4.908900073003197306e-02 4.795220603480007115e-01
-8.494630007647197001e-02 4.815345823818588666e-01
1.636906646250918529e-01 2.295919553633831711e-01
1.438274723619572537e-01 -4.002704013477865752e-01
1.502266019470530622e-01 1.722761247101657345e-01
1.712368849297983830e-01 9.353286246077130439e-02
1.641134559706841634e-01 -3.159936836280329286e-01
1.851583061739815461e-01 -1.003802001551467038e-01
1.721664179239215109e-01 -4.031765908224338446e-02
