-4.025592224658756102e-01 1.688047170439784805e-01
-3.401114657305576161e-01 1.468214029897015882e-01
-3.782201177301437456e-01 1.914007696912921608e-01
1.616050603195839930e-02 1.577753782936570648e-01
-2.470015978541237889e-01 1.928547424630104867e-01
-3.182281953384503703e-01 1.705478648825904386e-01
2.271297637431907157e-01 1.838795314543030246e-01
8.886410086414942011e-02 -4.878461308650623440e-01
1.541710081534386489e-01 1.626247279718063821e-01
3.617484772263959147e-01 1.686656656350049577e-01
4.090498194726399639e-02 1.800176244076640009e-01
-1.808654098649135067e-01 1.761697009723103280e-01
-1.174276735034998076e-01 1.491336944264756159e-01
4.167382116380693446e-01 1.840838656588925648e-01
-1.789990192321905260e-01 2.010183560545536485e-01
-2.205753549575909522e-01 1.896888428112331049e-01
1.120034759437958938e-01 1.079013348610240453e-01
-3.226819581441303653e-01 1.962700282553220266e-01
1.025725690177188287e-01 -3.911636252343330122e-01
-4.407570022115092634e-01 1.868275053920892548e-01
9.695326965237183181e-02 3.810017492222267377e-01
3.545460581816969325e-01 1.881966024073679078e-01
1.043984941932147859e-01 -7.467380180444971316e-02
-3.917463886062000356e-02 1.871018111638702575e-01
4.921289960499067861e-01 1.752894933126470933e-01
9.985218157912156833e-02 9.359125832845061055e-02
3.643371079927208989e-01 1.551909337337546990e-01
3.974497606107858516e-01 1.594775233071022980e-01
-1.402571079573918800e-01 1.712509556154829804e-01
-4.871003329624756795e-01 1.438484779217102938e-01
-3.016654907858070667e-01 1.682204035212835347e-01
9.574514064356898224e-02 1.013325905200206378e-01
-1.953297423638619135e-01 1.443240828303055112e-01
1.119496428592865467e-01 2.336066359446069551e-01
-4.366925032723434352e-02 1.878878288365978255e-01
3.000957309921536975e-01 1.505980972703223619e-01
1.961218244742251038e-01 1.549566353719161738e-01
9.335332585873812317e-02 -4.199457330973194180e-01
3.365997251363683773e-02 1.774661486513606778e-01
3.546470639283554327e-01 1.648804908228699295e-01
7.885314189189573941e-02 3.995234024139424633e-01
1.071357180775815987e-01 2.898272639510901527e-01
8.171813349766021695e-02 -2.693355188147041890e-01
-2.090598251234246918e-01 1.838747588084982398e-01
1.059964819326072449e-01 2.968351232802721729e-01
3.076475903150447389e-01 1.668149110342399544e-01
1.088276293150071128e-01 4.671833245362212450e-01
-4.708832421839415083e-02 1.545746112210972800e-01
1.844169954102794495e-01 1.638946634625848553e-01
4.655782545518148963e-01 1.997516728287400678e-01
1.328450907352497490e-01 1.630325821253395535e-01
8.223900768056680022e-03 1.491084123281325446e-01
9.549232193949042102e-02 -4.294823473807000136e-01
-3.643874321349193091e-01 1.454992870693039286e-01
1.017935246024930240e-01 3.203961457846049576e-01
-1.942145923263219887e-01 1.576474105341683085e-01
1.041746482370066174e-01 -9.043328209919332394e-02
7.759868837573336009e-02 4.823039582428512162e-01
2.671419748175052344e-02 1.886409477411596924e-01
3.282368626859973881e-01 1.779419687702117336e-01
6.321853897936868805e-02 1.631115250649941562e-01
-8.217405560537816012e-02 1.806218660997872538e-01
-1.719711974967438328e-01 1.563866786225450722e-01
-1.285527839892084412e-01 1.772884378688172058e-01
9.781639249685081250e-02 8.172160376982529062e-02
-2.832717431510838324e-01 1.717302219064139601e-01
3.201368982104418892e-01 1.616683570079556764e-01
3.742076785545107587e-01 1.868449273093607532e-01
1.018078402832616192e-01 4.609380617196137120e-01
7.323136153487153077e-02 -4.357458594193100998e-01
-3.508781847839791412e-01 1.590051226043130983e-01
3.182444914215646348e-01 1.717295604372530704e-01
3.694693095853187614e-01 1.804896066192510640e-01
4.390101964893355913e-02 1.577097240722925564e-01
4.093765250548916379e-01 1.679261987668060341e-01
4.069594809135990143e-02 1.572963752798116621e-01
1.795426470515459894e-02 1.559148207217253557e-01
8.219359534994885585e-02 -2.993120537704788697e-01
-2.066959333451786618e-01 1.636230332463164405e-01
1.125647285638412542e-01 -2.364238701972951606e-01
2.338895570262098378e-01 1.612812604671081118e-01
-1.431964482036185426e-02 1.942868444323271326e-01
-7.818718540505664727e-02 1.639053378839320230e-01
-3.843079497197088301e-01 1.681565328314315044e-01
3.824048657577897581e-01 1.757688130844036190e-01
8.263708470510711113e-02 3.831222413173617225e-01
1.103842968306129046e-01 1.742228662868874345e-01
1.954841683538860453e-01 1.819224607142377881e-01
1.058199815725446857e-01 4.726272583952978446e-01
2.203359209215091097e-01 1.840713950636158058e-01
-3.106807875277556308e-01 1.857209145249218984e-01
8.842445938910004077e-02 -1.218474914852185620e-02
1.974738528651998060e-01 1.948752329220942991e-01
3.612902608187031905e-01 1.814384693597959064e-01
8.193443288283497328e-02 -2.831310472953771917e-01
1.764685520210890202e-01 1.614923083799755243e-01
3.030037650744022981e-01 1.811401836961151757e-01
-3.506552960327097290e-01 1.451702568921982017e-01
3.512329890562378987e-01 1.521131242372679715e-01
1.085599303256243875e-01 4.288881239971674697e-01
9.834149832523275681e-02 3.482926851539116520e-01
4.096411180089799542e-01 1.936914446052570016e-01
-3.508997305037986347e-01 1.965097063989983406e-01
-1.628094808877126320e-01 1.587951790952881748e-01
7.940265532715184982e-02 8.538636189742354610e-02
3.979626203332456980e-01 1.650559796983491756e-01
-4.626197903355052654e-01 1.642477925124247173e-01
-2.017459079146469714e-01 1.430824764931433180e-01
-4.856372191822734274e-01 1.892048422440300026e-01
-3.993437133320208998e-01 1.643404641973530422e-01
8.399146807246393731e-02 -1.324968400700676785e-01
-1.788073177574858175e-01 1.624307952030441538e-01
8.971417369264322872e-02 -4.415777076873277363e-01
-2.603893485053376811e-01 1.847963631691167397e-01
-1.680125487537146300e-01 1.566427263533893832e-01
8.312777614669875081e-02 -6.809823051195595944e-02
-3.621703378096834403e-01 1.639818187002481942e-01
1.010438392166591592e-01 3.165433588760045991e-01
-3.011520317929711199e-01 2.012544153593464058e-01
8.620460595752166277e-02 -2.249806912121773417e-01
1.848778018912232701e-01 2.003383163782935794e-01
-4.253071671797914455e-01 1.649442700859231614e-01
7.984775191323589816e-02 1.162626861956234103e-01
9.130232396445714382e-02 -1.153026284195837192e-01
4.582675432202258925e-01 1.529486476813080031e-01
2.626208294869777360e-01 1.690174732568011651e-01
1.028434245262270785e-01 -4.970634427050241166e-01
8.677409374587219393e-02 -4.262156852257701356e-01
7.997819448858134450e-02 -2.452630014436865125e-01
1.037837411204005633e-01 -2.322300423815524262e-01
-3.398318667590549680e-01 1.819191146305451090e-01
1.838605161139664768e-01 1.747761884122066567e-01
-2.493756005777855167e-01 1.484194233012146036e-01
4.203848681592131653e-01 1.485605199030970436e-01
8.002394675842250393e-02 3.425772179692130326e-01
1.056230253828676080e-01 -3.743551527405777346e-01
-1.025195253786204130e-02 1.609113225616711773e-01
2.535592953357990176e-01 1.694339371374935510e-01
8.194635680702289093e-02 4.382257030976847156e-01
-4.904947860314933239e-01 1.820180526740060589e-01
-2.392549750291803612e-01 1.898390272779943988e-01
3.491101163699027454e-01 1.897291489829309175e-01
1.137354678910874606e-01 -2.596401510868008300e-01
8.011148696765080235e-02 -1.114343510878141874e-01
1.747875165803529640e-01 1.997347645690078499e-01
-5.795552928212877042e-02 1.973626674199424613e-01
-9.339524960657397123e-02 1.436647371037961252e-01
7.555371188442971953e-02 4.365100392493050929e-01
7.482901701503663627e-02 3.298826342198418748e-01
8.457992932496760652e-02 -4.779885381641646447e-02
3.503057536475241429e-01 1.690439216296359959e-01
1.012711859419145322e-01 -8.251744165529151243e-02
3.141253163760407974e-01 1.598128366176048143e-01
-8.913724076011964037e-02 1.534364406720085672e-01
4.674322404301558542e-01 1.529006917900417317e-01
8.616032395691208823e-02 -2.188378122167902173e-01
-2.281262392361239622e-01 1.941124890995996610e-01
5.170126967893484693e-02 1.692792307946128227e-01
-4.028787402086383418e-01 1.710176782453520783e-01
9.609859283255017814e-02 -3.240350485610298259e-01
7.437378090252477758e-02 -3.795176268787552321e-01
9.349466779305259934e-02 2.628426352906467756e-01
2.579888575834615727e-01 1.465177601270603036e-01
-4.605725609213225935e-01 1.581290266100314756e-01
9.339662768765155665e-02 2.671744643979899747e-01
9.590454008876581060e-02 -3.925413983505058324e-01
8.293306734800187652e-02 4.001507690355227131e-01
-3.730075833831422161e-01 1.854552939049709526e-01
1.014998329394415366e-01 -3.411872691796694612e-01
7.246252348012516276e-02 1.643640768618296333e-01
9.694222431328392009e-02 5.353897752601921578e-02
6.944190878935208033e-02 1.737605641467173667e-01
-4.137257162824301560e-01 1.936782861547817758e-01
-2.223077805996593881e-01 1.937260950336665566e-01
8.185965423532159946e-02 1.014393153434814954e-01
4.084425063965771985e-01 1.505469626142635908e-01
9.635620062785166251e-02 1.757441250432321134e-01
-2.101572773914948122e-01 1.905849847904877992e-01
9.395295816267457134e-02 3.355146098814567601e-01
-2.533627927957153858e-01 1.670158671610703083e-01
9.916364533241794899e-02 3.070297660957332919e-02
1.114691657410460390e-01 1.070882356773942279e-01
7.898354506928972896e-02 3.003800003699598209e-01
8.182166373721988517e-02 -1.210563641427058190e-01
3.914615449956373450e-01 1.839629940733189528e-01
3.287167644001518507e-01 1.763579290458225923e-01
7.394663807630663666e-02 -1.613226909170157874e-01
-2.900184221258406136e-02 1.925104514788760213e-01
-1.474532775705373888e-01 1.567358309870674482e-01
-6.045770939433792179e-02 1.475793972011026911e-01
8.613573630821258487e-02 -3.233273471767293961e-01
7.771243840149200111e-02 1.082094845365300095e-01
9.732094980930183770e-02 3.063961757465569757e-01
-3.259439366555918483e-01 1.604941964829392775e-01
4.955919121117177140e-01 1.908300111121041809e-01
-1.377716563782085402e-01 1.953247669849188517e-01
6.503075671213143227e-02 1.851803793214087390e-01
8.264079134333701671e-02 -3.007643974464484504e-01
-7.354661557961506002e-02 1.458221775238410789e-01
-4.082370618547659369e-01 1.532125662043234415e-01
9.356182288630898736e-02 -6.057927122043982315e-02
1.115027197354129251e-01 -9.647490489728349772e-03
8.859806351545396197e-02 -4.998926052978081014e-02
-4.013671007566185223e-01 1.641257541024194744e-01
-2.286904114429396673e-01 1.830537722479020912e-01
7.716966149763770932e-02 -4.207042111098088233e-01
-3.329096273054086286e-01 1.861551628019998406e-01
6.515643861273434645e-02 1.525902915355675793e-01
1.436474993051700677e-01 1.698246079983634083e-01
2.624775099544093271e-01 1.992622778496310199e-01
8.321922019201832832e-02 -3.059183781452585738e-01
7.740839672605925870e-02 1.995631751965964984e-01
1.941639264693395539e-02 1.641750948879407979e-01
-4.925457838934406141e-01 1.942320641725803210e-01
1.085870382974604142e-01 3.444828693005441700e-01
-1.842536677326878092e-02 1.952312918982346268e-01
1.560162105816287337e-02 1.539834014073314661e-01
4.666124761744094851e-01 1.441902238135118752e-01
1.107380409617982897e-01 -3.399051128396435306e-01
-1.728760410825443961e-01 1.743083832138967448e-01
-4.491008794092733458e-01 1.930076321363620728e-01
2.687610165179508126e-01 1.797802076751896516e-01
4.504475009510415795e-01 1.779244156572750146e-01
4.464725290290446624e-01 1.780828278138596454e-01
-3.681571501514725453e-01 1.452842506930150934e-01
-2.874540029347572023e-02 1.699052573310443348e-01
8.822270267783516307e-02 5.958160615502861024e-02
1.000547721508542320e-01 6.359382747398445446e-02
1.052380460739793522e-01 1.336541478914722303e-01
8.548353470278335919e-02 -4.020075400116882580e-01
7.905373185287489779e-02 -2.166512730966393407e-01
2.016123033607143400e-01 1.492194998252870386e-01
9.543591930481065688e-02 -3.296063037794499939e-01
8.051108732983558447e-02 -3.258932937423809628e-01
-2.844660645476534411e-01 1.620409441797118211e-01
4.553763270377571004e-01 1.460303580233573983e-01
-5.609528051647993951e-02 1.685603583202377465e-01
1.847499181701240945e-01 1.789447718738347293e-01
2.449725377710672003e-01 1.939437282029118359e-01
8.299001399176586524e-02 -4.663432502470643559e-02
2.961662887954651380e-01 1.592743671690761698e-01
1.024375174180839343e-01 1.666356576504081088e-01
8.320023128743703200e-02 2.604849008283731671e-01
9.993793859464883411e-02 4.002774307822206667e-01
-4.588879767054675485e-01 1.679580807865987957e-01
9.160645956502289078e-02 -3.603267700624539494e-01
9.432719606609851759e-02 2.988811943625312439e-01
-4.567250196299611487e-01 1.918777759082470613e-01
8.546081656141923943e-02 -4.833524097675893083e-01
1.139432040625126819e-01 1.429571344480368156e-01
9.505236119978233145e-02 -7.183088115747948699e-02
-9.801587524346622171e-02 1.756790680465656340e-01
7.983008212334485876e-02 7.744263332043521686e-02
4.401883867383842297e-01 2.014583106175243943e-01
7.474746038541546511e-02 -2.640232573488739964e-01
8.310864552840102615e-02 4.920295956642667390e-01
8.604502518591095050e-02 3.268123213983736841e-01
9.741471988143024507e-02 7.790075020000242212e-02
1.135151688602606956e-01 4.667659819857541414e-01
4.152622640930669906e-01 1.444859596064989038e-01
-6.514347138225717870e-02 1.656717641298679489e-01
4.602168723910674553e-01 1.798019513847901596e-01
7.443306529059567911e-02 -2.748469773406245764e-01
-4.756321107523540093e-01 1.657920357859492544e-01
-1.896453186184663409e-01 1.801473144663694459e-01
9.710445783666021846e-02 -1.759517613903167632e-01
-1.679391902653570856e-01 1.488403483916520553e-01
9.597788649043370590e-02 2.265824348062388527e-01
8.110586331071123478e-02 -3.449819663074926712e-02
1.871520052567426928e-01 1.805978261735791124e-01
7.295679699230983584e-02 2.096856587693651797e-03
8.776236010005700194e-02 4.159003628635695726e-01
7.653623955993993366e-02 1.100806001725402883e-01
1.069192020227955897e-01 -1.800993031263410371e-01
4.532487835690135469e-02 1.978176881391633390e-01
3.906044872198960460e-01 1.890640509347584208e-01
4.625142155739172534e-01 1.687986711297437825e-01
1.132767108773353737e-01 4.467337541532729883e-01
9.399762352442020408e-02 -4.286479222867722871e-02
1.050469679001911905e-01 1.124054322196427202e-01
7.299570542262856510e-02 -3.764954306086227831e-01
-2.127778307718619644e-02 1.886852590125382978e-01
-3.003841108159682749e-01 1.479734178050827742e-01
7.405273638045395401e-02 -2.570734987233781466e-01
1.985955013582750839e-01 1.805609853338476789e-01
8.245674492498444863e-02 4.488150064221720914e-01
-1.742651474705660952e-01 1.575516711289779437e-01
7.500976965549555064e-02 -1.536884571241354802e-01
8.630837601669649750e-02 -3.166012679483752867e-01
9.317902914430076233e-02 -1.563145187239639577e-01
7.494470958002330541e-02 2.338534788713708679e-03
-4.911797570951784708e-01 1.814147782400593600e-01
4.102699570289488618e-01 1.921899076306466947e-01
-4.659670214485757134e-01 1.990781717225506009e-01
1.063232963104310258e-01 -3.020098701744439174e-01
8.211527701834819837e-02 -2.396642897069467537e-02
-3.832453607699881637e-02 1.877214183101633127e-01
-4.697586665569716269e-01 2.003858535852061085e-01
-4.207719827257324630e-01 1.879868357908244247e-01
1.005557313611694648e-01 1.454448097195770728e-01
8.001616030070557439e-02 1.631685870339938393e-01
8.155778674826263952e-02 2.003959087245333892e-01
-4.173326018925583858e-01 1.988879310696348712e-01
-1.035585989304114163e-01 1.676071363841398210e-01
1.111771979745148631e-01 3.437172419744332075e-01
4.358534637923408006e-01 1.424313994502663938e-01
9.468019656567494557e-02 -1.228603151187387388e-01
7.568329008519669721e-02 -4.205988132364391063e-03
-1.991413669336887793e-01 1.860379926154699382e-01
9.698923965538985836e-02 -2.315034671968095870e-01
7.492619987933035741e-02 -4.291620539326748140e-01
9.590380891126892848e-02 -3.737639417797444796e-01
4.867854332277513629e-01 1.570892194296643618e-01
8.974850818288293564e-02 -3.463573475031727078e-01
-4.738104261422320107e-01 1.534340653210284344e-01
8.015118885372451984e-02 4.241651570911800784e-01
7.862602878166413678e-02 -4.216869109139437244e-01
7.320853128871340765e-02 9.376761895857599338e-02
1.111846328732922773e-01 -1.719081840235027192e-01
-3.405538410913732106e-01 1.433484532920351606e-01
7.373055248416382490e-02 -3.509887861768278272e-01
7.313666663600848494e-02 -1.023016940512213591e-01
1.049233881409435964e-01 3.804083517573410012e-01
-3.740974592226832263e-01 1.840400084739909348e-01
3.271128415121524746e-01 1.519491650783427739e-01
7.376944992081779784e-02 -4.010629028739136626e-01
-2.777333895638294248e-01 1.464731674857158161e-01
-1.347629682102948756e-01 1.752507937692383555e-01
9.212137622009319848e-02 -4.721384618524565591e-01
-3.066844441786960029e-01 1.963091187396265314e-01
3.232241220495621903e-01 1.424554358355377692e-01
-2.738213897945982467e-01 1.716478916053438830e-01
9.986893342466518497e-02 -4.527371012439040943e-01
-2.445154514603470330e-01 1.741542333199238568e-01
4.573212367777620413e-01 1.772089248379443704e-01
4.404762217541560165e-01 1.458494042096825094e-01
8.833863862145874268e-02 -7.584477689529189881e-03
-3.151394424604948563e-01 1.620568564190008054e-01
1.113124541662767752e-01 -1.128138621558270049e-01
3.506637870609782270e-01 1.923025251848548001e-01
2.530507210908258253e-01 1.948620357267757397e-01
7.489543554270916559e-02 2.531609333088558067e-02
4.204483563635530441e-01 1.429334899805488890e-01
3.931937483469893913e-02 1.422152459322825191e-01
7.589852091858839689e-02 3.925139466493496876e-01
1.691030269474927961e-01 1.617766500430112275e-01
3.791438054282457726e-01 1.691886442001863111e-01
-2.738957586083420326e-01 1.885156268489236453e-01
8.536398968862146663e-02 1.431783545799284463e-01
1.403317646201058810e-01 1.906051015963196038e-01
-1.861051925254775252e-01 1.925445156527676449e-01
-4.217586104018639093e-01 1.845125645252454483e-01
-5.275660843116125598e-02 1.597773542040066275e-01
3.958827211636133381e-01 1.721213191267803033e-01
4.598291180525919675e-01 1.561444186828497838e-01
-1.588430738127175612e-01 1.906023801494027836e-01
4.228071447007594186e-01 1.562137057006655061e-01
-1.002167930911599392e-01 1.724579575409209697e-01
2.090235688793984359e-02 1.890270284242855370e-01
9.865239305699802230e-02 1.695210359592769223e-02
8.363014356865239307e-02 -3.557699557506224242e-01
-1.271052849897453818e-01 1.620660404062459481e-01
3.767220551106096327e-01 1.431220534749948481e-01
-2.762080261595774022e-01 1.917896350845857967e-01
2.112383362114031993e-01 1.719702698462536317e-01
3.724015675765171007e-01 1.662860057703251515e-01
-3.019232090480296060e-01 1.532623346874573134e-01
-1.059845392189251445e-01 1.766510164051003917e-01
3.634094833443686223e-01 1.763094561762603707e-01
1.065400030400821541e-01 -6.570710931676759792e-02
-1.781716228663556834e-01 1.663614936583442949e-01
1.819858646722991580e-01 1.798360770646123541e-01
7.575193947286862350e-02 -2.524214886850799644e-01
8.433518482008051098e-02 -8.126753169714773239e-02
1.099566679356021037e-01 -3.638772933577988367e-01
-2.757033986882190257e-01 1.664893389230837073e-01
-4.645425861497460840e-01 1.962175355031542390e-01
3.591600331957152115e-01 1.560510364195982769e-01
4.780785108720055909e-01 2.016835003627313050e-01
7.838408965814525065e-02 3.869145251558635534e-01
4.890844649548544698e-01 1.889955662006278514e-01
-2.615454595106377900e-01 1.802586054701169616e-01
7.360053689792267484e-02 -4.581632568579180331e-01
4.293649352488898563e-01 1.746178940650916500e-01
8.496444703423067235e-02 7.537958367196762044e-02
8.655203426678692580e-02 2.662763433629119492e-01
8.459107367632656693e-02 -4.045965564614401044e-01
-1.700402820314041996e-01 1.592908926944172077e-01
-3.627200490433167834e-01 1.634378007106499497e-01
1.134597729978982228e-01 1.257143407625268550e-01
-4.265178703163252649e-01 1.642380065855391091e-01
1.000874313692059481e-01 4.737348120732757240e-01
3.267571938391858888e-01 1.985810380629110528e-01
6.509601489745420189e-02 1.479485226554990707e-01
7.953638172039600995e-02 -1.900242629376162062e-01
7.630857772779164883e-02 4.234607318847060098e-01
7.319635494258236452e-02 3.153514529059422422e-01
-2.549305198191383903e-01 1.736345729840764740e-01
8.591917353583822248e-02 1.111134152736217295e-01
3.713058783117351158e-02 1.898575978097311046e-01
2.877901981012360721e-01 1.996422955643175623e-01
8.204142007951964466e-02 -3.428553292875603509e-01
1.022931829330639975e-01 4.026515675427416729e-01
-2.976301397531493365e-01 1.657044433359412539e-01
-4.820217651392620928e-01 1.629999196344203982e-01
7.477544411978265249e-02 4.500725868313903977e-02
8.662872849967795386e-02 2.224547664080656073e-01
1.038321417873271368e-01 -2.444254233204612436e-01
7.473760689637254373e-02 2.115422881544835043e-01
-2.358727494549663906e-01 1.959456521478268876e-01
-2.163834416390868487e-01 1.891664791209127783e-01
8.025994699547156497e-02 3.638052043986454986e-01
3.175056270962461902e-02 1.487409041851095459e-01
2.880772905792429173e-01 2.012533469691666355e-01
7.747324207310013477e-02 -4.401897322542748237e-01
4.343161783224712691e-01 1.895108120406862051e-01
1.795154637788676233e-03 1.847653672933378122e-01
-4.323821039534715416e-01 1.473275517527238287e-01
2.677418187083852041e-01 1.773620720121281691e-01
9.768858937967717093e-02 7.024034020915870258e-02
-1.970372126820574277e-01 1.479724157285245978e-01
9.985218889763680661e-02 -1.691279993494879674e-01
-9.892952422879830454e-02 1.893532376571763765e-01
4.878672162558259640e-01 1.821930603518836511e-01
9.352304859036841833e-02 -7.348941050270696440e-02
9.039656626828240782e-02 4.795983764397298010e-01
1.923439200707816044e-01 1.850590064175936522e-01
1.092782629544084561e-01 -2.886197958812589670e-01
2.879059889118543714e-01 2.007826954117348794e-01
1.797819493399979152e-01 1.840094239394355347e-01
1.890712639052763988e-01 1.798801656872029975e-01
-4.253558746396590706e-02 1.831364576122475052e-01
1.073425138089429964e-01 -1.804367913830382530e-01
-3.583208655682545984e-02 1.721826408717859191e-01
1.053395809524805271e-01 -2.659141176124402151e-01
4.135145848503242183e-01 1.748926054574231337e-01
9.437392028608804218e-02 3.997262821062391724e-01
-1.722564616545004812e-01 1.749834769637612641e-01
7.862375566223278600e-02 4.153170955975626910e-02
-5.481186105481794524e-02 1.719484975063785281e-01
9.664294568725750878e-02 -4.327925646148587102e-01
8.406661383146563082e-02 3.754126685243421857e-01
1.496303512936115743e-01 1.476607708842485600e-01
9.006674378752854704e-02 1.008133824554557911e-02
-8.392302987852251484e-02 1.444198720220261078e-01
3.717566376435643694e-01 1.887727464172439529e-01
-3.961693098386697143e-01 1.620122987681675841e-01
9.542362038330243212e-02 4.373819674548151681e-01
-1.839161201093080233e-01 1.887328351718637887e-01
1.027454961380519505e-01 4.704178602966256895e-01
-4.134346886475784855e-01 1.473936446016881341e-01
1.977530330108421275e-01 1.491525267609415950e-01
3.759464642811880530e-01 1.747862101696824322e-01
-2.122729902595202889e-01 1.851012908343988572e-01
1.024225702032306451e-01 8.017248549589850448e-03
-1.318868981313945365e-01 1.760631310703132391e-01
4.368002606502794372e-01 1.613028456951574041e-01
3.522902086232223562e-01 1.465091302535382889e-01
8.018724025039636327e-02 1.019033017775599070e-01
1.076338897143014339e-01 -3.948010649368336455e-01
-1.864364202404820148e-01 1.630820174783755849e-01
1.034466089338015315e-01 3.029747633310687638e-01
3.870720055369155643e-01 1.701102848010352941e-01
4.863587854811097788e-01 1.437749523171789612e-01
1.122532185258537929e-01 3.815679473566789826e-01
-3.824927822459043281e-01 2.006853587121449900e-01
-3.746168639889068119e-01 1.981646405124412036e-01
-1.448106078977363653e-01 1.748026802340940655e-01
-2.688848785642871109e-01 2.001611205457626275e-01
-3.903550826557804498e-01 1.982353165951316054e-01
1.129874180072826251e-01 -2.021158219875870410e-01
-4.843397067564709779e-01 1.953032898700716169e-01
-2.327060111930872033e-01 1.612273078892290101e-01
-4.673813342116049929e-01 1.823488094763804357e-01
-2.597655341075238988e-01 1.523063454979229903e-01
7.384081769029682274e-02 4.597155723673362893e-03
1.024186360225043391e-01 -9.040846289840398509e-02
4.964906757776342827e-01 1.433341636771046090e-01
2.865674855453387293e-01 1.811203721634637720e-01
3.640279341378090949e-01 1.746470472084012959e-01
-4.715744840797825299e-01 1.597304953697080698e-01
1.026370432215666373e-01 1.842491446367585661e-01
3.755022970008610184e-01 1.991095375934500700e-01
1.085193245858862010e-01 9.270884261463374632e-02
-4.187255210699001307e-01 1.486740917010965779e-01
-4.818284980698048781e-01 1.831968328799646883e-01
1.079927407093257408e-01 2.615731721751619610e-01
7.603065691095811651e-02 9.607195473230334404e-02
-1.943109835671108510e-02 1.564450529302860993e-01
-3.493037617533913952e-01 1.880028987279357411e-01
1.087157950190453803e-01 6.129856196095728738e-02
9.662182145933362332e-02 2.656041928563120935e-01
1.060756244371190427e-01 2.558758797340712210e-01
7.765061340322665373e-02 2.263622288820194006e-01
7.335625313469829045e-02 -3.812460029306237175e-01
-2.826453535476822765e-01 1.957051030228020849e-01
-3.578642643391672928e-01 1.738662216952268080e-01
1.790639277465700951e-01 1.485730407920580198e-01
1.890176919193260474e-01 1.471063270797988709e-01
-2.754954382637835320e-01 2.012776981684001321e-01
1.039227936205040503e-01 4.585560575049049126e-01
