1.056353599837519530e-01 -8.886018179313159848e-02
4.127139902455045917e-02 -3.831551735824316740e-01
-1.571741030115363369e-01 -8.949390421716130195e-02
4.119625827439077348e-02 4.000307470006598809e-01
3.642927360149728067e-02 4.026708959164231327e-01
4.873136747962469872e-02 -2.377621580122595280e-01
5.556044549397531895e-02 7.893568573754516926e-02
5.129918929897703261e-02 -1.436304828179223447e-01
4.814011549170515991e-02 -2.805069860184855601e-01
5.480695872570662264e-02 3.479036530728115695e-01
6.310122698917841610e-02 -9.516286769178083915e-02
-1.729186012335447442e-01 -8.987125655038308292e-02
5.509106967259858045e-02 -1.335355560092073013e-01
4.014087103839825144e-02 3.817416369935500153e-02
1.478409033091132585e-02 -6.241375033182383625e-02
6.283924526724837811e-02 -6.178790023669911147e-02
5.116923760188973880e-02 2.946936689756179950e-01
4.999723084969254217e-02 4.975651005581938069e-01
-8.272365629693867461e-02 -7.101536343983105848e-02
4.613483311312172042e-02 -2.113651369287279369e-01
2.106466184320974211e-01 -7.975238477896717804e-02
3.145165186998921669e-02 1.384408459513981615e-01
5.771278139405955354e-02 2.718686771208200792e-01
-3.936555355983687443e-01 -6.576569461354186963e-02
4.866116576388812565e-01 -6.490203044047027081e-02
-3.583445567019760691e-01 -8.648482885408215193e-02
4.398261138460157760e-02 2.351585819604276040e-01
5.428732369664213131e-02 -4.020256530332135814e-01
4.649202889752812595e-02 2.468013881541989418e-01
2.329205088216057540e-01 -9.388181160381237067e-02
1.703684110065375457e-01 -7.845077868065608584e-02
5.613726413442809982e-02 -2.808847554398933299e-01
4.936197286412324914e-02 4.823460982675397135e-01
4.297909238280095412e-02 3.278466680396959765e-01
5.308381524846927935e-02 1.612083372572119533e-01
-1.483194688702910158e-01 -9.376461045297002084e-02
5.226903715642816639e-02 3.436698103283992722e-01
-2.832754270355212212e-01 -7.399909093756518175e-02
3.426190496977254973e-02 7.101026603935844950e-02
5.381848197039673654e-02 2.845762084638713274e-01
4.603594060555082912e-02 -4.575451535002827974e-03
6.103375577367131655e-02 3.925814049324949373e-01
2.580460271398645755e-01 -7.497927960443107054e-02
5.112047181306844656e-02 1.171324073939687960e-01
5.746573081367656322e-02 1.931458817330979905e-01
4.865724698369944257e-02 4.612726975481488134e-01
4.276093005856895779e-02 -3.651954315541440232e-01
4.222467755250636223e-02 -4.352715364280711485e-01
1.879158675057478467e-01 -5.713483405006702931e-02
-2.982466225297371043e-01 -8.868869391243328071e-02
5.225876791501604668e-02 9.693872113329693452e-02
6.059610522523806164e-02 2.884042594221736255e-01
-2.491644137978150653e-01 -7.813734189102872207e-02
4.305420482098643031e-02 -3.172012174451228628e-01
4.597429225905447225e-02 2.260344008114042458e-01
-3.874008653902468735e-01 -6.508984404286688452e-02
4.333450812005713582e-01 -6.772963541791421349e-02
2.079856612607203781e-01 -6.286102139335958405e-02
1.027791659706397409e-01 -9.268304614979550049e-02
-2.083319204243638811e-01 -6.390743199621573556e-02
-4.900492793049037177e-01 -6.518264142557650409e-02
1.413750021319957195e-01 -6.709775283541397073e-02
3.529639211615165362e-02 -3.760398037213952271e-01
6.325115227586719513e-02 -2.945512124337384963e-01
6.379555328453367924e-02 5.646091243235273893e-02
6.049594184616402526e-02 3.736831412910658345e-01
-2.249009762652970368e-01 -6.830432618009285584e-02
-2.908998998629879207e-01 -9.205128280438457100e-02
1.217739424630154277e-01 -5.696269443856616377e-02
4.198623090421371717e-02 -4.727780315232632535e-01
-4.557645208176295260e-01 -7.548846025221633838e-02
-3.378050722983543253e-01 -6.807203226294833431e-02
-3.398246110243835494e-01 -6.510288479533565820e-02
1.823717801254488569e-01 -8.454826786731273192e-02
3.043870934598087441e-01 -6.317520867983550392e-02
5.724785815355171170e-02 3.496113645671539150e-01
3.938075969784540220e-01 -6.250218307917865257e-02
5.398348234010097446e-02 -4.582915132585637652e-01
3.020716357631634263e-01 -9.243001842384146460e-02
1.501449602165768615e-01 -8.795729442396449382e-02
-4.191993743102734316e-01 -6.630907443847200433e-02
2.989144197710935646e-02 -7.113169999024038237e-02
-2.552319789468757705e-01 -7.329811624647242230e-02
5.154305657303137611e-02 -4.568704338191031944e-02
-7.267331632265561225e-03 -6.486311301983993527e-02
1.966003425774860425e-01 -8.364128985798724436e-02
-2.146082641342009767e-01 -7.848095742938909769e-02
-1.977015787763872767e-01 -7.841212491695381814e-02
4.272887343424314199e-02 -3.739180678116682532e-02
3.331467658037297053e-01 -7.179343904203838722e-02
5.368958485577579598e-02 2.335988965135352702e-01
5.417065860260739107e-02 -3.370725972136603410e-01
-3.136963572883897378e-01 -8.119053606996240458e-02
2.124130379005779723e-01 -7.039255199831317977e-02
3.138927931010846439e-01 -8.743667864312343330e-02
5.914521683185092193e-02 -2.555938223537324028e-02
-4.740419451558811614e-01 -8.131748241358971452e-02
3.516032347363318156e-02 -1.693600045322118941e-02
-1.648027055108356453e-01 -8.487305422281232747e-02
4.934067108888906539e-02 2.748880189683733377e-02
-2.548916336048258069e-01 -6.319696879685288149e-02
4.747130401640970998e-01 -8.781217724382794909e-02
5.380857361812196871e-02 -2.363191186281443645e-01
5.246243724597843272e-02 1.939490012785956008e-01
4.466679413333998205e-01 -5.984620231220982856e-02
3.567408448045561453e-01 -7.561722846829643796e-02
4.399676763083437692e-02 4.692594717615792277e-01
6.077226705618643532e-02 -2.469437425416465270e-02
5.260586267542677330e-02 1.298091659116457075e-01
6.169622568446431199e-02 4.403914066243032055e-01
3.982073712952671762e-02 8.639181676247587038e-02
3.112401113498308725e-02 2.016907593616841243e-01
3.175669154066329547e-02 1.636530633972773652e-01
3.019794990398737555e-01 -8.846148913246021372e-02
-4.667488145752973772e-02 -7.290040257872609786e-02
1.572955136720011193e-01 -6.412551921698828039e-02
3.792941821545670056e-02 -3.573945449756854575e-02
2.004874461810346453e-01 -9.227562337356365330e-02
2.169429337518228307e-01 -7.013084579359107895e-02
5.528855340942784302e-02 9.986208573619559381e-02
2.230162441502949733e-01 -7.106386987273827227e-02
2.388726536194073491e-01 -6.014944574883041017e-02
-4.760876142970686953e-01 -6.581029828368289980e-02
4.066428866539606446e-02 -1.262365619448585496e-01
4.264289215122807342e-02 -3.149248940017264076e-01
5.294449236527942748e-02 3.583807318437204348e-02
4.495116252164713666e-01 -9.189862224404932167e-02
3.481380685068191649e-02 -8.568562081916275552e-02
6.350767295976600391e-02 4.452151992969450855e-01
3.845896295627571071e-02 -8.123857957821378761e-02
3.149488856819315785e-02 -1.346459385468730119e-01
6.305727991342435779e-02 3.579854320293643921e-01
4.089708280727499812e-02 7.093993388946895351e-02
-3.912432978788102922e-01 -7.031676653752316764e-02
3.160618535234616111e-02 2.362570287769441002e-01
-3.703595380319715247e-01 -8.760506185490368747e-02
1.799292808336954153e-01 -6.626707977052070930e-02
2.040011907346850339e-01 -8.903523646964706106e-02
-3.053844594280714642e-01 -7.489283003499080937e-02
4.618678194395966496e-01 -7.418080753236555580e-02
4.819197854482052401e-01 -6.341211093039644808e-02
-1.755795100201495984e-02 -7.010410984841075610e-02
4.973086988467145808e-02 1.033372183848975112e-01
6.358749914110461976e-02 3.648362947324802485e-01
-5.806670847772310573e-02 -8.218998440426816821e-02
4.712089280282870662e-01 -8.069381478591763912e-02
3.434119582709235230e-01 -7.008016806232542084e-02
3.417209414096922249e-02 9.095559761670601873e-02
-4.206993026827723359e-01 -8.487252609717266250e-02
1.007210600332153483e-01 -6.542192392366741327e-02
-3.179362848455247192e-02 -7.697374735444306726e-02
6.070627524397698149e-02 5.341145120462198470e-02
4.684158465255714443e-01 -5.828332412025993836e-02
-4.727339368622339721e-01 -7.593305534617889041e-02
4.483140693558029799e-02 -3.687274549623579256e-01
3.143795424888706780e-02 8.222574147769667885e-02
-2.157330895646353275e-01 -9.258267617035631503e-02
4.359753539428945501e-02 -1.047171818698038326e-01
4.804452125333247281e-02 4.977810254768357812e-01
-1.744548041541852390e-01 -8.490765512116871250e-02
2.082122521364759837e-01 -8.103522148551911553e-02
2.441867386683344021e-01 -7.693822951204631888e-02
-2.670451225530989792e-01 -6.736281909054009365e-02
6.194089111338674236e-02 4.876711581381965033e-02
5.950882695715487003e-02 -2.910235403141349098e-01
3.955028908781255126e-02 4.869301070208831295e-01
-8.764551855302582517e-02 -7.579076160609676815e-02
3.372996888433221763e-02 -2.298192447167092256e-01
5.799100282067848333e-02 4.230735219878881681e-01
3.388306460404195697e-01 -8.370603191337600002e-02
3.582182790883987611e-01 -7.807326964171845685e-02
6.035835543786338686e-02 -9.604240700077792958e-02
3.380943017874979972e-01 -6.082849818625013505e-02
2.966555439155839080e-01 -9.237459764332434098e-02
4.386038652807877636e-02 -8.293154498419785803e-02
-1.673268313710004618e-01 -9.249137435936838347e-02
2.037199900380937123e-02 -8.320905520207122485e-02
-1.342381978262945363e-01 -6.967698266587685207e-02
5.095059031178239550e-02 -1.052025666552508509e-01
-2.581947368908199536e-02 -7.729061803194847702e-02
6.092314181386648819e-02 4.175774662154217998e-01
4.894902015945519214e-01 -8.012552297800978884e-02
3.108843646658364657e-01 -6.552652748142107075e-02
4.229575672474497061e-01 -6.855844114632947406e-02
5.720501207581618619e-02 4.899895569206249579e-01
5.711978133078177144e-02 6.686053812642833716e-02
-9.226036497996914498e-02 -6.054926671014526640e-02
1.729450423780766188e-01 -8.655543180377045509e-02
4.855200574643037115e-02 1.891701956481917080e-01
4.527584016466934536e-02 3.337587687339399478e-01
5.810332820805375054e-02 -4.452769192429861800e-01
3.031111281671297064e-01 -8.522830520290658463e-02
-9.100618580515029699e-02 -7.809403507288203983e-02
6.274813632016862375e-02 -2.361387653221327376e-01
4.635771982346181819e-02 -2.195422193770647512e-01
-2.592802294721752165e-01 -7.990683517070529263e-02
4.801978669189518323e-01 -7.134585319470487796e-02
4.290039609733965476e-01 -8.854863394500667173e-02
3.144382380572618985e-02 -2.518145103242052096e-01
6.191050002649145512e-02 -4.580748089385964228e-01
4.780149640268597233e-01 -8.036721615397091067e-02
-1.839615314520035572e-01 -8.405863852465322861e-02
4.149140430009601310e-02 -3.907780857167637567e-01
4.447782500936814376e-02 3.332207743476702788e-01
4.958473208017618594e-01 -9.052364263893508678e-02
-3.237825162590909356e-01 -7.720187884676421586e-02
5.345610474333695183e-02 2.210760928508450629e-01
4.885759023144209401e-02 9.308005623786441696e-02
-7.863557655373376587e-02 -9.151449350519413883e-02
-3.784031057733986403e-01 -6.998301825138075749e-02
-1.991634826900384736e-01 -9.434728189978824897e-02
-3.422163533848039396e-01 -6.964326314585322919e-02
6.255618678348329187e-02 -4.724758209799857500e-01
-2.923194127391242070e-01 -7.033097734446314142e-02
4.698790987576029199e-02 -2.792001045510276169e-01
3.651421118307038860e-01 -6.140680338108284175e-02
3.189610684505383986e-02 -1.177759999251788425e-01
5.101537836223257738e-02 -1.335478475751250560e-01
4.147711679457777301e-02 4.377845139813995035e-01
5.103350142066909179e-02 -3.786998028779721137e-01
3.368750810768861292e-02 4.683925642875897966e-01
-1.068964633391074059e-01 -8.104880668403879884e-02
3.578931706080238362e-01 -8.306502504042356794e-02
3.335632725668247200e-02 -2.373463783477203215e-02
2.180448974151680819e-01 -7.992496592162900981e-02
3.375196186737244863e-01 -6.023681919070311697e-02
4.966796700026432365e-02 3.148408200888344055e-01
5.872234922390029421e-02 1.981476603979362983e-01
6.255264591415587994e-02 -6.136498725745775928e-02
5.292892083176881091e-02 -7.595883174129469673e-02
4.183604185954759025e-02 1.266699779494806499e-01
3.451798546520823407e-02 -4.357366677922541731e-01
4.163934568737492903e-02 3.281469005840258468e-01
-3.859889430079984640e-01 -9.031192234758211868e-02
5.800685131791705196e-02 4.309658988325826279e-02
6.085634672313533500e-02 -1.971346316486792816e-01
5.407906383126914740e-02 -3.456001711507115104e-01
5.887299992427952322e-02 5.434280039072569846e-02
5.273696119294835061e-02 -4.542334586981053857e-01
-4.344517690716626079e-01 -5.866772110042084432e-02
-4.483812318662767638e-01 -5.696523442365619694e-02
5.138843254008984562e-02 2.017695377701450576e-01
6.225001631144300163e-02 -4.077307132872284301e-01
8.032267134408610509e-02 -7.511110476816973414e-02
4.031305316251165838e-02 2.738635310416628332e-01
-1.232235865149680087e-01 -9.249265416828589270e-02
3.920780614334484770e-02 4.163571710678931614e-01
3.685312525916584203e-02 2.276098243051341008e-01
2.880674592357771457e-01 -8.976072175141125431e-02
-1.533791498985204171e-01 -7.550694707599925337e-02
5.661050866553085648e-02 -5.769792221609237881e-02
4.594889989301276234e-02 -2.372575268197443243e-01
1.572741776870983932e-01 -7.778698387417837257e-02
-2.724364769556775201e-02 -9.090214834358489870e-02
2.534471893365254358e-01 -9.212309558685138899e-02
5.564402310877547553e-02 -2.221664432731471628e-01
4.507066941296333784e-02 3.627505938620615433e-01
3.072680643219882768e-01 -8.259751838490325682e-02
-4.955896290974338703e-01 -8.490020342941539955e-02
3.731782587381282656e-02 -3.062173274160622238e-01
-1.998525601769214344e-01 -8.142268981071421052e-02
5.801215950449623016e-02 3.171374765427090736e-01
3.192760999852239934e-02 -3.704241202461775462e-01
4.877532508681614587e-02 -2.293190721062985382e-01
-4.036468332613366572e-01 -9.204309081086936573e-02
3.289882179160297238e-02 1.904359675355125070e-01
5.257942998853992744e-02 2.697131761821391915e-01
1.569164242561637002e-01 -9.030656231338307638e-02
-2.068008861237872198e-01 -7.159743400573426175e-02
3.220654176619863751e-02 -4.284975217423458993e-01
1.407172005887905586e-01 -7.219428011168915749e-02
-5.316521611958924254e-02 -6.354632888875022534e-02
4.512608023281150516e-02 -1.365053992469411615e-02
5.298013034987503200e-02 -3.825420752412189707e-02
4.970519145839391584e-02 2.149305217060428763e-01
3.780680371531763839e-02 3.815159916780074267e-01
3.250974947146378913e-02 -4.134103518657331611e-01
3.651534914417490230e-01 -7.616031470776218892e-02
1.390960699744741014e-01 -6.657830093419936368e-02
2.977504308084063522e-01 -8.546363458953010195e-02
-3.020641391071017257e-01 -7.037995070107927464e-02
6.389917413702472793e-02 -7.715656703699669272e-03
5.653067009213830207e-02 -3.991571659963409902e-01
3.935783665774073015e-03 -7.762491410339844577e-02
-2.278853445313455683e-01 -8.269699966897803289e-02
2.996017958364038947e-01 -6.777545020261144249e-02
3.849872513304197774e-02 -3.436391738056310263e-02
-9.239294914946449833e-02 -5.953970444038803045e-02
9.156666652947542673e-02 -6.687063076571442277e-02
1.186435234516747261e-01 -9.432599913796768654e-02
3.237730723403298150e-02 -4.195698798939773155e-01
3.941742641465284525e-02 -1.007056807681032673e-01
-4.402929454929495057e-01 -6.494187138654228253e-02
3.656946570142982633e-02 2.644304123285451391e-01
5.041169467462647269e-02 7.179692384778779690e-03
3.993253058974420844e-01 -7.237814093347127997e-02
4.481829484052881618e-01 -6.603804367387855478e-02
-1.677387009419974984e-01 -8.950200620955806041e-02
6.367508215040917907e-02 -2.535515585618342005e-02
1.472974183109866386e-01 -7.153807122850930345e-02
5.999297055447072591e-02 4.771186780699816499e-01
-2.148497112607850035e-01 -6.639238682396453317e-02
-2.124282588703781949e-01 -7.372780497223008211e-02
6.060465204937337536e-02 4.775817412219994784e-01
