3.204642925907245088e-01 -9.835557967716002103e-02
3.754683758617627376e-02 -4.546171343397023001e-01
5.608657095306546214e-02 9.296330357840598690e-02
2.878930278502156437e-02 -3.618734367213137793e-01
3.805080027918794627e-02 -2.809122574607509915e-01
2.760393970462549085e-02 -3.673524869834849937e-01
9.152208457945620879e-03 -1.194925364856458394e-01
2.595862363507295267e-02 2.539965607213854337e-01
2.636942257210952434e-01 -1.134029933067994822e-01
9.174754561997910951e-02 -9.851771904913109168e-02
-3.095521339094017277e-01 -1.092833907860064624e-01
4.394634581374923243e-02 -2.624911959821807361e-02
4.781972037090298500e-02 -1.691959360034933635e-02
-3.583069995132255325e-01 -1.219832436969745526e-01
4.394033059130708629e-02 -4.039172291836686801e-01
2.863921109439540036e-01 -1.244197126261918918e-01
4.415565872201551167e-01 -1.265735340674288834e-01
-1.788833659853565905e-01 -1.017031867673572343e-01
4.513342026001221363e-02 2.258913420852642906e-01
-2.396934181926305696e-01 -1.110800829149456437e-01
4.528552779434302789e-02 3.576655908811646745e-01
-2.734803847251846554e-01 -1.384481405370157070e-01
-3.536394924405309448e-01 -1.029816750524873425e-01
2.060983501769110271e-01 -1.056231154772597769e-01
2.108988633383427347e-01 -1.177969884012414203e-01
-7.289482228950761034e-03 -1.027620092675453067e-01
-1.066562294177559878e-01 -9.871323884851457287e-02
2.463591043056925223e-01 -9.784388783486519525e-02
-2.891389155517678500e-01 -1.400602646437906218e-01
2.554026766422928807e-01 -1.293869273445057422e-01
3.029821469639504272e-02 -8.207719583411443587e-02
4.712113464908562754e-02 1.288821642625287422e-01
4.442785158704121162e-02 -4.132030045615697755e-01
-7.258515207102500533e-02 -1.068056523424615323e-01
-6.943791657460651745e-02 -1.173196723797025331e-01
-2.168876221474301813e-01 -1.310878061120244187e-01
3.067912631787017563e-02 -6.609929497340882865e-02
3.374696190551085273e-02 -1.966091695205497425e-01
2.581264354604984046e-02 3.865063542788873541e-01
4.741646903429652671e-02 3.283746432626410972e-02
4.252950879477813695e-01 -9.876092194855035089e-02
-1.302666492261623787e-01 -1.171681649040932083e-01
-1.864510169934796568e-02 -9.810694910279138536e-02
-4.003535102133192192e-01 -9.887673516601613866e-02
5.610589488873030106e-02 3.534715363553496692e-01
4.523974106139894147e-02 1.537862433641485893e-01
3.115703757278709407e-02 -2.002489440031387513e-01
-6.118090087804395338e-03 -1.051016221850927801e-01
-1.081095571719794535e-01 -1.128581634215993779e-01
-4.756920144142998685e-01 -1.123278798975417825e-01
1.780523805315146202e-01 -1.069345259821541383e-01
3.323727539125798103e-02 3.526974935911473263e-01
2.815196152966348286e-02 4.299033123825883873e-01
1.397411913929957894e-01 -1.134724127285821060e-01
-3.955605679050183676e-01 -1.362538789639456960e-01
-1.790305170733454965e-01 -1.327072420823034449e-01
2.912505160797262960e-02 -3.975838369388517979e-02
4.278499976428584706e-02 6.373887690125401573e-02
4.695745730932665563e-02 1.978840162158098659e-01
-4.090688865588674172e-01 -1.113591377130433990e-01
3.102464188431156566e-01 -1.435941998754193261e-01
2.219808759047020574e-01 -1.113853548182591746e-01
2.893098823439184120e-01 -1.054615499257400835e-01
3.920065655239144409e-01 -1.286753456304787768e-01
3.068714781997874397e-01 -1.016045098551595638e-01
3.254661495400390514e-02 1.047042470423019678e-01
4.736017673663017735e-02 -4.739320412564658191e-01
4.118920014757176951e-02 2.130414293173575890e-01
5.432365672221406427e-02 1.997397571428674024e-01
-1.638334009600432850e-01 -1.047457231670395617e-01
4.296976283059716906e-01 -1.348114636804822464e-01
3.714370706074252571e-01 -1.388300464865980244e-01
1.968484563932881848e-01 -1.402326620189570106e-01
3.037474963310674569e-01 -1.192267940088989064e-01
3.909128653661445574e-01 -1.030230873774699019e-01
1.266102217099973615e-02 -1.357703155498710679e-01
4.675755611613052753e-02 -1.536768443507006143e-01
-4.593210100102496085e-03 -9.978684029309459191e-02
3.375346653940847208e-02 3.452333948558483634e-02
2.963470975728620393e-01 -1.175775418275993855e-01
4.735376896247889267e-02 2.465948857155303431e-01
4.032871063853593618e-02 -3.352092755951076031e-01
2.924855978874987272e-01 -1.128295794846794209e-01
4.366703691200505277e-01 -1.245167703315169794e-01
-3.500125239935958366e-01 -1.147930855710038722e-01
-1.614290035399289502e-01 -1.362701250658487906e-01
5.540216400447195433e-02 -4.226719406805924395e-01
-4.531300252459017353e-01 -1.435358086193747607e-01
1.249427210085428674e-01 -1.295715906784258298e-01
3.765879502830460357e-02 4.429398332022604912e-03
2.286598685751258797e-01 -1.313065310091671156e-01
4.571102981615871030e-02 2.068901503221207694e-01
-4.834806187055170623e-01 -1.409546965045040956e-01
5.078093682284345878e-02 1.975124580492134685e-01
3.727609006280507842e-02 -3.520113756925405957e-01
4.955148460921721121e-02 -6.403719262590756856e-03
4.057913344086494511e-02 4.827917900817302321e-01
-2.651938233959957314e-01 -1.237445334145039766e-01
9.405373490221413668e-02 -1.002763250594883582e-01
-1.906020151002737473e-01 -1.028946145303032411e-01
4.671958952006549648e-02 4.950137867061112917e-01
-3.820981168076090784e-01 -9.933861814545608127e-02
1.676897330655164886e-01 -1.257166238364908484e-01
2.528271221661134716e-01 -1.252915552873946625e-01
4.876044558719676569e-01 -1.286763962663254324e-01
1.792730911251991799e-01 -1.058424368032526708e-01
4.051946522938465467e-02 -9.715493970907951304e-02
-2.824962656235076031e-01 -1.409918334971629328e-01
4.075206917738494194e-02 1.534288684549710569e-01
2.873481795373267200e-02 2.061438139239958334e-01
3.088963278915245469e-01 -1.215302077839379713e-01
3.997842062240980487e-01 -1.021548562888470180e-01
-5.958506290841869557e-02 -1.038343578697539238e-01
3.146687186631590416e-01 -1.205587586907683750e-01
3.520276356276641483e-02 -1.064369192663949804e-03
-1.493056685891209767e-01 -1.097711902454939770e-01
-4.715569106948444000e-01 -1.126380888620321929e-01
-3.319971767759052339e-01 -1.160709051754231780e-01
-3.264212505685891719e-01 -1.149174724359898203e-01
4.336612432194009159e-02 2.357957710742937252e-01
4.579016344945130434e-02 3.217027938366820994e-01
4.048080455402436328e-01 -1.029501305912633446e-01
3.697369789509702409e-01 -1.354350627831980569e-01
3.909866429184860603e-02 -3.556672873607510388e-01
1.888389070697982230e-01 -1.250999071830007914e-01
-2.446237607324261987e-01 -9.734177111173780705e-02
1.519500197424173971e-01 -1.068919567262601733e-01
1.352280073949919670e-01 -1.296106464880618647e-01
2.800862376782031760e-02 -2.095039824238920101e-02
3.393732985334341201e-02 -3.838371974649065210e-01
4.331937457999401886e-02 1.173506480770272198e-01
4.514737420490066988e-02 -3.057821758652173871e-01
-3.630832060419346696e-01 -9.762769237293966729e-02
3.662079841233356614e-01 -1.011852037830653916e-01
1.298341926689292603e-01 -1.404141346995311235e-01
3.302782664183220307e-01 -1.222902770564388009e-01
-2.654529214525409575e-01 -1.439376322161098898e-01
2.592714532245343761e-02 4.828712991327255288e-03
1.753263536315385895e-01 -1.070946835366254346e-01
5.344684899021934221e-02 -4.658948483897026316e-01
5.274470676498033139e-02 -2.586807103436286059e-01
-2.419241530943261331e-02 -1.108426592200277838e-01
-4.489592656278030836e-01 -1.337774148598596113e-01
5.152831674604307910e-02 -1.223643504555272932e-01
2.427802081105590037e-02 2.511762829749296655e-01
4.983765992901186825e-01 -1.275466208709301608e-01
-2.922976568915988116e-01 -1.225958906813533478e-01
4.204970594694072972e-01 -1.063562130127900796e-01
4.114752845358704558e-02 -3.944292649197411738e-02
2.361551519685269884e-01 -1.355171337324313496e-01
-4.460100699025258963e-01 -1.068038153038495253e-01
4.279223811747761008e-01 -1.109614834721617260e-01
4.516971856331419843e-02 2.657948321137770797e-02
4.686618017274490899e-02 -2.757289104565247007e-01
5.217434864639669545e-02 2.879535610003612911e-01
4.513489653080272612e-01 -1.210881845395007650e-01
5.606994851899560484e-02 -1.118998987011662338e-01
4.593555782581737468e-02 -4.393632104216709244e-01
-1.329137107993347833e-01 -1.372759100657793274e-01
2.400691191048154316e-02 4.793201742116182107e-02
3.969826808040275434e-01 -1.428005287984265292e-01
3.185510596885419154e-01 -1.048580572133028799e-01
2.485170008099422123e-01 -9.985324057097344497e-02
-6.872319232020951407e-02 -1.400137994889150139e-01
4.124462308644971653e-02 4.566260603263038176e-01
-1.825359359222157307e-01 -1.040482174650901870e-01
3.377228671016672124e-01 -1.213473176294708189e-01
3.248524836666969451e-01 -1.001749782593082116e-01
4.567804642326567244e-02 3.702630761767365941e-01
3.571211918760108794e-02 -2.083595810555226580e-01
-8.259059056096140772e-02 -1.392189247260425811e-01
1.340971473495383703e-01 -1.049481238889697909e-01
1.722896860068797720e-01 -1.080694119891876248e-01
3.046169961689318972e-01 -1.395988087442057157e-01
4.631258102296398338e-02 -3.889317843525416096e-01
3.578838662584638008e-02 4.951386970821574085e-01
-2.658631080357531928e-02 -1.005279516303709819e-01
1.285068237927214918e-01 -1.144656135692490029e-01
3.915951142906516358e-01 -1.258980866245165142e-01
1.605183984466701519e-01 -1.014283412397407602e-01
-2.223835988356792637e-01 -1.301631502470705914e-01
2.467554930409833203e-01 -1.076059041112849002e-01
3.058626388050134093e-02 -2.879771588627585421e-01
4.405859505738474180e-02 6.623995450118280726e-02
3.624972769671619410e-02 -2.079662030032684017e-01
4.158576901543897808e-02 -3.647695019303796027e-01
-4.100187716972188978e-01 -1.132898668633691708e-01
1.734535313369655052e-01 -1.394339873210339587e-01
-2.707739981683170427e-01 -1.068247583109603882e-01
4.108826210199619799e-01 -1.089487651164263715e-01
4.393960908120276843e-01 -1.046084835271580138e-01
3.220475339598538600e-02 -3.336277226212919222e-01
4.259698395304911678e-02 -2.463867418022691602e-01
4.456887734945460533e-01 -1.248074538083282503e-01
-5.163016553784627316e-02 -1.280380928743500846e-01
-3.885750522339428414e-01 -1.131217447853392066e-01
5.203543565267088056e-02 2.728602837989767549e-01
3.983334211361833077e-02 -9.749699587373772403e-02
4.546959292900929483e-01 -9.997841173685984018e-02
2.983948086223786600e-02 2.076726336784440186e-02
1.983854093063058821e-01 -1.098594425582870571e-01
-2.485469076292734503e-02 -1.207615792745155847e-01
2.930374355655270824e-01 -1.167703508544912783e-01
-3.820577287755052565e-01 -1.196219923433112786e-01
1.411857272124650287e-01 -1.109031103870481427e-01
1.506060321021511772e-01 -1.324066501251021100e-01
4.186412414476677890e-01 -1.217014630075398118e-01
-8.613891724508648817e-02 -1.173158076943597861e-01
4.143925170139625136e-01 -1.431842746977410874e-01
-1.810726880834969688e-01 -1.210098499090460633e-01
2.782373704874852027e-02 -1.205195585462243146e-01
3.821688466744488366e-02 -2.731236372785552646e-01
5.307688646694086465e-02 -4.796762466999471286e-02
-4.776298580860625087e-01 -1.193783199866589317e-01
4.748977391905018219e-02 -3.523822610106652764e-02
2.396327521167962438e-02 -5.159068100771724286e-02
-9.638896170789357232e-02 -1.114828607218936174e-01
4.825564039745124933e-01 -1.094822325641217065e-01
3.742356758450926524e-02 -4.636021751268283309e-01
3.706918108449932525e-01 -1.283596540017998278e-01
4.367472205874372015e-01 -1.408858289267714836e-01
-2.886721957544884365e-01 -1.129914444260483597e-01
5.265197754083683623e-02 -3.552952355679083185e-01
3.514276856915254932e-02 2.518764731996149253e-01
2.891317790588410208e-02 4.983636964428629357e-01
3.904614630093050653e-02 4.863067204043070024e-02
-4.963689066599783484e-01 -1.434661250156652468e-01
3.132126098717080698e-02 -1.701123421102279654e-01
-4.000873642732264424e-01 -1.051654434429811769e-01
2.683677270636042334e-02 3.199460037958262726e-01
5.565493782211106133e-02 1.114049676540702638e-01
3.812160037302780857e-02 -4.188836775350447406e-01
4.503235612843711211e-01 -1.055717495143634332e-01
2.753022037623686913e-02 -2.904032123199951076e-02
5.100897191468400926e-02 1.657674944556792873e-01
2.547895458133254687e-01 -1.063785785020914254e-01
-1.832874128815316084e-01 -1.129176868829083746e-01
3.620530814077079773e-01 -1.421874900291411059e-01
6.609191382822077188e-02 -1.174107735783109785e-01
-4.845792921199250092e-01 -1.234348466828373292e-01
-7.316497215331119186e-02 -1.403298475237999554e-01
-4.515324786757313191e-01 -1.379039070173144754e-01
1.936310903635569680e-01 -1.158445958253145891e-01
-3.586010832351709254e-01 -1.166334926413691297e-01
1.876713506471668902e-01 -1.157116552655536035e-01
2.387199229124536970e-02 -1.815700930963711768e-01
4.455771485724924208e-02 -7.635058056258736681e-02
-3.372826384853810922e-03 -1.341226216177707764e-01
1.467447273897841686e-01 -1.369669218831205404e-01
2.036868450960305221e-01 -1.049586699916735810e-01
2.398101813304054364e-01 -1.044705589962576786e-01
4.839617305772003775e-02 -2.510179708829778367e-01
2.497888179134766240e-02 6.887929807482773281e-02
-2.557448591831150697e-01 -1.110542185438739837e-01
4.130990332064932158e-02 -7.907030968271278049e-02
3.386848975156486752e-02 2.809333933111540782e-01
4.328841481792669033e-01 -1.244577248968412597e-01
4.032599869610131726e-02 -1.068210436111961537e-01
4.270651195213104323e-02 -3.541325428947982301e-01
2.806478330970713087e-01 -1.234043820380212875e-01
3.404514627797405879e-02 -1.363754549324254217e-01
1.810146950298650026e-01 -1.346231569476539214e-01
8.966487580508886168e-03 -1.208919138252869674e-01
-7.139435958520512493e-02 -1.437094426800218372e-01
1.519745944534364179e-01 -1.046532865843124993e-01
2.529037475418427494e-02 1.509920068352363920e-01
1.694264980788295905e-02 -1.171239690220599039e-01
-3.623836026375659713e-01 -1.069882471674019619e-01
-1.088404277152003052e-01 -1.203756500628672121e-01
2.721766740198960921e-02 -3.394695383224044516e-01
3.735161206190962258e-02 -2.055238864602253468e-01
-1.451112677921216898e-01 -1.331385792543361424e-01
4.136786937833625277e-02 2.620351630051229730e-01
3.784982316442808692e-02 -4.431895785275785649e-01
2.946628952732410767e-02 2.809568099774639727e-02
-1.779667201325505488e-01 -1.282107340146828589e-01
-2.762966064107279518e-01 -1.295429736806922305e-01
5.000467909890082829e-02 4.160307215450013141e-01
4.434641910146186472e-02 -4.013881347265368937e-01
2.938687140185047841e-02 -1.338234240135119935e-01
-2.377920802467485828e-01 -1.183482042590534578e-01
2.538689779195002494e-02 1.641635512680894582e-02
4.863413306208229647e-01 -1.224334129444518693e-01
2.330193652093615064e-01 -1.393254424269374514e-01
-3.543800764629568834e-01 -1.410771756114672648e-01
2.635926424811019242e-02 2.733847347945949080e-01
5.388195112767757422e-02 -3.405426865845094797e-01
-1.261908923669678995e-01 -1.436089196506417087e-01
-4.155873783356484052e-01 -9.895487802616309558e-02
3.823871295603686882e-02 -3.315271588847445994e-02
2.855043015926288508e-01 -1.385164258706079732e-01
3.424022014877481368e-02 7.837423640547536152e-02
4.047580517987298121e-01 -9.948412112190896384e-02
-3.486876413844145484e-01 -1.010581855630022785e-01
2.821075609853862520e-02 -4.656617008028037796e-01
2.904047549000962070e-01 -1.373055659753142921e-01
3.415000369363440091e-01 -1.327938856976638160e-01
-4.022535200786341303e-01 -1.245136537567862467e-01
5.030258239238660778e-02 -2.129959686646122341e-01
4.905484308910923463e-02 3.173024132607527026e-01
-4.892428316204705530e-01 -1.017781701030593400e-01
-1.839564280053079814e-01 -1.144718379450557766e-01
1.941504214731053501e-01 -1.257372554684075272e-01
2.817310908517656198e-02 -4.105110650177957732e-01
1.635668922490050026e-01 -1.246627890782175951e-01
3.262918568118122753e-02 2.629176541445421567e-02
4.498120976013353367e-02 -1.902949695768966221e-01
4.914711094841794914e-02 1.322075560502566915e-03
4.204814492608965892e-02 -7.959747428870855845e-02
-1.194428864403629387e-01 -1.198726497808522140e-01
4.749526420547489636e-02 3.913641973497217208e-01
-3.825846722417386436e-01 -9.743876479720092743e-02
-4.639671254648286558e-01 -1.299119807594861786e-01
4.928059868966379042e-01 -1.043878469752717031e-01
4.124088432100291302e-01 -1.052485621810796967e-01
3.083831191120423032e-02 -9.444692109175600869e-02
4.607467825401900807e-02 1.148296587905099919e-01
2.068332672917951864e-01 -1.429508592902208886e-01
3.300589989311628614e-01 -1.115604333082811372e-01
5.255974484291825455e-02 2.611281290041400638e-04
3.017800348287341672e-01 -1.351470919391473124e-01
3.679932470553315405e-02 -3.155186698339216278e-01
3.310108003635292562e-02 2.611277690096982518e-01
3.397052670268474461e-02 -4.746339949436551020e-01
4.894081739415034882e-02 8.511079300493817890e-02
-1.864883838751374423e-01 -1.317253664129039992e-01
3.865256052354300031e-01 -1.257955634869538653e-01
5.185543618280996636e-02 -4.497020397052202689e-01
3.653834729320526442e-02 6.749760785305025657e-02
-3.705147876538790186e-01 -1.345304083414826657e-01
9.451954331032252909e-02 -1.069160870060184010e-01
4.040706410180695540e-01 -1.379480162164530288e-01
3.625510275367209712e-01 -1.155194994290552613e-01
-8.690999123028908535e-02 -1.166916764104835025e-01
-3.120993962510408837e-01 -1.292157293799857110e-01
8.703240694362857077e-02 -9.749304901642652510e-02
-5.178550460295894275e-02 -1.178616040427635792e-01
2.906853726977909336e-02 9.930066018074423795e-02
4.424283976071885505e-02 -2.016808102966952676e-01
-1.920181749627305479e-01 -1.264759818548336634e-01
2.063816532184462593e-01 -1.344403188072879063e-01
-2.694553231134921845e-01 -1.033442237718451562e-01
5.005101080536811242e-02 7.706447604282873343e-02
4.866820868201930939e-01 -1.351697323278646667e-01
4.766186592812549083e-02 -3.061551298924808373e-01
3.605090379790902855e-01 -1.270755160668858297e-01
3.147243831572377193e-02 -3.168900724334559049e-01
4.545909352434756023e-01 -1.400518045276327728e-01
2.703360781173677063e-01 -1.414549251772886374e-01
4.080544379865390647e-01 -1.236819426012466527e-01
-3.783048075586612491e-01 -1.058596631330658289e-01
-4.096444252312503309e-02 -1.277511071932552200e-01
3.605105317598056303e-02 2.096523244050305657e-01
5.235185798887087572e-02 1.274189772163075718e-01
1.318956508772367586e-01 -1.208912560646019374e-01
-3.152998257954003902e-01 -1.059340934810546475e-01
2.457069529591663359e-01 -1.061799470494833031e-01
4.646468961573613221e-02 3.596243728019754560e-01
-1.532107873373337315e-01 -1.005214832843899231e-01
5.045970421204615253e-02 -4.084224104774951680e-01
5.064602537193163556e-02 9.934947633599988670e-02
5.112473732887434785e-02 4.480742277665016315e-01
4.533655062115726775e-02 2.974678110860425884e-01
-4.363715227005482422e-01 -1.383553722508087391e-01
4.169032579933118488e-02 4.708606836539183105e-01
-4.744218301674463234e-02 -1.219500422889383540e-01
3.872540142653257966e-02 1.566632643321116403e-01
-1.744175408413657369e-01 -1.369641669724207533e-01
4.291324820215347557e-02 1.547275972352565310e-01
2.961766433990276060e-02 -3.412130024460635624e-01
-4.648591431681067254e-01 -1.269507933461480054e-01
3.422009530697844859e-02 -2.750206528050406218e-01
4.714697549021595879e-02 3.661077915654203929e-01
1.891928510023608290e-01 -1.225883983054196769e-01
3.710175920979150721e-01 -1.139820077680472332e-01
3.987689027017082832e-02 -3.749739628176709250e-01
-4.771254625056889909e-01 -1.395552537730481157e-01
4.867625102869722609e-01 -1.129797060542573339e-01
3.260155506985495943e-02 3.131798590847786334e-01
1.777910925067961445e-01 -1.013939908508261212e-01
-5.094565005861917406e-02 -1.095890552950171681e-01
-3.678320623214962337e-01 -1.139795026688389390e-01
4.837544886981037795e-02 8.316767651207424006e-02
3.681831497218818194e-01 -1.037092713435422420e-01
3.424796734251434049e-02 3.889867117581267131e-01
4.516112493687429730e-02 3.080652187738286418e-02
3.754285763220951422e-01 -1.011335216152684513e-01
-3.138868773638460175e-01 -1.036621081151540835e-01
5.455063033210949541e-02 5.590766688913573201e-02
5.380576004011561331e-02 -1.449893726041791009e-01
3.688706338474955215e-01 -1.032978153582819747e-01
-1.213387726499778330e-01 -1.117008534466774616e-01
4.718762675408283425e-02 -3.752892532248502944e-01
4.204132725873226395e-01 -1.227913755916093530e-01
4.291242433323527727e-02 6.799466051209346329e-02
-3.465344532811311939e-01 -1.223585681959704630e-01
3.283858184557475468e-02 -4.790372112029784857e-01
2.403304234878644863e-02 -5.589891400321023163e-02
-3.581575296937442587e-01 -1.212409220043545455e-01
3.116314434098577113e-02 -4.889946473971131802e-01
-2.579879789709081939e-01 -1.142700090280569514e-01
7.004511925310796805e-02 -9.821015125443832705e-02
5.285230543819252613e-02 4.064106442073947001e-01
3.336898483543726535e-02 -1.680563024621910539e-01
2.833378498284799818e-02 -3.179524892894082244e-01
1.785321583474719365e-01 -1.218610473962798979e-01
4.983310758397174745e-02 -2.113502919291112558e-01
