1.693705311795522528e-01 -1.926329677004103846e-01
1.721132534184584006e-01 3.825950930354169444e-01
1.999139932365365802e-01 3.828180257085714855e-01
2.267468382538255778e-01 4.479798069437330721e-01
1.951744864730983187e-01 3.192275787901627249e-01
2.148356683382461885e-01 -2.643376681895540647e-01
2.272563657879523857e-01 1.968128821532340034e-01
2.122804550958213854e-01 3.719342596148161872e-01
2.284952029383244820e-01 -3.034205415033062181e-01
1.805431189838769823e-01 -4.647358534084754522e-01
2.280891492219740968e-01 4.449639733218853088e-01
1.901366105643425009e-01 1.943680948077577408e-01
1.819342650243112036e-01 -2.296742582976696312e-01
1.790978363306473531e-01 -3.338014456172794242e-01
2.111389769076214007e-01 4.847975303383860179e-01
2.304178932798206514e-01 -1.145299426133161713e-01
2.137272318425164075e-01 6.922922771040052048e-02
2.254869828343726290e-01 2.017594959051541847e-01
2.148457068023426064e-01 -3.519395083209267971e-01
2.152321970704716980e-01 -6.090314278363706535e-03
2.221332495181841393e-01 1.076790650393822935e-01
1.870381526344027101e-01 9.144607725797337938e-02
1.686636202062373746e-01 -1.219790202536682466e-01
2.182222669190954090e-01 3.588983349100050013e-01
1.966525463863123546e-01 2.741731709646247905e-01
1.924345131124370889e-01 -1.712955077222524380e-01
1.903925202599954236e-01 -3.510203838803566123e-01
1.865818340676725917e-01 -2.356706779030754983e-01
1.894793539843351304e-01 -4.264695307302719396e-01
1.759787855673541346e-01 -3.176069707330817504e-01
2.123996299289845346e-01 -2.726987766132616953e-01
2.082319120369710008e-01 -4.944702764901754977e-01
2.091492365739849868e-01 2.404044099720588079e-01
2.249762485812027979e-01 -1.506643887375913593e-02
1.790342987035968836e-01 5.522800334522626198e-02
2.198730541227567059e-01 4.382597080842838277e-01
2.128005979621447885e-01 -1.827861999609000643e-01
2.127709329859983622e-01 -2.728547073609616236e-01
1.934891561982737818e-01 -3.278623008628417379e-01
1.677313082785836240e-01 3.041599835964206022e-01
1.756964127847827628e-01 1.101889740764938619e-01
2.198843272225248224e-01 -2.183537831463852052e-01
1.880125001101906612e-01 4.548025962372944653e-01
2.106196607327175396e-01 4.005309019349035937e-01
1.698172903197808781e-01 2.609167064146981074e-01
2.329055020006565169e-01 -1.451955259826155364e-01
2.327531609072414076e-01 4.749494900492617910e-01
1.842612552446096785e-01 4.353358168243770532e-02
2.331980219996018233e-01 -1.109805432174386652e-01
1.989480353226578124e-01 2.631019206818274725e-02
2.335065402463376572e-01 2.498761041010381101e-01
2.247507194649562834e-01 -4.652516188084002691e-01
1.932113462460023356e-01 -2.617265127854447870e-01
2.236936474132765751e-01 -4.429941627341756893e-01
1.902056980333607372e-01 -8.409585568700794767e-02
2.117481295648022677e-01 9.352618411732738224e-02
2.081580888425260678e-01 4.064295704764669948e-01
1.815776662059301882e-01 1.570647502672946061e-01
1.839098646493514400e-01 -1.734865372686902329e-01
2.303593013223040886e-01 2.333235365340290413e-01
1.923207763642802437e-01 1.552343727799733175e-01
2.176738833258181627e-01 1.168831529962884863e-01
2.266947993096095626e-01 -3.414058188866532229e-01
2.263527562989479103e-01 1.888257582593499961e-02
1.914603733343360759e-01 2.222303110981571628e-01
2.223457523776186662e-01 2.263891870923573357e-01
2.087550217972098388e-01 -1.785233964126999862e-01
1.821198910098689172e-01 -4.603655947018983063e-01
2.131912332659861020e-01 2.500816872694986426e-01
2.089566041383362771e-01 -4.747894573680855324e-03
2.102840696132196596e-01 -4.159485927685736550e-01
1.792684177025595238e-01 3.741812979358196678e-01
2.278097474979129400e-01 -3.768857835702823511e-01
2.093076307020697024e-01 8.200071857114510365e-02
2.203181608277555714e-01 3.476724903354599938e-02
2.216109497324043609e-01 4.044168980873230623e-01
1.947605521303904519e-01 7.677384308357637632e-02
1.772909118799865791e-01 -4.667733251243304515e-01
2.022727428765801472e-01 -1.293231065659283807e-02
2.151123773970493591e-01 -2.165317623241214129e-01
1.998641384442025881e-01 -3.888133904774035976e-01
2.169032100157664011e-01 -4.115656887575019907e-01
2.120049158570297410e-01 4.036802646629484848e-01
1.753218572284952481e-01 -4.068017849086802418e-01
2.322222143193386490e-01 3.759531360033639968e-01
2.141448120945478317e-01 -2.753789454974078232e-01
2.092775791243245420e-01 1.950388004372349826e-01
2.093857338151245973e-01 -1.084388298897226433e-01
2.320986257342088077e-01 -4.815104985153384476e-01
1.891400159295175687e-01 -4.753558801929055333e-01
2.068199204382964451e-01 -1.261032582931598256e-02
1.861564101125278148e-01 4.715026881353244770e-01
2.057205834829273217e-01 -3.168068374307581037e-01
1.771321785515270752e-01 4.849914336483888144e-01
2.333391140259565288e-01 3.166007419638544595e-01
1.901668079652735210e-01 -3.372850598184660154e-01
1.861014011970884008e-01 4.714632391697922698e-01
1.789996088470749980e-01 -3.336829528212825746e-02
1.704931930935902340e-01 4.913388048888509552e-01
2.188050272967251297e-01 -3.879512626164427491e-02
2.058377891703723206e-01 1.975050070112345235e-01
1.817230171421918561e-01 -4.467174785137315585e-01
1.781428107233389291e-01 6.371366556628910160e-02
2.051303157817183642e-01 -2.823578282530683214e-01
1.850940066621526991e-01 -3.882891378690707107e-01
2.043577842920427656e-01 2.231198716577474928e-01
1.836187542113995042e-01 -4.134289741940128105e-01
2.105206114359501335e-01 2.563864113707446934e-01
1.983807758042135383e-01 -2.495902359970857409e-01
2.074432498946888748e-01 -3.798709582702687326e-01
1.783222338476023738e-01 3.371361335139099191e-01
1.973911775061013563e-01 1.798932992279181908e-01
1.723686465063329898e-01 -1.420957971400010900e-01
1.982374616626882968e-01 -4.139903337455528298e-01
2.232446718193998869e-01 3.553451156001102840e-01
1.704889365822191971e-01 -1.046409799606352609e-01
1.794018775714618652e-01 4.366697784199535803e-02
1.972212815178701062e-01 1.939570333057334395e-01
1.801746810558843004e-01 -3.100512690838347352e-01
1.996694555527471771e-01 -5.561795607695907417e-02
1.844172520890601241e-01 -4.357647571263272290e-01
2.044318796717666809e-01 1.778284551722872919e-01
1.777942439113170403e-01 4.996282249148318311e-01
2.180416327268909216e-01 -1.877876021185393984e-01
1.986233003322622759e-01 2.821955829302636998e-01
2.000309815656463597e-01 4.733776309118176151e-01
2.030909984521372946e-01 4.120851149130249080e-01
1.677390727801705284e-01 -4.758665247197527703e-01
2.158276389437845388e-01 1.393607370347298424e-01
2.155055763984564665e-01 3.650622210053122707e-01
2.281868915997479208e-01 3.219958699828634474e-01
1.918462048850929635e-01 -9.936778477093266559e-02
1.820618455506913813e-01 2.834819217050770224e-01
1.848360483536843901e-01 -3.069107283101638606e-01
1.880380423937660916e-01 -1.099901815875001798e-01
2.122697205601459247e-01 1.432838603064567895e-02
2.338239900964170781e-01 -1.669369566203293687e-01
1.944563034909890797e-01 -1.282133078755042233e-01
2.107509589248927062e-01 2.341774813702341973e-01
1.770968371691596932e-01 1.075973837264772026e-01
1.731825141096803300e-01 -5.747651713450541155e-02
1.699850792672374933e-01 4.198208002960721608e-01
1.721103951875726512e-01 2.926067419920930224e-02
2.291699995299772974e-01 -1.361890349230603370e-01
2.293623150830805812e-01 -4.783995446304190047e-01
2.164616798395410102e-01 -2.728761776161686692e-01
1.668063413949515406e-01 3.140577290115790232e-01
2.217228261033120651e-01 -3.437841080571586438e-01
1.729303318919376276e-01 1.801708588951453915e-01
2.106337586118339766e-01 -1.637249804544222975e-01
2.063105619783658362e-01 9.237233738111039205e-02
1.914362718460000945e-01 -2.202434691691441682e-01
1.745150120034145713e-01 4.817055553022286940e-01
1.809885734062963714e-01 -4.706769485372797046e-01
1.688889168590929080e-01 -2.704286571414247220e-01
1.939038412576128412e-01 -4.317844966975754595e-01
2.213062028830614647e-01 8.600020924385765042e-02
2.022815805677551371e-01 -2.586003554631255419e-01
1.993341954321765641e-01 2.908382510881857286e-02
1.696047335421672075e-01 -2.885494253886201621e-01
1.683520220535782430e-01 -3.408274082636636448e-01
1.799298837468905621e-01 -1.350825214668627261e-02
1.917877888292521815e-01 -4.194092755347694768e-01
2.032895563748127188e-01 -1.085119414026819440e-01
2.313900818645771018e-01 -2.624962534710628681e-02
2.078326689488372292e-01 3.848839900383548285e-01
2.321548093811260927e-01 1.276285330423529985e-01
1.910592963219811535e-01 4.151621078966252210e-01
2.321179747853020503e-01 -1.760171961051235634e-01
2.139616946236400086e-01 6.538872992940691908e-02
2.183256619277761379e-01 7.532960166960345205e-02
1.814037169211126788e-01 5.775999469327053326e-03
2.127808792021336215e-01 -4.350583843537171314e-01
2.215306913347664386e-01 -3.864228002570765375e-01
2.178228017971692854e-01 -2.208091939342440302e-01
1.703309309214500189e-01 -3.083165210958785929e-01
1.991020830734753222e-01 -2.908166652943022790e-03
2.060665984356263580e-01 3.962120967164246554e-01
1.890893268586745224e-01 -2.361304125816017230e-01
2.062000926693411396e-01 2.324114595567611241e-01
2.077311460130554233e-01 -3.022961754236714871e-01
2.306349185925370415e-01 4.096522860792252141e-01
1.671190952716835598e-01 -2.633053389618849049e-01
1.678689240697678331e-01 4.645636187788915183e-01
2.052934535476076405e-01 -2.093312118058533455e-01
2.310748109397866568e-01 -8.659210987106524815e-02
1.697741245372788033e-01 -3.664763011410154814e-01
2.166396415455165148e-01 -7.735966485357492761e-02
1.694831466957804622e-01 -3.908661184013465517e-01
2.002440956682901563e-01 4.906310328976094537e-01
1.923317395156830534e-01 2.984754069627246764e-01
2.126340556598041998e-01 3.089742737189551391e-01
2.064197937738323496e-01 4.443801685700023985e-01
1.734440939791986880e-01 3.250434323569993955e-01
1.928602276153320583e-01 -1.805633325503911424e-01
2.063997906832824025e-01 1.473493874958886618e-01
2.272980093037253457e-01 3.121093488421187168e-01
1.970604687947484779e-01 4.756471439790371791e-01
1.930953709993471490e-01 -4.575224200413867681e-01
2.230261913473302604e-01 -3.748394068658751355e-01
2.322771492525822490e-01 -9.715677217673301946e-03
2.044437891311934319e-01 4.715802550831709183e-01
1.821328333301502900e-01 -2.459082478675844730e-01
2.185651333930871409e-01 9.538917536205426817e-02
1.873419501150583866e-01 -8.680620639688718665e-02
2.155178964299810929e-01 -2.456189215994054598e-01
1.922943125906808604e-01 -4.633896632519991510e-01
1.922120364490659261e-01 4.327026279525810759e-01
1.931302215858997640e-01 -4.177210258124319786e-02
2.022194553526501792e-01 -3.362608957401791443e-02
2.199172757064472572e-01 -9.341169272985339056e-02
2.049848443125159569e-01 4.036337136873394682e-01
1.807253212540445020e-01 2.714437629651345052e-02
2.112781671129112526e-01 -1.204432733788830534e-01
2.211621832250721953e-01 1.964058775021216841e-01
1.816109316660674544e-01 -1.344137124810340644e-01
2.069710913291016308e-01 9.916757059341385627e-02
2.157681174890277997e-01 1.038101690391475262e-01
1.685876571762187082e-01 -3.555040748578468524e-01
1.761328256448214669e-01 -2.586275967074640469e-01
2.280079401553757323e-01 1.503114594155673389e-01
2.171001945107292608e-01 2.770536798624043673e-01
1.976384973139064805e-01 -8.105449993836144618e-02
2.248516562423903409e-01 -1.754162890922514872e-01
1.674483430219697588e-01 -4.692860383962550452e-01
1.894143519256660246e-01 -4.385042323116454810e-01
2.213883548643038601e-01 2.986670539869417107e-01
2.236920613381769840e-01 -4.706055785530089963e-01
1.894227321880993520e-01 9.466429290314803957e-02
2.212537590713774538e-01 3.892648210232526607e-01
1.962023321298403955e-01 -7.925397912539111633e-02
1.943876174668265344e-01 -3.771192673271023255e-01
2.071403866416312578e-01 -4.480935343039800234e-01
1.778143456014343871e-01 -1.507312496024215687e-01
2.170374565487849239e-01 -3.147273423001147874e-01
1.892442445624803460e-01 -1.692856550607514388e-01
1.819934891384989983e-01 1.707577123882422221e-01
2.039372071939732356e-01 1.843667792015644125e-01
1.872538323288024387e-01 3.122773995980024919e-01
2.284210235800676614e-01 -4.270341780789491670e-01
2.066325995592739329e-01 4.611960419040677106e-01
2.262868864724174589e-01 2.588862667739350032e-01
1.830606987191452095e-01 2.645302787689726154e-01
1.723587131498600655e-01 -2.258575955800538049e-01
2.119092359071312881e-01 2.770060245990584313e-01
1.943160263757833794e-01 -1.039107297140196007e-02
1.863983192014987411e-01 -6.628833600509531632e-02
1.761809323194838406e-01 3.357486358202432797e-03
1.864720434938879068e-01 4.199091798447868173e-01
1.932924961866886449e-01 1.454936985527406357e-01
1.779271636417025793e-01 2.119632677300027357e-01
2.312607173394433113e-01 2.914457140730971618e-01
1.837805140077630739e-01 2.029827834738833214e-01
1.760837543115462145e-01 2.124273482248500988e-01
2.171952162881046755e-01 1.534504765405019233e-01
1.932629405756933760e-01 -4.335338281366282187e-01
2.028566240051965508e-01 -2.994262661781565971e-02
1.668418959750734842e-01 -3.659366860062257532e-01
2.232322112337172815e-01 2.477659054515146675e-02
2.135352898524461862e-01 -3.528733135833430623e-01
1.890106901518799898e-01 1.087350897586782938e-01
1.876147914759430657e-01 4.972884128238624912e-01
1.852735920053859564e-01 5.750721756236076843e-02
1.891414843898953091e-01 -4.208536694833907577e-01
2.161345918364642182e-01 1.564004324452905603e-02
2.144740543088898832e-01 -3.801560753497527090e-01
2.311478281839942639e-01 -3.706073504611164804e-01
1.710518686595843274e-01 1.255360490415522445e-01
2.283283942053910831e-01 -1.134987678127973298e-01
1.807253364333669676e-01 -5.102827051806757552e-02
1.828345314144861344e-01 -2.954640636638182771e-01
2.262568896057531864e-01 -3.123379446756299194e-01
1.671816477445501326e-01 -1.095767378654483037e-01
1.703051318329685815e-01 6.479217449787544325e-02
2.094790307967968612e-01 2.643307615605396954e-01
1.926537853533476508e-01 3.169245894048036138e-01
2.271584188779467439e-01 4.837177985937735070e-02
1.915241194156924731e-01 4.670349811708164323e-01
2.015017972348273068e-01 1.922936948617162134e-01
2.090079597725923444e-01 2.957665590660050192e-01
1.834270262877694124e-01 2.750261691522399854e-01
1.691371699903793102e-01 -4.368893986427890841e-01
2.050371954560642473e-01 9.132880165910972625e-02
2.171149293155103521e-01 3.351300472469828096e-01
2.296107084636493934e-01 3.767791627513874531e-01
2.315512645283290816e-01 -1.051716344521835822e-02
2.090660209413285342e-01 -2.226955849831493417e-01
2.241234961185576413e-01 -1.157321343640265177e-01
2.277195530105827759e-01 -3.855473394861482772e-01
1.943844827482669180e-01 3.625489817710368934e-01
2.293883267144816163e-01 4.668108968341470044e-01
2.056833863119920114e-01 -1.325002699580428711e-01
2.073873803371127922e-01 2.112913319637843568e-02
2.086204334941393901e-01 5.642876269401875255e-02
2.297030563686347504e-01 5.704942301913706881e-02
2.198279058824806897e-01 -4.565413479444258016e-01
2.082193516334037708e-01 -4.983950242112874518e-01
1.803340059673179674e-01 4.801700238700244983e-01
2.300877330025156153e-01 4.465518724297881104e-01
2.162312356977101890e-01 -4.598816060806355521e-01
1.785266770874089914e-01 -2.424910563806359498e-01
1.898092551489748425e-01 1.190860019801764924e-01
2.133823387055222565e-01 4.496507385782869681e-01
2.297641902542328918e-01 -2.065602351746589349e-01
1.754542484030667815e-01 -2.858919281378118349e-01
1.714390746136302823e-01 -4.166639500066728896e-01
2.063028711094214707e-01 -1.380866344718446603e-01
1.696348895144509372e-01 1.583068492764047042e-01
2.089797082570092890e-01 -3.400374130937151573e-01
1.835013003981983415e-01 6.848325277366307251e-02
1.858322866619508407e-01 4.673041126162766901e-01
1.872962900826162791e-01 -2.583603367604195844e-01
2.030333146764567998e-01 -1.503715502200979603e-01
2.332236868261111651e-01 -3.910536778592715867e-01
2.143914723268731670e-01 -3.360937721244423582e-01
1.944995099699913244e-01 -4.475147483217565281e-01
2.000295465681894980e-01 -3.790479647168386590e-01
