1.233048256400559595e-02 3.965204999524001295e-01
1.473828708545577015e-01 -2.154054137232258581e-01
-1.401453943323134332e-01 -2.129757138214155576e-01
1.112762311236292767e-02 -3.730943419479519907e-01
-1.530858878278296142e-02 -2.422699428800391130e-01
1.911799615428835253e-01 -2.162500197659499301e-01
4.382080044877387781e-01 -2.269628226746415178e-01
2.614718183842590360e-02 4.783239033542395768e-01
-6.348165775473590955e-02 -2.025363313943205901e-01
2.854020711307055924e-01 -1.962619131962843877e-01
1.991094335107534974e-02 2.552045882343086936e-01
2.987308244321169592e-01 -2.436465784645172050e-01
4.339592356362835801e-01 -2.180347340598882688e-01
-1.956760392374418123e-01 -1.794166595100601391e-01
-3.219044790533233114e-01 -1.934065978424047705e-01
2.676159417314335487e-01 -2.388187435892529242e-01
-2.715474626452024642e-01 -1.895653978046283328e-01
-4.023961685554622303e-02 -2.289599501222218114e-01
3.610131979944430913e-02 2.588963926034270058e-01
-6.813196307338897917e-02 -2.086280019629062066e-01
7.729250847188340323e-02 -1.945542144672822715e-01
1.515303151913527380e-02 7.690044018099362333e-04
1.460242359579466687e-02 -2.087751760379146226e-01
2.202940930047547763e-02 -3.782150213023440788e-01
1.510571850499775604e-02 -2.357730472046259962e-01
2.862845128896293057e-01 -2.114317228775837165e-01
-3.141925227653754593e-01 -2.414762882038297143e-01
4.052790865935737008e-01 -1.811567786540768665e-01
1.336872601350612699e-01 -2.314237033859106729e-01
-1.149623329964510887e-01 -2.154316230068076266e-01
-4.575999138867283822e-01 -2.313655697005617684e-01
1.232480261666177856e-01 -2.332353323691496172e-01
1.596022408664365955e-02 -4.338596900480021779e-01
-7.833185681894261343e-02 -1.789932543534868969e-01
-4.005352944048417019e-01 -2.429329833523502513e-01
-3.922841009772256582e-01 -2.041247094664080386e-01
-1.955306541702839240e-02 -1.877069586331053808e-01
3.549861661462383466e-01 -2.112061816887240706e-01
3.356249222976959157e-02 -5.610081008370160216e-02
-2.186747280105176827e-01 -2.291243461983578644e-01
-4.295396829690919516e-01 -2.402525650179989647e-01
4.101457916123932845e-01 -1.833194206348349731e-01
-5.602575180431701440e-02 -1.748726658241990251e-01
3.040011045293601333e-01 -2.017185634302959274e-01
-5.620850110371444774e-02 -2.331025125695347366e-01
3.975712105652450257e-01 -2.120516223343450468e-01
1.636914668247557714e-02 -2.612941827599926103e-01
1.606498496351175254e-01 -1.863895509397376360e-01
2.201539412993691602e-02 2.814159894741683487e-01
3.544709222967901141e-01 -2.279575027731829406e-01
2.518204239629728836e-01 -2.078038871329469517e-01
2.126286998087428826e-01 -1.956777924964075988e-01
-3.375612848179782022e-01 -2.077646884775642411e-01
1.647400073339209126e-01 -2.042663056771472085e-01
-4.810294732327303757e-01 -2.406909294333258176e-01
1.776242884369597652e-01 -1.811045505745382256e-01
4.923663927235243376e-01 -1.817660627097619219e-01
1.366745424411186516e-02 -3.147507375709684974e-01
1.069546083839134631e-02 -4.610060405666562833e-01
3.226170969950860057e-01 -2.426796514148770179e-01
2.932386037712975124e-02 4.634886069594127411e-01
-1.154054849910853831e-01 -2.427526524317626944e-01
2.497079308033661738e-01 -2.384962992568878670e-01
2.697999394691504849e-01 -2.059434800403522337e-01
1.931112435405413219e-02 -2.649771235177427187e-01
-2.508439397164642370e-01 -2.009739309312011946e-01
3.238117625444285608e-01 -2.049328503118637013e-01
9.127830753843957368e-02 -1.852367283369444895e-01
1.184085918427816297e-01 -2.105460070068422285e-01
3.759541320306292178e-02 -2.658669316648359926e-01
2.732522170327709166e-01 -1.836226079241151110e-01
2.044459251434563862e-01 -1.945497606782145006e-01
2.545557715925284015e-02 1.856998456553065058e-01
3.545167223989459382e-01 -1.955614824573584931e-01
5.124841975792304716e-02 -2.081783214982992902e-01
3.339209283175104126e-02 4.907726032850897591e-01
-2.185030460943357955e-01 -2.020051126885045178e-01
1.758616696538750634e-02 1.357265966465284190e-01
2.897566593010791891e-02 -4.929376931785307558e-01
-2.497269589623858366e-01 -1.943283326214508833e-01
-1.551215865314996556e-01 -2.072345946765338232e-01
2.509754152256749027e-02 4.230000185673866708e-01
2.268648707383569274e-02 -3.436369441650843903e-01
-1.715906334493486618e-01 -2.022939125783238534e-01
7.992627854277878363e-02 -1.808488796966029044e-01
-6.618190489966746526e-02 -2.343895562579230152e-01
-6.733280185966417086e-03 -2.087037742913000482e-01
-8.207874697498074301e-02 -1.795314014631939070e-01
2.195716911331746513e-02 3.705888229835706538e-01
1.585393582213190378e-02 -4.167424460557600518e-01
3.422096519934519909e-01 -2.210000326855272590e-01
1.556250203875744198e-01 -1.857052164695289775e-01
3.602781766095353166e-02 4.515653057706147111e-01
2.859771093561935817e-02 -3.759697886285554569e-01
-1.955200927001768951e-01 -2.257714260256783456e-01
-2.006956120363901919e-01 -2.240832378434692851e-01
3.524863932733468541e-02 -4.415846309641275891e-01
2.631059212415820525e-02 -4.201108610465131843e-01
-4.395845726168111645e-01 -1.875267543918861524e-01
-3.014104539763091672e-01 -2.211224354072058862e-01
-3.649645221839481479e-02 -2.255809413467813052e-01
1.067393350010995556e-01 -1.923110814047862549e-01
-2.133425668821824495e-01 -1.832427959691296238e-01
1.553324917724905330e-01 -2.174192779036344669e-01
-3.283695476264414381e-02 -1.914049540834708019e-01
6.174305210705210989e-02 -2.078454809244115742e-01
-1.619259573636711025e-01 -2.183105056982725944e-01
3.607287618716563671e-01 -1.916838460198223570e-01
-3.810677016351365909e-01 -2.314623820142912569e-01
1.447859511216408324e-01 -1.815096726195852828e-01
-3.153887571103720644e-01 -2.388930708118088830e-01
2.881965602095315493e-02 -4.184159637245750130e-01
1.972462869019231402e-02 -2.458179135204893173e-01
-3.180204531258794542e-01 -2.378861402121232871e-01
4.077037181340216199e-01 -2.058007331630044012e-01
1.680094770315510022e-02 4.384483141837162146e-01
-2.706665829144151436e-01 -2.316040096099362122e-01
-1.586749617933532752e-01 -2.063800327824695247e-01
2.290416389063565372e-02 -2.978851653277653222e-01
3.364621942136852839e-01 -2.020532018542540165e-01
3.239450094080968956e-01 -2.327756925505355401e-01
2.948306705928249727e-02 -2.872586697801244870e-01
3.001725770431814544e-01 -2.070430713762659858e-01
2.127852620386894156e-02 -3.741070186091947081e-01
9.119940592709663285e-02 -2.116911675198744902e-01
3.925813768537134152e-02 2.199368525734860524e-01
3.801257193389779854e-01 -2.256616016862709184e-01
1.533569365189046962e-02 2.535005850512038750e-01
-3.096470170228527996e-01 -2.358213811958662642e-01
8.445297160694886784e-02 -1.952901399909622304e-01
-4.641368057018802062e-02 -2.067149804909304001e-01
-1.117074064639130837e-01 -2.167903739942989016e-01
-2.082889220521780826e-01 -2.437789213020264967e-01
9.802733941619790059e-03 -2.269196580772010474e-01
-3.137033099595427643e-01 -2.225069582856920025e-01
-3.623509086804199697e-01 -2.319922164640132456e-01
-2.043824469222803586e-01 -1.969501108945301837e-01
-3.518757319533646344e-01 -2.252682075796297312e-01
-2.141135017599631318e-01 -2.184465929262313644e-01
-1.501332812402306205e-01 -2.292101711371032913e-01
-2.876252854436378570e-01 -2.238096900802807321e-01
3.587823303554338317e-02 -1.074786265362426274e-01
1.683748336679923296e-01 -2.058633798999944808e-01
-3.895376806456518626e-02 -2.412692301641292669e-01
3.054356363725428958e-01 -1.853842978540519715e-01
4.028313186586356398e-01 -1.802820454156149887e-01
1.250150723111892459e-01 -2.416266613588394785e-01
1.533634135837168566e-01 -1.935867973200298131e-01
1.109039787529091381e-01 -2.354780435948988782e-01
-2.349175697866775492e-01 -2.425898008755156265e-01
1.764111378075949865e-02 -4.578919340148073225e-01
2.852609727467365630e-01 -2.416922941233369260e-01
-3.837385057870955629e-01 -2.320507398917327491e-01
1.602872348414743353e-01 -2.085480168706010939e-01
1.492660419513421877e-01 -2.266225621389333922e-01
1.272377782733840057e-01 -1.837932451730572847e-01
1.030493878612936953e-02 -1.005488552283606563e-02
-4.268159227202927841e-02 -1.985879578041649385e-01
2.256544297919649278e-02 -2.359720013868137345e-01
3.432128776995890806e-02 -4.104767706470332511e-01
2.901749728267710715e-02 2.267584204766491807e-01
1.909246917407591004e-01 -1.855052953115838843e-01
2.156766794629472184e-02 2.038663400246227830e-01
3.311588115709862556e-02 1.791415302010073152e-01
1.489983570506567823e-01 -1.807762594120654320e-01
1.615645981578028856e-02 1.407414982313839324e-01
-4.236678542500307287e-01 -2.439207371280869285e-01
-1.303762615695720495e-01 -2.351481518397091630e-01
-7.880137955875310407e-02 -2.418232473865438159e-01
4.745461439316637220e-01 -2.119498549710419066e-01
-1.692008338506557630e-01 -2.363597410577606972e-01
4.307349809176115318e-01 -2.302220903011352737e-01
1.377700531741143930e-02 5.191993406225337004e-03
2.279243816810583301e-02 4.639980421515921272e-01
2.888398268659708723e-02 -2.406091707934656654e-01
4.930604210852577163e-01 -1.983641018056611083e-01
1.403172767110516528e-02 -2.161220277761860542e-01
-2.906515675541764265e-01 -1.831171118264643960e-01
3.812724282701249745e-01 -2.247910295217082632e-01
-2.996418961067544018e-01 -1.877515646112485337e-01
-1.968140950217237561e-01 -1.814522739656487804e-01
3.008611014866492406e-01 -2.039791447790348933e-01
2.384867870394224987e-02 -1.545570394098331191e-01
-4.195353785356682463e-01 -1.899237700065097290e-01
4.104254876431212562e-02 -2.029975892228290668e-01
3.675571218204897184e-01 -2.214853385131436703e-01
-4.492201871197063490e-01 -2.413498876729720521e-01
1.992957610790324630e-02 -4.374667829402612007e-01
-2.321985668287966931e-01 -1.970799231784927663e-01
2.907823197684411554e-02 3.097386353857507491e-01
1.157538975749728971e-01 -2.206284861538805320e-01
-1.684076874787521216e-02 -1.999361548787417231e-01
-1.332107677600502527e-03 -1.780412768926443734e-01
4.958037303637035098e-01 -2.070141284488530298e-01
4.787458293400155274e-01 -1.927661517526068069e-01
1.864296211854932217e-02 -1.238966142291343386e-01
1.195850273519916129e-02 -1.276844856339587331e-01
-1.026389118455403038e-01 -2.392586119662222233e-01
3.424285025929542092e-01 -1.773770727004356784e-01
4.536392286988090161e-01 -1.800649149658515302e-01
-2.310502444730621052e-01 -2.138060191158378531e-01
-1.262394865784915998e-01 -2.131784294626479781e-01
1.362743784827390447e-01 -2.347518276276179261e-01
4.307593043352847539e-01 -2.274993929521309521e-01
2.903291487788839387e-02 -2.007792865059452314e-01
8.317162580159032093e-02 -2.165449796494548496e-01
3.713248303568170705e-01 -2.096539389237140893e-01
-5.285378096067105957e-04 -2.084089928827217442e-01
-2.931925562839682309e-01 -2.125817847215953904e-01
-7.956129377282439297e-02 -1.913288261829828585e-01
1.131145207708428302e-02 -1.571161521216982715e-01
-1.380798720868549045e-01 -2.347254596218748546e-01
7.441167641124568632e-02 -2.039002166803924876e-01
3.424558146794143276e-02 -3.794368805672243550e-02
3.223078705420345802e-02 3.663271816965157912e-01
4.912988997228243671e-01 -1.834751748111352887e-01
5.464908069868390506e-02 -2.265382008212963871e-01
-9.050385781147474162e-02 -2.039623066646003569e-01
4.709904133146994853e-01 -2.039070657500288153e-01
3.297484211756396277e-02 3.262744275890775425e-01
-4.682898599081704027e-01 -1.830221818640684894e-01
2.649564893430345069e-02 2.240276446354849682e-01
-9.004945079707316058e-02 -1.756670969181183262e-01
1.857311222206603496e-02 -1.147965669211032935e-01
-3.093475998322181564e-02 -2.105270567927906011e-01
1.372812296300762736e-02 1.088754436789570734e-01
2.705564974034490033e-01 -2.388014573987293776e-01
3.625082946479821766e-01 -2.206199658314971224e-01
1.878039257018623287e-01 -2.166455355772036739e-01
4.176821059508972755e-02 -1.884949357475822485e-01
-1.764155967683532777e-01 -2.296961265390475848e-01
-2.864614673368323094e-01 -1.866149719853175126e-01
3.100207580632363680e-02 -1.722282924015183792e-02
4.020375138940734949e-02 3.163166545459933365e-01
8.496694452809827602e-02 -1.931261943841319217e-01
-3.037879115254681350e-01 -2.049482050026519842e-01
-4.139788582308435716e-01 -2.192001981190644377e-01
-2.324579895373564131e-01 -2.180573018606249969e-01
1.381689808355768267e-02 3.718330445405810813e-01
1.507703407387902539e-01 -1.965159812937927741e-01
-4.843311460667498736e-02 -2.124876559459327741e-01
2.919560773730434100e-02 4.808974311385449951e-01
3.310700272791056165e-02 2.697671404596269085e-02
2.202235078803388424e-01 -1.778708877856147730e-01
-2.885524328739363931e-01 -2.302639690594632249e-01
2.842478367108014492e-02 4.224351800987400374e-01
2.237832985519194740e-02 -6.886191385616180494e-02
1.188921744146564929e-02 -4.058457876355421323e-01
1.023390757685928021e-01 -1.931405881239426359e-01
-3.410745640063297390e-01 -2.133482036711334962e-01
-4.251775720752111187e-01 -1.818799999350207974e-01
3.872320663903072724e-02 -1.228574386072144309e-01
5.754992028662764270e-02 -2.036652300369431456e-01
1.690407443472902171e-01 -1.886028503190778638e-01
-4.700392420874517363e-01 -1.882754538583827353e-01
2.041886809841064743e-02 -2.189690193850505340e-01
3.408308462552733786e-02 3.622124096776662139e-01
3.836500241047224868e-02 3.527104694628536707e-01
3.855349701218913072e-02 -2.184393357749125908e-01
-8.459210317640886156e-02 -2.279125205716735492e-01
2.346569454276570266e-02 2.828700310160998654e-01
2.275649347486008445e-02 -3.791247002503620456e-01
4.784688126865442870e-01 -2.317296432499020842e-01
1.033315839251899293e-01 -1.919279562872533429e-01
-2.276237022812759303e-01 -2.117545586105941124e-01
1.550121622874235383e-01 -1.968778530648838121e-01
1.259541466417724020e-02 -3.490508178387673466e-01
-9.106813364025867497e-02 -1.817250182989104124e-01
-4.874783076432577245e-01 -2.048135285348884338e-01
2.649899729837490447e-02 -4.993843855004640453e-01
2.103402062366288572e-02 -2.662153080014806328e-01
1.563248594063615382e-02 -3.483512842458991177e-01
3.217498971099175264e-02 3.157995619359798001e-01
2.094774045915981375e-02 -1.303716462309475466e-01
3.007187398289620228e-01 -1.982830265039811080e-01
2.212005068193667601e-02 2.403475190086177271e-01
2.577409225698691353e-01 -1.976477278938414406e-01
2.682138316550852775e-02 -1.685960235775076921e-01
-4.703781779813633879e-01 -1.990207145326046145e-01
1.787029946822630277e-01 -1.991303124735651631e-01
4.032436977955888846e-02 2.673815087804353174e-01
4.805997175094522955e-02 -1.957646072196775888e-01
-1.727219471135146289e-01 -2.062264538235962785e-01
1.106421468941422015e-01 -2.203165732935804533e-01
1.575786540338730557e-02 2.255731918591691310e-01
-1.321153262057288558e-01 -1.997081982553196022e-01
-1.521570112661200236e-01 -1.783087793896597217e-01
-4.099179385030259359e-01 -1.802166267265017385e-01
4.321237467702100377e-01 -1.792880989023314386e-01
1.074801861003576997e-01 -2.204934419158202097e-01
-8.214068143741504180e-02 -1.750534600814035446e-01
-1.491876629971876644e-01 -1.806377644605270394e-01
3.884528877304277428e-01 -2.093752491708874564e-01
4.217687451476302973e-01 -1.932508093225646650e-01
-4.046567412995750734e-01 -2.365328987797199467e-01
-1.433502659462339013e-01 -2.279708285295525272e-01
-1.475855154316837448e-01 -2.142800560822223366e-01
4.049723160880103201e-02 4.297013106031524199e-01
2.767728068929864449e-02 -2.676471467073583410e-01
1.496990185655433514e-02 2.270215077319809316e-01
-2.360495055188004399e-01 -2.158861175720309111e-01
2.813205198169288490e-02 2.372834649709406607e-01
2.896632283248046225e-02 -3.593389655905933067e-01
1.870573020705813549e-01 -2.138352153474302186e-01
-1.742636224125325706e-01 -1.793885687919531957e-01
1.877090234019925807e-01 -2.130738687145192767e-01
1.146926471109044332e-01 -2.088160667147430649e-01
-3.872362396251413097e-01 -2.328329101116364264e-01
-4.851026800356726953e-01 -2.179266251693398049e-01
3.597916598608441596e-02 -3.676375592262206560e-01
-4.537969823830049210e-01 -1.968041442578247757e-01
2.848932303620044237e-02 1.074398262330289455e-02
3.804908507838122844e-02 -4.514643425031589219e-01
-1.811127833766867923e-02 -2.009479588443893183e-01
-2.768404663478272187e-01 -2.350660729742805044e-01
-5.454374650884730169e-02 -1.769963843440024442e-01
3.034487773316921766e-01 -1.759096057247968581e-01
1.080410757217431517e-02 4.358423158354215454e-01
1.514652239434655101e-02 -4.514288811441257154e-01
2.617791267203661842e-01 -2.288075822541272286e-01
-8.500601468031498964e-02 -2.397896802635612890e-01
4.337351065373376002e-01 -2.118391114990605395e-01
-4.776872869617874162e-01 -2.172551349454011627e-01
-9.670743470210785286e-02 -2.018608835552169189e-01
9.965017278947385648e-03 -1.872429715896207769e-01
-3.653649415691249125e-01 -2.177202280203303086e-01
4.107161949650749433e-01 -1.904784869407950554e-01
5.298386896796147827e-02 -2.147056755835096142e-01
-3.007819546088885687e-02 -2.244231445748918752e-01
-2.985099598751529415e-01 -2.164913559356177464e-01
1.504962742123472363e-02 -9.182198853011835915e-02
-1.271849877619051217e-01 -1.931621438022201875e-01
2.878394371732762025e-02 -4.762873383131117633e-01
-2.778725949891903690e-01 -1.780051074043781378e-01
-7.212025464496663041e-02 -2.412867293654978873e-01
6.929417496617662486e-02 -2.239687977681955600e-01
-2.424190670020398564e-01 -2.172239821258558079e-01
1.643095790113924259e-02 2.681570689340848634e-01
-8.170600688586882043e-03 -2.366569802348521545e-01
2.039439330035630604e-02 1.572972044199164587e-01
-4.821268664369442458e-01 -2.133374191127553887e-01
2.317913119230141650e-02 -3.055016209604664024e-01
-4.796451168878459459e-01 -2.329892395595648535e-01
1.053623009636195373e-01 -1.963776302016374542e-01
-3.498580602844973964e-01 -1.882433814394652849e-01
2.263400865593353517e-01 -2.043698119770060995e-01
-1.945565291643343020e-01 -1.999030790327748219e-01
2.242237369749013887e-01 -1.839491269155646425e-01
3.110598089515952402e-01 -2.411883387435721504e-01
3.528474058085893095e-01 -2.431289471196390606e-01
-4.498688480795289824e-01 -2.090032497567274605e-01
2.563849805816008631e-01 -1.951892338859175791e-01
3.164926763197917214e-02 3.449154276878833025e-01
3.750324692574547036e-02 -4.572621362447164550e-01
-2.870766104430297894e-01 -2.309184232275137694e-01
-4.000628764045056629e-01 -2.101341516188539593e-01
3.082589466745367934e-01 -2.417162218042441246e-01
3.146510681834133738e-01 -2.240674417243361249e-01
2.745892836121277547e-02 5.713767916657097601e-02
-4.985188772007077551e-01 -2.361991478540769185e-01
-8.699882358408084215e-02 -1.801180250746645672e-01
-3.029963144185324753e-01 -1.805114358875674618e-01
1.568643972852745705e-02 1.666109255689118829e-01
3.668473007525547835e-01 -2.309320597744097814e-01
2.370835008557470314e-02 3.387810659279288927e-03
-5.752733848979063591e-02 -1.851342900527405133e-01
-9.305683297636802020e-02 -2.028265397194165542e-01
2.350517604075830214e-02 -2.741486802466063244e-01
3.741172207692433638e-02 1.998758946158640804e-02
3.986761400923340970e-01 -2.153602804837565499e-01
1.319226592936983966e-02 6.631219825376222232e-02
1.240102069826243270e-02 4.540162457872070068e-01
-4.465339516680922882e-01 -2.030761814299167911e-01
-1.148330675376619814e-01 -2.358989204921755345e-01
6.699071462902239649e-02 -1.847984368888847539e-01
1.803784070149516694e-01 -2.293739629082480747e-01
2.196683418144053102e-01 -2.221341643447997116e-01
3.984465721755514611e-02 -4.068041539284387165e-01
2.477036208848093501e-02 1.361438198392838084e-01
-1.077350008242716761e-01 -2.181786085186122603e-01
3.282235351812246016e-02 2.306013060858765895e-01
-4.537946498887608371e-01 -2.432285150059073642e-01
1.284877820792252878e-01 -1.903626967059508512e-01
3.989341573521455464e-01 -2.123610435511636974e-01
3.938225684904950175e-02 5.154842233885981173e-02
-1.453499330397560740e-01 -2.018067311911483364e-01
-2.247433481325303850e-01 -1.945993698755145163e-01
3.903939708049475321e-02 -2.510961309531267727e-02
1.020549951103689734e-01 -2.442308387375597967e-01
-2.050907766912595243e-01 -2.441241735956345416e-01
9.013822514461777846e-02 -2.415116484694446175e-01
3.348899368855666747e-01 -1.904974807073505083e-01
-1.780927931233644568e-02 -2.147026211310859578e-01
1.838709630765777980e-02 4.500080327718958273e-02
4.790347958127082473e-01 -1.954978423858629855e-01
-2.760875661179066354e-01 -1.925890674815136094e-01
2.133314290659744650e-01 -2.061328644427251611e-01
2.834321093836522643e-03 -1.782454889583312552e-01
3.972629038358188591e-02 -2.580464727140014958e-01
1.808252039187350224e-01 -1.849645848085871291e-01
-1.980466252466994703e-02 -1.918824276608335211e-01
-3.157814292910200438e-01 -1.962932768542757778e-01
1.023740092488589770e-02 -4.996197684815909534e-01
1.010235769349354662e-02 1.480283990064540367e-01
2.231517075450972776e-02 -4.262861155434595206e-01
3.417796447747434296e-02 -3.959465104201883578e-01
2.887668770474915991e-02 1.044768184352665719e-01
2.666068224989477375e-01 -2.320174923456431726e-01
1.712884304174744354e-02 -2.857660124712839700e-01
-2.023289931594923763e-01 -2.271190752748107888e-01
2.710326824540313373e-01 -2.160859379957799087e-01
4.052227573595011956e-01 -1.880236671735205922e-01
-3.439253757028177816e-01 -2.354311451248093379e-01
2.138594980134421730e-01 -1.995404211582565424e-01
-2.120519303796177812e-01 -2.261595876678960115e-01
-3.129408663591410900e-01 -2.275391937271118437e-01
2.432014110892142256e-01 -2.410906908799408388e-01
-2.201315291204027913e-01 -1.941768666859486903e-01
3.976159417928591955e-01 -2.356172938890548352e-01
4.853436130822060823e-01 -2.048765609256847364e-01
1.757419857285115183e-01 -2.193236845126628198e-01
-3.739736955482163561e-01 -1.980806349293732227e-01
-9.073522920692855820e-02 -1.991504799240269019e-01
2.518754173827838505e-01 -2.393295924215170789e-01
3.061280743842831331e-02 4.328247588837323967e-01
3.581966523575975669e-01 -2.417206163756229209e-01
3.834919435976269497e-02 1.808718623489979915e-02
-1.281445779033485444e-01 -2.122815248281065825e-01
1.262516096783827813e-02 -2.061130767429910637e-01
1.145936553523208001e-02 4.520087825968565065e-01
4.835430100301564282e-01 -2.255915217660922067e-01
4.356898641305284592e-01 -1.858914930512548525e-01
-6.963087594908246025e-02 -1.848241675000336093e-01
-2.738566524492762611e-01 -1.924016625541623560e-01
1.340213118547883830e-01 -1.765043200460397754e-01
-3.824081189102751521e-01 -1.748104298893622399e-01
3.089602664531421183e-02 2.193330110831506197e-01
5.172864217937833686e-02 -2.090836335824864944e-01
3.319534653392997026e-02 -2.832702903178011544e-01
2.182192176465480582e-02 -3.198483829808981271e-01
1.901842478868109865e-02 3.527406596771779368e-01
3.640607380576632579e-02 3.322646519039317292e-01
-2.647918490084473220e-01 -2.280333030863640476e-01
1.934340139783152779e-02 4.902597260337122620e-01
-6.191666539343565479e-02 -2.392868170945593453e-01
2.827073547708247592e-02 6.541847463926597772e-02
2.844738746524078099e-02 -1.262143443541707821e-02
1.661125585559508622e-02 1.614006406155534812e-01
1.664952359789009240e-01 -2.049499331611083219e-01
-6.349761063876346867e-02 -2.063259321427926007e-01
2.749437537039001178e-02 -2.636434266292303485e-01
3.064090349279235959e-02 -1.336011962286188792e-01
1.373263075218300600e-02 -4.865584352503208310e-01
3.951569025067075414e-01 -2.185313444287066975e-01
-3.061601232715313037e-01 -2.007456375363668721e-01
2.096318163028609849e-02 4.363129873893580868e-01
1.597846767130206569e-02 2.878630375262791752e-01
3.523486301008849075e-02 1.575244697316718900e-01
1.974320948116159435e-02 -4.578280433467779575e-01
-4.197348239366460732e-04 -2.113522381337843425e-01
2.242909970640727391e-02 -2.507323134231196349e-01
3.880394347349280793e-02 3.798303790589030449e-01
3.403501011144516308e-02 4.866145168152296030e-01
2.283151987291305307e-01 -2.109220437294523354e-01
2.967131677915693100e-01 -2.103081354288781624e-01
-8.181286470437831859e-02 -2.011852191375573806e-01
-3.253878083767491880e-02 -1.847873370779207214e-01
-3.634761845688300186e-01 -2.276286221268343235e-01
1.754065237682767009e-02 -2.031681950054665675e-01
2.517379623918070131e-03 -2.232116509165136264e-01
