-1.315262258551525010e-01 4.038270018512932769e-01
-1.475035579589505375e-01 2.099782120741370273e-01
-1.270175630698477942e-01 -2.494111551327996557e-01
-1.197733113790558912e-01 -2.909876836738848338e-01
-1.325597563922967792e-01 3.185851610343883866e-01
-1.405383741051934310e-01 9.793011931317763263e-03
-1.482826822502095743e-01 -8.576106905227087740e-02
-1.195826236821205812e-01 -1.759314881804323605e-01
-1.227888356350593790e-01 3.000475000141533677e-02
-1.383708807487620263e-01 1.236438775993053962e-02
-1.323856449047748907e-01 -2.855855849003036129e-01
-1.164695180524890628e-01 -3.161025926353285831e-01
-1.219971972172981811e-01 -2.580052915204031905e-01
-1.137135936018222049e-01 -2.357809146535169154e-01
-1.464921468099078528e-01 -2.187110448491638159e-01
-1.203314320018243899e-01 3.597162345793570859e-01
-1.051176463718352938e-01 4.801658542916478201e-01
-1.261205125923759995e-01 3.020579232541408254e-01
-1.280290954223608502e-01 1.344738675442236353e-01
-1.192548325496876060e-01 1.216259132111882080e-01
-1.425880430565412693e-01 1.371397643217365792e-01
-1.220131994372850581e-01 -3.180612166853125089e-02
-1.244586933456053313e-01 -2.180134669225896049e-01
-1.405693958013161105e-01 -1.090826538271073565e-01
-1.264174161094447912e-01 -2.304595236255101431e-01
-1.156458504961097589e-01 1.224535665231385462e-01
-1.268161355930398360e-01 -3.209611921032385906e-01
-1.385293726754037724e-01 -4.712219712984654363e-01
-1.113529609321156633e-01 2.475557414657714173e-01
-1.142181163857878268e-01 3.627485959180696273e-01
-1.387514889420957687e-01 1.196197552165053635e-01
-1.476836796162159793e-01 3.722298429216497340e-02
-1.171626851871296893e-01 -1.482301718220651043e-01
-1.504965565744932343e-01 -8.091630064674626421e-02
-1.272340038309062171e-01 2.573713684436151894e-04
-1.152582543239690782e-01 -1.062002238684947031e-01
-1.126024679355451807e-01 4.845085493272316413e-02
-1.388731787310290011e-01 -3.473255380551510951e-01
-1.315249183407893874e-01 -4.453501162788731094e-02
-1.046492939304789482e-01 -4.909285916291304952e-01
-1.156120649371232822e-01 1.278315289492460982e-01
-1.180420975167375541e-01 -6.088567438801240073e-02
-1.447375384880361660e-01 1.055760518033335149e-01
-1.174609199107632396e-01 -2.697894158719964519e-01
-1.356800924307238754e-01 3.482961454243165278e-01
-1.129590826244112334e-01 -9.194997606813393176e-02
-1.222805639381256970e-01 3.035554226259528088e-01
-1.321784131481632540e-01 1.992633278532266461e-01
-1.444696730809439389e-01 3.461772193797096886e-01
-1.117259051313556073e-01 -2.641695606163474430e-02
-1.228234527575464696e-01 5.268876522948107155e-02
-1.376534551054660049e-01 -6.687831664289134448e-02
-1.056199605390671925e-01 1.512859488696135513e-01
-1.157073717714812711e-01 4.764460446052247722e-01
-1.268077662515851856e-01 -1.977744783547178420e-01
-1.198996655986458437e-01 -8.206862530189196203e-02
-1.207958583256052432e-01 -1.628762483444647913e-01
-1.379544052158083733e-01 3.520658151119085977e-01
-1.100878016705015838e-01 -3.467970430435344253e-01
-1.068961637936398645e-01 2.231056791910923653e-01
-1.087644839465842228e-01 -5.805544124669792527e-02
-1.478415170340616758e-01 4.798727283071225758e-01
-1.382035439427465873e-01 3.982254821979006598e-01
-1.110308736963284693e-01 4.776640959193197977e-01
-1.182233637159909589e-01 2.445425840304146226e-01
-1.224511179507258296e-01 -3.199987793133443059e-01
-1.278901252029527313e-01 -2.210432424552404296e-01
-1.253554970091734777e-01 2.317932513954114038e-01
-1.353465836964370395e-01 9.349595095295104574e-02
-1.224135689831128415e-01 1.749612690029054285e-01
-1.238846998924141296e-01 2.336797650936383031e-01
-1.164281240237512449e-01 6.453084191086744248e-02
-1.232734031104367745e-01 -3.028965799273464210e-02
-1.451368547600121461e-01 9.925590759465652280e-02
-1.403444593390937856e-01 1.502197269031090299e-01
-1.356601089002635874e-01 4.070439169751687292e-01
-1.446198532582134710e-01 4.068430487218884783e-01
-1.101108958578833619e-01 2.288670921344293507e-02
-1.327648278178562569e-01 -2.754584540946826143e-01
-1.155551377833516913e-01 -3.841148942527351506e-01
-1.392875025671315159e-01 2.381827084813215034e-02
-1.480083172540828107e-01 1.926533522763387296e-01
-1.522721158815356635e-01 3.995520223901584123e-01
-1.329172295945221238e-01 2.155385230382211859e-01
-1.383544074914971889e-01 -4.943217651907950705e-01
-1.456652646192028167e-01 -3.238110427956927273e-01
-1.492444933344277969e-01 3.602736719608485849e-01
-1.287256790376978266e-01 7.164958695380352349e-02
-1.110686465674006751e-01 -7.639600314832573069e-02
-1.486981221829564159e-01 3.204793996003251211e-01
-1.480579321537738302e-01 1.114613673682848249e-01
-1.201470102212627289e-01 -4.602910594035680703e-02
-1.522719023686097684e-01 1.400409409449038245e-01
-1.332665808395312457e-01 1.364679317820053361e-01
-1.293000158944621614e-01 -4.048869164660577891e-01
-1.229002403485739414e-01 1.463138790283281532e-01
-1.239203271100399739e-01 -3.419814945673051998e-01
-1.400240718563998676e-01 -4.365141858432157740e-01
-1.250881050717156384e-01 2.338470495822283501e-01
-1.079673230122469851e-01 2.619024993381274813e-01
-1.457261934095412936e-01 1.726859398995409522e-01
-1.314845768614354427e-01 -4.746543386066477410e-01
-1.370139382999421285e-01 -1.959063841906157899e-01
-1.207708207263680222e-01 -4.012660128301811513e-01
-1.439492473603412037e-01 -4.607199465322215914e-01
-1.476978799430694878e-01 -3.539640659167624381e-01
-1.403445358970341061e-01 2.989372175918997288e-01
-1.249933214496292688e-01 2.804200279216410019e-01
-1.140165040921670148e-01 3.142747346866455738e-01
-1.109223684437550261e-01 6.946150950998630780e-02
-1.330541526469202207e-01 -4.539709671580555161e-01
-1.103599939434507515e-01 -3.639328078304210345e-01
-1.318129013824592688e-01 6.315652353057032986e-02
-1.303701775160214238e-01 -1.939888930789712695e-01
-1.067516346494156165e-01 -3.885500629561705610e-01
-1.272463649569876010e-01 2.115142475098303887e-01
-1.499127479752084824e-01 -4.457368717143437298e-01
-1.215572257272272694e-01 -7.036613032666738654e-02
-1.389857016923700117e-01 3.099168270156269500e-01
-1.153793155415540062e-01 -3.288063422196828567e-01
-1.108739523015028761e-01 -4.018133421693385054e-01
-1.178031273307116322e-01 3.340120841027527376e-01
-1.390731285096584724e-01 -4.527963261746346113e-01
-1.194329816996068105e-01 2.961740093246425509e-01
-1.142520778426254768e-01 2.075999081481154640e-01
-1.053699126113789575e-01 -2.673950920859613500e-01
-1.515456002987173312e-01 -3.233981117059769872e-01
-1.333565805963975448e-01 3.162282927186842452e-01
-1.232369650355529256e-01 -1.058509614506425445e-01
-1.228380634561884177e-01 3.212884228859360647e-01
-1.054600375755420094e-01 -3.156700428678030912e-01
-1.124220835878284586e-01 3.550540909580051085e-01
-1.227628647669040118e-01 -2.051991302263048711e-01
-1.128385186480633795e-01 2.286299615554943099e-02
-1.283867594876181295e-01 1.570674485068621618e-01
-1.111079999024902065e-01 -1.488575401529994569e-01
-1.120106532562306079e-01 -2.422014445806570659e-01
-1.412902692635876756e-01 1.808724683093582142e-01
-1.405733175190349016e-01 2.305498297317588596e-01
-1.128070932016465022e-01 -7.968573598895689614e-03
-1.491003393131312693e-01 2.435387614608037765e-01
-1.242106172540330400e-01 4.912252124857561242e-01
-1.346299293356179039e-01 -3.339166541334664950e-01
-1.283346599839282343e-01 -1.640390126186602737e-01
-1.447036633367516645e-01 2.338707564059627764e-03
-1.349599685021564133e-01 -4.324622627414995701e-01
-1.377009434116710507e-01 1.072059473579356492e-02
-1.226627736702278204e-01 -3.683384478966142961e-01
-1.511106845780727514e-01 -6.147803561721087995e-02
-1.502031268252101981e-01 1.398681697554214898e-01
-1.368831573592419470e-01 3.459652484039044129e-02
-1.406430807879999190e-01 2.272714455391190436e-01
-1.082712105184572282e-01 7.735440156314321580e-02
-1.447668232893889462e-01 -1.810660912890655894e-01
-1.155838405134779201e-01 -1.149523858174378299e-01
-1.505158542485690587e-01 3.223965954441286863e-01
-1.423274291254760238e-01 -2.840827508482370867e-01
-1.239057249776642777e-01 -2.619325696461810571e-01
-1.109752490156643567e-01 3.011752954176528663e-01
-1.533919674965869007e-01 4.421678402592604806e-01
-1.513619972401829550e-01 1.136835299994778392e-01
-1.069943325534181700e-01 1.463556462078154929e-01
-1.201164808768837577e-01 1.144795724047896757e-01
-1.285447932480455746e-01 -2.562385994585425486e-01
-1.405814948204069381e-01 -3.597600712749827734e-01
-1.504630181500558050e-01 4.520138871229354427e-01
-1.113145884524149309e-01 -2.915853297327697380e-01
-1.240276855840515280e-01 -4.958149867360861496e-01
-1.419967978145708631e-01 1.566111212913905426e-01
-1.197699092235084972e-01 2.420000958102908051e-02
-1.087982711915355116e-01 -1.752610958501579219e-01
-1.210238707587473206e-01 4.636475796083643353e-01
-1.188020365674244960e-01 2.713668904753583355e-01
-1.095590580008567461e-01 4.729958193918408771e-01
-1.127991089346040976e-01 2.445133334720529517e-01
-1.196144540326845584e-01 -3.932009290530920076e-01
-1.077946475676679894e-01 3.865659098867523236e-01
-1.244901308519469341e-01 4.241167352680365044e-01
-1.058825700991828933e-01 2.138127868741226401e-01
-1.272526793049968408e-01 -4.486131640311288304e-01
-1.469454698146275273e-01 4.958132340891181489e-01
-1.377134977003636740e-01 3.175588749886247841e-01
-1.413052720171225074e-01 -1.424644055767313455e-01
-1.182415768629522246e-01 -3.690194560326587325e-01
-1.172205516181080709e-01 -3.013445091796697062e-01
-1.394410060784752048e-01 3.902204254916016302e-01
-1.158004396392462443e-01 -2.162291988197284631e-02
-1.200374271914416147e-01 1.021262578288143485e-01
-1.346408914771216603e-01 4.597618330604014147e-01
-1.103879679969789196e-01 -2.875239189684394292e-01
-1.259273001621116217e-01 -3.942337731012598434e-01
-1.192825904714195362e-01 -1.655372922057735119e-01
-1.058492122047541839e-01 2.328361330022266085e-02
-1.146248744857145674e-01 4.233061010147970427e-01
-1.287004059113190380e-01 -1.128725868252155040e-01
-1.087229997062614251e-01 -2.247540417470013097e-01
-1.046661433681462805e-01 -3.963209134692635693e-02
-1.417432218443529512e-01 -2.094135399943560794e-01
-1.274914079694360325e-01 1.256456787272690612e-01
-1.372057290734940427e-01 -2.323967312803103535e-01
-1.159596523394619272e-01 -4.618336822767227234e-01
-1.061850137637340152e-01 -2.402939106614400133e-01
-1.330757406564913037e-01 1.637726893094330061e-01
-1.209101444395620506e-01 -3.011358213864112621e-02
-1.130653569128831082e-01 -3.765612231846314772e-01
-1.188713381853767626e-01 1.754869862093447752e-01
-1.053817416032926113e-01 2.229301619422494607e-01
-1.117126251767508460e-01 4.267670361438917759e-01
-1.330920893327328658e-01 3.744391164826547103e-01
-1.402195807226762625e-01 -4.176737995233603673e-01
-1.249441258897443507e-01 -4.902314836746914928e-01
-1.280253815180124599e-01 -5.689175377050281757e-02
-1.489758134042030724e-01 -4.687653310086542513e-01
-1.293435260803569298e-01 2.927702030272938405e-01
-1.316570645999460831e-01 4.380588633884985317e-01
-1.242600446819283055e-01 -1.982485883780371605e-02
-1.279865566659529330e-01 4.664492751911415436e-01
-1.487271882295513326e-01 2.356355005300357908e-01
-1.511507612445949222e-01 1.405909001990026663e-01
-1.219336518213122167e-01 -1.197424925868201262e-01
-1.516504537148989362e-01 -1.200494967778286126e-01
-1.264284535969655288e-01 1.329514422622667391e-01
-1.139153227268697721e-01 4.875451670856034703e-02
-1.338065008567316250e-01 3.801241633390652908e-01
-1.096734063100275325e-01 -4.513450098366236229e-01
-1.461128205295620930e-01 -3.087849601256328347e-01
-1.286738730956351606e-01 -2.944040694252277879e-01
-1.296462876734383318e-01 1.940183701649413894e-01
-1.183967388692539480e-01 3.769320312568500420e-01
-1.114802869202281554e-01 -3.339250802713290556e-01
-1.371277327281805736e-01 2.365780387933261730e-01
-1.228808075514413733e-01 -4.064436519106937595e-01
-1.113018574930576543e-01 1.991898558290762233e-01
-1.114855775032027596e-01 -3.216176782710978843e-01
-1.431924036426227564e-01 4.762696309149214713e-01
-1.179077088153186459e-01 -1.769726854056148380e-01
-1.359403616935997983e-01 -4.116430515020633729e-01
-1.354746107213761208e-01 -2.667987078771657528e-01
-1.476646729410057146e-01 1.528587733909777535e-01
-1.293657850549583266e-01 6.343780288484135443e-02
-1.332506635819776797e-01 1.747721207783624608e-01
-1.082323620777596584e-01 -5.821862104892649992e-02
-1.287794801886085194e-01 8.674228343540513197e-02
-1.161216276871578357e-01 4.904173570451583197e-01
-1.386860722787555122e-01 4.947712536289899932e-01
-1.286361169666535575e-01 1.651614828371206212e-02
-1.269475646689643966e-01 -6.781613767048932928e-02
-1.256723143542189947e-01 -1.147103807644600515e-03
-1.465727428158202228e-01 4.754948892129534643e-01
-1.373049281014868672e-01 2.515591010558989593e-01
-1.064224255574073297e-01 3.516127818803622684e-01
-1.072661020641377805e-01 -4.463837380647310837e-01
-1.103380162805854825e-01 -3.551834893639500557e-01
-1.060166090866144772e-01 -1.159708806441365203e-01
