-2.611935860243552732e-03 4.985264419405927017e-01
-1.318569359263499496e-02 4.672034652099472662e-01
1.402022689910281672e-01 1.035919686046163912e-01
-1.224234373873892556e-01 4.886302808381961515e-01
-3.922577851078739020e-01 4.744551672336183579e-01
1.710150794187567103e-01 -3.953521432420513682e-01
1.732918252931830994e-01 2.791774292641041599e-01
5.366294266761983955e-02 4.950902074388658924e-01
3.719864860487340774e-01 4.644282257560455873e-01
1.835782875354194932e-01 4.540090908161075189e-01
2.181285261722875068e-01 4.650927392320057807e-01
1.546361442644125228e-01 1.698005185950812734e-02
1.679666213765613758e-01 3.110237005372201713e-01
-6.224018299440969848e-03 4.709478994234658211e-01
-2.637594371312920183e-01 4.811513349170544185e-01
1.468625801107855677e-01 4.382525387582456577e-01
1.425118109492194973e-01 3.368274486681847035e-01
1.081352304136040665e-02 4.698912126793746147e-01
1.472527209834069151e-01 -4.854983205501200993e-01
-4.840205884260717628e-01 4.926586835843670409e-01
1.516017025382901950e-01 -2.903811125230643109e-01
2.483442690038235590e-01 4.836397221132809898e-01
1.366287404152397578e-01 1.463556040944309355e-01
1.875220820869963889e-01 3.874859222897563127e-01
4.611050472145582502e-01 4.649469458808973554e-01
-3.180566758136834649e-01 4.971704959639369203e-01
1.558797187138509788e-01 -3.801046302559196732e-02
1.924527917728809934e-01 2.391317715713545677e-01
1.839494487962892721e-01 -5.930108093450814355e-02
1.638303426655499662e-01 1.877310259441630214e-01
-1.504824265965483132e-01 4.974526517464669118e-01
1.527399040420879262e-01 -2.145335511256025729e-01
1.645946784469101143e-01 2.211791751987941534e-01
1.548137670844730307e-01 -3.512040034319630077e-02
1.674684552449529074e-01 -2.519908123530523181e-01
2.379929505315425686e-01 4.855195776771609184e-01
1.538636520670104701e-01 3.872589523243495924e-01
1.528945847020102278e-01 -4.798896360899266300e-01
1.365308957741521168e-01 3.872307476366098067e-01
3.723326988163155882e-02 4.625934672818082793e-01
4.973889300546516790e-01 4.904975401310386340e-01
1.877106338529082041e-01 1.046569256245901691e-01
1.711532780654883013e-01 -4.617916471783636290e-01
3.241912547393596133e-01 4.921623678290786286e-01
1.858740496569361023e-01 2.109299963018504975e-01
-1.725855049347044812e-01 4.662783004635834283e-01
3.586918923681092775e-01 4.805674479783054176e-01
-1.064517402209979036e-01 4.810695130470878933e-01
-2.668998111055917999e-01 4.568330833583991168e-01
1.366096581449093295e-01 2.960931204017613894e-02
1.722700013501997640e-01 2.411789922951323994e-02
1.785943188305767482e-01 -1.146414057170782597e-01
-4.114192383469189584e-01 4.802538594537444361e-01
4.547537040232096928e-01 4.836300436347733545e-01
1.614059303534135514e-01 -3.328440021769459856e-01
-3.407788426873389342e-01 4.764996971542891924e-01
-3.902667280292537733e-01 4.721569581813827021e-01
1.459140449666564976e-01 9.129123435753405680e-02
1.903359312868593278e-01 -4.889669235509235268e-01
1.467840261307193916e-01 -4.442255714086034146e-01
4.773472748504976604e-01 4.803292228043331002e-01
1.917193637620561164e-01 4.936307136242208404e-01
1.801014771538618220e-01 -2.619324577047110747e-01
1.752395613456854129e-01 4.439412858790446892e-01
-1.336484507055135662e-01 4.930706568270236678e-01
1.476673563912012099e-01 -3.451378499915571663e-01
1.879386040923550771e-01 -4.000790828918524555e-01
1.585585174028472100e-01 -3.969847008244004050e-01
1.603691911768568845e-01 -2.247364899234455260e-01
1.883013650640469328e-01 2.879908514145094189e-01
1.460157765911868077e-01 -4.973227110907828541e-01
1.659608502148478548e-01 -3.924956065560090135e-01
1.467201600726696364e-01 -2.457896314586898168e-01
1.877311044281119168e-01 3.642282016243120202e-01
1.385263813826215218e-01 1.026028114259526225e-01
-4.446677707020822989e-01 4.662475494609142901e-01
1.593026471830421009e-01 3.929432628153758378e-01
1.521368003971073080e-01 -9.196574630687814889e-02
1.814485906067021537e-01 3.914529892898243046e-01
1.738120478368033739e-01 -6.893773564479144245e-02
1.933518693389095766e-01 3.971419496714997388e-01
1.620890726809662841e-01 3.400554425011037551e-01
1.484720192599404687e-01 -2.290068882432129138e-01
-1.473442908807883756e-01 4.776001267363741976e-01
1.549318496263326628e-01 1.380549876050719549e-01
-1.290032289129489085e-01 4.894204284193081067e-01
1.860354864307945943e-01 1.746431333547406872e-01
-2.727546631076120942e-01 4.959892085835869713e-01
-3.224919824671466095e-01 4.758586297758959915e-01
1.879465704630223222e-01 -2.437349803154880146e-01
1.915986505922350203e-01 4.827738886888214287e-01
1.934206258040503945e-01 2.189212039758604567e-01
-3.979098341099863712e-01 4.653763127963236323e-01
1.373669505545355163e-01 4.777394862543511422e-01
5.551139494735002344e-02 4.905393965051072502e-01
1.831579680720470948e-01 -2.132916682542433939e-01
1.867053664933757684e-01 -4.407230890305524618e-02
1.735106425803261132e-01 -4.400955162361118722e-01
1.719433531259223491e-01 2.780007194596920694e-01
3.130672039731741130e-01 4.906550100023153727e-01
1.787961619191593687e-01 2.313816837165949547e-02
1.908484511039298948e-01 -3.624763796858820886e-01
1.534631044654355403e-01 4.660830076016166945e-01
1.952487075115888482e-01 4.851571101880045589e-01
1.464134892742031679e-01 3.399312915443033489e-01
1.502793017673195175e-01 -2.243612946371330574e-01
1.572085259049084138e-01 -3.570763615731776808e-01
1.352810053682731439e-01 4.757560577793581436e-01
4.360821664457148472e-01 4.726686715000411043e-01
1.739346177470773025e-01 4.800846363871632549e-01
1.691260076584887306e-01 2.545386768964537083e-01
1.482607939312691192e-01 2.219048868426307664e-01
1.828989388803704541e-01 1.679755237734233964e-01
1.746403558653102372e-01 -4.509885490740916936e-02
1.850935348980418116e-01 -2.617769973629816560e-01
4.242292192681629270e-01 4.589360460345125459e-01
-3.780121179281697996e-01 4.638976372889572763e-01
1.899878351338645244e-01 2.281147113158193962e-01
-3.012394150740679288e-01 4.759807805552839222e-01
5.324659568217726680e-02 4.590942568517923927e-01
3.683988974605117983e-01 4.746557513838054465e-01
1.512689396733013503e-01 -1.057082486048088743e-01
1.617984431407785140e-01 4.267939875479017653e-01
4.370934856587986861e-01 4.570035395263385425e-01
1.663899451227336401e-01 -2.615947568958408853e-01
3.583741582062091036e-01 4.571562833080053956e-01
1.754293665206897446e-01 2.125708882468435590e-01
-2.138755363836238876e-01 4.943330540013204377e-01
-4.476021319725879133e-01 4.660944806223233927e-01
1.707308843847299418e-01 2.089421923183859553e-01
4.227952954552692821e-01 4.859707840811233748e-01
1.905462819976899702e-01 -3.090291830406206586e-01
-2.788268020409627734e-01 4.988665676800562165e-01
-1.301717626142716577e-01 4.779055128265260466e-01
-1.700825395042560029e-01 4.708915353132246961e-01
-3.074547449199301896e-01 4.921329183136412544e-01
2.166639255468869596e-01 4.746673587860184007e-01
1.686708164067791671e-01 -3.205593963538655444e-01
-1.644394681003935599e-02 4.777037217605849539e-01
1.653446655134614973e-01 2.574752205592986121e-01
1.583594973352473456e-01 -4.311927085300418794e-01
1.622623165838952275e-01 3.664840697149228665e-01
1.375904330822738109e-01 -1.202985914505760867e-02
-1.751352152089691305e-02 4.827214990694764785e-01
1.776720609822882713e-01 -5.395846255906244782e-02
1.578734826299826866e-01 -1.799353785577295639e-02
4.563599187038367422e-01 4.609869809831382836e-01
-3.189157313474282329e-01 4.880818727026605686e-01
1.811855292293783615e-01 -4.462898637003934743e-01
-3.538296435601534506e-01 4.591625934462962855e-01
1.430411741978716567e-01 -2.718683978114652122e-01
-2.646620172188051123e-01 4.730967791308181569e-01
-3.706627136903994924e-02 4.664521603085863832e-01
1.469266861272605640e-01 -2.873499441132250087e-01
2.519843489244814050e-01 4.751641364351792962e-01
-2.362156899003531318e-01 4.982069437371761111e-01
1.686010464323893787e-01 -5.645288310140417209e-02
1.512663843343511338e-01 1.509649096214474850e-01
-2.460661014231462218e-01 4.735844156443984598e-01
1.435843442032739281e-01 4.901260505628068920e-02
-3.083452218668286671e-01 4.946564115199370004e-01
-4.570483410377224054e-02 4.813831612639413171e-01
1.938938213296979018e-01 3.872837218106714996e-01
1.907215229445061722e-01 -1.117395010069324179e-01
1.394379470422465461e-01 -2.745881627775803580e-01
-3.359189721767370518e-01 4.801498245149580235e-01
1.682375183866442470e-01 2.600772463619307473e-01
3.964166315714731104e-01 4.789628865945384506e-01
2.590457441974541863e-01 4.933231645873783489e-01
1.760596676319430287e-01 2.849907913070294230e-01
1.819718119190876227e-01 -3.773573513360948262e-01
4.652947895667827183e-01 4.844987196049934663e-01
-4.637834224565409169e-01 4.779349099630666453e-01
1.629014302079555554e-01 3.052048265986561093e-01
1.876338035751996536e-01 -4.317067915346052276e-01
-1.897741567260349260e-01 4.837778041011095986e-01
2.449835818039256541e-01 4.771099960823504960e-01
1.741648724180151486e-01 -9.570476324118870615e-02
1.840495547515621499e-01 1.921122286545862146e-01
2.764452208338551431e-01 4.780450157505820030e-01
1.810743628664734928e-01 3.822748838280755068e-01
1.684382212862880479e-01 -7.806064151549008123e-02
1.556005139104972290e-01 1.114266696773583698e-01
1.378434510020180026e-01 -3.996893406157189244e-01
1.400204107863178837e-01 3.412167263545538010e-01
1.412914714304053243e-01 -8.235549418130427846e-02
2.016546017248909139e-01 4.686214127499763737e-01
1.586947255637628507e-01 -1.590290982533151265e-01
1.832807389769882667e-01 -2.787650832804694501e-01
1.494110415406242343e-01 4.528419673895944797e-03
1.422709460069482290e-01 -3.689859206319429097e-01
1.560401379810876232e-01 -2.921092341415184590e-01
1.474204754510338722e-01 -4.857574563622519825e-01
1.691828089908932187e-01 -3.384955811610610432e-01
3.316149655426423593e-01 4.912002296203181739e-01
2.827543751233937419e-01 4.616110767007961524e-01
4.706728774629888035e-01 4.939015218811856345e-01
1.482732232427363961e-01 -2.190123837505195681e-01
1.620688689254677906e-01 -6.933257751841614969e-03
1.510952827262211917e-01 3.590996791367779828e-01
-3.497104634017365044e-01 4.670069351681490621e-01
1.795207024268442586e-01 -6.812651747174813810e-02
1.477699520699204960e-01 -2.695296135659104309e-01
1.966018692412833113e-01 4.936925343951845679e-01
1.783708294704245967e-01 -4.117094673867380816e-01
1.878683525654594177e-01 -6.747911859089172903e-02
1.786013636461143417e-01 -1.037023558091897391e-01
1.775672326633666032e-01 -2.916488439965505552e-01
1.812735143708488206e-01 3.996561183851454757e-02
4.615151318253134516e-01 4.925892278155226123e-01
-3.766772878642850042e-01 4.777626946726212243e-01
2.890224626834068111e-01 4.862230486838049481e-01
1.202820219498532683e-01 4.994495124651516793e-01
1.556957320714124071e-01 -3.765239058441134379e-01
1.620351303233906748e-01 3.663515191795556625e-01
1.415282218689797311e-01 3.823333907701430556e-01
-4.698922024345423276e-01 4.562597873373662738e-01
1.455651470941202730e-01 2.014980794066083547e-01
1.474003354016232281e-01 -1.517754714653531956e-01
1.864906911755165320e-01 6.805351324781339084e-02
1.908063543000054763e-01 1.471652868925856783e-01
1.588581001140596527e-01 -1.876283520306231134e-01
1.925484440135717401e-01 2.233443405138602067e-02
1.677505045584625210e-01 -2.883940942729132928e-01
1.817351853629143310e-01 -3.194310499812115234e-01
-3.547228385613037105e-01 4.897865800221012922e-01
1.542358346165469962e-01 -3.989951483619480488e-01
1.686637273858617725e-01 5.249994110777123080e-02
1.578781594299744073e-01 -3.403396257344288856e-01
1.907729990218151039e-01 5.751238074097320130e-02
1.536609380474580622e-01 4.649969192816789665e-01
1.397000209217225120e-01 -4.686278960610463784e-01
-1.070384557525437819e-01 4.979334765810446983e-01
4.848865724698457891e-01 4.669608443018298249e-01
1.570953971422938134e-01 -4.559730222938847000e-01
1.547771606938272981e-01 2.131775500765287212e-02
1.557727752847619662e-01 -6.972199050033589529e-02
2.749255357621405160e-01 4.967720093097641731e-01
1.374028484328060351e-01 4.367456960205257088e-01
1.867845319339835886e-01 -3.026380406445466908e-01
1.698764614809079587e-01 3.796559657788530773e-01
1.651194880207731419e-01 3.285389491958929931e-01
1.908271138889476859e-01 -4.937281997782758669e-01
1.120077405786052971e-01 4.759014414778689472e-01
1.384826568890200615e-01 3.776754193514682001e-01
-1.025104454960118483e-01 4.934998837022601670e-01
4.072915544883461969e-01 4.721386367650779459e-01
1.640813288895764943e-01 -2.407130043676699582e-01
-4.792259667969656078e-01 4.578419897016079432e-01
1.761669692507245033e-01 4.895391638224284581e-01
1.561047846605786438e-01 -3.611811382166603135e-01
1.577244342726230597e-01 4.244568062137991094e-01
1.519371085322261949e-01 -3.683938795032222213e-01
1.713186590357927974e-01 -1.207667578465503322e-01
1.448975012407242025e-01 2.839626660170275763e-01
1.477245961456855605e-01 -2.582896894871143934e-01
1.641029152521038537e-01 4.878776841556242694e-01
6.079196665694086565e-02 4.951358815659195889e-01
1.649185366922765184e-01 -3.683603627210190190e-01
-2.048996865348151619e-02 4.916369494399900342e-01
4.727682716329164592e-01 4.647336509442097086e-01
1.704301370329879273e-01 -4.770844005912480146e-01
-3.232792622472533406e-01 4.573960798993652599e-01
1.282769425575265299e-01 4.758750560071454139e-01
1.406490553534792687e-01 -5.892856962106496344e-02
1.527584982299510230e-01 4.553974520738931497e-01
-3.465161234764370102e-01 4.653487295802156698e-01
-4.453687723892955086e-01 4.828936417637812450e-01
1.831536836804018575e-01 2.338667209202878183e-01
1.387681081425208296e-01 5.574834884962287518e-02
1.383783365165499601e-01 2.601603088502424388e-01
-4.978134850742330642e-01 4.949808916114062374e-01
4.619536130561620046e-01 4.984347181405880400e-01
8.134496614810593496e-02 4.756904731140394471e-01
5.475995678022371749e-02 4.945120324957478219e-01
1.537557267636109337e-01 -8.920529333010362993e-02
3.185503035837162766e-01 4.890312152635941656e-01
1.465477199553977261e-01 2.379893536942432331e-01
1.628336163868892017e-01 -3.691563204333395687e-01
4.887314688687262043e-01 4.661257679482807559e-01
-2.584254607241164292e-01 4.658667675667098607e-01
3.584991242796997657e-02 4.992932377213682438e-01
4.825430913847339465e-02 4.671058302348908287e-01
1.383739973047158900e-01 3.384479278536681734e-01
4.957579343490794432e-01 4.938591523010528173e-01
1.609812171676744397e-01 -8.620253607125150097e-02
1.707863908266958886e-01 2.082937230926701355e-01
1.766883001327587133e-01 2.257254327716198272e-01
4.208784866537830238e-01 4.895911177783102142e-01
1.494874560940097075e-01 -3.586954629069742939e-01
1.602452891748150643e-01 -4.572568702961671283e-01
1.906449868339031850e-01 -4.665581584959521688e-01
1.751343887270349065e-01 3.977358185546226998e-01
1.938653854333052262e-01 4.715889589142122640e-01
2.238591742175910504e-01 4.773775034158049824e-01
1.915232679725143994e-01 1.984788885502066780e-01
-2.492691799904639405e-01 4.949511523260173851e-01
1.643720339726187918e-01 -5.007819484064313098e-02
1.575754850330113310e-01 -5.634776081594683461e-02
1.713633787922276275e-01 -1.604171124112607760e-01
1.388057046609361134e-01 4.035138347923912239e-01
-2.219000502169138356e-01 4.862257330472308237e-01
5.466031985147035144e-02 4.777776326476608215e-01
-3.088904723545810027e-01 4.705463888507118719e-01
1.710270049185851349e-01 -2.699386109998734851e-01
1.421213251518305132e-01 -4.642112178742842099e-01
-4.646962292042884357e-01 4.560930279340327242e-01
1.567190502149423681e-01 -2.794800982469275441e-01
1.601244958969427756e-01 -1.218531375850866461e-01
-2.413947607002866480e-01 4.864392109970913092e-01
1.497129641848050641e-01 4.456541685195574143e-01
1.885760179277341519e-01 6.272619135818224834e-03
1.533840291529912081e-01 -1.121785165563098374e-01
1.727238930559663599e-01 -3.372813204205084014e-01
-4.873463185897767280e-01 4.637821476350507677e-01
-2.270584577564785933e-01 4.718429352368619378e-01
1.432870629867486478e-01 -1.081865074271272098e-01
-1.667551317100450792e-01 4.870698448898131971e-01
-1.158063616329965129e-01 4.891040736100645825e-01
1.874522384543301223e-01 -1.442066936414392320e-01
1.753275320442219121e-01 3.790816116465584029e-01
1.914568089490676916e-01 -4.066282003853162186e-01
1.627493228586412988e-01 3.855569659502698920e-01
7.604137989142056853e-03 4.605271126890968514e-01
-1.490393369173023119e-01 4.982697105940884219e-01
-8.743977913436995486e-02 4.681986480147540819e-01
2.249428831647521942e-01 4.827592089856924673e-01
-3.124335379647271704e-01 4.827083659311297570e-01
2.989642790286838325e-01 4.573669429839707368e-01
1.434053539784649889e-01 -1.723778412354060041e-02
-4.124707967261138641e-01 4.903015285481507890e-01
1.887397322892111484e-01 4.988878246081249745e-01
1.789568057842191307e-01 -1.957558688745572040e-01
1.450701517322038336e-01 -3.870684506816601811e-03
-1.812448569507594254e-01 4.947847586860359970e-01
1.381917413646909232e-01 4.582572459324869563e-01
1.895311637656497128e-01 1.887038939196850063e-01
1.715883819852832559e-01 2.378482405223854013e-01
9.546820072511019717e-02 4.853887925859124985e-01
3.994744348409091650e-01 4.795742585005302594e-01
1.693892979040229063e-01 -4.312975087969908028e-01
-3.435596059679715264e-01 4.628314164868470026e-01
1.414740638625660019e-01 -1.872291140264730203e-01
1.556539557519616146e-01 4.102231146138979323e-01
1.050891046824222741e-01 4.787833871790351248e-01
-4.095515874645750953e-01 4.652020033782249264e-01
-2.993889092166454047e-01 4.641465392602933671e-01
1.490329075363691080e-01 3.746811396964662144e-01
-2.865456393672084490e-01 4.694756898123331190e-01
1.693162690345327848e-01 -9.827281105345719858e-02
1.631658298241396299e-01 -4.177400075779013067e-01
-1.225707828311283221e-01 4.606933973999269849e-01
1.446114204920658786e-01 1.537076423944691017e-01
1.935537380062166690e-01 2.554474765138471382e-01
4.734820986585925873e-01 4.773098558259357693e-01
1.563370668030968913e-01 3.185171555579858760e-01
1.889963538299502810e-01 1.722444843720360996e-01
4.376961026700165736e-01 4.566385982927111398e-01
1.390914786738884912e-01 -3.695383371362910285e-01
1.550073642799520979e-01 4.285231377203229108e-01
-2.339053853989514486e-01 4.768015690636467907e-01
-3.064363459519275912e-01 4.651818566177386982e-01
1.875113413633343606e-01 4.398400333173608789e-01
1.848232550302066901e-01 1.521236092174638177e-02
2.158551943815618657e-01 4.738129736036736928e-01
-6.203931164542209054e-02 4.651427457463426229e-01
1.848602203169684710e-01 -2.513828587743847098e-01
1.098379149091237572e-01 4.787209291568282898e-01
-2.046176261547769659e-01 4.815166136618309611e-01
-8.273130921798710347e-05 4.979677180935225822e-01
1.403809138196825401e-01 4.595301804871958495e-01
1.925487548261261006e-01 3.389243983053490394e-01
1.573084718548404259e-01 3.849488583195205260e-01
3.405625617126994964e-02 4.720687664830969243e-01
-1.243695586699651301e-01 4.996741709188653457e-01
1.750906826402308658e-01 7.750062521281853023e-03
-4.199111869708893607e-02 4.868661496569256508e-01
1.744325084087732236e-01 -3.748267003576541967e-01
1.939977362065279376e-01 4.383222302492850719e-01
1.586922645256654274e-01 -1.060770272549189652e-01
1.702120836025391437e-01 4.317774593988871201e-01
3.430145917147940926e-01 4.728788136444989076e-01
-7.434422357629810740e-03 4.690592725828149900e-01
-2.448259134001502524e-01 4.803377342277238560e-01
1.875403116451805907e-01 3.162291621350228343e-01
1.427488563348560113e-01 -1.361386521780213466e-01
1.535256882929335598e-01 3.109013460326452982e-01
1.391485268450198820e-01 2.221534977723751414e-01
1.483471228518089546e-01 -2.041840940651700187e-01
1.761819299521504290e-01 -2.966788266823499054e-01
-2.966570981390158623e-01 4.946049324393022584e-01
-4.520380753315911271e-01 4.623660569698020417e-01
1.692220813878057006e-01 3.805403449835910168e-01
2.057220027183808142e-01 4.750457054462601247e-01
-3.654580142414931565e-03 4.816750105768294876e-01
1.697933597264640326e-01 2.129539089411157660e-01
-1.233127243010352370e-01 4.839193553541641935e-01
1.384811012774448402e-01 4.236658820229413092e-01
-4.359818075427093209e-01 4.795822682499876199e-01
-2.438835942153784186e-01 4.832690168876013770e-01
-3.140456313216051232e-01 4.680001327090880237e-01
3.782299963539496046e-01 4.858474795597569340e-01
1.802570857372837176e-01 4.340779615277917669e-01
1.613902939908192780e-01 6.536929183742390403e-02
1.580750149783896052e-01 -6.466083480342832424e-02
1.516408367163329940e-01 4.140707154996913220e-01
1.943448608095575958e-01 -4.844168075821778663e-01
-1.151490872238948304e-01 4.890359538082851287e-01
1.613644911437220886e-01 -2.156280294263078767e-01
-4.550968559854359219e-01 4.723085634253803011e-01
1.827805325845737183e-01 3.610008268824826949e-01
1.502358835743541343e-01 1.411039601792455356e-01
1.521812446797700114e-01 2.166700832258818821e-01
1.647749348750907616e-01 -2.293417288430155132e-02
-4.405275248864185533e-01 4.832903849050047551e-01
1.301279377978808993e-01 4.793793523184546324e-01
1.637547711306108766e-01 -1.974809011727255426e-01
-1.870859665786955839e-01 4.839284155985711378e-01
-2.353094579322877467e-01 4.725624702496425966e-01
1.390306146571761436e-01 -8.999118055652177706e-02
2.595871984939921440e-01 4.794409003081745446e-01
1.708044616334452037e-01 4.748556886026547019e-01
2.686111855177732988e-01 4.679793081800969201e-01
1.431364146717524211e-01 2.543045303625600662e-01
-4.314958625350624466e-01 4.671676179999830758e-01
-3.914624734399206885e-01 4.985224895300341963e-01
1.681690956445177632e-01 1.382154612960134754e-01
1.873495695432523256e-01 -2.404269894152654130e-01
1.598252491621353633e-01 -2.459874151295241562e-01
1.729351060817955199e-01 2.980300054749447369e-01
1.875800291636836592e-01 -1.243571818237760862e-01
1.415776897763170172e-01 -2.231701730885053969e-01
-1.534288407421103839e-01 4.728388848450211235e-01
3.725571049061182638e-02 4.889232758709495252e-01
1.618371332147713337e-01 3.370717956606034127e-01
-4.343198123550024992e-01 4.799956392298164731e-01
1.609946183153488919e-01 2.469287857291699861e-01
1.700260202943928434e-01 6.585932963750573688e-02
1.596657017469688133e-01 -1.409743939583599781e-01
3.654540927455105503e-01 4.879019272032230070e-01
1.443115505744828608e-01 -2.872106573914372518e-01
1.535590107885647093e-01 -3.819361644521735988e-01
-3.737978533374689549e-01 4.865197406021012361e-01
4.479280965343787058e-01 4.927139752709105425e-01
1.787530808995464460e-01 -2.169043620331163602e-01
1.364738494778924283e-01 2.380502079515662839e-01
1.692333678366346739e-01 -1.691596441734848355e-01
1.823095564484480402e-01 -1.205909158990173813e-01
1.374230790895311083e-01 3.170589175506721702e-01
-2.236040526315600241e-01 4.677869011504265373e-01
1.643982012436885354e-01 -1.816168243738084387e-01
-2.374367597263984386e-01 4.749754304245057401e-01
4.599273406495629768e-02 4.721464068628933308e-01
1.383747424298393813e-01 -3.981383529243062158e-01
1.390419833044894693e-01 -1.245489289509974506e-01
4.091389002772464201e-01 4.599792570930268942e-01
1.661691941711793685e-01 -3.299878451997673157e-02
1.671827174359283852e-01 4.756668384413340611e-01
-3.991549022511153844e-01 4.584626375210456573e-01
1.719995184554311551e-01 -3.959022400977488809e-01
1.512158668278243967e-01 -3.723150694699297603e-01
1.908739741223471897e-01 -1.142868833601747847e-01
1.662756413842724212e-01 3.851841709820547077e-01
-3.258905533666972554e-01 4.588256380651135613e-01
1.556020781051745683e-01 -4.175038215047731649e-01
1.499457578621192777e-01 1.645875013271631548e-01
-3.983640103363862428e-01 4.893509555377768550e-01
1.388410367591165206e-01 6.440257455318287860e-03
1.541080482795375017e-01 3.733800838167099512e-01
1.481842794355294757e-01 2.188763573882998026e-01
1.921059463435129677e-01 2.338590077426184743e-01
-4.526457452186302133e-01 4.728022299285220553e-01
1.481998648618481074e-01 2.431865830314033916e-01
-1.742586241118375678e-01 4.988736477213309151e-01
1.762309166348478007e-01 4.631008012579711508e-01
1.515324317031563339e-01 1.915392608807049424e-01
2.296224450946626749e-02 4.836117899517353713e-01
1.787585389536061609e-01 3.861382164060583877e-01
3.572560865259043483e-01 4.977802425910934359e-01
1.535095915202203676e-01 -4.249040681579604462e-01
1.852497017846290728e-01 3.200042288607063412e-02
1.460656228758620001e-01 -3.503227101601555926e-01
9.701877983811857398e-02 4.782144988104937156e-01
1.798684764999608499e-01 2.993967836625266443e-01
1.710648306560823562e-01 -1.045065563807467957e-02
2.070641043371598267e-01 4.667125032904749782e-01
