2.062534304413264907e-01 3.015459974018807054e-01
1.902770723882624138e-01 4.196218377349182349e-01
1.860365043667060458e-01 -7.846156564614870099e-02
1.783947388405486834e-01 6.524394964113255924e-02
1.632598744267476087e-01 -3.116881967714960622e-01
1.652840724526690730e-01 9.946405432733096408e-02
1.977990555937418904e-01 4.393240351173151037e-01
2.014783327370741617e-01 -4.605066547212854910e-01
2.188203823827162831e-01 -4.540423589927854442e-01
1.895010633227889318e-01 -3.594294294188571381e-02
1.589530127437760454e-01 3.494642796967173393e-01
2.086993060708555170e-01 2.745812641875740034e-01
2.123189931866064084e-01 3.759083115008921006e-02
2.177100136123082397e-01 2.926521042396682537e-01
1.954321744354517998e-01 -1.068127504564586605e-01
1.666278041291346934e-01 1.435143810231525041e-01
1.790213863142667838e-01 -4.652818532005656982e-01
1.947170396913308066e-01 -1.369668918058892793e-01
2.192731155904462659e-01 2.077914817165616990e-01
2.205489907566385854e-01 -4.445005229903344901e-01
1.601322054591989286e-01 -3.977848734994705593e-01
1.645344288544641209e-01 4.906317183276479588e-01
1.725663994742111518e-01 -1.077197820239645942e-01
2.000769383445760718e-01 1.854100464511370117e-01
1.714558766661865574e-01 -1.141007700203461317e-01
1.596234969638602452e-01 -3.577099299170493074e-01
1.742426966438844760e-01 1.896167439055529425e-02
2.137405532296952071e-01 2.328412335740033257e-01
1.747646616989102508e-01 4.061917827576722040e-01
1.763794531164015744e-01 -1.051285806686513835e-01
2.184601702249653332e-01 -1.558785688738434372e-01
1.616920845720513089e-01 -4.821491400956650075e-01
1.990660671203666743e-01 2.625832725933554546e-01
1.686092130875795903e-01 -2.329989128790725950e-01
2.064488648896137812e-01 2.194573596312499042e-02
1.633621331314647485e-01 -3.926455371391890381e-01
1.827429920522761764e-01 -7.374702910306296655e-02
2.160602422118799160e-01 3.838935037082721324e-01
2.190233785381470177e-01 -3.891350270540978595e-01
1.754856465076739536e-01 -3.995365527516334669e-01
1.789497085277288457e-01 -8.180347076693361696e-02
1.613600278669982124e-01 -4.944387243626099382e-01
1.860046513072536323e-01 -2.298606164873698843e-01
1.655399828647833305e-01 -4.123299302882231787e-01
1.819233936808379859e-01 -9.680524063649609268e-02
1.909871573935867373e-01 7.156798550160270445e-03
1.764049087843918562e-01 2.226672372164157920e-01
1.722241070344997516e-01 5.363915846345457261e-02
2.061941762810838297e-01 1.305312134908488408e-01
1.795057413244521838e-01 5.411561026993161327e-02
1.919475890629099846e-01 -1.164772886864092749e-01
1.853844068651316901e-01 -3.984817099507037552e-01
2.029983832994946003e-01 -3.255873573005263477e-01
1.672329015276557973e-01 1.025949957129769219e-01
2.190867005052025140e-01 4.604999059624951263e-01
1.785689935611592949e-01 4.533787594036856605e-01
2.110421001873735714e-01 3.831760623546023314e-01
1.612586067189660799e-01 4.604227904109130520e-01
2.179596595882739019e-01 2.468576347247798397e-01
2.148608071027858779e-01 -9.687945657579477565e-02
1.673781871927036979e-01 3.430983641744953516e-01
1.934390747669231247e-01 1.596030607097798093e-02
1.804764473737801023e-01 1.225765807703824706e-01
1.648783692846194082e-01 -4.870040777741477811e-01
1.590631873389005690e-01 6.445878948065653091e-02
1.663869835858127200e-01 3.014713847231466071e-01
1.662751795772726693e-01 -2.433068649708857167e-01
1.787632335168322095e-01 4.956932209982476412e-01
1.672512546509351550e-01 -2.980182106826135824e-01
1.732352416256491834e-01 -1.735876696544138564e-01
2.096885364473874969e-01 -5.406236762404947882e-02
1.846069239806321649e-01 4.558421223516617715e-02
1.942213068761902139e-01 2.512915360463852110e-02
1.611235529357951668e-01 2.428419034521646092e-01
1.573571905673317728e-01 4.095843778858070383e-01
1.943684016842293083e-01 -3.382190877595125933e-02
2.143403494463123060e-01 4.228290310455795620e-01
1.618256002898180723e-01 3.862334567484410064e-01
1.740110438942047422e-01 -4.037620780454517222e-01
1.687315806810604224e-01 -1.236847746376618096e-01
1.699328665645909453e-01 -4.435635022501304148e-01
1.876474217181836046e-01 4.352406005642310838e-01
2.077203726879929269e-01 1.802444518617947189e-01
1.962671989553759211e-01 4.124845724750971776e-01
1.913889362522427362e-01 -1.630539480083657011e-01
2.047507064926722409e-01 4.810495861090985370e-01
1.602322728696374821e-01 4.484870173268437066e-01
2.166160842478332960e-01 2.294538942859276620e-01
1.895899682714429213e-01 4.830593408989565241e-01
1.719489034465319088e-01 -3.530078619019916264e-02
1.575600571734213640e-01 1.523074567788502698e-01
1.767876450665730736e-01 3.269945907976734567e-02
1.577592459581070861e-01 -2.699755560803595023e-01
1.581626950044970892e-01 2.173139838330053752e-01
1.622360983385534583e-01 2.286648813160464533e-01
1.713905164634342837e-01 -4.177186385201738794e-01
1.658098525622248021e-01 3.568393434229136796e-01
1.823578950893273154e-01 -2.940648072972138483e-01
1.743313701328997878e-01 -1.043753631977162311e-01
1.926929912890587016e-01 9.962294590626363799e-04
1.884116096596369916e-01 2.804667110288490139e-01
1.753225872523969109e-01 -2.126634734589991638e-01
1.877500400821441318e-01 2.587813713893782896e-01
1.587106576377120826e-01 4.144820798193116218e-04
1.670465479748974857e-01 3.228248644055560224e-01
1.695131884170578696e-01 -2.138253861865813121e-02
1.661116975858584199e-01 3.982570174656574480e-01
1.730939681518444129e-01 -2.157336696606627635e-01
1.638877771992610644e-01 -3.848580799065728364e-01
1.863233193946164379e-01 -3.194069840014260864e-01
1.569163163577561582e-01 -4.800477469996677904e-02
1.864940598883189082e-01 2.742307295481404283e-01
1.869075559283726040e-01 2.402152769623068229e-01
2.158572256040971471e-01 4.128279253860707154e-01
2.091048160696458158e-01 -3.531312224725924320e-02
2.071001048056021476e-01 -1.232200235867265681e-01
2.008675997778996969e-01 -4.941857873413663116e-01
2.032016646002798854e-01 -3.401099286358256757e-01
2.029302739912425269e-01 -3.781957234739254936e-01
1.886010253178521667e-01 -1.589773452371261442e-01
1.736029380707996284e-01 1.846010796761551331e-01
1.933772363873494937e-01 -1.029925913304816643e-01
2.138383243332969696e-01 -3.429152540865803012e-01
1.946583022560544052e-01 3.141603250265062597e-01
1.776658338932743941e-01 4.948707458438188489e-01
1.663196308537123747e-01 -4.513713965576215958e-02
1.732881324067027107e-01 4.241794399320908404e-02
1.636491972203195644e-01 -4.547245442627551038e-01
1.580354212675815218e-01 -6.227020278131256692e-02
1.811075201107658073e-01 -1.670080745678607093e-01
1.630880148002895602e-01 8.537616967489913833e-02
1.897709919944401413e-01 4.104709833939509389e-01
2.205901722618556215e-01 8.678311954559148056e-03
1.644742518350779115e-01 -3.830744937815505624e-01
1.675177146655728588e-01 1.234874050150319702e-01
2.002427240388001684e-01 -2.413426207786084632e-01
2.121951204327124918e-01 -8.607101485004786667e-02
2.086055689036222516e-01 4.623509254948476865e-01
1.802680992326991527e-01 3.013516927684438684e-01
2.196128332450977272e-01 3.778209677708076475e-01
2.203185326672347788e-01 1.603217240526773057e-01
1.802850383894738506e-01 -1.074644152278846354e-01
1.669421660547358854e-01 2.356831937760128781e-01
1.763184627895407752e-01 3.950349758156647129e-01
1.651961392364250658e-01 2.986755602885414751e-01
1.633850863631354233e-01 1.826541621459260023e-01
2.093690027906345286e-01 1.642297115172974831e-01
2.192132941873722318e-01 3.621968166167687242e-01
1.787738384904171696e-01 -2.654255621618075711e-01
1.928219034665051845e-01 -4.729496421984097365e-01
2.065050926660608743e-01 -1.411047758539434316e-01
1.870275482767970177e-01 -1.682090365806060417e-01
1.736052676955176510e-01 1.890579616717169564e-02
1.683746097979037515e-01 -4.553832265783275268e-02
1.588054292135478995e-01 8.346921250795191760e-02
1.990710088404495925e-01 4.563089759953979918e-01
2.081024924006912302e-01 1.247857743371605377e-01
1.832898873580308674e-01 3.984273700176227395e-01
1.674400462314824534e-01 -1.015427869477991685e-01
1.871236399460596278e-01 3.477235135019095535e-01
1.937261031996047045e-01 4.507208873219539225e-01
2.166476871186344688e-01 -3.634186693132457346e-01
1.640303533598528318e-01 1.179203589646805606e-01
2.082804094049496291e-01 1.062567773577938190e-02
1.995280151631316778e-01 -1.399394799428016478e-01
1.972683019895142831e-01 1.858151166785320108e-01
1.725581718325707170e-01 3.780671938024171563e-01
1.872405988058724047e-01 2.839969808844635679e-01
2.193711815898604645e-01 -2.409266178632818445e-01
1.671088616876068578e-01 3.800380799811121646e-01
1.625112411406191004e-01 -1.191806068764609261e-01
1.651442992134766197e-01 3.973913867936970101e-01
1.722989075030736394e-01 -3.229638930303480038e-03
2.172504344382018004e-01 -3.877024674984145269e-01
1.917353125950206350e-01 1.861404004400862844e-01
1.630350194604819336e-01 -1.501952066990202006e-01
1.804272014764971566e-01 -3.663753324561953573e-01
2.084451719999048658e-01 -2.268491851391191139e-01
1.986368746565021493e-01 -1.103422988263589311e-01
2.146643889550159390e-01 -2.944005487976758539e-01
1.672132789024948218e-01 -4.594707770015734605e-01
1.776492137342977617e-01 2.523264143617367505e-01
1.654129142159393995e-01 -1.498240905826626612e-01
1.927656538742856807e-01 -3.744560463988766408e-01
2.157575783472182041e-01 -2.930008846995604266e-01
1.581087380482792959e-01 2.117982493484894535e-01
1.639047953398983237e-01 -4.079370753688847939e-01
1.614179098504047172e-01 1.645435383226928616e-01
1.941012826832454463e-01 -1.286919112575578561e-01
1.791675382398281169e-01 -3.371545888552563985e-01
2.121424206275311919e-01 1.560139246013483305e-01
1.616526984665295208e-01 -3.729931027974905389e-01
1.734814976708370926e-01 2.357845820201792675e-01
1.931552003232318571e-01 3.120795655420917081e-01
1.817826062017382505e-01 -4.348286726357201148e-01
1.718195717058679239e-01 -3.526364320254014029e-01
1.621644002616321467e-01 -2.040516205269813366e-01
2.140605557427741612e-01 -8.109232009849665079e-02
1.805538996927519291e-01 -3.625380153264111671e-01
1.889566941318002735e-01 1.843701264843675691e-01
1.706602927955229720e-01 4.481120460957167539e-01
1.730211843318055775e-01 -2.358195352149872193e-02
1.984114666132923421e-01 -4.385349304206116461e-01
2.181023069677302528e-01 -3.990617915445973107e-01
2.155947580456943902e-01 4.354035872846823141e-01
2.204283984441269828e-01 -3.208402068179897482e-01
1.724263061088805449e-01 3.181645955481948729e-01
1.949463856623395719e-01 1.715296278785166662e-01
1.795089625315942072e-01 -5.439592318528463366e-02
1.997474286979068481e-01 2.137405986077136610e-01
1.653881800654265488e-01 -2.167394152194629386e-01
1.999722493611237883e-01 1.571808063337359895e-01
1.773597069466799070e-01 2.012121384375492594e-01
1.914962022725337221e-01 -3.646317778508126883e-01
1.853670773968603136e-01 -2.625362132837451012e-01
2.066742940190985367e-01 9.035967524131716111e-02
1.600588512217381298e-01 1.342118285797124777e-01
1.931509038020974289e-01 -2.417060650904194752e-01
1.936259096737974472e-01 -2.440976218927644048e-01
1.946031401353675028e-01 -2.082396421367039840e-01
1.597311504521381487e-01 5.687987216019296799e-02
2.175224111781699499e-01 -4.255871978694183433e-01
1.828248544653434671e-01 -2.736421368172349267e-01
1.954201597353830699e-01 -4.228702930955240413e-01
2.091998967978597745e-01 3.575527454441413955e-01
1.852770331235642498e-01 3.126125568693490786e-01
1.685222527817563654e-01 4.384453216984992574e-01
1.849418025715693359e-01 3.701897267054528040e-01
2.027324930416189996e-01 -3.180979713373883744e-01
1.763756369600715246e-01 2.435809530949178958e-01
1.890794481708841790e-01 -1.591635492944964980e-01
1.758152843848050928e-01 -2.782271222461707438e-01
1.944105395787147916e-01 -1.939426978366826093e-01
1.927431687430444240e-01 -3.846450804981552674e-01
2.174544255499292200e-01 2.417688576846441784e-01
2.132956845982243443e-01 -2.352562985386450478e-01
1.676295076738781864e-01 4.886715559461890512e-01
1.613496401710082795e-01 1.726416521207116972e-01
2.184697433368693043e-01 7.389943456606806738e-02
2.037118634189772903e-01 -4.897969976322447128e-02
1.697616941240771560e-01 -4.835432216967880947e-01
2.168983383657876463e-01 -3.133848768759254222e-01
1.829458809941707509e-01 4.397434478151956982e-01
2.123720264237157762e-01 3.766801879829062560e-02
1.836110097061793844e-01 2.978221524696796907e-01
1.731601388325968438e-01 -2.128932273878308967e-01
1.903532851381121160e-01 3.341434625324102292e-03
1.610731092863908476e-01 4.215664526823432734e-01
1.915035022929825193e-01 2.907451536039173945e-02
1.635678593682275972e-01 1.335127822233160844e-01
1.657883496880104834e-01 2.704960529925151125e-01
2.011533244202776682e-01 1.624165665486895227e-01
1.946865131972943530e-01 9.889981418124771384e-02
1.875846531806526496e-01 -4.644361760002702066e-01
1.740957858070215636e-01 -2.195667819877437088e-01
2.034162569075806948e-01 8.646446137947039201e-02
1.666850696435466794e-01 8.966629253189717375e-02
1.964440527274966541e-01 -2.647546993218473643e-01
1.588296055107272231e-01 3.932591077013563030e-01
1.773672807943655894e-01 -2.270834265431262988e-01
1.898703345572645418e-01 4.889377298991504084e-01
2.142891347613090636e-01 3.819056093744412905e-01
2.152685791447322972e-01 -1.547723001821068589e-01
2.050473506721249839e-01 2.038739007099710232e-02
2.029246747557398312e-01 2.391317050221465346e-01
1.926520694905159425e-01 -3.224998199061519522e-01
1.999924874663751018e-01 -1.910712820409342649e-01
1.938674157507432882e-01 -4.572896807882498305e-02
1.608482295103628168e-01 -3.982712535590688940e-01
1.662004498291077548e-01 1.803056266455405066e-02
1.733619123528670203e-01 -3.580188880900455617e-01
2.193598765775368609e-01 2.230203037925572174e-01
1.741491742066740844e-01 -2.401823983184353528e-01
1.655332877767675681e-01 1.028726025270320088e-01
1.979795221938386307e-01 -1.025224321407776085e-01
1.968359672994112186e-01 -2.072127157642196238e-01
2.133165794692495343e-01 1.452936017263781743e-01
2.175394117423830043e-01 4.369738764764452554e-01
2.079422852644317032e-01 -4.074142516505329104e-01
1.796257852024808477e-01 -6.768396828653511221e-02
1.828625533107495205e-01 4.758708467238728090e-01
2.207149931324468017e-01 -3.922653853078850172e-01
2.134668043341827470e-01 4.051309259635564874e-01
1.712973065995972988e-01 4.894544740633012259e-01
1.570370208129925338e-01 9.280855156870604361e-02
1.608545058971171393e-01 -4.576921709956316420e-01
1.620822202916412103e-01 -2.817044941241610978e-01
2.199671272097988295e-01 3.511922755061740453e-01
1.733886812269377353e-01 -3.955726250217507234e-01
1.742070723834697743e-01 4.672269547371443732e-02
1.940252538742340827e-01 2.638298513591715855e-01
2.139856908230001187e-01 -3.430557653184916900e-01
1.831791132208954176e-01 2.412285990588319828e-01
1.800434487204454204e-01 4.076429820270321969e-01
1.720453616683842446e-01 4.062167335738183782e-01
1.754051219835637276e-01 3.025997181271313785e-01
1.868101479593794467e-01 1.078052220250790283e-01
1.990148082350001735e-01 4.494620907082229611e-01
2.193436361199884166e-01 2.100455740424552742e-01
2.077010110910416651e-01 -3.034753306867732370e-02
1.953786667197870974e-01 -3.056192891292628389e-01
1.970296415290075931e-01 -3.730090674966788367e-01
2.194487639480132701e-01 -4.740431078897217043e-01
2.208416810477048520e-01 -1.028572681488494345e-01
2.208778689911137239e-01 2.939783698117854893e-01
2.185977388529258825e-01 -2.050716050124246070e-02
1.933584488287662939e-01 1.776856292691297856e-01
2.067858923142944505e-01 2.200794868546032124e-01
1.728066171684655705e-01 -3.578484177119378717e-01
2.083534591944641301e-01 5.793180161095345948e-02
1.937185422994781581e-01 -3.315480380036076591e-01
1.750369553749030471e-01 4.391552768176761878e-01
