6.341326768744381948e-02 -2.239859925735321333e-02
6.197799835326389672e-02 3.397049093227322292e-01
6.143247812242980110e-02 -1.898584907034964742e-01
5.234294576676312705e-02 2.668644313342313223e-01
-1.764557921938474383e-01 2.099279406318899088e-02
6.127594917948409048e-02 4.022438595952165796e-01
-1.347883618031305852e-01 2.758762777824808055e-02
-2.216266390958585575e-01 3.979937716935755265e-02
5.678366766647680031e-02 -1.425221083071293027e-01
5.990592289316043484e-02 4.304128580296874285e-01
2.546197782519410424e-01 2.812692177918230119e-02
1.840398075910870679e-01 2.422703001237003217e-02
2.122409607800003206e-01 3.411048960172280431e-02
9.604649455613190057e-02 1.525854162022222127e-02
7.572670375340373461e-02 -5.263104547550434553e-02
6.417656313917263766e-02 -1.926520928705798275e-01
2.296118207297890290e-01 2.285755721805260432e-02
4.093708666440158961e-01 4.332808612466088061e-02
2.442032988835071139e-01 1.599219338264634693e-02
-2.485973457978908341e-01 2.933242923727197304e-02
5.981239645296498875e-02 -1.337344620461980993e-01
7.331949207799715040e-02 -2.104944755037581050e-01
6.328730275008997985e-02 -3.041640301818621106e-01
6.445389070425022737e-02 4.900470723406437079e-01
-1.011633200378885267e-01 2.260551206775374133e-02
1.061629128164062186e-01 1.234306525325790105e-02
1.886237069023410928e-02 3.299066639942738188e-02
8.250591727278766552e-02 4.323702403007179118e-02
-1.683416040097547306e-01 2.772138260783374442e-02
2.272027705143541132e-01 3.059071144021752175e-02
7.546041228460453887e-02 2.407469474328084447e-01
6.374032107657978674e-02 4.423514387321196839e-01
-3.070962469423690333e-01 1.930539327669833494e-02
5.894952283289944805e-02 -4.919109276061062186e-01
-4.492749966973045295e-01 1.484917558445053576e-02
-1.974115550313664258e-01 2.903471538406554586e-02
3.834891632538773854e-01 1.956488253465249461e-02
5.589768073733447640e-02 -9.607837179920486470e-02
5.243329104198823920e-02 3.711794983962835026e-01
7.218241074238029853e-02 3.973792404703109238e-01
8.145707114568434548e-02 2.797877346048565084e-01
6.798370528846531258e-02 -1.808776876570920011e-01
3.206763953793739796e-01 4.291895699837577904e-02
5.210243156502258888e-02 1.512724354875069066e-01
4.159520845896563790e-01 2.706980496267119563e-02
6.703670713250253765e-02 1.542894761541667714e-01
5.222075069396858726e-02 2.009932660083655342e-01
-2.355094695119509529e-01 3.697047517733220712e-02
3.115045515869063752e-01 4.061863016915723268e-02
7.765210841381731122e-02 2.461602529567438191e-01
5.736075901895842932e-02 3.123892466897904008e-02
4.683999675164407517e-02 4.225472141575670193e-02
-1.586848606167035047e-02 2.598499010872057369e-02
5.509087721048755437e-02 1.347880618008511222e-01
-3.953116185953329254e-01 1.996570490816351739e-02
5.198154128432008747e-02 1.190883739771793071e-01
5.132783393676876305e-02 1.341241567925141043e-01
-4.783929798836368263e-01 3.683985352274810054e-02
-2.253730940122914417e-01 4.017965661457401083e-02
6.010168183430319999e-02 3.391129861480268737e-03
6.276147170108414830e-02 -2.810703129237154263e-01
4.774555838019323151e-02 3.925573766546708310e-02
4.878206787882599649e-02 -3.299764817038839393e-01
4.350957218557723882e-01 3.982676265751872169e-02
6.363352850183690013e-02 3.887152680533044746e-01
6.667496719999199684e-02 2.409809365516555335e-01
5.854300060799000338e-02 -1.350170071248166792e-01
7.851369994133805541e-02 -2.933270013011651800e-01
5.447905140564290871e-02 2.695425181800137349e-01
-2.632649120847011526e-01 3.956952199411289950e-02
7.512348329557660964e-02 -3.247215604709846604e-01
-2.717679369506494913e-01 1.629844987811801538e-02
6.408686796685503229e-02 4.008434508287173070e-01
6.036423276823299489e-03 3.452611833046381751e-02
6.595524496545335236e-02 2.141482025339608297e-01
7.412963087553892105e-02 -2.869675483338691713e-01
-1.533872844968123816e-01 2.762949797259783846e-02
9.066748443179739603e-02 2.289336128499053213e-02
4.299431545235707919e-01 2.983121779018338415e-02
-4.886456825829521566e-01 1.307030379427109867e-02
-3.613170727362520207e-01 2.244053925780320480e-02
-4.433809174129463848e-01 3.767957998340965009e-02
6.695543582543939110e-02 -2.616493204533265615e-02
2.819656001920696209e-01 2.499844022388930664e-02
-6.918948872010044493e-02 2.161281628431932500e-02
-4.529551569133692945e-01 2.137661862436601723e-02
7.802083119413860679e-02 -4.835851885970566810e-01
8.215281498600623955e-02 4.569582246937642367e-01
7.426543657024287093e-02 -4.569005627243848400e-01
7.562415699060320851e-02 3.132027349793184978e-01
-4.363154618990284783e-01 2.367245204616685861e-02
3.705705926228892721e-01 2.199070132484348683e-02
7.166258386539459124e-02 2.533363847717441386e-01
-1.690874403567909079e-01 2.743457870621235362e-02
7.202673312608676159e-02 -2.540147520798997638e-01
5.358341268006583391e-02 -3.644361200207245632e-01
-1.609015957295771848e-01 3.651291420094693319e-02
3.458028789631711897e-01 3.568152802650215172e-02
5.599645746502590615e-02 1.016757578281481944e-01
7.402850037229313784e-02 -8.858996453753431588e-02
9.756934251998217178e-02 2.996605462379064999e-02
6.774833675412539336e-02 -2.526608780577850322e-01
4.060926715213418747e-01 3.185645241122325722e-02
-1.909170213476141242e-01 4.218786539480257058e-02
7.132553012280895555e-02 -4.277425811710034997e-01
6.706726162658194212e-02 -1.134238161881838680e-01
-1.299817403513803260e-02 1.416043837729197286e-02
6.971684209396067367e-02 4.521790700543723007e-01
2.956663536431124450e-01 3.080339814048527192e-02
-6.931804630294979841e-02 3.597682214583752813e-02
7.097108859387157853e-02 3.389243002447273057e-02
-2.428655608558974999e-01 3.198859219674632381e-02
6.041913864116332800e-02 3.294658860150485591e-01
6.906883686070508510e-02 -4.437552017686312578e-01
2.830339886630189872e-01 3.397178016620161500e-02
6.832629666848355487e-02 -1.316452267052570235e-01
3.059613424648057745e-01 4.215028755909755454e-02
7.525350687382614812e-02 -1.508884790015128097e-01
6.039533574287181406e-02 1.602531795060736508e-01
5.864391973137583758e-02 4.336983907398213045e-01
-4.373072296963061989e-01 1.573476711902477287e-02
8.123506345758280123e-02 -2.785376254363451931e-01
7.173077610881295474e-02 4.605185861526676083e-01
7.480263204049564241e-02 -4.572185716021854862e-01
7.996687526430423798e-02 4.410822148587040248e-01
3.822845839034653137e-01 1.461067689457140606e-02
4.375513379647428813e-01 2.895784444452620399e-02
4.572523158082643091e-01 3.490513779562010033e-02
6.779967550601329052e-02 1.901593690433623918e-01
5.559263717018381179e-02 -2.268303481511357855e-01
8.136248739208762348e-02 4.079280557130078311e-01
6.859605827705383962e-02 3.048595425608351395e-01
7.899291846283296170e-02 -3.586335252502604876e-01
2.458338242638864468e-01 1.589836014471079917e-02
6.740586934186332257e-02 4.454603207968715894e-01
6.233055979361923349e-02 -1.733537325176003341e-01
4.838837439642615923e-01 3.172857278316454366e-02
7.134162205877658813e-02 4.744387617197642903e-01
4.273133361284918719e-01 3.862036618151198919e-02
3.739688091433382988e-01 3.787055260475857832e-02
4.839816049080447602e-02 -4.572200911830629488e-01
3.810785459903727190e-01 2.849323974847350893e-02
5.509366651317793018e-02 -2.225372780310898024e-01
5.986517024171456036e-02 -1.378085166905487213e-01
5.577168894657191789e-02 -3.896623515491387524e-01
4.825305309849983182e-01 2.605860097745971160e-02
3.250919368323765823e-01 3.448855881266488232e-02
6.511796408597303465e-02 -4.972389959797712811e-01
-4.869818824360282461e-01 3.937002547702039834e-02
-1.778491191417347350e-01 2.863654681570282357e-02
7.136276714749034689e-02 -1.193384035869082815e-02
7.744166727465673361e-02 -2.578974384979841883e-01
6.684107276508033380e-02 -1.766725761600729250e-02
5.215189561559763209e-02 -2.959546884960394530e-01
3.306133481995841006e-01 2.788173905977997524e-02
1.492056397821482916e-01 3.808286730623922089e-02
5.065149657367551406e-02 -1.859577833028155380e-01
-4.400665980376967656e-01 1.404793029278317285e-02
6.295665374468062403e-02 -3.301604006361070764e-01
-4.507179019474615300e-01 1.376154180319077991e-02
-4.715870622629519948e-01 2.041585488465336162e-02
-3.053660018969930334e-01 3.755926758205119231e-02
-7.188100347389303479e-02 1.720225244338391413e-02
-3.830494245170985579e-01 2.285814034679700679e-02
-3.552904717067029150e-01 4.166952721035621643e-02
3.372490092457738342e-01 2.858697913732766160e-02
-4.563694741925283793e-02 2.745917488113569505e-02
-1.716368203018822092e-01 2.861294277242065753e-02
3.716040857983181622e-01 3.172502929823717288e-02
6.782614070877068801e-02 4.135229853143085332e-01
2.151384645667054896e-01 3.124941735160402523e-02
7.563165054634068962e-02 -8.734231300020212085e-02
7.205364204651798499e-02 3.675601679992817061e-01
3.165291270778783916e-01 3.301870646456628311e-02
3.049126983108866318e-01 1.584286844797888616e-02
-2.418740630873134068e-01 2.541449220777369788e-02
8.333642808023034032e-02 -1.653921839510107406e-01
-2.936013150826944917e-01 2.755809787418661561e-02
4.957146574047017751e-01 1.297304418091449474e-02
6.309578763071299612e-02 4.771584482926850557e-01
5.020700436492564478e-02 -1.645730867189127977e-01
-1.155415873417233730e-01 2.381209249720717125e-02
6.858982258568024903e-02 -8.063794245408040240e-02
1.328775844918169691e-01 1.874073755578919975e-02
-2.305179727045418847e-01 3.519207503187393726e-02
4.926136205793530953e-01 2.735779880333277791e-02
8.284829924151637659e-02 5.329885334006201347e-02
-3.234821143015149669e-01 2.360794023156043142e-02
6.904165079896673607e-02 -3.522924172941337417e-01
6.187788994627518857e-02 -1.602624920080425452e-01
-4.439222837939694744e-01 2.038258577085971801e-02
5.816132060915157886e-02 2.249569153006764077e-01
-4.830454079280116497e-01 3.991065251861070085e-02
8.887106725921778416e-02 3.434468524560541081e-02
5.527673709173319683e-02 -7.170447742269669966e-02
3.102475142033438438e-01 3.955854833581162744e-02
-3.490178227386984133e-01 1.259720557951304887e-02
6.962678576092928839e-02 2.779322522901991332e-01
7.596446530321321333e-02 -5.545596942569841481e-02
7.904289307030309963e-02 7.793649325522955529e-03
6.466838041988287600e-02 3.103510122433099649e-01
-4.198036037678994914e-01 1.445116453393968659e-02
-1.287219245651884947e-01 4.160947449465546288e-02
6.413406051017234155e-02 -4.604665005853209037e-01
1.538344273558001074e-02 3.842465248521265142e-02
7.415209532140054627e-02 -6.443849192095485456e-02
7.471532272106928829e-02 -4.369811724674265152e-01
6.428630861080086856e-02 -1.115833893304312152e-01
7.182258018837228697e-02 -1.976378791500330578e-01
-4.653188055050540006e-01 3.463120941755737370e-02
2.692199742484890912e-01 3.725289541733656229e-02
-3.963139738259244815e-01 3.194337363273291874e-02
5.266920799476515480e-02 -2.431246666468642736e-01
1.894898970181748687e-01 3.996811334025551776e-02
6.519765085952156092e-02 4.980541024572273656e-01
8.319561079266291070e-02 2.427952326525265603e-01
5.423931314400520787e-02 4.905576865457753621e-01
7.969790150474742596e-02 -1.093661588541491314e-01
1.083759226626914707e-01 3.924899190517605607e-02
7.331916325940002199e-02 3.944529240104769352e-01
-4.039803113673159363e-01 2.664259597738638519e-02
4.928874670231386812e-02 -2.284807242290431972e-01
5.937281435227714788e-02 1.619605472968933535e-01
4.822370792465968670e-02 -1.971200899292251396e-01
-2.228186546195636275e-01 3.131397295127513747e-02
4.826701133520847620e-01 3.927506807005642919e-02
8.208939913026580548e-02 1.315929108812271542e-01
2.354438909292898563e-01 2.686175931374357173e-02
7.051041172071548235e-02 -4.583942978501106547e-01
3.265241237406562025e-01 2.168889015340702553e-02
4.349135174899187994e-02 1.262211867337392768e-02
8.005382444571462752e-02 2.987853607070326545e-01
7.027311131573898972e-02 9.249413965238506563e-02
2.931289363395919167e-01 2.115262355942659767e-02
4.213922736317227136e-01 2.031592987188923782e-02
-8.960009475192154405e-02 2.817572750971675255e-02
1.584549127881077490e-01 1.678979660972568233e-02
7.229809965018363371e-02 -4.674587065863518021e-01
5.864851266086790194e-02 -7.926071190670258559e-02
4.113155673096284826e-01 3.664995352147770724e-02
-2.509882867605843781e-01 3.563195043986233657e-02
5.969543888708084278e-02 -4.217151360610764677e-01
7.844560645003229027e-02 1.528879072678015483e-01
5.131150169232834291e-02 1.841708609453621692e-01
5.637632707120010522e-02 1.574680165743358451e-02
-2.918458855446370848e-02 2.067908989759004168e-02
4.908256206665906340e-02 -2.203548233032426307e-01
7.946460264430166287e-02 6.242524901469848064e-02
4.803311404268650886e-02 -3.080358618742154997e-01
6.213605656155474222e-02 4.549040760100567793e-01
-1.722505940935052937e-01 1.476402660745446127e-02
6.772810263748418880e-02 -2.153484500622048214e-01
6.979272579341144755e-02 -4.854164748124347728e-01
8.302107309135908775e-02 -1.957528961522468913e-01
4.960174298910846602e-02 4.597707134115502914e-02
7.074707407469638110e-02 4.388038553523240237e-01
5.478882612112401240e-02 -3.172248603176233139e-01
7.319541270485396822e-02 3.733099976098310790e-01
4.961071054117820456e-01 1.895983587895988531e-02
3.706617558040944393e-01 2.845090157224483551e-02
7.507548455088575157e-02 1.877246079322218986e-01
7.717580781443855731e-02 -2.410797233392523164e-01
1.555841890986437992e-01 4.040501765747617213e-02
-2.542288823021758848e-01 1.318212774155325118e-02
6.032931616343317760e-02 -1.372140347548445050e-02
8.202912806364903719e-02 -2.053842720484972961e-01
7.572944156753269596e-02 2.090635218408926077e-01
7.323831850882056571e-02 -4.365247220187407073e-02
7.285586222861595296e-02 1.274495448491462790e-01
5.223678411817767042e-02 4.759310819833294515e-01
8.084936681205356912e-02 1.117560228562456404e-01
8.119292435407943209e-02 1.103344878437469978e-01
7.300848984574170863e-02 -3.719275788991186493e-01
4.027416112526405190e-01 3.943922506905317427e-02
4.161670020188156238e-01 3.686689443811552724e-02
5.810314660180093682e-02 4.704315118446132926e-01
5.249278623762310136e-02 -2.828678429014195306e-01
5.667160716235442042e-02 3.470319508788666241e-01
8.356470521878045510e-02 -5.100709658867796925e-02
-1.603093129131629713e-01 1.756390514590944196e-02
-4.540874435034016887e-01 2.455344939549519712e-02
6.630106145758962732e-02 -4.144811440761453358e-02
6.322938469676808726e-02 -4.947304752296635133e-01
6.084278639758700091e-02 -1.093336070289593343e-01
-3.862922724898636417e-01 3.330029263256950589e-02
-3.828973399779503906e-01 4.021482767024076033e-02
-6.254782526958024835e-02 3.017850903046215283e-02
2.277502920367098227e-01 4.054726940536079738e-02
7.707756534990894970e-02 4.644080944677705380e-01
4.736040511746963944e-01 4.032130632168406947e-02
4.947863248579154050e-02 -2.278644577976052243e-02
6.308813192422835225e-02 -2.550520163604429458e-01
8.208388946812517073e-02 -2.320504445468988264e-01
1.603505281687401807e-01 3.975253041716519942e-02
8.082340817344202399e-02 9.542575251754026322e-02
6.302663200652725006e-02 -3.063552582822890447e-01
4.323164272962531918e-02 3.084811193949521524e-02
-4.360281797180592944e-01 2.696829173839176974e-02
2.176730065287194593e-01 3.243728003973189722e-02
8.246729891955784097e-02 2.995845140366815151e-01
7.968424483555058835e-02 6.124435159580654542e-02
5.985418489588423263e-02 -4.504254199885926457e-02
1.373004681525945569e-01 3.891140780837509805e-02
-3.613571084382916077e-02 3.099288316147430500e-02
6.668010191029560829e-02 -2.466182597100867735e-01
2.490711260435007901e-01 2.665843561159786379e-02
2.764063011253471425e-01 2.385636221663944845e-02
-4.245465811977345849e-01 2.171917957878455319e-02
-3.168027809747357981e-01 1.935154969200980624e-02
1.303109022565166475e-01 2.795552237332254997e-02
-4.975587534435327308e-01 3.582304118234880264e-02
8.014066193708591079e-02 3.264521327320926147e-01
5.694077430349475666e-02 1.531227041247080756e-01
5.440651993457201741e-02 2.473225876465867668e-01
1.421882204256972315e-01 1.285208889670330645e-02
7.124123240727020523e-02 4.387096716866873969e-01
-4.545334974239154668e-01 1.560065630608020726e-02
2.148987426580059035e-01 4.330760222546714555e-02
5.781578136324638795e-02 2.322564183537016991e-01
-2.861959631222438238e-01 2.188085152425411906e-02
2.618869611009739806e-01 2.432051664198864316e-02
3.598952181957945085e-01 2.884132267088013180e-02
-3.604695492734057982e-01 4.266721893946046062e-02
5.392103025064109989e-02 4.564640884222558315e-01
-1.174198980178322582e-01 3.456669040481974431e-02
7.081675591205749409e-02 -3.093562443402597673e-02
5.190302490874620922e-02 2.153593285883919073e-01
6.237153831671260473e-02 3.823895772264732651e-01
5.170638762604462535e-02 1.723171263231112471e-01
6.871006642761345873e-02 -1.175082483378397935e-01
