3.451996019386721626e-01 -3.135857710454313940e-01
1.165796803479102195e-02 -4.057530265818882764e-01
-4.458853570666643229e-02 -2.996024612734040637e-01
1.672074813967824314e-01 -2.324236393618221985e-01
-4.829413973481448963e-01 -2.999699919000314852e-01
4.691488710472223600e-01 -2.675890303809900228e-01
1.428929786703148075e-02 -4.435046783868323850e-01
2.056093017908833254e-02 -3.469474647002785961e-01
1.255958902119236331e-02 -1.312058163628703200e-01
-4.510262028073639407e-01 -2.930733381471570809e-01
2.340053651531825984e-01 -2.951285072159846035e-01
4.126714024230074829e-01 -2.671750576890205009e-01
1.858210869130982879e-02 2.055174135435494653e-01
4.014201275012597714e-01 -2.590920436694129636e-01
-1.849853366146505529e-01 -3.000333971259372401e-01
1.509696881944320168e-01 -3.024285043877035228e-01
3.259641505355515001e-03 4.501965250105726124e-01
-4.726212544080695688e-01 -2.554155611974611162e-01
1.037315022435404410e-01 -2.497804235997699296e-01
1.040371376694904093e-02 -7.107183079144396842e-02
1.366959233402575968e-03 2.501188428604178560e-01
3.627243680684202332e-01 -2.520805227653932779e-01
-2.663571353895177740e-02 -3.095922178930576862e-01
-6.007016094827399844e-02 -2.470727620428981863e-01
-3.848733604332265079e-01 -2.531485722117036152e-01
3.629954622631750283e-01 -2.324549438916477806e-01
3.988874436743605756e-02 -2.565098738750379859e-01
2.035541080399305702e-02 2.221533975812571837e-01
1.505000155508876558e-01 -3.165302407264122264e-01
-2.053565852148305781e-01 -2.458158182683655157e-01
3.863874447566121306e-01 -2.829333108958039800e-01
-2.878358853696181274e-01 -2.386523326157370395e-01
-4.000967701162738699e-01 -2.524807099063354210e-01
3.062813372521899780e-03 3.407459824695582284e-01
2.903843358435787003e-01 -2.363436323381730153e-01
1.490300372380674032e-01 -2.661987700094653464e-01
3.206328018701054550e-02 -2.671319969840830755e-01
-6.514390077113174637e-02 -3.168867800787074085e-01
2.244419685051457503e-02 3.778009415820812178e-01
-2.267969507031879495e-01 -2.301970663205432643e-01
-3.517018117994276105e-01 -2.617694372631889088e-01
-2.500104156576149483e-01 -2.396770878724570064e-01
9.085879296657495274e-04 -3.881644489704361156e-02
-2.559435415792620239e-01 -2.873184362896711308e-01
2.919163373418909302e-03 3.243033851651921928e-03
-1.400344652469689422e-01 -3.084923580915579500e-01
3.360638855950676129e-01 -2.638552578518758018e-01
-1.108536449415153946e-02 -2.311220619801975795e-01
4.913209278623860143e-01 -2.704750129487526467e-01
-2.990640752148006065e-01 -3.035908023653689503e-01
1.181425001663580776e-01 -2.939019072129254173e-01
-4.769170129195519081e-01 -3.145369654904703882e-01
7.500109035289970194e-04 -1.866919963493031132e-01
2.894118664754408154e-02 2.619316443990360455e-02
-4.238696312243204201e-01 -2.950717365461167363e-01
2.545557639576716547e-01 -2.544117758104874616e-01
2.677928874888444444e-01 -2.525939670632365575e-01
1.496215245985199616e-01 -2.679035692967024485e-01
4.094510767694561348e-01 -2.373628357860709803e-01
-2.015210088894467955e-01 -2.424492162648869131e-01
1.998756100552556703e-03 -1.641286029953377135e-01
5.976087250126771444e-03 -4.604343867695194215e-01
-3.219237218039827653e-01 -2.820468425792987954e-01
2.791822760928736047e-01 -2.767592291249922898e-01
-3.886418832373849108e-01 -3.114406982744964969e-01
-4.524927970104136721e-01 -2.572979825362216033e-01
6.480766357552747436e-02 -2.449000587304246412e-01
2.994516061913314875e-01 -2.713436286187029811e-01
-1.879579650951589409e-01 -3.067143140726337203e-01
-3.746388607931434578e-01 -2.647083728650297951e-01
-3.554049295861915203e-01 -2.763766117195133321e-01
1.022984623189759912e-02 1.017890989422876036e-02
2.129038466180088740e-02 1.145099601642458609e-01
2.227105013920877008e-01 -3.095719922737546481e-01
6.033400506161190613e-03 1.335893356834370049e-01
-9.350606501174851815e-02 -3.023724798017261017e-01
3.705517285067183586e-03 -2.851861335769394490e-01
-1.620312170289609499e-01 -3.157666131690269884e-01
3.377704323121120122e-01 -2.363223129356631924e-01
-4.024280577729301145e-01 -3.029253615917603115e-01
3.414559997710675532e-03 -1.273066574069599000e-01
-3.977369161459275437e-01 -2.384058358098740671e-01
1.449035226616490757e-02 -3.081827809836268361e-01
8.184680522361431620e-03 -8.027375689727589414e-02
2.194183979787545091e-03 8.176616402688707819e-02
2.446526764966120426e-01 -2.999629021896330627e-01
-3.010932285542649023e-01 -2.555768018453425938e-01
-4.808768778217245021e-01 -2.456534197587847412e-01
1.424022974106597950e-03 -1.782200179170406740e-01
4.067040009167162129e-01 -2.784771034848183557e-01
2.810383717383269087e-02 -3.575670655944321874e-01
1.470476116310907022e-01 -2.815668368133087407e-01
1.522826274348088038e-02 2.239496423879578924e-01
-6.024807850027225076e-02 -2.910899203085698383e-01
8.062958824444410588e-03 -9.981071205380709355e-02
-2.785399596358085761e-01 -2.445945400770188627e-01
-2.655910464563598916e-01 -2.567826577083947015e-01
2.630406541585639246e-03 -4.718215003803288843e-01
2.638322499747438599e-01 -2.879626379871303987e-01
-1.325711051177971278e-01 -2.997450109463067891e-01
-3.386043607497567498e-01 -3.122030352999319858e-01
-1.335974250751043035e-01 -2.580937994754577414e-01
2.184442352367749196e-01 -2.415678255494519977e-01
1.468692084252232188e-02 2.710871951984308303e-01
-4.484101660898042185e-01 -2.736153702255929021e-01
-1.967239680179238004e-01 -2.885357633272955802e-01
3.668331334214008921e-01 -2.487956151691488316e-01
-2.390793906675559022e-01 -2.856539077648008185e-01
1.838581103838621278e-02 4.971740516924061382e-01
9.444554897539036986e-03 4.675453980264793197e-01
-4.567655753309683986e-01 -2.305486980951290121e-01
1.281994578089900028e-01 -2.389239711714518100e-01
2.497031006746985859e-02 -4.618396107412782170e-01
1.857275970127746367e-01 -2.780050068381785255e-01
-4.616602586479608972e-01 -2.631275548725248159e-01
1.164996478066978591e-01 -2.617474332612933496e-01
-3.336192115529856839e-01 -2.563895730670431305e-01
3.811371919282142695e-01 -2.874195542866736508e-01
2.428754233734459200e-01 -2.650610608372139243e-01
3.900111809222028825e-02 -2.869630758889586408e-01
5.604157487274408211e-02 -2.918141756033867384e-01
2.433567285727333829e-02 -1.692885572232614155e-01
2.253717076098404881e-02 3.473056779365324420e-01
2.147816527847967727e-02 -1.552359072612610191e-01
-1.838820777642703463e-01 -3.036927584081429154e-01
-2.978330265724571380e-01 -3.057115835860986230e-01
1.204231730647168375e-01 -2.579019760293709274e-01
2.299219088256687638e-02 -1.130824669456499398e-01
-4.159862096370138262e-01 -2.973059445697121550e-01
-2.858506633444608536e-01 -2.495875013627792960e-01
2.970263615064894225e-02 1.663312799404955689e-01
-3.787869935617776962e-01 -3.170793465215087092e-01
-1.664387933499982264e-01 -3.045975435005288112e-01
3.496556356803440790e-01 -2.831600907899890496e-01
-1.072433393137948165e-01 -2.481396581151663616e-01
-3.774367163369468647e-01 -2.951437271494105063e-01
4.110692168564816784e-01 -2.551246981575699957e-01
-3.901356882332385201e-01 -2.929434980921985510e-01
4.141664994053539939e-02 -2.993428770113877313e-01
-4.773646823887418567e-01 -2.610270756401554815e-01
3.539704415376775382e-01 -2.395085480380056975e-01
4.878523355579696963e-01 -2.473787877627459109e-01
-2.281819833067085801e-01 -2.818600194673096526e-01
-2.902816742457752230e-01 -2.538503676357709571e-01
-3.166642954648495323e-01 -2.554394626645826172e-01
-2.602884460816273782e-01 -3.059758520116462321e-01
-2.986423593324132320e-01 -2.935323176632133046e-01
-1.191707114575917270e-01 -3.072939157338512306e-01
2.803480503793032153e-02 -4.005574251358403615e-01
-3.755796693464359404e-01 -2.703825392643092185e-01
2.615077166314039303e-02 2.562537385031370407e-01
-3.465556899761336185e-01 -3.017259689715618975e-01
-2.314152344388052951e-01 -3.037289124622598591e-01
3.471171066936140637e-02 -2.698891034563885016e-01
2.493165546145547085e-01 -2.311205479649880434e-01
4.745285482772998442e-02 -2.840771524741309007e-01
3.714138412822256541e-01 -2.435963579311288818e-01
1.542859669666585276e-02 -2.638370561994457519e-01
1.836073498054091591e-02 -5.102303787044215611e-02
-1.841605413348069709e-01 -2.734204745307047268e-01
-2.681201188509882982e-01 -2.973924882177624296e-01
4.549990680618332117e-02 -2.632346070877522592e-01
3.167704995395782541e-01 -2.725641699504618432e-01
3.243956660143596515e-01 -3.028011802557949439e-01
3.834367645758307575e-01 -2.503114548731583122e-01
7.500670391259856018e-02 -2.561876681085293317e-01
-1.427173703882025357e-01 -2.713535107707354399e-01
-2.854916805909385458e-01 -3.101637891793012081e-01
-2.736448790467327363e-01 -2.875121407570810916e-01
3.770704214488561634e-01 -2.565225710674166049e-01
2.098551533265458069e-02 3.539358257088911497e-01
2.522755267916387822e-02 -4.114760436212309136e-01
2.681230817803614830e-02 -1.099824614959065139e-01
-3.947004126664644952e-01 -2.953518471218736785e-01
2.805431704582272978e-02 -1.245502069078276985e-01
2.261430411786435890e-02 4.750197837357916786e-01
1.960416972158586235e-01 -3.115066283130328850e-01
2.613867562636007502e-02 -4.663722626785258285e-01
1.971762890081882880e-01 -2.911005722177889554e-01
-1.384921418152778028e-01 -2.833749700482647293e-01
1.126483188552078740e-01 -2.942982952206916192e-01
2.138239113662732116e-02 8.760222161035302602e-02
-2.569860231574288001e-01 -2.714667249951552286e-01
1.728349271970592849e-01 -2.932563142237855081e-01
1.160940080686989617e-02 -4.480663034733242123e-01
-1.211208266776784281e-01 -2.443748710399672452e-01
3.715936060574580591e-01 -2.374210356296715396e-01
1.562041542961557505e-01 -2.501273921504071351e-01
-3.285320446478885437e-01 -2.751859275648531611e-01
4.671244322669351190e-01 -3.142240576015279396e-01
-4.720928089982988629e-01 -2.794635945976275959e-01
-3.676137490457864754e-01 -2.945816919569845815e-01
-4.243229034308234615e-01 -2.835057804903015066e-01
-4.010843877480571029e-01 -2.643748024036873812e-01
1.101966060146630788e-02 3.342732121642294496e-01
-2.716737712296044549e-01 -2.504648460621469175e-01
2.050663362406501822e-02 3.483093461094382004e-01
-9.050807042852548889e-02 -2.940171214491821283e-01
2.452772569490857535e-02 2.327165584602419734e-01
-4.549119446786051846e-01 -2.765293457128455978e-01
-1.560393551661102274e-01 -2.658760173664005411e-01
4.140812034173443346e-01 -2.815661926640995461e-01
-5.146606601938485959e-02 -2.869498180958748312e-01
-1.784367038096184022e-01 -2.826854328773548142e-01
-1.097918273105403797e-01 -2.378650484279825061e-01
2.971814426645336127e-01 -3.011078982360397838e-01
-1.349275674507791623e-01 -2.603770102189993940e-01
2.739445448110880976e-01 -2.962911201911238024e-01
-6.959471774771919250e-02 -2.587920509447637629e-01
-3.313465320342464659e-01 -2.895824593116191892e-01
6.672797271036090550e-03 3.873093757545658100e-01
1.506927922418310750e-02 1.261479586998254243e-01
-8.751973647859390137e-02 -2.475918674548166498e-01
5.081598973474710235e-03 -4.141216619451633107e-01
-2.173011179138601978e-01 -3.110120462340046910e-01
4.222509497661689482e-01 -3.016630396920493284e-01
4.907134169411122571e-01 -2.579280648329164150e-01
-2.475300283336199225e-01 -2.377392159091831214e-01
4.972977922197098222e-01 -2.651876673634527837e-01
4.461849360088088190e-03 1.556438560482971134e-01
-2.601098333402741547e-01 -2.802419575036754207e-01
-2.897976923813908590e-01 -3.020859702434288696e-01
-2.028701302761632963e-01 -2.493095662155461190e-01
1.721829568378315800e-01 -2.678339173787789296e-01
-2.947317887529610214e-01 -2.746223967576355562e-01
2.427489411745707981e-01 -2.691424319502987439e-01
8.429093768600326442e-02 -2.749428556734755391e-01
2.398459333891976852e-01 -2.804625211157519837e-01
2.531314931755634934e-02 2.625891128997727142e-01
2.180885170415725050e-02 -1.688419047291274122e-01
2.544750433441755888e-02 -5.752224017053864102e-02
2.975553458892066239e-02 4.641883815781198130e-01
4.514178892583918801e-01 -3.109078584331764761e-01
-1.207815958715335869e-01 -3.036417526863325334e-01
-2.811740721766841089e-01 -2.889294741275859613e-01
5.043145763243384039e-03 -4.072754860164172763e-01
-1.754773195561126764e-01 -2.519575894684814577e-01
8.556045155226021937e-02 -2.456993746167437376e-01
3.951616886059842182e-01 -3.084714057467361492e-01
2.322909724503918749e-02 -2.593119849951375233e-01
2.108235140313763356e-02 -2.242408402492644948e-01
4.780522149643845475e-01 -2.537794395799278790e-01
3.104965555801512123e-01 -2.675578221221993624e-01
-3.429376706326038304e-01 -2.963566789444720406e-01
-2.637989308508267294e-01 -3.087974563926019211e-01
-1.569184169544698415e-01 -2.369374116799785046e-01
-4.174568540579061127e-01 -3.138447553263429279e-01
1.117936798176698554e-01 -3.118494715281970864e-01
8.292164103745791603e-02 -2.773978129087957267e-01
1.146432485736570417e-02 -1.982900491164503176e-01
2.655815680803419454e-02 -3.393977250939811396e-01
-1.081164323697292318e-01 -2.676114293212903394e-01
1.084128018536565374e-01 -2.933641312867369955e-01
4.157133517212074914e-01 -2.589522930222550867e-01
-3.389861535913893942e-01 -2.322965006509525310e-01
2.794200971948856971e-02 2.468617164557438404e-01
1.980914026492575086e-02 -4.583611474495252747e-01
-3.773174709985330777e-01 -2.652057879216804803e-01
2.131076858935643248e-02 2.009024833849177849e-01
-2.606517355850541673e-01 -2.329030413743227168e-01
2.269439610522983042e-01 -2.477214011750938916e-01
2.167083572404959746e-02 -1.551651063535594011e-01
-3.170608520467965707e-01 -3.003008444416214173e-01
-9.681308318469672436e-02 -2.619402012097659105e-01
2.247443536194931868e-01 -2.642036719857316918e-01
6.777219836712533585e-03 4.295380520040015249e-02
-9.551116589766173171e-02 -2.983059429259219408e-01
1.887183522718793860e-02 -2.385434823915648650e-01
-4.950646881909511743e-01 -2.732465213492740741e-01
-4.172393248217467487e-01 -2.407583533912416307e-01
2.167553091886431638e-02 3.647415121318213771e-01
2.378106430330221288e-01 -2.739873356183450959e-01
2.898111353830098436e-01 -3.169604548894648932e-01
1.155622438772905269e-01 -2.520262250910861868e-01
1.898729281467226304e-02 -1.874474466856160815e-01
1.845296173507615656e-02 2.688224762102265908e-01
4.887568058418865213e-01 -3.079311681909647769e-01
6.396602580832577711e-02 -2.452278864437203998e-01
4.291704016400355037e-02 -2.919682990591019323e-01
2.035593495050996848e-01 -2.773204863524192376e-01
-2.811919224657966065e-02 -2.635865917735755737e-01
2.393137290487901137e-02 9.989183036482829348e-02
1.502543818290891231e-02 -4.844019110219026647e-01
1.903005822675883918e-01 -2.809349146820836474e-01
-2.884839188385518449e-01 -2.621373923986075605e-01
1.337367487751945916e-01 -2.625163057838880709e-01
-6.213096554567032470e-03 -3.166781210051838880e-01
-3.575583102126028701e-01 -2.332867131110146763e-01
-1.876848642072788120e-01 -3.145725126575927844e-01
2.102657396838869541e-02 4.484447402497561130e-01
-4.995908493903764569e-01 -2.419090571940010204e-01
-1.575236651149921618e-01 -2.567633598589971200e-01
-3.178185766963531611e-01 -2.395460746736016722e-01
1.245028074640771587e-01 -2.475891509754544195e-01
-3.104598284424705534e-01 -2.482167996818338551e-01
-3.108994422538862157e-01 -2.307606223718332572e-01
3.338336214520366552e-01 -2.754461248820824215e-01
1.254104177350746641e-01 -3.077433823821975611e-01
1.493593269943960244e-02 -3.823626164388678195e-01
-4.141177863974124795e-01 -2.473372448333429618e-01
3.301716333044205642e-01 -3.086208619797062847e-01
3.252935481170335930e-01 -3.092489093031925984e-01
2.714017478886499024e-02 -2.748611058877991065e-01
-3.714455950422937969e-01 -2.910204255329064127e-01
1.339486107804518378e-01 -2.667460695004518767e-01
4.601242481031999620e-01 -3.158588347074862135e-01
1.766399141739986023e-01 -2.782323863290268040e-01
3.661109718034719629e-01 -2.947359566369008865e-01
-1.391640261624343955e-01 -3.056409279389610267e-01
-2.587958204101793447e-01 -2.629213236386509500e-01
1.315303240585219413e-02 -2.259289612393108326e-01
-3.729616802146457077e-01 -3.024387142617631641e-01
-2.871619910718227198e-01 -2.335865398647516411e-01
3.802859096914361636e-01 -2.765579181993437219e-01
-2.183956319023024895e-01 -2.653178335185845116e-01
-2.856933275378105153e-01 -2.420510151335242277e-01
-1.771338829259608838e-01 -2.552212803751686687e-01
1.149264025625386099e-01 -2.954716041268874438e-01
1.845476583319055619e-01 -3.081063447447662806e-01
4.015703898320402976e-01 -2.829961062216368450e-01
1.972568862248880173e-02 1.608935644856719360e-01
-2.280364168369668487e-01 -2.741150641513682151e-01
1.151062727361795712e-02 -3.137168836881164546e-01
-4.696115391369408698e-01 -2.370503094540837852e-01
9.366328035584792211e-03 -3.134064988247838857e-01
1.339812066932491996e-01 -3.115441821027653546e-01
-1.805496920705632613e-01 -2.980331179814077469e-01
4.352305955955000361e-01 -3.072002302721479339e-01
2.463540168828415311e-02 -3.165871319727807665e-01
2.873219317862114597e-01 -3.170333810731066349e-01
-4.568017274504425629e-01 -2.551091180389041257e-01
3.347001786649300703e-01 -2.641554272121104940e-01
5.777687643728612876e-02 -2.947651307720196012e-01
3.872039940310160189e-01 -2.806948553513405331e-01
1.724360459035145787e-02 4.753564896648547755e-01
4.201396102661298926e-01 -2.994795343016503075e-01
3.456221306620820277e-01 -2.611590666966833174e-01
4.921377398284385585e-01 -3.101561679410952399e-01
3.594379019208190362e-01 -3.132512122230257656e-01
6.598478133649010591e-02 -2.672066745697789791e-01
-2.786619807005037419e-01 -3.153359715372787697e-01
-2.466846592571015906e-01 -2.735968027626607402e-01
2.610708817322192621e-01 -3.150637909875549925e-01
-3.514123431854895285e-01 -2.628240524476084250e-01
4.330095179229331848e-03 -1.113791886187629476e-01
-2.493787970868222015e-02 -2.732732005618766502e-01
-3.652857750911356893e-01 -2.772327601196149516e-01
-3.402137223138221866e-01 -2.955828058058426189e-01
1.753071781711919019e-01 -2.370916449380231494e-01
-1.866249199592802110e-01 -2.803514083460236783e-01
2.094268528214600078e-01 -2.976111260805939240e-01
-4.171008971740647331e-01 -2.730222794932460895e-01
2.418310226858422229e-02 4.694526053679861644e-01
6.875033038304045885e-02 -2.397650005241421800e-01
3.231212933637837015e-01 -3.100273897055479955e-01
2.538670347067839561e-02 3.941435025562189942e-01
2.009548520575289432e-01 -3.050577739537487787e-01
-1.787786423773244371e-01 -3.019763132508392900e-01
1.382306345587799301e-01 -2.445920731576644025e-01
-4.906301147674690943e-01 -2.839959073885159890e-01
3.128172887312967720e-01 -2.724475765295198970e-01
6.777107011940886050e-02 -3.079996230137638236e-01
2.673936975246391512e-01 -3.006611537687072788e-01
-3.275009898272607245e-02 -3.084655663974606998e-01
-3.042585822530711193e-01 -3.163173569292503373e-01
-6.058210354072679493e-02 -2.326182944633954364e-01
-3.017949322325501615e-01 -2.790693524383200952e-01
1.729147849571754936e-02 4.993527693552273217e-01
1.962494072854310545e-01 -2.649835486049428868e-01
-4.399736201488984033e-01 -2.941798293527549957e-01
-9.419553819954207263e-02 -3.010615012948862912e-01
-2.024073548953242430e-01 -2.998300796897307441e-01
2.541708338643944298e-02 -5.462120274641879547e-04
1.463904022106811142e-01 -2.436709586459379073e-01
3.773339826681976206e-02 -2.589512439940722111e-01
1.774535949413713620e-02 2.639178189058097868e-01
3.371209427240855483e-01 -2.544191722885255080e-01
1.937535845078101060e-01 -2.428260946799890574e-01
-1.441149540781927474e-01 -2.775912687982629024e-01
4.790342998446559530e-01 -2.729393122637945313e-01
1.998078766576061316e-02 3.581331556421175621e-01
3.625289642178018967e-01 -2.696246001749398324e-01
1.422551397580890109e-01 -2.933318404832656601e-01
-1.277691095519234432e-01 -2.799655133239972171e-01
-4.041044250368507340e-01 -3.047366310015646729e-01
8.808925874673434464e-02 -2.651035872555449480e-01
-4.791059332479362665e-01 -2.383748736540303170e-01
4.249361091322477746e-01 -2.470882926365831622e-01
4.555899314417921619e-01 -2.383511378850482476e-01
-4.017116848564650233e-01 -2.738276395751958470e-01
1.968287741710470495e-01 -2.876921242979191273e-01
4.174270214612940677e-02 -2.480860710839384309e-01
4.542618834330297561e-01 -2.562331550167757932e-01
2.388673105818450715e-02 4.165960051138462017e-02
-2.679396360157504375e-02 -3.035762627056626251e-01
-1.703407016573890154e-01 -2.426726147836444358e-01
2.192761444897983747e-02 -6.795774342083449326e-02
-2.343687720256316664e-01 -2.582492897353050321e-01
-4.058585727539936183e-01 -2.972031780350833374e-01
3.995678939018353359e-01 -2.823522076969389172e-01
-1.046837987985416163e-02 -3.007322196996755626e-01
-4.702070997794673968e-01 -2.480948446873934010e-01
3.876559910462190617e-01 -3.013616905003524415e-01
9.916903796020060113e-03 7.855666691106011346e-02
-6.617426909642953881e-03 -2.542659546929783021e-01
-2.374136632339650665e-01 -2.722775376998771701e-01
1.624803245250129313e-01 -2.489163288118644290e-01
-3.843766445789866815e-01 -2.572495594105003169e-01
9.143655107346015942e-02 -2.972761934170646825e-01
-4.383518682103636488e-01 -2.663894206171886214e-01
1.211642864481810022e-02 9.299041505675376129e-02
-8.264936774004083553e-02 -2.511571844639013396e-01
1.189188397176996759e-01 -2.535938257272990493e-01
5.697808659451131241e-03 2.728193339250450933e-01
-3.892107422044408516e-01 -3.079237390424119925e-01
2.904595824132383264e-03 4.529477386053503141e-01
1.225807565380456765e-01 -2.582017470157045302e-01
4.435556444851899149e-01 -3.113305606576813878e-01
2.901217889871477995e-01 -2.406811788930339757e-01
-1.477855284796013580e-01 -2.487392987850470805e-01
1.355525234262655587e-02 -4.968197031128099850e-01
2.957675339741550058e-02 3.494288642669499678e-01
-1.532451383748314466e-01 -2.624492979961586814e-01
-4.973526114437198942e-01 -2.486211451271312933e-01
2.994704831459904515e-02 -3.642023266288585415e-02
6.422588481882174349e-02 -2.970006621000045310e-01
-4.324179634414004880e-01 -2.929888156052294912e-01
7.844364389385516390e-04 6.961172865325027104e-02
2.964093763833308692e-02 -2.837135919245699078e-01
1.514804704676575575e-03 -2.566349014120442584e-01
-1.168873123198530539e-01 -2.305118264659294924e-01
4.065587990093244564e-02 -2.652510726838851474e-01
2.504132935401821580e-01 -2.639476192380935116e-01
1.436823941692899620e-02 1.635607214324225067e-01
-2.886981525616507671e-01 -2.628794334559327872e-01
2.476807389517440283e-01 -3.102505124447793028e-01
7.743736839968962116e-02 -2.722924577756750120e-01
1.644707989312754748e-02 3.097274861382401934e-01
2.696193230719912126e-01 -2.928244408740997562e-01
2.570101103249465835e-01 -2.992888414488652504e-01
4.066909287694775443e-01 -2.320842415921244850e-01
2.279265666028318371e-01 -2.471641828920304595e-01
4.488147752944509072e-01 -2.331690297052693150e-01
1.353413505305933739e-02 -3.241408186295763327e-01
-4.687894294150266594e-01 -2.394470078937299684e-01
2.459824497177702796e-01 -2.353220663707611404e-01
3.320364734119951589e-02 -3.034983006390322702e-01
-1.740790271420706858e-01 -2.771659820735188351e-01
3.662658900189075251e-01 -3.149935483871396658e-01
3.458481014388271602e-01 -2.622124326522375926e-01
4.436577501865546225e-03 3.521045478464186473e-01
2.111164707994696021e-01 -2.751728299519059506e-01
-1.616775768787988010e-01 -2.686193458078814933e-01
9.828756962311668843e-03 -1.705813418874926324e-01
2.761453008365802875e-01 -2.401798068820174548e-01
9.328040535835147029e-02 -2.852719800759383473e-01
-2.263462457923639537e-01 -2.727118739309295492e-01
1.449306450565046589e-02 -3.296848473699098836e-02
-4.413228446324823917e-01 -2.907916679377557934e-01
2.871209236914418206e-03 3.622158798140578950e-01
2.394226500711615913e-02 -4.807856232297422761e-01
5.488255124086038883e-02 -2.600340738714747024e-01
7.441750344264863593e-02 -2.342769949773748639e-01
1.440793630402958936e-02 -4.079532699594459189e-01
-4.021848132764284101e-01 -2.429602447968183254e-01
1.651250430093511579e-01 -3.035829556227404025e-01
1.273155326250841046e-02 -2.524570228843022734e-01
2.446730818891159620e-01 -2.451746530115995748e-01
1.821406273373695761e-01 -2.388811030364590415e-01
-1.904056179859165976e-01 -2.462775522249099902e-01
2.261115238055337873e-01 -2.945546294295132705e-01
1.966648929995706840e-02 3.025074895388155660e-01
3.434388173008496858e-01 -2.950458105774588224e-01
2.604221925940886084e-02 -9.789792280471820707e-02
1.644148133137235401e-02 9.993220580963324551e-02
-3.651280801271875598e-01 -2.951281958484122114e-01
2.534796282271412071e-02 1.621032376350715065e-01
3.563330873911696450e-03 1.026197088823110892e-01
2.883153798247468647e-01 -2.472648875052071427e-01
-2.929163806554460070e-01 -2.886394644877949833e-01
8.639357675749215204e-02 -2.972927225449525368e-01
-1.127820873925939882e-01 -2.447307762306580869e-01
3.313512173040318309e-01 -2.464350833504285188e-01
9.362156924534448255e-02 -2.902558535006675156e-01
2.562271983508201956e-02 1.176070570190907993e-01
9.619029159549485897e-03 -2.985233428859800364e-01
2.671638849252222503e-02 -4.124402388995166424e-01
4.070023633009758335e-01 -2.904652053157911196e-01
4.202976860094356226e-01 -2.782691000611818843e-01
1.006165684406040706e-01 -2.395310124266155638e-01
1.942846945115894730e-02 2.355988862352560442e-01
1.760382249074998740e-02 -1.649499504195961475e-01
-1.505992334188713810e-01 -2.892395646808205711e-01
3.793948473217422235e-01 -3.025005021978415254e-01
2.001997799770081077e-01 -2.736032385691609115e-01
1.939442024092763450e-02 3.151880415071293129e-01
1.749042923442678532e-02 -1.787186736225563344e-01
3.386235099950579697e-01 -2.785291161122870340e-01
1.773578498864769593e-02 -4.287976321455798656e-01
-1.480922425596615799e-01 -2.793282378627079954e-01
1.614760184009391697e-01 -2.323478620835115471e-01
4.720759377672800738e-02 -3.139482795923445035e-01
-2.388051656185810057e-01 -2.925941873922639491e-01
-6.585551979482073826e-03 -2.909703938690296754e-01
2.297165775006078103e-01 -3.005407657034344648e-01
-3.429266598290248158e-01 -3.064500036110415770e-01
-1.331079413878453188e-01 -2.799374860213945659e-01
4.409040487490712978e-01 -2.450789727770898985e-01
2.481618873006696813e-02 -1.995131860758222464e-01
-1.356390193487921891e-01 -2.503633228460655502e-01
3.194409469178305372e-01 -2.935211835143909376e-01
3.883776250716481915e-01 -2.448493482554487954e-01
3.143833847299435380e-01 -2.301754361084960010e-01
7.147957044443653540e-02 -3.104992115488901527e-01
2.595675741400405023e-03 3.184121663816957826e-01
6.862531350929790275e-02 -2.420371580843300174e-01
-3.839650128118522465e-01 -2.508409811613306895e-01
-1.467312432153415891e-01 -2.715652252472867678e-01
-4.776663496793198682e-02 -2.313840413353039915e-01
-4.833850214775642362e-01 -2.890025140616877541e-01
1.941044830022153889e-01 -2.547092808742038583e-01
-4.795209682742357371e-01 -2.519684829756114741e-01
1.857550139088937069e-02 -2.098312117737191063e-01
-4.687818557103243799e-01 -2.801488798068517694e-01
-3.140958304382628352e-01 -2.542969567094712779e-01
3.472855974390690603e-01 -2.522724762950139255e-01
1.690511010616989607e-01 -2.322459980100823884e-01
1.283342799063791340e-02 2.753949050815009958e-01
-2.796908924677967700e-01 -2.839547363223779985e-01
-3.617633580884771494e-01 -2.883024998365592007e-01
-8.034256568924713626e-02 -2.534880959683909474e-01
1.277819039282912517e-02 -2.096347158508307107e-01
1.865579010758433576e-02 4.793740453315334937e-01
2.812069369374188277e-01 -2.377566563254189802e-01
-4.454549695395749742e-01 -2.763379272730680514e-01
-2.239940346488242806e-01 -2.669459014358621651e-01
5.037779264649133726e-02 -2.804470819153853656e-01
7.323468467728355691e-03 -1.091989384089153692e-01
-3.639634833609026732e-01 -2.554150938306585239e-01
2.863210133949596337e-01 -3.156645783426501595e-01
