6.743013521196883353e-02 4.086433612741704469e-01
3.762565832101461005e-02 4.574370957740035992e-01
-3.758283943368876390e-01 -4.262429926729194296e-02
-1.941237376488225141e-02 -5.466821853019887545e-02
4.235280136097419046e-02 4.620935886909821599e-01
-2.962410300955664599e-02 -6.455968205541573468e-02
-1.481025468274000945e-01 -5.845914220382608661e-02
1.944723136805480701e-01 -5.088323115428050603e-02
3.414005923212437565e-02 -5.322311876330110270e-02
-3.846010934014224558e-01 -4.952062430709913698e-02
5.351113476941604663e-02 -4.335917195111066436e-01
1.885837279018325319e-01 -6.425016942788042140e-02
8.021162725608277366e-02 -4.209462832594423887e-02
5.619664441544880429e-02 -1.030868618878549858e-01
-2.863210818750222542e-01 -4.688131346015944612e-02
3.782028732282605166e-02 -1.051695824072053087e-01
-1.145142317297757062e-01 -6.183524342501167670e-02
5.179360544055122695e-02 -8.232391952653617118e-02
5.223571671052418264e-02 1.484752307787364778e-01
6.876683987517218100e-02 -4.319798779028024560e-01
-3.385289937596408505e-01 -3.602090944344993328e-02
4.725245980595293993e-02 -2.044932111515810336e-01
3.503677144460151105e-01 -4.037436980245379115e-02
4.027078004228201724e-02 -3.289930303548217472e-01
-4.189796911677555746e-01 -5.800974085894472498e-02
4.166213888209853167e-01 -4.463868299094309045e-02
-2.912382622908828989e-01 -3.373449887677093528e-02
-4.084146611886442235e-01 -4.093406505307040089e-02
4.103487827988305803e-02 2.856646173411662160e-01
-2.820014119050630041e-01 -4.045888620796833646e-02
6.102356000077802101e-02 6.361081505835719518e-02
6.722765598971702783e-02 4.498717922849092554e-01
6.693993423790833841e-02 -6.728005301201256394e-02
4.706960604195886688e-02 1.383860887987988786e-01
3.852812991712649682e-01 -5.233076212696885499e-02
4.442635033293484970e-02 -1.440475633562603441e-01
5.251620352965447047e-02 4.059164154559506965e-01
6.238209402304295548e-02 4.518444313445890703e-01
5.022329500783406786e-02 4.803497628589233903e-01
5.905694281040130278e-02 9.183064168376497971e-02
5.162906061984096073e-02 1.452209142926843555e-01
4.054161742181037198e-01 -6.141653828934956483e-02
6.661266858868952756e-02 -8.514642132151384324e-02
6.075784685815044384e-02 1.254278185142018165e-01
-4.531665488853017232e-01 -5.963653421406300836e-02
5.856601113084758392e-02 -6.817226890167615849e-03
4.787864089405902135e-02 7.751260858216713068e-02
4.191220647477631456e-01 -6.338969146222606099e-02
2.124396077258094984e-02 -5.350544063432693953e-02
-3.081055064950281031e-01 -4.195037521459188401e-02
4.476733617120335351e-01 -5.174348906526005099e-02
-3.850602196158111612e-01 -5.342115227224097929e-02
6.704571096739053715e-02 4.535112154718845545e-01
6.437311578756343966e-02 3.366576694187553009e-01
5.113233049336873837e-02 -4.080210341088962300e-01
5.640461408794605891e-02 -2.112155221605679367e-01
1.301369741066064067e-01 -4.425391923913890579e-02
3.580589141926771024e-02 9.271960529227452064e-02
1.471631631250166494e-01 -6.689888501042151603e-02
-1.541626352910280273e-01 -6.219474033194072327e-02
3.598207142342879639e-02 3.954659414731134248e-01
-3.330145977081551134e-01 -5.610224050341172664e-02
5.601233287114570913e-02 -3.078112079724844019e-01
1.974361778018608460e-01 -4.950635271689063366e-02
6.688421961011370431e-02 3.412007211737286827e-01
-4.933376783803138377e-01 -6.566224079372895428e-02
5.067496854213293656e-02 -3.954826749145213816e-01
2.506890280869923382e-01 -5.117926720489607284e-02
4.133700137448121925e-01 -6.333191306602714565e-02
9.779827744216817997e-03 -3.682539689177033448e-02
5.337945612127681372e-02 2.504418451353177533e-01
4.077533568437474720e-02 4.359601588407835404e-02
-2.401898007622210729e-01 -5.351990313979826386e-02
4.153447926457487505e-02 -2.383542530063713638e-01
4.559267343561653751e-01 -3.394496860183837672e-02
1.692950675702875607e-01 -4.775664461797568539e-02
3.555964146465384612e-02 -9.469159214071065644e-02
1.109585461156077368e-01 -3.459151466887944171e-02
3.612659765520687127e-02 9.208620961061320109e-02
4.105557967019413113e-02 -3.504003193641248570e-01
1.865517244657215468e-01 -5.330541524248622043e-02
3.692434821359857899e-02 9.661020487899607545e-02
5.869433341603602639e-02 -2.143855670370512501e-01
6.391204586672227794e-02 -4.070272035177756598e-01
3.343871145050533178e-01 -4.671335129366527283e-02
-1.861278008336099132e-01 -6.053992694890675264e-02
5.985887901384789878e-02 -3.752359993793431547e-01
4.217617532054940277e-02 1.553985255338181659e-01
3.981494383622914413e-01 -4.325833829332659253e-02
1.384961665222279592e-01 -3.604367593399293579e-02
2.159112322546475893e-01 -5.290570424562490714e-02
6.664415554425784372e-02 -2.545356053502527693e-01
-4.388990534038019753e-01 -3.610266584376042864e-02
5.284813896033668801e-02 1.208811441676969078e-01
3.323739782381351926e-02 -3.549299584714771250e-02
-3.746076592102236535e-01 -6.196100012310246097e-02
4.544249315110517884e-01 -5.224710177545754952e-02
6.440089802839321642e-02 2.704735772714802478e-01
5.960375826563202306e-02 -1.797487396112456004e-01
3.883586190313161879e-01 -5.790849488883509366e-02
4.469339082173129363e-02 -4.435627300998845612e-02
3.851074356083850070e-01 -6.575477281560282439e-02
2.428398383325643950e-01 -4.670845743939033845e-02
-1.865450470395609850e-01 -4.698186387389269303e-02
5.333913925961097924e-02 3.275469356156569534e-01
-2.255250542026541183e-01 -4.347663315106131687e-02
5.904745611646744496e-02 4.716104290219486073e-01
-4.158588533514434582e-01 -6.493859624652664753e-02
2.129201547900210212e-01 -5.139732966493504307e-02
3.961139863471596634e-02 -2.619426625129376296e-01
5.389595237807931483e-02 -5.889770186783938044e-03
6.806019600487855925e-02 -1.067373939212101774e-02
4.607894362560835955e-01 -4.780262662489609404e-02
-4.690535331446269440e-01 -5.602569920136735160e-02
5.487343751221773758e-02 -3.909561012619023890e-01
4.632063177973266832e-02 3.316992319461031791e-02
4.355392042265737729e-02 -6.056737198786510401e-02
-3.618775435747340063e-01 -6.094129997340413940e-02
1.480732412423269029e-01 -3.392823265614330897e-02
5.244300780951327567e-02 9.404509315976861128e-02
6.665893842625603138e-02 -3.897802852131904139e-01
5.725234613522311999e-02 6.472683550660585095e-02
-6.588252521066950695e-02 -3.743162523613874360e-02
-5.784106716679926485e-02 -6.000526323721666611e-02
-7.107644655964706626e-02 -5.357581120991117274e-02
4.238391693586680553e-01 -3.472120496088804131e-02
6.725429292780904511e-02 4.427743003774673447e-01
5.615971498441252319e-02 -4.491788001726528812e-01
-2.270367779642383788e-01 -4.132807289891682334e-02
3.536333134209089790e-01 -6.688103294882774552e-02
4.818860624171950047e-02 -5.457032135867134759e-02
5.327017664134059416e-02 2.359465854010724950e-01
3.928995406180402217e-02 2.533479199734383069e-01
-8.485253176538620767e-02 -5.326899163699083672e-02
1.534101748557398226e-01 -3.386031363511776693e-02
3.691100568541638705e-02 -3.244423035033860980e-01
5.150273024972029656e-02 2.225587463550182665e-01
6.743546533189215264e-02 1.655423297031938246e-01
9.628309757858066753e-02 -5.426751941639440524e-02
3.669199594305461165e-02 -3.960231501682309752e-01
4.447311733668211087e-01 -5.275743138421207235e-02
6.585167958051374448e-02 -3.886398953414117452e-01
4.627199988187580271e-02 4.729288547022925115e-03
4.169691115299933859e-02 -1.433142439407451008e-01
-7.997012242020140604e-02 -3.438514895454902742e-02
4.023478927313761666e-02 -3.094139668047434233e-01
5.978463229395714063e-02 8.732028068716080060e-02
4.390211643681821707e-01 -3.756789737666588191e-02
5.170517832687926418e-02 3.555500177443410292e-01
5.664401125628970579e-02 4.062045708226591501e-01
2.441684746463428368e-01 -5.076424932933321088e-02
-1.788235136837182937e-01 -3.726977255554242419e-02
-2.876976995952028604e-01 -3.414264761044538687e-02
3.887278689766249240e-02 3.459428595110811688e-01
3.039947848445921919e-01 -4.799158029986827501e-02
-2.762751677014891882e-01 -4.609474902834731491e-02
5.717802441501362853e-02 -2.814071627977692280e-01
2.420497595285153736e-02 -5.654819596329019316e-02
9.491948265104432902e-02 -6.339049724965062360e-02
5.064114483563286750e-02 2.388164465937250291e-01
-4.508390537078901250e-01 -5.452399935627749716e-02
5.660698807172337421e-02 2.402551786813853507e-01
-1.564364865548000250e-01 -5.775578194152963807e-02
6.207474462611051180e-02 -1.235870572398671818e-01
6.269448569833979690e-02 -4.543531528184059365e-01
-2.785939300352494596e-01 -4.769804241561281799e-02
6.170631809278603885e-02 4.659041810526493022e-01
3.548167072989527604e-02 -2.465904181393174799e-01
-3.546017159364175386e-01 -5.436163961038453785e-02
4.751032561245649433e-02 -6.982665366781293237e-02
1.288230544244184372e-01 -3.447541193300707185e-02
4.244031410701143425e-02 1.729925256889673912e-01
3.945864026340972774e-01 -4.583566791933224582e-02
6.156677074848260212e-02 2.371007660456829758e-01
4.933952977715052590e-01 -5.146210033412468299e-02
-1.996401887566191524e-01 -5.835310418684525047e-02
5.909917128195141256e-02 3.132385180812768954e-02
-7.503301650383453758e-02 -4.249839280928713325e-02
1.965963408568247583e-01 -4.348173131431520844e-02
5.053299724800497383e-02 1.385426713705474322e-01
5.803626203352796331e-02 4.247619108749438599e-01
-2.605656347626150726e-01 -3.464023958237005818e-02
4.447982457352755992e-01 -5.085383965037848508e-02
5.968356642566774450e-02 -3.745510226986918934e-01
1.135919049602459596e-01 -3.827783536050499702e-02
5.067392099343737133e-02 -1.587444603194732018e-02
6.507256791482485259e-02 3.984930197336445934e-01
4.001302805888951042e-03 -4.174364057167967434e-02
-1.588060787230236581e-01 -4.631776890723338092e-02
-4.391123262203505684e-01 -3.348283145062980193e-02
6.541625255707517184e-02 2.317721997765529451e-01
5.376192090389397826e-02 3.442073858448081447e-01
1.305609053949300380e-01 -4.773587128770007126e-02
4.358957585604317231e-02 2.506258465719642947e-01
-3.925808314360521578e-01 -4.063582742631821620e-02
3.151910198765676130e-01 -6.627206420414100130e-02
4.834873900789948831e-02 -2.515882828173848784e-01
4.321162939771983069e-02 -2.665000357338443981e-01
-1.917966632336663979e-01 -5.851583595462350740e-02
8.915067173872570638e-02 -5.679946958127701784e-02
4.557733595813184824e-02 3.819429996640953950e-01
4.419413841475750004e-02 2.201758391692442141e-01
6.201460023847893410e-02 2.749402735991171021e-01
-2.429466891109434146e-01 -4.601371982306878827e-02
3.857682711280463472e-02 3.504924588675536468e-01
3.237503491203115313e-01 -4.498164098016677048e-02
-2.181191491040440633e-01 -4.932466948532099327e-02
5.159088405593947879e-02 -6.769576922206477221e-02
-4.268904609014205764e-01 -5.249935198670474534e-02
9.138321177841546294e-02 -5.386676761670650126e-02
-5.684176436539700727e-02 -4.943176675736549175e-02
3.153980019802249402e-02 -3.781683669252289270e-02
3.773230031934837747e-02 -1.893684080696277361e-01
4.005283857251185076e-02 -2.175350089059651104e-01
4.355644829712346233e-02 -4.059425040900339621e-01
4.932870909850771701e-01 -5.865144285423073978e-02
2.602642267448529445e-01 -5.150461944947426485e-02
-4.729842283330738528e-01 -4.266690778277282270e-02
4.181932660593745688e-02 2.250999960198327710e-01
3.974935045887784124e-02 -4.979888831415768546e-02
1.740110902688020156e-01 -5.922593357836603012e-02
4.196956669220608394e-02 1.845887325001178692e-01
6.316857958124344474e-02 1.674064571033785365e-01
-3.422522884805559995e-01 -4.888814959795806381e-02
4.093999638343173153e-01 -4.906981259343634605e-02
3.638135138657384582e-01 -3.712025998085077827e-02
1.570460853941780810e-01 -6.467092443426958326e-02
4.411223585722923168e-02 3.454094869069337381e-01
4.792189628828236181e-02 -3.895528238516157149e-01
-3.975759819606800027e-01 -3.907837008422776481e-02
4.082063484676412557e-02 1.913666547970966914e-01
-3.842947474237977667e-01 -6.236192378124316704e-02
4.502060738400182061e-02 3.210735199233426540e-01
-1.264911317431512972e-01 -5.298821494989858216e-02
-1.821049253023971914e-01 -6.649293511955511882e-02
6.688180273273391929e-02 4.918513000606363761e-01
-8.949972575357834081e-02 -3.945395854413280556e-02
4.712605203544584231e-02 2.812915789270986622e-01
3.157069024915916122e-01 -5.757837573259683150e-02
-1.126082205571907746e-01 -6.469956213614536100e-02
5.476828747650475115e-02 7.344131411593790570e-02
4.472734661348787277e-02 -4.996887678504557950e-01
4.655247208400981052e-02 2.302754799129247409e-01
5.318250765670173852e-02 2.609757117713108476e-01
-1.497075996847722079e-01 -4.295847416412745812e-02
-6.355933390982448916e-02 -4.074252773845554731e-02
5.866491054107814129e-02 3.673051428138967012e-01
4.747343152489480467e-02 7.321967221523362213e-02
-3.286327840339215989e-01 -6.458047851027792774e-02
-6.480118485533170603e-02 -5.128546570113856617e-02
4.014440572166699805e-02 1.858560659303654106e-02
4.032858543313333488e-02 4.859733044091107956e-02
-4.006828170964447100e-01 -3.456947184766168135e-02
3.622149737843405326e-02 2.843152744894715811e-01
4.276257219961265843e-02 2.229117237877116242e-01
-2.130241673326794816e-01 -3.964158045380883344e-02
4.559290260566450925e-02 2.950660391514814407e-01
6.673583316777520480e-02 3.777423783807991597e-01
4.838668258332106120e-01 -4.926584072833839478e-02
3.552703858523753588e-02 -1.814922267422298674e-01
3.952754255610690937e-02 1.665766174906321284e-01
3.012622745061114271e-01 -4.738176797064808099e-02
-2.474974622025332138e-01 -6.066249279777990999e-02
4.060334447310555150e-01 -5.963510749162270752e-02
4.471189831225865774e-01 -4.081858535742000083e-02
3.513042696967083600e-02 6.424909373993725747e-02
3.597946978856425559e-02 -1.447286411464090428e-01
-3.091546017085481379e-01 -5.826895233487661141e-02
2.034980094825524777e-01 -5.199005064068207282e-02
4.547592566194536001e-02 -1.463742677818280491e-01
-4.433545093257704739e-01 -4.276660731183046238e-02
3.987517487688707618e-02 3.354123141744803638e-01
2.110836581083995744e-01 -5.682342234996540231e-02
4.559124517257301390e-01 -5.914757068896603354e-02
3.356237539035097361e-01 -4.610718313344774888e-02
6.430266379791083065e-02 -3.994553594524438145e-01
6.858311702297126278e-02 -3.902617440061484366e-02
1.235487916701586419e-01 -6.216124412787460418e-02
6.375619466254733858e-02 -1.814177999880052239e-01
-6.369966094704160309e-02 -4.847130936974952675e-02
5.987803068050334687e-02 9.859305821895403277e-02
-3.619879769553173698e-01 -4.232079046961356728e-02
4.353168597872789647e-01 -4.313238265506635916e-02
3.538285796685824991e-02 3.905161317627244832e-01
1.736706579653677363e-01 -3.935499568761735567e-02
5.495991681873590995e-02 -3.965221039378077350e-01
5.240532985857493387e-02 2.317323997771095767e-01
3.652471063366624637e-02 1.726768625807723057e-01
6.538781880032007443e-02 1.448867323217970515e-01
3.725401498130631595e-02 4.642257401242915194e-01
4.846959874020562165e-02 -1.666717028666755418e-01
3.654743836879825736e-02 -2.296315711433406515e-01
-4.479230421754365477e-02 -5.449745957964580167e-02
-2.028353201927601823e-02 -5.276117680694603074e-02
1.073166359119259727e-01 -3.688350065384227161e-02
4.855136639654078490e-02 -4.167990617517081109e-01
3.257473705324797075e-01 -5.629310488636762866e-02
3.885187238396659026e-02 3.962119049579448937e-01
5.145595894500332168e-02 -3.647794379131892306e-01
4.192603886922559031e-01 -6.633545525666562082e-02
6.600937390257344273e-02 3.324664567495811962e-01
-2.074082468644042887e-01 -4.605017240153308489e-02
3.326412850993688552e-01 -4.992807907910057352e-02
8.147303478481937589e-02 -6.348181053819867969e-02
-3.431770484525573650e-01 -6.269998394191100832e-02
-5.221591637395217589e-02 -3.725564904972877844e-02
3.621681485831480529e-01 -3.819879201287079695e-02
3.939984270401489796e-01 -4.879174382969209134e-02
6.530118008956420361e-02 3.988715599819472324e-01
-4.262757920895056118e-01 -6.142724846504665770e-02
3.775667692390916041e-02 -1.316609390354298581e-01
-2.881502405197750027e-01 -5.949258974521642873e-02
4.994497448096313352e-02 -2.264289406905445334e-01
4.094760391312712855e-02 -3.720846839095099945e-01
6.040083307517962741e-02 -4.908919956515515048e-01
-2.338800935385237922e-01 -6.211203543820809081e-02
5.526330622936226344e-02 -2.157282766548728192e-01
6.490295076093277604e-02 2.568089791378617148e-01
6.052153504032820042e-02 -4.756621562971832251e-01
4.395036552507811667e-01 -4.030107735615440223e-02
4.482490106073511171e-02 3.062644053928142984e-02
4.838990571025669762e-02 -1.647420401083198316e-01
5.897066083379687296e-02 1.601808920296575733e-01
5.336760219786551573e-02 -1.431192056804924118e-01
6.047365330767762170e-02 4.002451784531735335e-02
5.366055266299896154e-02 -2.051240861290404283e-01
6.815630708588926723e-02 -4.911052931218079509e-01
-4.446387096296937624e-01 -5.758827151432643898e-02
5.906153151905002563e-02 -3.252516540555475677e-01
-3.720825984094500161e-02 -5.940100433025519155e-02
1.909518481795982048e-01 -5.688541497215804377e-02
3.930174159695484226e-01 -4.165925171254492021e-02
6.680633795373358552e-02 5.395634922669723110e-02
4.372114892514789020e-02 1.704324037986775231e-01
3.915844821680791732e-02 -3.070952594690506965e-01
5.146027670480857186e-02 -1.218136716835679367e-01
-4.603797988157558585e-01 -4.841728816960511050e-02
-5.250049470653683770e-02 -6.440195237751167312e-02
-2.230549594715618422e-01 -6.598149660944296890e-02
3.756228981945519685e-02 -2.806729455623377945e-01
4.401739012882721624e-02 -1.434342289935740533e-01
-4.222804400511180889e-01 -4.500993560916499714e-02
5.568803279412992691e-02 -4.375748993671668696e-02
5.760184668560086596e-02 3.178166262115444951e-02
6.149183425768345312e-02 -2.784909992801554157e-02
-3.927629697086305605e-01 -5.454309435890714042e-02
