-1.406767102285153559e-01 1.347407664556576901e-01
-8.934052031134032124e-02 1.441738352806838375e-01
2.503523540470350417e-01 1.622046974883042392e-01
-3.602928584859589334e-01 1.532216271926672979e-01
8.211670811129645475e-02 -2.143124215676269761e-01
4.309710284773081712e-01 1.411352908899452530e-01
7.431377841711961363e-02 3.669283796159825695e-01
8.712674043760393339e-02 9.128030126006014822e-02
1.596361227393683357e-01 1.490441855774723434e-01
7.872078688204542374e-02 5.124718452550325321e-02
8.731064395327448047e-02 -2.983234450392865389e-01
5.620444458250273279e-03 1.749018199805459917e-01
1.519361239127389185e-01 1.484532879375571879e-01
7.057239330952036482e-02 -4.323612031231854891e-01
1.068549565080006980e-01 2.499489150100703272e-01
4.587303269914109194e-01 1.645645105509521144e-01
-3.545441429174363002e-01 1.401368457656828603e-01
-1.589053360666015102e-02 1.378288824091853382e-01
1.096245385431645625e-01 2.609536808405485964e-01
-4.072888125652409652e-01 1.770388548910651894e-01
1.291334198090009489e-01 1.644425209814295297e-01
8.811075381858912703e-02 4.129818843381182214e-01
7.954965324431984008e-02 4.181311341726956510e-01
9.316372279886142582e-02 -1.879353569020136838e-03
1.096881804706079100e-01 1.314983470939934396e-02
-1.523042542835084667e-02 1.808050603838969872e-01
1.070819943946479391e-01 5.432435263756807409e-03
7.399644821043283027e-02 -2.442077000895508387e-01
8.065840533787604905e-02 -1.930031391236630700e-01
2.509310877083251734e-01 1.453167795907537307e-01
8.731367505793696804e-02 -4.506346916110759437e-01
3.046939065749511011e-01 1.693013243677273794e-01
-1.852219161667912894e-01 1.774378603915791608e-01
-1.928019018627031844e-01 1.319646343745555228e-01
8.911655851566391284e-02 4.889024401407849885e-01
9.657575935707007897e-02 1.782406507527014572e-01
7.609522625677678231e-02 2.274201891304484802e-01
-5.100572402331149391e-02 1.851384776571735058e-01
8.001528790901435428e-02 -4.509657994413465154e-01
1.767933968219792540e-02 1.446299822547765235e-01
-2.064351079579984649e-02 1.777532592443556991e-01
-4.834425848487829969e-01 1.836951209432640120e-01
4.064791972951441457e-01 1.764360639464779279e-01
1.041772672771317243e-01 9.012551928151946168e-02
-3.856413302285222056e-02 1.653807732849553735e-01
-4.604657621063545925e-01 1.434231971920656434e-01
-3.983950880581959009e-01 1.316947741281755402e-01
8.387876024299234512e-02 -3.677111347369806937e-01
1.045587504934357703e-01 -4.963551861782764529e-01
-3.356028703294983151e-01 1.647702445761153323e-01
1.199379521419016159e-01 1.684436708992902432e-01
2.155701995683123595e-02 1.506439675615363072e-01
-3.620131651928594207e-01 1.721060554605102766e-01
3.601906196603812393e-01 1.360478483103234604e-01
8.196066088108378000e-02 3.552898481272255271e-01
4.679960883945188943e-02 1.758685952646158457e-01
8.458892747316981708e-02 1.252628147726069230e-01
5.625958286024013155e-02 1.382655440474264141e-01
8.668910766620896435e-02 -4.340343946492930538e-01
4.042591284192251777e-01 1.845812011733332092e-01
-2.806698294594792698e-01 1.736359535254626829e-01
-1.207036707037701939e-01 1.683125340636592027e-01
8.326530629368855685e-02 7.025456924865569608e-02
1.076065384545090708e-01 4.958906279858732447e-01
-1.771888757620999622e-01 1.482173239348905103e-01
7.879991283972598293e-02 -2.125800193661508963e-02
7.573613912016252669e-02 -1.551159311504780591e-01
8.301085932787011235e-02 -4.498100583701649668e-01
2.411125735826084027e-01 1.503040688654271317e-01
-3.946877599556289917e-01 1.439526179148105101e-01
8.425013830531602466e-02 5.107793694262563466e-02
2.986863426586416903e-02 1.730937557900538160e-01
-2.832029488529201888e-01 1.784001796690016794e-01
8.814254496814899476e-02 2.642469882371811796e-02
1.094064383270507701e-01 5.165182411571345167e-02
9.245387159709350655e-02 2.846952406344316344e-01
2.740576799207460335e-01 1.833194920551232121e-01
7.805213263044985528e-02 -2.125233925193920070e-01
-1.706438039217155200e-01 1.758122805505861752e-01
3.755618174833297296e-02 1.608099969270131435e-01
8.112168122469731735e-02 -2.411663974119063747e-01
-4.577992503951996417e-01 1.476855954401907756e-01
3.056508139888454156e-01 1.810846252680627932e-01
2.304870938901004696e-02 1.325641335198468607e-01
7.750891472822862838e-02 3.108664864475941814e-01
1.838911779502797605e-01 1.827589450236096758e-01
9.249510681195716177e-02 -2.773232220963085526e-01
8.094271455167645346e-02 9.792894438692667514e-02
-4.298584743348036197e-01 1.715204900982845171e-01
2.295140735876211036e-02 1.838500894268835228e-01
-3.729081468346157058e-01 1.418178360644386515e-01
2.622401203347597409e-01 1.531505767606603508e-01
5.723338686299095368e-02 1.774463211091962256e-01
2.892540085272710115e-02 1.320645924844696673e-01
-5.975270449866321165e-02 1.664820236858449709e-01
-2.083811316498108690e-01 1.851474263617478577e-01
-2.680621036685741920e-01 1.314376509167439755e-01
-1.833095410587770591e-02 1.814883998095785378e-01
9.765690303475482725e-02 -1.715921045925058452e-01
-3.130638611435287988e-02 1.522320847132789812e-01
1.015535423582122343e-01 2.858397167847513964e-01
7.627922408214415917e-02 -4.747875511675259119e-02
9.683869005001921604e-02 4.935971188293112322e-01
-2.330059769959154092e-01 1.610852553891525263e-01
3.929395998288749414e-01 1.846603904080227343e-01
1.041581017319437308e-01 -3.403695238419479629e-01
-3.667728879805143283e-02 1.573158426843700441e-01
3.883507522436511206e-01 1.507060694766459985e-01
-2.870046134987365161e-01 1.686567438405441877e-01
7.312460623132577275e-02 -1.228689253124694014e-01
9.341411960410817006e-02 -1.377016411388198858e-02
8.351060307197055721e-02 -3.858332043183898552e-01
4.496533776792308590e-01 1.513588811831017011e-01
4.920746609036493746e-01 1.785314375500363093e-01
7.339723240864681753e-02 -3.385477604824592701e-01
-2.335848263040785078e-01 1.378187361175589043e-01
-2.168662311503755102e-01 1.455397056907252740e-01
-1.847325947999307605e-01 1.313400176759873528e-01
1.327529546569375940e-01 1.734711680892272456e-01
7.968480365127816878e-02 -4.588893806889927651e-01
1.114457772799841706e-01 1.695443846520168218e-01
7.335459735416338667e-02 -6.271180022635469697e-02
-2.505274713497791517e-01 1.746446423892717981e-01
1.003225840328387797e-01 -8.566990106354599455e-02
2.964084804913243998e-01 1.599922795393630137e-01
-3.146962223053603180e-01 1.564726706209724760e-01
9.875885348485147208e-02 -3.387800252227083364e-01
1.876408083039550201e-01 1.422613353779133005e-01
2.552248827697911615e-01 1.565649147882155479e-01
3.096484154701125702e-01 1.539613683974601077e-01
-8.189696504924270926e-02 1.519195668968061907e-01
1.055695152871308773e-01 3.699505832918578152e-01
2.880662786930243691e-02 1.738861936053993640e-01
-4.757941076732851160e-01 1.534592107840048181e-01
1.634677370982200451e-01 1.806319727905701944e-01
4.940264017153829235e-01 1.553427034341521296e-01
4.362060193876591274e-01 1.687057104202854818e-01
2.623627882291778013e-01 1.750594188056109335e-01
7.572648621933764090e-02 4.086285805927439840e-01
-1.190310889867118860e-01 1.376033280205044562e-01
9.873683745100469977e-02 -9.516582375394277982e-02
8.975649682872932633e-02 5.092023122587074901e-02
-1.555837280879500684e-01 1.542805725610514322e-01
9.971395156291384954e-02 1.211413862938393038e-01
-1.851852944234000375e-01 1.372988305156219724e-01
3.904918647273921684e-01 1.849708051483337501e-01
8.159800370476466558e-02 -2.429153890488252587e-01
-1.869222382767721236e-02 1.325763371415260572e-01
1.237120635328352591e-01 1.420704836404953486e-01
7.209802380627139406e-02 2.935330791268013773e-01
2.357790124401056842e-01 1.632947239953628227e-01
9.506506063933606310e-02 1.165078771680005953e-01
-6.042381011256570122e-02 1.740080791730248544e-01
-4.374075016829721552e-01 1.332966767254378793e-01
3.010589221334316612e-01 1.597962094796867571e-01
1.853304259807361243e-01 1.365269196210256997e-01
-3.806739751148850992e-01 1.786161194291085996e-01
2.857293318525344628e-02 1.341731507938420664e-01
1.053092852132295754e-01 -2.534073980838835727e-01
4.613933122523917740e-01 1.806491093897842903e-01
9.878983803375118722e-02 -4.011683535981394044e-01
8.369350074403403283e-02 1.463337453248350073e-01
-1.253518766155272690e-01 1.439396956881612288e-01
-2.935515231990971641e-01 1.721571211802411794e-01
7.594627216614568965e-02 -4.196349123808208459e-01
-9.641568598934657786e-02 1.606942943952326397e-01
1.050422944437044981e-01 4.694247359098663308e-01
2.619521913894254928e-01 1.377698626945760285e-01
4.042217919098978207e-03 1.614171780061808281e-01
1.063736660951307700e-01 4.380604561506009631e-01
1.102297759779975461e-01 -1.817341658940474503e-01
4.733460544136987025e-01 1.760848448886340734e-01
8.198391304881236241e-02 -3.888533790262446166e-01
-2.573459216448497067e-01 1.573976124369107499e-01
7.225201927581370587e-02 -3.950224306345784253e-02
9.024968118217435720e-02 -5.385432144536694832e-02
1.344591011090190413e-01 1.329508721506328373e-01
2.945308370038250967e-01 1.699796511881721539e-01
7.455709107643548883e-02 -1.795667341754275670e-01
7.125144282027962017e-02 -2.650597475425361393e-01
8.050333745686888420e-02 3.350776741884922139e-01
-1.268681429190403609e-01 1.378181491307903794e-01
3.232685575844458370e-01 1.590189687188302559e-01
8.498243739612498793e-02 -3.125288222975853847e-01
3.380470367942023380e-01 1.480165242407494031e-01
4.286562272464992107e-01 1.520351069995112825e-01
1.021808030275296320e-01 -1.441275490978803919e-01
-2.605640927026242615e-01 1.362652950592218026e-01
-3.220005635709813907e-01 1.616255902603112027e-01
1.871190437288982045e-01 1.765856479712271110e-01
-1.362181236849679955e-02 1.464403298467421566e-01
2.566911642948811467e-01 1.343573024304478558e-01
1.635054546391023766e-01 1.807934826487997970e-01
1.104038945177201470e-01 -1.505286261407932091e-01
-3.183192416010840464e-01 1.675328643110770566e-01
7.179521466608629332e-02 8.940567712654912125e-02
2.114984163669614281e-01 1.347705485364493194e-01
7.553980901571488715e-02 3.643905530692124195e-01
4.230065903148367834e-01 1.380991056780642712e-01
-7.452681397318816625e-02 1.429251130779287671e-01
8.089976329974402081e-02 1.321448035686321187e-01
3.118837997548744578e-01 1.580942892349832540e-01
8.762904480567990095e-02 -1.980703256477622798e-02
9.326523264085151421e-02 3.475258577945130600e-01
-4.345157361255751471e-01 1.344218714426786976e-01
2.690347073330559002e-01 1.347598518070440843e-01
-4.971726524410570169e-01 1.311599661573817910e-01
8.909287378511521194e-02 3.215873940630233907e-01
9.725006440049810408e-03 1.844647034928511564e-01
1.091558820704090493e-01 4.182315332050730028e-01
9.142663401224115916e-02 2.217732877677519587e-01
7.538841526569217688e-02 2.331931041096058088e-02
7.486951103955008513e-02 4.963719056994484458e-01
8.340813691196136137e-02 -7.809498534756431631e-02
1.078323560997449526e-01 -4.581973111089753248e-01
9.883270641104946463e-02 2.870763209619792145e-01
9.747025364245276435e-02 1.422327079953578099e-01
4.747730970864274536e-01 1.774516694067603817e-01
8.388080189530011666e-02 -4.171860235209842171e-01
1.000739320985203351e-01 -3.572733852681670985e-01
-3.365129062618243960e-01 1.416077032347090592e-01
3.952569823000460225e-01 1.821441872059482714e-01
1.102361970725197482e-01 -2.404810955632945557e-01
7.283903138072889138e-02 2.096345502616371315e-01
-2.077676277996109988e-02 1.752565362494067358e-01
2.201098938449963516e-02 1.768205960584818826e-01
3.084729688189069563e-01 1.637150624655230313e-01
-7.585461222470213372e-02 1.591929427424372268e-01
3.173109036317258713e-01 1.840384563340023982e-01
7.638018137217128523e-02 2.582858417565239151e-01
-2.722274116515583930e-01 1.623673336352917662e-01
1.489051186652391445e-01 1.643272269749653791e-01
2.831764495152429006e-01 1.800480236606536444e-01
-4.516214847803823318e-01 1.520832972315250275e-01
-4.582655927468969326e-01 1.751094670258708241e-01
4.373023838139314945e-01 1.821945139222017618e-01
-7.087986171773519306e-02 1.763097424486123055e-01
-1.669891318500029698e-01 1.669478879530174043e-01
1.833279445255679985e-01 1.784240166606183564e-01
-3.009763154485473047e-01 1.691604019112193935e-01
9.742049332679469931e-02 3.284216511737737543e-01
2.706871240040357174e-01 1.598718202275799527e-01
1.310655555645436898e-01 1.482115800819101548e-01
3.986721157553461126e-01 1.418134957265183571e-01
-3.088023441596415841e-01 1.693292961396293261e-01
7.433986609629616993e-02 -3.632112356696046707e-01
-3.413167606866237547e-01 1.564497247068976638e-01
8.536699626860211332e-02 4.347107972387194152e-01
7.981032672377774695e-02 3.486885594991216974e-01
3.289349999495189136e-01 1.695675882792591072e-01
-2.945126694945567891e-01 1.328402208847002663e-01
4.090695872044122217e-01 1.309243294253323864e-01
4.615853894867167906e-01 1.482746525950291439e-01
4.272206925184539594e-01 1.645794984216991663e-01
7.526234269754372708e-02 -4.739324968712189667e-01
-4.133548833733040606e-01 1.437693507455580777e-01
8.097781734211306759e-02 2.902514834986600345e-01
-4.354625112352026317e-01 1.831828512311484136e-01
8.324450337479383233e-02 -4.469904514389066996e-01
-3.270822891609629357e-01 1.340397221974543029e-01
9.127177474873870988e-02 1.510865190860697371e-01
3.608576557527857220e-01 1.465286496108192393e-01
-2.376694266298291502e-01 1.755350653645483261e-01
7.954095671310779103e-02 2.647448354381769509e-01
4.878798614991187721e-01 1.566147236279020749e-01
4.512039391038870084e-01 1.389081272235050957e-01
9.908406558961180277e-02 2.560780616574852564e-01
7.084662998480528717e-02 4.666350291582936904e-01
1.527598415276053556e-01 1.786474328448014459e-01
1.095706086869090434e-01 4.876601097405937058e-01
8.193538824941304366e-02 -6.354086872174968814e-02
4.754388630289680950e-01 1.855417568407757845e-01
8.102543096645342668e-02 -2.008390397152980400e-01
-2.996615176536414626e-01 1.593684217106569045e-01
8.786751513645740808e-02 -4.094551165060589248e-01
1.079640981586287296e-01 2.394786692932004968e-02
9.880469746875020221e-02 -5.952625220221363644e-02
9.822018965826029291e-02 4.353346131239226313e-01
-4.474790124791946377e-01 1.823309871717311292e-01
9.013070988191118627e-02 -2.307488326317774785e-03
-2.303189182174437688e-01 1.663528763114664466e-01
2.874736800162767114e-01 1.427968494456868243e-01
1.064576912324548541e-01 1.951323752215854412e-01
2.341578287820860194e-01 1.661481100283714873e-01
7.931967064382527965e-02 -2.029929128083942658e-01
7.372283570883131354e-02 -2.701951126861491526e-01
9.373565857605714591e-02 4.412508434873030350e-01
-4.981696214226275510e-01 1.529655949426599326e-01
1.694544220821236902e-02 1.827731591296251068e-01
1.046686331559789629e-01 9.292707955282131227e-02
8.138111413303916741e-02 3.126536783981975764e-01
-4.542501476315158326e-01 1.861530518646988819e-01
1.773846047432039441e-01 1.499717252267834811e-01
-1.210896682298360227e-01 1.604422012639198369e-01
8.608244369750928104e-02 -4.531290670987574432e-01
-4.418130319881174994e-02 1.756608807561993446e-01
-2.219141091057074133e-01 1.436042450809754678e-01
1.064860555222042482e-01 2.383720987878193975e-01
8.026514954593799711e-02 3.166492390004144175e-01
2.978196980787519710e-01 1.370509811555709057e-01
-3.548057910769271128e-01 1.356203668809090601e-01
7.517507338066609091e-02 4.501137984191929675e-01
1.060028036036125831e-01 4.566929172780032076e-02
8.478229842204321187e-02 4.149631865166770739e-01
3.030303627762386265e-01 1.770906843569597378e-01
4.823521651700006796e-01 1.312131441745914007e-01
-1.320882526386388811e-01 1.828118173317223594e-01
9.314456260274239785e-02 -2.063703697907940393e-01
4.562011033288039252e-01 1.325294955571957312e-01
4.492873170465390142e-01 1.422962943450435391e-01
2.670665148086273089e-01 1.368232635496519078e-01
8.702419721337140146e-02 -1.351185162905845782e-01
9.101588109682079430e-02 2.142626340630434667e-01
9.684265153239457469e-02 3.011874574191830689e-02
-8.490110216830937251e-02 1.305113296809657930e-01
9.909874460701528776e-02 1.435680954845406365e-01
1.866178407952541196e-01 1.499982248756474013e-01
2.532601172463799788e-01 1.655339178065899919e-01
9.618534810258849710e-02 2.795428107281546781e-01
7.989275900286363363e-02 4.917806972329784587e-01
-2.258869629180816352e-01 1.687922336424428904e-01
7.486246982669275685e-02 1.419519591374420742e-01
8.922517283033981617e-02 -2.954461910423696880e-01
7.207108591864863634e-02 7.384125759723092486e-02
-8.793966592182567155e-03 1.606687341222066134e-01
-2.793571545461526195e-01 1.398729016883970555e-01
3.309787321010370098e-01 1.340829412797738263e-01
-3.739104984430386969e-01 1.322074717878687355e-01
-3.035683361442600425e-01 1.315152349505237517e-01
3.467375169492538101e-01 1.515271103010762399e-01
4.757056343753104377e-01 1.558082073823432445e-01
-1.939122097420631352e-01 1.845883113028505829e-01
8.450372299966935064e-02 5.951404384839120709e-02
-2.617643769584077074e-02 1.677329281997934629e-01
-2.777077629876605336e-01 1.573641793435271996e-01
1.086282386726784566e-01 2.195684099684845902e-01
7.813799867428172785e-02 -1.141187349997087042e-01
-2.355644594926340485e-01 1.538050382498160618e-01
2.691103802585116389e-01 1.362982121481000064e-01
-1.806337277196817803e-01 1.582958990457833393e-01
9.805745358564987857e-02 3.940963128791064030e-01
4.544334435461507837e-01 1.415247102720497141e-01
-2.716585818555109499e-01 1.413401028657981229e-01
2.669478967498910560e-01 1.778381568639866295e-01
8.892590261417221420e-02 -2.471229434985601214e-01
4.525607129010250640e-01 1.747307646032735251e-01
4.468889390681786145e-01 1.794088049250709416e-01
-2.372290576788135263e-01 1.548545200075159833e-01
-1.060665724038973856e-01 1.480312609801421875e-01
-4.464363117610988807e-01 1.455933461721791167e-01
-2.738510211445839282e-01 1.779146920593548398e-01
-2.766124975782240369e-01 1.832038419912820348e-01
1.018209385812789414e-01 2.527227095220008213e-01
2.454986319904588488e-01 1.702451089769292381e-01
2.060403669490723511e-01 1.336768052871379897e-01
3.794019224576885563e-01 1.392413436063413279e-01
8.932128647213977146e-02 2.604384053651294106e-01
-2.118660970634478335e-01 1.318598630207606925e-01
8.414006947825702909e-02 -2.962424663937335279e-01
1.907654691681200942e-01 1.802669324335993695e-01
9.482363496171675177e-02 3.086891597864735992e-01
-3.515169097042644131e-01 1.303019531997864355e-01
8.657778757743717080e-02 1.158487797251761542e-01
9.145642637669182395e-02 2.568092441820578609e-01
1.081230134048698499e-01 3.057842204213918613e-01
3.374631656573384708e-01 1.396345487891913484e-01
9.051179450015522931e-02 1.373510961989201640e-01
8.841701679375724154e-02 -1.370557275945323283e-01
3.575061209626060332e-01 1.355654248359212666e-01
4.475662111800233767e-01 1.660522861635688185e-01
-4.520125329722163299e-01 1.822383707564021460e-01
-5.618892429204258576e-02 1.761084490653533896e-01
3.987559358778497431e-01 1.534351029690086410e-01
7.180543293106023128e-02 -2.161549514808921435e-01
-3.730671571681647425e-01 1.352951171397143160e-01
7.706356322551333182e-02 1.201291602416861837e-01
1.061423216189335550e-01 -2.999900827599336628e-01
3.093514859711196108e-01 1.682326837426236787e-01
2.866311773726215595e-02 1.832643097430829426e-01
9.765778421928850150e-02 9.941516003469907936e-02
8.413887428676769531e-02 -1.996848008251674855e-01
7.887154184319622452e-02 1.780469219720322016e-01
4.260005301808010847e-01 1.493696941369204723e-01
9.431201706198744095e-02 1.240461210028922512e-01
4.613081423904040745e-01 1.606011440557622016e-01
7.548758970025326587e-02 3.985608777416740356e-01
-2.985409043169618970e-01 1.852613000939883348e-01
-1.514814778909967519e-02 1.310811178524198262e-01
-9.285909931487268398e-02 1.659533471914232949e-01
7.565192390081953988e-02 4.656380234093661086e-01
8.196697687390674947e-02 5.766432185948644484e-02
1.046123231933770992e-01 -1.873378152788588435e-01
-4.822525080408448517e-01 1.524456099377570206e-01
-3.260945613158258150e-01 1.665013350519652935e-01
2.501938138675652290e-02 1.384827779414019577e-01
-4.265751680549263458e-01 1.483714877538557797e-01
-4.287047267313270904e-01 1.438720350341483600e-01
-3.356028186424081516e-01 1.593887778338908268e-01
8.911868722327320747e-02 -9.566713496582435194e-02
9.970557127852786028e-02 1.692252920156812612e-01
-4.904136270489376503e-01 1.378373639521128791e-01
2.003046212336683229e-01 1.546660534906069140e-01
-4.486428492844387605e-01 1.607698397587544736e-01
-4.229545681427552273e-01 1.699100120224082966e-01
2.001217679916081904e-01 1.466567412368503520e-01
-4.323602371198644878e-01 1.812284446659846449e-01
-4.912730566655931774e-02 1.841278614366481658e-01
1.235579336184974286e-01 1.482857369357279964e-01
1.884016656598380690e-01 1.531838510898556605e-01
8.811277982571175116e-02 -3.556588113074956592e-01
-4.300037994064134228e-01 1.637904541674627401e-01
-8.344252063722179535e-02 1.550704038610034585e-01
9.954984989473458779e-02 4.334601481606707996e-01
7.670123235424897157e-02 -1.763159996693716147e-01
3.817035443492403646e-01 1.642285713211525389e-01
-3.711368988154357673e-01 1.553549978145473132e-01
8.283833489939740335e-02 2.113479954999516464e-01
-7.322176930441270937e-02 1.552054283117582090e-01
-1.423443357489623251e-01 1.781025781678478026e-01
9.295986786531862389e-02 -4.840849794782317028e-01
3.004837955999398735e-01 1.515133094013062509e-01
1.097903180829934433e-01 -6.582373064045832223e-02
3.384893931496916197e-01 1.303482707914008776e-01
-3.669283643677977436e-01 1.350116696323684362e-01
3.495972955200323806e-01 1.663977184698333112e-01
1.740405844732816343e-01 1.581659750600179493e-01
8.332656640179791907e-02 1.253152918457556275e-01
1.043645477203875016e-01 -6.885798260329434317e-02
2.807897071391850519e-01 1.598323913617780700e-01
-4.888629234525488920e-01 1.698152498589434733e-01
3.869254526324650278e-02 1.528299751505204362e-01
1.108984309693604731e-01 3.211172889084193960e-01
7.630927821876165584e-02 -1.688699187671315327e-01
1.105975586870667771e-01 -2.394863963746932667e-01
7.140247349814021760e-02 1.339385497986123053e-01
2.678611821743478449e-01 1.618986815656549005e-01
1.466512868842251294e-03 1.517700492088616127e-01
7.547799340889838060e-02 4.270130785187379319e-01
7.447601432922368314e-02 2.740852761720966591e-01
-9.122158648869360675e-02 1.568042870833411540e-01
1.793592700973245524e-01 1.830799610987633441e-01
9.134373609924084647e-02 2.570511584120469539e-01
4.242651058761771621e-01 1.779995648145565879e-01
4.117931142837579772e-01 1.510506338287923578e-01
-8.566902604074200234e-02 1.684469416591004576e-01
9.313027933547812776e-02 -2.714394413585574650e-02
3.738778416986749953e-01 1.835743763184570776e-01
-2.050953148051543051e-01 1.671553620102296245e-01
-6.129929764151864635e-02 1.671728070022432400e-01
-1.557610137265408312e-02 1.692212468082924248e-01
4.490018586715842641e-01 1.696166628762465489e-01
4.468612163585642394e-01 1.618490836581262249e-01
9.476365641771899995e-02 2.600224931131085437e-01
1.063748146575386189e-01 -8.169363180502808852e-02
-1.210582397917333575e-01 1.583640720839598615e-01
2.510588189318031516e-01 1.639228003894991348e-01
9.060906710979821366e-02 -1.520527089656144026e-01
3.638217432863086742e-01 1.662162378386830008e-01
9.978829845236125706e-02 -4.212708045102366849e-01
7.200607032212824610e-02 1.261296948465171486e-01
2.050744391800701782e-01 1.352621134280203030e-01
-1.670992730281261052e-01 1.409919367672002322e-01
-2.822358430039829669e-01 1.363783381190026844e-01
-3.320291065661524765e-01 1.722131410834916165e-01
1.151189674754233838e-01 1.589181949733329269e-01
8.232977606165170492e-02 4.789684510056649858e-01
