4.020870979035102710e-01 7.674208878116628441e-02
7.352197334857946132e-02 -4.486090123866051105e-01
-2.178584377432861707e-01 8.437187131512624561e-02
8.456932478748868665e-02 4.371415751088358892e-01
-1.941441708453292003e-01 6.623720928946175146e-02
7.498033200162945722e-02 3.429647134556371713e-01
-2.889207143617231743e-01 6.826014774925592832e-02
-1.595962584792615102e-01 6.068833292652053846e-02
5.095942585456481044e-02 8.248812434082775091e-02
8.776883838373816804e-02 -2.146005071848455792e-01
6.019734051835934352e-02 2.339290501806675637e-01
2.008655585841202518e-01 6.724834885075670066e-02
8.296902307162923318e-02 4.190418731642763239e-01
-2.745016741004465688e-01 5.138169608820652989e-02
7.245187958541110529e-02 2.322711922440833243e-01
-4.499198449824738377e-01 7.069874429889833056e-02
1.703841710942666232e-02 5.940041945109997279e-02
8.094668978544461435e-02 4.128082899095675273e-01
6.696635268418893450e-02 3.878683025521737493e-01
-4.807267728321353850e-01 8.616483694087317957e-02
2.947335185587637296e-01 5.797514253551161456e-02
-3.486073179046080828e-01 6.641091011377975306e-02
7.709170690772226830e-02 1.322934209129700278e-02
-4.827730672799809275e-01 7.209206311191462824e-02
7.302649721692422435e-02 3.489502274219492550e-01
6.129448426305006414e-02 -2.571677603565428738e-01
8.418787852710529762e-02 2.609127426523362159e-01
8.123532971033131656e-02 4.296952898372699003e-01
-3.073621768522649678e-01 7.495415346776890253e-02
4.942138248693302982e-01 8.193710643911822356e-02
-4.798761964297232341e-01 5.420489008475970483e-02
-4.954871519194303797e-01 8.646191134691738611e-02
2.787404927652200604e-01 8.009614803347242518e-02
6.436506092351113040e-02 -3.073936681968829632e-01
2.174864875781072904e-01 8.415255835124735295e-02
6.590702435658957192e-02 2.641220213480981460e-01
8.438326652722449861e-02 4.207750954492291973e-01
7.301355521212804511e-02 3.586548567854719316e-02
-1.279741496690062208e-01 7.895194055267451549e-02
7.641956306418928868e-02 -4.118620296828193750e-01
9.127540798935784849e-02 -3.699047127010852698e-01
7.296568391641777840e-02 -3.064819930474642629e-01
3.372515020137574204e-01 6.000372091897232529e-02
-1.900931394870799540e-01 7.203006077795215401e-02
-2.297681426920112902e-01 8.298258649200929149e-02
4.244502075992606649e-01 7.367015211485350434e-02
6.536656522104900002e-02 -1.899191377947886394e-01
-2.829154734427755669e-01 7.595959935572682564e-02
7.909533141703284365e-02 1.759187383673308513e-01
8.800815976746068081e-02 -4.959675017020932497e-01
8.461981680099717185e-02 2.311383791223173834e-01
3.814516026653359537e-01 8.232347648331839185e-02
6.276687943070635711e-02 -3.111613427839432511e-02
6.000682330947459953e-02 -4.584391205727610386e-01
5.748767592887904510e-02 -1.810375515027100590e-01
8.007262885783672512e-02 4.754677203162469556e-01
8.410196992724150444e-02 4.656380490405511718e-01
-9.838180115889794131e-02 8.760715640173921681e-02
-9.460027714928498366e-02 6.443056928044899045e-02
7.331816925473710889e-02 3.116370532799668247e-01
-4.137777709857237696e-04 8.298549995716841821e-02
2.277974505198414601e-01 5.636948532246510712e-02
5.669896113384653713e-02 -3.816028353539834272e-01
8.502303100446739759e-02 -3.275082652711649445e-01
7.622811074839874745e-02 -2.455325043177285504e-01
6.951465180249771780e-02 -4.887032373262337748e-01
-3.384239223597391710e-01 5.838855778987572798e-02
8.519800114701425731e-02 2.708786742054447583e-02
3.153609953714452407e-01 8.184436668163419526e-02
6.291357126663077448e-02 -1.958567118976906052e-02
8.895684130759573538e-02 -3.646906104299775242e-01
-3.699307004137684096e-01 8.023556727607050743e-02
7.585712503393993167e-02 -4.998565388891700323e-01
2.319235430751294125e-01 5.964422497480137420e-02
-8.860270357145305642e-02 8.481173492519133994e-02
-4.397896927334780104e-01 8.325326746011774137e-02
6.363317724637740369e-02 -1.601220977161416092e-01
3.161457262581023331e-01 5.656188471740020152e-02
8.070078740288122443e-02 1.068651595990711689e-01
-1.156771391753955713e-01 6.321353220730752120e-02
8.051628565031276885e-02 4.907737547915037579e-01
3.919204222918426517e-01 7.976058610913694391e-02
6.291356244448598201e-02 -3.714952977201353423e-01
6.363364663683490630e-02 -1.954417901834155646e-01
9.085345700026825622e-02 -4.554161870367990916e-01
7.053889275942604176e-02 -3.288981479952942655e-01
6.617872603505869922e-02 2.307651192182301747e-01
-1.795281006048198291e-01 8.599407579034779037e-02
-3.076318088919368643e-01 7.618722118518639341e-02
8.302757832550222705e-02 -1.865802894924579736e-01
7.279257860233312449e-02 -2.186815315416549277e-01
5.536448335630206330e-02 -1.139875954897281440e-01
3.855201033585597958e-02 6.228056187205111005e-02
7.066186498743054489e-02 -2.091000922151614594e-01
8.265659217276577486e-02 4.658006640465029990e-01
8.139102524596675270e-02 -4.198286636616195278e-01
-3.650935793614508151e-01 7.492179594445846913e-02
6.933379310351894809e-02 4.591190950518726499e-01
5.812903879452901990e-02 -1.333554393342039068e-01
-2.715058839361862431e-01 8.163246163437687386e-02
3.481327909427744949e-01 7.250328434653430243e-02
6.714968155830824958e-02 -4.854097684510056965e-01
2.655655949303399321e-01 7.778270691148225779e-02
8.303144496617664849e-02 2.407611995802005911e-02
-8.674944846392362852e-02 7.030033621573994473e-02
7.561082958732501247e-02 -4.474125263323698309e-01
2.590965444643575921e-01 6.832173825895260233e-02
7.068010769751431610e-02 -1.262646479161262381e-01
7.454629963026071504e-02 1.894782442430572589e-01
-5.384435430828338198e-03 6.972706158893104966e-02
8.764653184737603020e-02 -4.174245426561777883e-01
1.438814455658460334e-01 6.537728430615541431e-02
6.710915115134030717e-02 2.164934092006903787e-01
-3.925131584934598017e-01 8.436480597919415736e-02
8.802805965122051379e-02 1.377633379375540201e-01
1.741436541619646450e-01 8.593653399127743064e-02
2.150875772177035516e-01 6.235449847703755655e-02
9.106458734519973230e-02 3.795444856674057288e-02
-1.893919869300446646e-01 5.258912788768921320e-02
1.873357802248867277e-01 7.307057644489400872e-02
-1.119637243654496572e-01 8.451694154219069333e-02
5.631402211050495765e-02 -1.899453528640842048e-01
6.547634384318190559e-02 -2.631091763906678871e-02
-3.653172320541293594e-01 7.417587598479846722e-02
2.228086782887035433e-01 7.054010522769549318e-02
6.870743885091623593e-02 4.411780629859077818e-01
-2.290804337523184575e-01 5.497593076379314603e-02
7.085643697909171923e-02 -4.187041260002692944e-01
7.970512241143146159e-02 -2.465927926543964865e-02
3.184323120650245365e-02 8.341850292892782903e-02
4.462571600142241079e-01 6.085293701574367997e-02
3.081886809861454912e-01 7.334674092288639979e-02
1.904269007153913673e-01 6.762881726746794442e-02
-1.396027355280952120e-01 5.261901275074742923e-02
8.425688394799490943e-02 -3.365339284009281062e-01
6.731886677422482812e-02 4.702538212455131816e-02
8.579828391334709536e-02 -6.402401918685185489e-02
-2.081548533912354060e-01 7.176756246131987815e-02
6.999919761401118823e-02 -3.889304270352688109e-01
7.216525222109304583e-02 -9.585350410677362376e-02
7.499090791017237745e-02 4.730648009654019326e-01
8.470225440388878813e-02 -4.631655285873297334e-01
6.214142268384026391e-02 1.002350050468062692e-01
3.636849769302255009e-01 7.601966588487452103e-02
7.823567513412510444e-02 -4.634304671810905996e-01
3.926176765877087416e-01 6.727345853183641644e-02
8.716835591599259025e-02 4.506519260704231478e-01
5.793601593673358696e-02 3.113489376216134197e-01
8.233350882308221319e-02 4.777364193363654588e-01
-4.451367168290559784e-01 7.302734261579624242e-02
-1.496724715215409507e-01 5.805283592218157818e-02
-4.578466026785188436e-01 8.337571546979849479e-02
8.302550564186150783e-02 4.980549749273111004e-02
4.137367822017934404e-01 8.066306696982972202e-02
8.092952011480658570e-02 2.856647063028082689e-01
-3.353539145146777756e-02 7.313231218383098309e-02
7.221402633668994042e-02 -2.373032859540932238e-01
7.491336098366374596e-02 -4.597545752468201741e-01
7.412381306104676160e-02 -3.266846739174348313e-01
5.798068039170423127e-02 -9.746444588980751611e-02
8.305501400739823126e-02 -1.200931208412923112e-01
8.144942724783765797e-02 1.883560827874142252e-02
8.896369003596460434e-02 4.473149828388085503e-01
7.960269150776810854e-02 2.816287257388617737e-01
3.665457849284975422e-01 6.007921321546538795e-02
7.752395907213938120e-02 -1.001503173619666676e-01
3.446835165971948722e-01 6.067726769229542239e-02
6.667449717269158249e-02 7.866843155550928834e-02
3.116474920888054889e-01 5.924903720489638204e-02
8.171777334712859719e-02 -3.375610566764200016e-01
9.021433428351111061e-02 -3.583935861823287494e-01
6.657777280171373047e-02 1.556121034725913566e-01
9.219660298208876004e-02 -3.275768960428133703e-01
-1.527427389979209016e-01 6.734254856466626027e-02
-1.407555889862134313e-01 8.618972540613023536e-02
-3.606190570935239315e-01 5.808721704519326234e-02
5.914108038916188193e-02 -1.105845597868716501e-01
1.110499396236885872e-02 6.480583020759556057e-02
7.198540685116550097e-02 -2.068451725252941076e-01
4.451470703926040384e-01 5.713061370649563653e-02
6.029269775205325921e-02 -2.169113874661671160e-01
2.156315234657725233e-01 8.403323279107888233e-02
7.245526697886928158e-02 4.410237311436415730e-01
3.867486441362202321e-01 6.567434843284825075e-02
6.288482867885136773e-02 9.500148873906844038e-02
9.059179356001101358e-02 2.310302446418428524e-01
6.610634120304570427e-02 1.472604572709336201e-01
9.029645810380437787e-02 -3.828712094598674121e-01
-3.878622639287782059e-01 6.445680868762437843e-02
9.109641319621530897e-02 1.302829252297290630e-01
-1.722793269641248459e-01 7.081639128694638963e-02
9.533190786566969610e-02 7.420611256827835955e-02
7.458665576418732623e-02 -7.434227472260768188e-02
3.771442930547832528e-01 5.786033504773546721e-02
9.155258194486692869e-02 2.626181091570316539e-01
1.335242541950864004e-01 8.066548718473631752e-02
3.131219724340561505e-02 7.257922653714099503e-02
5.599943417149300107e-02 -2.538254293470498801e-01
-4.511735053248324689e-01 6.618569879549984769e-02
2.317112033701340668e-01 7.616479456360547573e-02
7.931322790326023053e-02 -4.574579637478786154e-01
5.880674239541661130e-02 -1.912000523541643737e-01
4.087013057219647250e-01 6.252932596031479662e-02
7.176647866637875239e-02 1.340692054137028189e-01
2.093519343921314002e-01 8.349368896643571958e-02
5.532817125873867870e-02 -2.382651643178493872e-01
8.941166839520531262e-02 -2.629612404809421600e-01
7.614239871921524294e-02 1.715712535021256535e-01
-2.873193483395316550e-01 6.674644452849409770e-02
2.184228990820344940e-01 6.019698816163476796e-02
6.573713831608796188e-02 3.086041320601833338e-01
-3.648838448352582642e-01 5.136087594426885783e-02
-1.688442737157572759e-01 6.501954676843990644e-02
1.974360512269353052e-01 7.685895499055905855e-02
6.737945342896323186e-02 -4.564378654738354690e-01
9.145536305984747205e-02 4.246088326859217554e-01
6.545905159758846903e-02 2.926728948818571041e-01
2.242512164066938762e-01 8.588543749230526103e-02
-5.016169328091946156e-02 8.179156590711411656e-02
8.710805170511215501e-02 -3.819130163658673860e-01
8.956812596743102262e-02 3.887602049231848600e-01
8.905339402967560325e-02 2.533022258814654482e-01
-8.511103499547612028e-02 5.658785565897761494e-02
4.938955422018348473e-01 7.741444140122777373e-02
-7.545239242766021981e-02 6.323899775700436710e-02
-3.501949079468561488e-01 7.185151831770197894e-02
2.169041246802659861e-01 5.230056737963861835e-02
7.357834517040462430e-02 -3.897976168835022293e-01
1.842652507799501516e-01 6.775874737487530552e-02
3.968995234618263312e-01 6.007099340052257652e-02
8.525720970103067842e-02 2.781298287566469352e-02
-3.494230449387399906e-01 6.794151768536715874e-02
5.613556216170656477e-02 1.361758827052431675e-01
8.703238634033527710e-02 1.986979241099825488e-01
-4.900965195784390271e-02 7.178738634228221116e-02
3.974253362778795706e-01 6.802216907168323612e-02
4.079158111907860151e-01 6.553432955175597652e-02
-3.480941830996830966e-01 8.167121144621525275e-02
-4.175209951812934861e-01 6.509705557540046428e-02
-3.756378454001217948e-01 5.821171056214236028e-02
5.525081934021613961e-02 2.904431825994235883e-01
-2.667549110819594782e-01 7.040040286265347724e-02
3.126302447378783711e-01 8.665273039349108419e-02
8.533289350180384147e-02 4.695303230651248771e-02
-2.854805195252184680e-01 5.264424177596593868e-02
-7.580649784360227184e-02 6.799801116645809440e-02
-4.872040290792110095e-01 7.707404009575336001e-02
8.809684522451666222e-02 -6.698396373959192296e-03
7.141606969372360503e-02 -5.638866822022925440e-02
8.929126419907318368e-02 -4.677788018990642893e-01
5.888501616000219041e-02 2.180469942716425358e-01
-1.401533876294347447e-02 5.481209630355399209e-02
5.724428953742832782e-02 4.035748064366944110e-01
9.181659414978449174e-02 -1.072670329659654032e-01
1.515098776634431488e-01 8.422987955602789789e-02
8.011282315403422949e-02 -7.831487711706397459e-02
8.566022376858895004e-02 -1.685466120332179685e-01
8.104077127589970342e-02 2.241652338343319562e-01
-2.022081784947618033e-01 5.964885696264410342e-02
1.314993465405067674e-01 7.019908488135995217e-02
6.862362308065761418e-02 -3.324314301528832338e-01
9.951853242848118786e-02 8.248465233833968124e-02
8.881642870906669707e-02 -4.163274091368824870e-01
-3.726224179020384275e-01 8.600277582647541941e-02
-2.952411256305321752e-01 6.267568157672176454e-02
1.338992050386023092e-02 6.990334919788254719e-02
3.419339367332718815e-02 7.660953643953105630e-02
8.072477589173898682e-02 -1.069206281432130146e-01
7.863382176202526885e-02 -1.142513339080104551e-01
7.434283309292322173e-02 -4.798327710539234126e-01
8.706343313568309927e-02 4.913350660107129730e-02
7.617534115910373771e-02 -1.990237874555882414e-01
6.378796265299369050e-02 3.748764966668858278e-01
3.006097506483690340e-01 8.606796335251787333e-02
2.321997754616638154e-01 7.976175416716335675e-02
2.719131202197372366e-01 7.777694569037263417e-02
5.597843480305597641e-02 -2.440007754585943323e-01
1.339972488777771975e-01 8.706545510025143209e-02
2.010604262476801685e-01 7.048550788368501685e-02
6.995148479648105599e-02 1.925009577060188271e-01
9.160939235610776610e-02 4.308446034874069408e-01
-2.014309385310140144e-01 5.272145921152948667e-02
5.936971401338653198e-02 2.165302337220834650e-01
2.343891158419120213e-02 8.319261201108862913e-02
7.397605083042857466e-02 4.114175824481863808e-01
8.648400383422472082e-02 -4.281710530409208459e-01
3.095672138098135573e-01 5.358527968977599976e-02
8.324391858861734939e-02 -3.492016013664618335e-01
-4.207892058559282722e-01 7.408536512089791692e-02
7.811920588100196294e-02 -2.805799701927901291e-01
5.797320895705615484e-02 3.015749704396739617e-01
-3.079758635659020083e-01 6.701913209644771996e-02
7.717016948127308762e-02 -3.194898301435417087e-01
9.108627260970025841e-02 -1.883234962472679630e-02
2.067725043388490835e-01 5.692314909816387214e-02
9.060884947989544802e-02 9.818518248015473127e-02
1.763705351993158921e-01 7.291277593662093270e-02
2.768259666830770183e-01 7.163483715819241038e-02
-3.947395920330649677e-01 6.419384984872000821e-02
3.714420162135203540e-01 6.321999864777605449e-02
-6.734843032539050700e-02 6.701586804196069114e-02
5.774855984744375892e-02 1.655662997199112141e-01
8.400106698671272465e-02 5.841218391525992981e-02
8.962662735656379276e-02 -2.077245410876797926e-01
-3.104965479166481579e-01 7.254960991739511922e-02
-1.764474934663693428e-01 8.189320767053753780e-02
7.352156581472046870e-02 -3.760679455607274235e-02
8.732743445340140909e-02 -1.322433035104101373e-01
8.086008715267634095e-02 -2.868112594018710215e-01
2.706010192830909933e-01 6.383252454303578460e-02
6.439658426599281782e-02 -3.316800072577194003e-01
8.346878710255312139e-02 1.913285036486706003e-01
2.138871329197210569e-01 5.750704788115279520e-02
-1.051295378548453563e-01 8.012646518458843570e-02
-2.893229759272057944e-01 7.619146859639092106e-02
7.656384581192521299e-02 -3.811487730635981785e-01
3.265350485814164649e-01 7.210063962213864031e-02
5.966297709691159579e-02 -6.512601375772819612e-02
8.959023846293812099e-02 1.354253070333089060e-02
3.488243102424193332e-02 5.826639443223635695e-02
8.031137994969916871e-02 -4.811040818885126136e-02
-6.592950857015356103e-02 6.617320629096656859e-02
7.455580407045458990e-02 1.847722693385589476e-01
-3.808959206205455583e-01 8.112992456909295935e-02
6.419059215271682994e-02 1.410767577860941868e-01
6.784578791088546890e-02 3.222428116028952516e-01
3.652968099108916400e-01 5.357603562918222817e-02
7.288326588217208801e-02 1.947294571895685777e-03
5.893015562683412423e-02 -2.676694045328431582e-02
-8.698381900840379544e-03 8.663640172445918886e-02
7.019913283487388966e-02 2.325516582604338911e-01
7.157736372752354637e-02 -4.438183892845672940e-01
5.387146045176960385e-02 8.140548229610300446e-02
8.523342871477734839e-02 4.585768678263657527e-02
2.636877964217643200e-02 6.895614701527297274e-02
6.161345645854932052e-02 2.245628451817790472e-01
-4.784827091796390874e-01 6.319620753084476128e-02
6.152096275747687137e-02 2.864373021809396569e-01
4.254914953227355578e-01 6.410390407612986952e-02
3.799917874311015131e-01 5.441679504222374231e-02
1.131786783962712706e-01 6.483198375383847356e-02
7.968313470616672500e-02 3.245993780766386338e-01
4.766054053830052206e-01 6.191750634630288630e-02
7.774406374622055971e-02 1.909202603735571380e-01
6.687852664604021502e-02 -3.580515152752115071e-01
1.385312881950174768e-01 5.561892612100827193e-02
7.369376046065811980e-02 5.193505651271390633e-02
-9.526583697995016919e-02 7.804486833875656782e-02
5.855759591639408956e-02 -2.574534823270401285e-01
