5.076021783237250062e-02 -1.156597650402251265e-01
5.130699225115831208e-02 -4.060015509627367125e-01
-3.620266366422791871e-01 -6.459314336022792258e-02
5.890041522372202465e-02 -1.980252053194837547e-01
-3.616099288113976407e-01 -5.626915684744726587e-02
-4.733638754039030117e-01 -8.158367742778838139e-02
4.595779401943345110e-02 -3.818557838390239656e-01
3.289850195266741384e-02 4.345268904904153739e-01
-1.546663909266154935e-01 -5.651286348008410787e-02
4.250216392308892033e-02 -3.647567010907200036e-01
4.310655487580328238e-02 -3.906623584512184388e-01
-3.825381877247207019e-01 -5.687930165426979823e-02
-4.972469980916116583e-02 -8.156655366664777862e-02
-3.078122738362255584e-01 -6.583991127293775669e-02
-3.477103098405458503e-01 -6.087505924759895048e-02
4.386770975225640079e-02 -3.877689881870842736e-01
2.547235349727716702e-02 -6.294671697539533373e-02
5.607843146282087687e-02 3.223307645217713402e-01
3.200327204855178964e-01 -6.308761645089144832e-02
6.352696789548106793e-02 1.523953837587807003e-01
-4.565129685745681343e-01 -7.075216176246013067e-02
-3.586600601988588766e-01 -7.647700204344942687e-02
-2.871670139625316365e-01 -8.190720207156143573e-02
3.779622561900464195e-02 -2.566914373204703947e-01
4.581882251853486299e-02 2.293119589748228160e-01
-1.344282472466983291e-01 -7.879487760800796270e-02
3.842158945897518052e-01 -8.603589383893006648e-02
-2.964682158835375558e-01 -6.974352857530607963e-02
3.301120671758903669e-01 -7.207420877641079748e-02
4.069525011832186845e-02 3.127857816844862304e-01
-2.520560016839715756e-01 -8.417706469632690869e-02
6.016734139952639726e-02 -3.533335197011595596e-01
-3.902905048812342903e-01 -8.466365401599240670e-02
-2.169697541435977595e-02 -6.672688643977764400e-02
5.090449481120706832e-02 -3.795719888319745161e-01
4.649254214265086116e-02 1.617391642026381193e-01
-9.017880762404684170e-02 -8.484649685053302637e-02
6.398028053638249446e-02 4.639807672266368366e-01
6.475691578070874588e-02 3.572568266938749293e-01
4.250954638586406098e-01 -5.425560322141143033e-02
-3.594078855083874258e-01 -7.012724551049287491e-02
4.484984850262141443e-02 -3.829680009268704444e-01
5.744667630632005473e-02 4.503699417371672675e-01
5.809723241908226754e-02 4.366917579684030937e-01
3.529424505278447866e-01 -5.389424862240821401e-02
3.575947191572036443e-01 -8.410288678968014242e-02
-3.986918803359895680e-01 -7.311574062070613778e-02
-1.309932986988546766e-01 -5.218261464847517850e-02
4.474556018562692028e-02 6.893008873786610202e-02
-3.819803041361036211e-02 -6.551470664288772117e-02
6.290482543323450138e-02 -8.271183417681804428e-02
-9.610244042998961067e-02 -8.639151684109902529e-02
4.953661821968036172e-02 1.034187218755895366e-01
3.402688830298272737e-02 2.812840777698255579e-02
5.515703178233377635e-02 -4.606959484471949695e-01
1.133529278990730305e-02 -6.481494790337194445e-02
-2.306436087981844629e-01 -5.478579097520175356e-02
-4.156533075720554304e-01 -7.890091090626460968e-02
4.298076099656977789e-01 -7.293052184800818960e-02
5.522565574771753916e-02 3.116333852067956212e-01
2.400437105567627682e-01 -5.649956827306301665e-02
-8.899981712251447963e-02 -6.937250771634317914e-02
3.779316616683570107e-02 4.479606793561956568e-01
3.080568806557434369e-01 -5.330403333701649871e-02
4.184648493939538971e-01 -7.174696390155066439e-02
4.890114836031067558e-02 -1.939493352412315907e-01
4.001307407907617186e-02 3.149417488434974599e-01
-7.189758309792726454e-02 -6.632929752168126303e-02
5.890824114402237743e-02 8.394362043563408093e-02
-1.524215456326216689e-02 -5.842911970013020539e-02
4.298976604171167448e-02 2.019725494706197111e-01
1.684193966413283228e-01 -5.081873304270290159e-02
-1.726042574733110957e-01 -6.908667913178834219e-02
3.876289859475956501e-02 -3.317092272931710939e-01
4.228612201158377104e-02 -8.943115900940490359e-02
-1.005546228730870295e-01 -7.550953138725124969e-02
-5.254783017217024010e-02 -7.479855644793476088e-02
3.529570928823178022e-02 3.764618549609611842e-01
3.439852668114629086e-02 -3.723348240351828098e-01
2.059166942715300319e-01 -8.546588881402639171e-02
6.357989221463467011e-02 4.709821740475204077e-01
5.981598286894440619e-02 -1.763609974110840195e-01
-4.530476200830708677e-01 -7.292566938602518256e-02
-2.387442001508877087e-01 -7.400884951842878756e-02
6.505416266032504335e-02 -3.753407720082782006e-01
-2.860342367046012635e-01 -6.932293659746657788e-02
5.678683367423098538e-02 -3.059581363551462374e-01
1.455475398790562203e-01 -6.887657459934526383e-02
1.005039248519131734e-01 -8.323689459116034861e-02
9.566610677050790823e-02 -6.788444568000318036e-02
-4.273359573028323588e-01 -8.604995846206953125e-02
6.118936017309395403e-02 -4.774262936918889366e-01
5.319858309253300277e-02 1.556853919187189961e-01
4.538633889982945924e-02 -4.344681624655069019e-01
5.742996239589792662e-02 -4.369177867497666679e-01
-2.371623384900687359e-01 -6.822320647333091070e-02
5.819076175539705797e-02 -3.828995766026044301e-02
4.913437778761686747e-02 -2.644511743135685711e-01
-3.826579576335398247e-01 -7.994671576069933838e-02
4.039434147324627578e-02 3.950845927035624428e-01
4.255392575111281994e-01 -7.902964381862376264e-02
4.570260455039465430e-02 1.268533717602704503e-01
5.837982674813657624e-02 -2.363482814164192813e-01
1.603167913137231171e-01 -6.967375138093068188e-02
5.663067091586915236e-02 2.514976347880232277e-01
6.365818303981407578e-02 -4.849416164162110299e-01
3.277226088261655512e-01 -5.341948745454594416e-02
-6.749848377181821846e-02 -6.184925244434247293e-02
3.910156962854445251e-01 -6.296512004875298718e-02
-1.044029102872131576e-01 -7.208137016446625189e-02
-4.985936534330843717e-01 -6.785808696144546293e-02
4.448988469334724805e-02 -1.339998993205638866e-01
3.561389680815729708e-02 -2.785871438063480809e-01
5.717645645949154254e-02 9.931979392017731278e-02
3.419244578535829415e-02 -4.564102605004725088e-01
1.977807317311777169e-01 -6.558304434068451538e-02
4.985422348736560094e-01 -7.225033976651518142e-02
-4.562941885679192566e-01 -5.467296502358043320e-02
-7.670185630509107622e-02 -6.937190518103453218e-02
6.869968599220366290e-02 -7.950348382038985307e-02
-3.118040871132164993e-01 -5.163257195606196781e-02
5.402800335861124292e-02 3.793391275386570616e-01
4.132259446793606905e-02 -1.064987401466167549e-01
8.020549897756745761e-02 -5.312166303608012452e-02
6.525063700250255394e-02 3.156191413005342561e-01
5.554334993007825627e-02 1.455913434490189173e-01
8.647038523562811108e-02 -5.944362255593282907e-02
1.777295335592289360e-01 -8.247699597289515072e-02
2.740557075441253376e-01 -6.074908786042465536e-02
-3.382302670734239625e-01 -5.431049801402942911e-02
4.087600603755647821e-02 2.788175358739808374e-02
4.952328376029035972e-02 -3.354311670107680277e-01
-2.518600414168342683e-01 -6.285476127295319682e-02
-2.411696927367623644e-02 -6.933877254636688914e-02
3.394435263228612332e-02 8.118493934761850106e-02
4.994628026459835279e-02 5.006484654679554946e-02
3.815779954404530105e-02 -2.278998817216493222e-01
7.845252489380305505e-02 -7.259625525576784977e-02
4.850406721139393085e-01 -5.097459399126225144e-02
1.947475840308905415e-01 -5.666945284678048811e-02
4.765088043726717348e-02 -3.731128351584859226e-01
-1.191916919305207045e-01 -5.499330366041910167e-02
2.743692046077923496e-01 -7.816925226799176230e-02
4.677898056023410689e-02 -1.151998250253719602e-01
5.825269318066106372e-02 -3.153286790716376409e-01
3.328862225888618021e-02 5.749222781605811683e-02
5.379885272243212224e-02 1.254527689399610457e-01
1.952051511132375516e-01 -5.716198861305132883e-02
-3.607156866077989577e-01 -7.310650311488942066e-02
-1.517769220012851195e-01 -8.552927358962181259e-02
-1.201025858227999787e-02 -7.933789868765517284e-02
3.575659084541625843e-01 -5.635453484604724395e-02
4.752959293449676714e-02 -1.029058278892942546e-01
1.429923651660263140e-01 -7.553647952166087087e-02
5.435636220194173251e-02 -3.629976856441468058e-01
-2.079628448602255375e-01 -7.868515442023737982e-02
5.628049412826852116e-02 -3.008721165201312386e-01
2.496349605539095462e-01 -8.007213717811934028e-02
5.576988964279960825e-02 -4.232022241077568747e-01
2.766430140825804074e-01 -6.109741551718061991e-02
6.363206890128403348e-02 -4.870616845996140754e-01
5.632977922094406509e-02 -1.273587993552149911e-02
4.554720027393126536e-01 -6.985016542705890785e-02
5.480362362150970057e-02 3.997436575505604051e-01
1.215402759078108019e-01 -6.708544336267030506e-02
4.664086255013000226e-02 -4.233870472137142293e-01
-2.969653781595880115e-01 -6.785736176152390442e-02
6.269604409313922488e-02 3.872765765445308483e-01
2.770536381174182328e-02 -5.796815459843362994e-02
2.590620195375724633e-01 -5.821982769135147784e-02
3.913781191853393793e-02 -3.337205681261574686e-01
-1.321350009617439092e-02 -7.055434234515933767e-02
2.079603461587123947e-01 -7.811458518416902752e-02
6.529441839042893214e-02 -3.139202866217722931e-01
1.247608354370605133e-01 -8.100592045637078353e-02
2.678270673206766261e-01 -5.798529351221226591e-02
2.999670836732608592e-01 -6.956108907629143800e-02
-1.388492148593289954e-01 -7.305300415329185615e-02
6.076625507695576633e-02 -9.956310012922553465e-02
-4.450377860878897973e-01 -6.301123164295874268e-02
-1.069686375208975804e-01 -8.432090950430537468e-02
-7.697189264161907740e-02 -7.066860287406862007e-02
1.789292217526683437e-02 -6.793923736587270668e-02
4.944316704561491083e-02 -4.506807684128852909e-01
-2.389419694424450569e-01 -8.487628412820058532e-02
3.609699471504201895e-02 -2.329733483977736164e-02
-2.810668863379105487e-01 -5.102721921056652121e-02
3.800801626516558951e-02 -3.407283668386719144e-01
6.180442635599259216e-02 1.328595757111264986e-01
-2.993094863038999742e-01 -8.118952732406725659e-02
3.615121199566784238e-01 -7.891669730181949394e-02
3.571795926238818808e-02 1.891611211564232509e-01
6.240045459589482757e-02 -1.476654598550485309e-01
-4.404900538874120253e-01 -5.658679206210093238e-02
6.249016268245910499e-02 4.257608089242593818e-01
6.138412077297084046e-02 3.891369631653169847e-01
5.566094753386852112e-02 -4.560686502397538478e-01
8.808512746170449326e-03 -5.801190714882531463e-02
3.954201206864593754e-02 -1.633422972109775939e-01
-2.168380154792928227e-01 -5.137034206440105333e-02
-1.740528398917267072e-01 -8.570032244734593352e-02
5.535216421933664144e-02 1.188631226564779153e-01
3.882689468983813175e-02 -4.619097389653743502e-01
-3.411817672517188926e-01 -6.231385790789334411e-02
3.236966203630797789e-02 -1.093937732445762201e-01
7.766931788674569237e-02 -5.763306485086050479e-02
-2.608576726914969557e-01 -6.771182502250894242e-02
1.864340883027043594e-01 -6.998485070704807409e-02
3.318133136953121953e-01 -5.680563500902580110e-02
5.837836254266304259e-02 -2.666324011678146144e-01
4.982380801382724211e-02 3.905314694388591912e-01
5.328414390144975421e-02 -2.178560144227149609e-01
4.096620205657517388e-01 -7.282240999267453052e-02
2.062966843023307240e-01 -7.328704348847081551e-02
5.665667434682419845e-02 -2.225728077190465282e-01
4.879009003633906216e-01 -6.991060677247940003e-02
-4.359028295567436428e-01 -5.689425832771222158e-02
5.229567215967800831e-02 -1.338614848861454654e-01
3.528540421737069721e-02 3.354115023623598368e-01
4.394077446687418842e-01 -5.651999297847898340e-02
6.009426687308527804e-02 3.246739337064100672e-01
2.230848949119864644e-01 -5.071269292471458634e-02
-4.359196726022949164e-01 -7.746540767711440623e-02
3.366498263503614474e-02 -5.260867596274421132e-03
-2.571382576429153133e-01 -8.496238832458657964e-02
1.156994387776194566e-01 -6.559107718103640572e-02
6.212850967718630546e-02 4.338444145468383084e-01
2.290302791507466962e-01 -5.289342131276175696e-02
1.959030182996623903e-01 -6.117336154226726830e-02
5.416180646388157882e-02 1.163262385368213359e-01
-3.646347111608604363e-01 -5.229056094295903012e-02
5.387682520991599056e-02 3.101265464903995017e-01
5.882436220324416265e-02 3.786429932294164136e-01
6.446751416447771277e-02 -3.907447684809973731e-01
3.230795793445060404e-01 -7.055775242464812358e-02
2.926914410561350932e-01 -7.163992279213704517e-02
1.055328866838697310e-01 -6.174422280560420973e-02
3.730013049955205329e-02 1.014948282324953377e-01
-1.675005517232954766e-01 -5.753603504871052099e-02
-1.269834932637182723e-01 -7.618575569307672879e-02
5.407248668379283085e-02 1.422590148605007432e-01
3.330489957271443036e-02 -7.782619042616611971e-02
4.180972121327897195e-02 -3.200512700495913299e-01
6.159825522173822954e-02 -5.981335250019004235e-02
3.752101306203248221e-02 -2.936249659631317011e-01
2.683856157712526391e-01 -5.445032892735313101e-02
3.260988205769148607e-01 -8.695307303878407890e-02
3.422429258395367491e-01 -7.647996086693498174e-02
3.395968333388587057e-01 -6.292573372717924496e-02
-4.439787504340608759e-01 -8.158551649453749111e-02
1.043834945443755657e-02 -5.591290134070070472e-02
-4.825777247984371909e-01 -7.908824481269993711e-02
3.558562328387226970e-02 -1.587241261909755341e-01
3.402263634275370929e-02 3.314017838384361037e-01
6.444008345603957633e-02 3.561076909222303799e-01
2.668473429306017497e-02 -5.643178979913032745e-02
6.253374221123875198e-02 7.512466681777785205e-02
6.275577195351844662e-02 2.193506372820727135e-01
6.457423467289902241e-02 -3.929020529429059216e-01
-4.850694820296470589e-01 -5.750867499086220747e-02
-1.372690091111729016e-01 -5.319801046111438669e-02
4.012896291382737068e-01 -6.824546190029079362e-02
3.230215329128938162e-02 3.504159922063487809e-01
3.701598922489991450e-01 -5.929846324756327114e-02
-7.026211867143294931e-02 -5.641760792954653159e-02
3.729228894031076935e-01 -7.529652117186302895e-02
3.275856372368035618e-02 3.411289821469665196e-02
2.700340434750574392e-01 -5.750293120994220963e-02
-4.552462273665769388e-02 -5.373470050533346587e-02
-4.903023340698970944e-01 -5.219254711897891585e-02
4.292637805674948126e-02 -4.241556416027280063e-01
1.672318315745718875e-01 -6.504377217616430507e-02
4.101860175670053454e-01 -8.636969143052208864e-02
-2.627721520081518491e-01 -6.723335548732167766e-02
-2.461196535613617842e-01 -5.756314534276241179e-02
5.039078837441568481e-02 -3.001552631060331322e-01
4.129262450423887287e-02 -2.197757102730766299e-01
4.591266611764155403e-02 -2.002486098487687993e-02
-3.110551076082274102e-01 -6.084810911543647727e-02
5.395697344285332875e-02 1.768468884086752402e-01
4.494907350553245529e-02 1.286663454233691883e-01
2.097268055210352866e-01 -5.125889053552856733e-02
4.980909165223791346e-01 -6.906547837709420268e-02
-4.192456704278085811e-01 -7.532035023838679066e-02
3.700304431012551021e-01 -7.534494096784594142e-02
4.917995299610533610e-02 -8.286707083309563515e-02
-3.613205431741381979e-01 -6.278772960244094481e-02
8.385596252758975577e-02 -5.884314582017191597e-02
-1.855399212210292470e-01 -6.734356399494945133e-02
3.329365257396660338e-01 -5.270107284489766730e-02
4.666520195048928787e-02 4.475623183851059617e-01
-2.606323543013182586e-01 -7.726099350316728565e-02
3.236460005477637125e-02 -2.793756078366715911e-02
2.560135640663574463e-01 -8.341778906755048517e-02
2.825746627474620132e-01 -5.134270355955361520e-02
4.277298362411974253e-01 -6.974258890995332916e-02
3.922228817101669485e-02 2.156877056516306457e-01
3.995398082294576714e-02 1.123942428265333193e-01
-2.844906480877531507e-01 -5.854594810337798716e-02
5.591830427190402908e-02 4.852824873122147942e-01
-3.062562053940990348e-01 -7.707057190170196748e-02
-3.921147688008463916e-02 -5.895541315890717726e-02
4.935755334609712719e-01 -5.911241981197778994e-02
-3.303004291936890713e-01 -5.333393949394793498e-02
4.514188570769994691e-02 1.134590335245639903e-01
3.978481312598902697e-02 -1.580892236536243223e-01
6.262227282197929679e-02 -4.470645592230866328e-01
5.004567433237494534e-02 -4.743158794061128614e-01
-1.657385719656782053e-01 -5.583949604759641527e-02
6.230476075973701011e-02 -5.658208361572270029e-03
6.210581269639336988e-02 3.454038385827170599e-01
3.596261670678357891e-02 1.681134040052867373e-01
6.391483446100409971e-02 -3.064627589615134262e-01
-4.797951777926802164e-01 -8.026757617755553298e-02
5.808515576198880481e-02 -1.603658142167381229e-01
6.085970974412102663e-02 -7.952988236887648110e-02
5.747615084432300403e-02 2.697967122163399400e-01
4.542061359349747196e-02 2.395555380268143963e-02
8.460885873155299386e-02 -6.579791341569762864e-02
4.820212554104785774e-02 -2.234216721388944116e-01
-4.650675715070702321e-01 -6.519232721950118936e-02
3.830389649837440125e-02 -2.130324319781895515e-02
