3.474764726683634564e-01 6.512556744085762350e-02
8.750387380775381807e-02 -3.911009356936734349e-02
-3.095640477136574198e-02 4.869450456349788681e-02
-2.156124144318368741e-01 5.265558104613321522e-02
-4.063992240236464770e-01 5.682103465113241825e-02
2.168695144003804920e-01 6.605227269271984891e-02
-3.582450984461394983e-01 5.595736212611479576e-02
7.440728902050897098e-02 3.573236703005896464e-01
6.630224760091785186e-02 -3.963006698336298816e-01
8.423163643891795616e-02 3.571203826189968122e-01
9.548249749307669010e-02 5.861163405394431702e-02
5.318308808858618342e-02 1.659192090067040937e-02
-2.085964979538875719e-01 5.738865279006266640e-02
8.248805444834483858e-02 -2.757322794939434107e-01
-4.515595248299070219e-01 4.036532336381681851e-02
-2.017426103813872995e-01 3.876960675155449731e-02
-3.353022573093222825e-03 5.443337570939599246e-02
6.832809098668035652e-02 3.550053572363470744e-01
-4.407102440551063927e-01 4.928216525539086401e-02
8.245393134616629816e-02 -4.125067242844766557e-01
2.493759434848433765e-01 4.849050093717954812e-02
8.339343774619023542e-02 -6.283518889519268402e-02
-1.962182344045788618e-01 4.559604016208929078e-02
-4.896412465763553268e-01 5.149398978075292455e-02
2.553946653941022715e-01 6.232200697181455862e-02
6.725380828779481401e-02 -3.852494041912642997e-01
3.655686015869272776e-01 5.545487696058837290e-02
3.121569432838278146e-01 6.252966518164571053e-02
6.526016689006219895e-02 2.594535072904512463e-01
8.101714430719308968e-02 -1.265724003743622372e-01
4.158792245466528259e-01 3.738451505649942330e-02
7.783595926085162819e-02 -3.245591915500721791e-01
1.043647134496308304e-01 5.694922195875151694e-02
-3.884161638348136991e-01 4.659227021312195571e-02
1.554230082165708460e-01 5.981990950338322843e-02
3.527858602025429891e-01 6.265730181866691062e-02
8.656075336830659772e-02 3.297581088181447129e-01
8.630144965671848745e-02 5.947002390263700367e-02
8.272807383781877189e-02 -2.460601190383626680e-01
4.551315925712527966e-01 5.183591592857184072e-02
5.366249063727668300e-02 3.415352000778586472e-01
7.231330758729859198e-02 -3.604029564424001686e-01
-2.005242622247601636e-01 5.308407285318650359e-02
1.640513348419967432e-01 5.810122920228866228e-02
6.676918228532791044e-02 -3.091551398754089908e-01
6.112107718275228141e-02 7.146568329077906956e-02
6.242981140132286555e-02 -3.091014705317850497e-01
6.541190961017806504e-02 2.374775325677046522e-01
8.118147713031675927e-02 1.802753408864916640e-01
-4.047913450161102489e-01 4.669801245093452291e-02
4.086146481566779176e-01 3.642642134436446799e-02
2.755723007987365136e-02 4.881398110041434979e-02
3.520342150864748110e-01 4.793802257356261087e-02
6.095239779272632052e-02 9.110683980661848924e-02
2.017904339148735016e-01 5.965587593437715608e-02
-4.413579085385721523e-02 3.995808538264422616e-02
-7.159711122301615216e-02 6.059408926194365108e-02
6.298498535269980714e-02 1.415339090107359254e-02
2.995484192171641302e-01 4.511511266101020379e-02
-4.257851831391415987e-01 4.983091113577253761e-02
2.114190944985876452e-01 4.993403220800463060e-02
8.530876699157596832e-02 1.892757594401349719e-01
2.237810892955370834e-01 6.033300044800438133e-02
8.734673126059488979e-02 -4.008966479439072250e-01
6.074113648096479690e-02 -1.660503148807390694e-03
8.832924327801916498e-02 1.982106370428140529e-01
8.141289077898083981e-02 2.428806913332518524e-01
7.204911422978943492e-02 2.750523690820860789e-02
3.852476527315629173e-02 4.919420184548328745e-02
-4.569606640752341686e-01 4.988849252914207000e-02
-4.657168305562419119e-01 4.212194154729875795e-02
3.353225730000454208e-01 5.105249911366904758e-02
3.916759687398712053e-01 6.673640169357908380e-02
6.294683684071056273e-02 2.050911320141303174e-01
8.537283289306463185e-02 2.769740492541945542e-01
8.281515380593651443e-02 -2.206051604959856638e-01
7.610147127419009117e-02 -2.622411397969511837e-01
-3.643364725326735387e-01 6.398168703070239438e-02
-4.296448636287275580e-01 3.999075514500605166e-02
5.780208963986666060e-02 -4.266462022525114861e-01
5.289237010090253044e-02 2.444997901037584409e-01
4.645233067559769724e-01 5.695021376225328780e-02
-2.531205132066842722e-01 5.745858982490248401e-02
-4.007338713776156247e-01 4.398593284647411839e-02
8.717949284683690347e-02 5.495913724768630715e-02
3.600985538853757051e-01 5.411006712661747819e-02
-4.537699688293770350e-01 6.618184809433025340e-02
5.376047229369296243e-02 2.208534857500520365e-01
-3.432739547240072353e-01 4.867339367019563046e-02
5.815644010479525949e-02 2.179952921172417790e-01
5.652108136189970544e-02 -2.897767539948766791e-01
6.303651078766758786e-02 -3.337337628285157454e-01
-3.065955775437108066e-01 6.387221378519480908e-02
2.314569494151408335e-02 5.764219535162917740e-02
8.734618489884027337e-02 -2.146848715767188942e-01
-4.462437911023355852e-01 5.487679568146397457e-02
7.530662538064514244e-02 -1.184471300057228227e-01
1.300167381675182421e-01 4.377991512345047465e-02
-2.800901968099721584e-01 6.764874495951711530e-02
-2.898372304265373067e-01 5.273396912891215038e-02
-1.595123593575924481e-01 4.199485588340223785e-02
6.714100935324529562e-02 2.271819198711935162e-01
-3.112222816248573221e-01 4.763461586263295633e-02
7.392399257323367667e-02 -1.428626748992346540e-01
6.985064981939148598e-02 -1.635219106267405964e-01
6.851528149839947179e-02 -2.981764511957823993e-01
4.702888107454412658e-01 6.851590713758437534e-02
-1.285422705258495446e-01 5.017949676464894537e-02
7.143015680170650139e-02 -9.379493480742817635e-02
-1.689672982042192961e-01 5.745154724233436649e-02
7.337890067358676660e-02 -3.699758270566056995e-01
7.431190695562595039e-02 2.365728523628261026e-01
-3.694198510258949186e-01 3.975628733035185824e-02
5.442427284206308169e-02 3.044065697045050811e-02
-3.845987776619838039e-01 5.839622101273334032e-02
5.354885790683716618e-02 -3.261497904490682220e-01
6.947488573722859773e-02 2.048078953347449715e-01
-4.010847527135866786e-01 6.428308556284456632e-02
6.265497702742806041e-02 2.763787193769339234e-01
6.056916609043017097e-02 4.834329897390223785e-01
2.444922775326312525e-01 6.582025798067003830e-02
8.011915587592544075e-02 3.967998852700641566e-01
7.619489400619294805e-02 8.879175274776440752e-02
6.031294009026655356e-02 -6.953601185101421223e-02
-3.221686263448882981e-01 5.925729408178492807e-02
6.759468389187817117e-02 3.933578177935862508e-01
6.785084837372157285e-02 -3.499915041983205910e-01
5.318005599667097183e-02 -4.359057626440395738e-01
1.078299852075398357e-01 6.273730087644269204e-02
8.663917650740704524e-02 -4.629181736332833585e-01
1.000723348774192889e-01 6.449282955419866070e-02
5.897016179640823808e-02 -4.870199061091218251e-02
6.665450981058518298e-02 -4.051471355391266238e-01
3.816501195625132681e-02 4.887204449126669736e-02
8.850753256477772446e-02 -2.426253722998352735e-01
7.708162502950921535e-02 1.808886608326670808e-01
-3.492160325307614999e-01 6.007184119066599770e-02
5.381826458914018563e-02 -3.212741083675171305e-01
-2.368790587403417636e-01 5.771374647283633585e-02
8.222899279816897611e-02 3.893976517597260711e-01
7.924015229116299075e-02 3.534494570093938970e-01
4.926013012385641598e-01 6.190427258968778101e-02
1.309588704536949200e-01 6.750752035520035665e-02
7.910144824187426149e-02 -8.780862582595361232e-02
-4.830176187901549234e-01 6.846145350654564421e-02
5.544441184890147589e-02 -3.920204106146608636e-01
1.973239326559039775e-01 4.885194354667843353e-02
7.769114197098736518e-02 4.364972987128323823e-01
5.527782047399176779e-02 -4.220194264965999587e-01
3.910761625163091670e-01 4.438263102139028415e-02
7.464522880816615302e-02 -4.532645926325091779e-01
-3.244364237923125227e-02 4.950260716628618329e-02
6.595962473754124478e-02 6.712116528288625261e-03
-4.589126462049482047e-01 4.529919380827884812e-02
7.286275363677774397e-02 7.700817188062025753e-02
5.319637644222185990e-02 -4.602218395303755427e-01
2.046155849973855245e-01 5.994751986897961515e-02
3.837597346840372348e-01 4.108304538435492148e-02
7.166939202366173767e-02 -1.282826489160355798e-01
8.055973218760925647e-02 -4.218094536627414737e-01
-4.499503375069371369e-01 4.024250167899834363e-02
-5.905618974608140004e-02 3.719945467581842191e-02
-4.261131223089249520e-01 4.839157720595266277e-02
6.716844214926276369e-02 8.403865631023965665e-02
1.274217567395927730e-01 4.854447675418582797e-02
-4.354811773227019733e-01 4.148386322492447764e-02
2.539776267317945813e-01 6.388680879499408771e-02
1.285698952189886501e-01 3.694886959260657022e-02
7.564656569801919694e-02 2.154501007519608047e-01
6.112382698583240792e-02 1.647781502535948794e-01
1.601208651350584100e-01 6.513383186047017048e-02
4.283701259868201161e-01 4.776860195821752697e-02
8.818246460391077068e-02 3.143418262228055982e-01
8.720027413216113743e-02 -1.861526535400340743e-01
-6.378341928020014873e-02 6.063325538208219623e-02
2.877367222032793936e-01 4.993780472021502881e-02
8.131013218515414920e-02 1.307598493158914632e-01
6.586619303798335601e-02 -3.370767966427057338e-01
1.922244565016406614e-01 5.619515649286588310e-02
-7.917820309244072430e-02 3.715506246641508969e-02
7.521068598135915995e-02 2.087158371646830046e-01
2.944136497008739140e-01 3.551856933290475915e-02
5.304636145945185177e-02 -8.952298319046270159e-02
8.245181090251119116e-02 -2.808349998417556392e-01
6.330551637784731511e-02 2.293664918016672383e-01
6.257964292422790731e-02 -2.914545692278345257e-01
-4.843049669369769994e-02 4.147981743415130040e-02
5.551332461789448836e-02 -1.047179309360624089e-02
-4.112566286098773283e-02 6.499340952862286969e-02
9.128331135923128947e-02 4.087393231542502114e-02
-1.518022449511559069e-01 4.964221060155560306e-02
3.673683110888648073e-01 5.134307297559059791e-02
-4.915747169728715837e-01 4.137217992051667181e-02
8.314431322796123069e-02 1.946484553178066124e-01
4.048271361624432574e-01 5.945196561262633406e-02
2.066747846274465950e-01 4.189017941244033150e-02
5.697485938130997241e-02 4.573882908959631122e-01
-4.474934727727015726e-01 6.918827718147058103e-02
8.072788090869686961e-02 -1.571412650181853721e-01
6.556152703779549729e-02 -1.185187168473235131e-01
2.326364397290011654e-01 3.634867466558189264e-02
7.124607187082721005e-02 3.575169731953147245e-01
7.579625698012393276e-02 -1.083217684316228890e-02
-1.473362852025352776e-01 4.921667901952575530e-02
5.208980740074886651e-02 2.297273376822067670e-01
5.510316081129851273e-02 2.071048422349900386e-01
6.984473825232284661e-02 -1.168200363250626594e-01
7.048876866365505478e-02 -1.193143128052606139e-01
8.870760155378754064e-02 -4.037121922886894865e-01
-2.704439454024415435e-01 5.826432351925547870e-02
2.213742224829817751e-01 5.725773742473139194e-02
5.946237769873941037e-02 2.162760957843845588e-02
1.019710978686545477e-01 3.549314824561833337e-02
-4.552829032191595404e-01 4.347174163708067418e-02
-1.944159832155216705e-01 4.342559115609156972e-02
6.336929393674717303e-02 9.578033626312731919e-02
5.477609082737022739e-02 -3.919639965149609440e-01
-9.247806713831141501e-02 6.461811726170585413e-02
-4.386578345278184798e-01 5.861033726960529489e-02
1.193431125977911789e-01 4.200982489089455374e-02
8.773499323204014821e-02 -1.591845806397808039e-01
8.869300430230953047e-02 5.180789449956013648e-02
-3.093112322192903552e-01 6.373223984912834705e-02
4.839732559827052416e-01 6.468022739266809928e-02
-2.126835137291751554e-01 6.922880085146099205e-02
-3.408359191350116557e-01 3.871693231191231099e-02
3.545094386114744367e-01 4.782783361769427088e-02
-2.470446677548077119e-02 4.600781776742324247e-02
1.786984360494158208e-01 4.121095599998547687e-02
4.027812625643131250e-01 5.314938367144139697e-02
5.384081318107758474e-02 -4.468509805603687601e-01
3.059495367677278477e-02 5.977828713849830944e-02
5.541022834422504317e-02 2.458878536966883077e-01
7.175084807711928914e-02 3.668693079200864293e-01
8.436174679079455618e-02 -3.692106297953086091e-01
2.700672382692824725e-01 4.229438893962889079e-02
5.576875262004787892e-02 1.078201456007490400e-01
-4.307956134610283483e-01 4.334871302334097898e-02
-2.955625260070698923e-01 3.651207438340653422e-02
-3.284022907257113655e-01 5.177672054291970749e-02
-7.133082085567099551e-02 4.732550955919645475e-02
3.349736731001815571e-01 4.486823151663066334e-02
4.256863224676542545e-01 5.094256265077379275e-02
-2.498267592408601745e-01 6.349814855407698300e-02
-1.690144627716767545e-01 3.577516010483583475e-02
5.997057024686947013e-02 -1.812001062421579878e-01
5.837266951919606317e-02 4.766713667369157914e-01
8.706053583862460865e-02 2.185444146921234898e-01
-1.096750621238611334e-01 3.834942177807199037e-02
8.801527799418051856e-02 3.595903896523826582e-01
4.313984157820839327e-01 4.067182331174756804e-02
6.880091641195384966e-02 -2.458419070894709568e-01
-4.707474217688866203e-01 4.817326375853281384e-02
4.087373183274908284e-01 4.812937108718884360e-02
4.431506651631316185e-01 6.778613771188524151e-02
6.184837911395002497e-02 4.614420245477270921e-01
5.921654588657876417e-02 -1.385045931916910611e-01
8.584670954762174677e-02 -3.113638342151452409e-01
5.291641681760095306e-02 -9.545943702945069997e-02
-4.416217159451814034e-01 6.928086503416497344e-02
5.739393865601460920e-02 1.273220304239374157e-01
5.766924220792701838e-02 -3.565898418257621438e-01
1.604206186745888996e-01 5.291654608557150308e-02
7.054710618032933311e-02 5.142378591524154885e-02
6.305528836494278533e-02 3.016454339804602869e-01
1.034414193090572587e-01 4.066830048327574332e-02
-9.312857094561644011e-02 5.881717084127646711e-02
5.523934654368123365e-02 -1.745817755158710627e-01
5.674043032456776992e-02 2.139225594771199113e-03
1.926865944650233420e-01 4.001676950940757926e-02
8.155279490369615747e-02 -8.733786351251282554e-02
7.579729440947657881e-02 -4.215469363560573335e-01
-1.133528949344025927e-01 6.039727093175895067e-02
-3.035048908515891597e-01 4.313546991209726844e-02
4.356879683048777707e-01 3.854474577929278833e-02
6.631413524033347162e-02 -1.239619126424559292e-01
6.472764679009246347e-02 -1.724353237264748540e-01
7.961563361501555747e-02 -4.085640875539576777e-01
5.461466831931938160e-02 7.920328631450679335e-02
4.091716471199785543e-01 5.033248051257876998e-02
6.972732053351338166e-02 -4.379984387155637648e-01
-2.739452508086831495e-01 5.772390052263576266e-02
7.120814216235082927e-02 9.735426824113824207e-02
6.859610473231714245e-02 3.741921420091155470e-01
5.503351921854826578e-02 1.948550720804663738e-01
5.505816755959869191e-02 3.622751433289196354e-01
5.419777055902974539e-02 3.314718398745153394e-02
6.060196259324623913e-02 -3.102919505450358884e-01
7.946317652845713564e-02 -3.085518143370351574e-01
-4.806432060512082494e-01 4.997813789030980391e-02
8.837636246204372270e-02 -4.765031030467004047e-01
-4.845903608778292515e-01 4.081630344454700854e-02
1.598852797266065995e-01 4.904449897535512193e-02
3.053133988087831652e-01 4.908245843424585697e-02
6.629001021273961403e-02 -3.955435775232226669e-01
7.556640962106531134e-02 -3.808130452507049180e-01
-2.795775946569424297e-01 5.055414522401402433e-02
-6.556810783633093553e-02 3.667245179008449263e-02
7.127421119401688987e-02 -3.791393692168283369e-01
8.751645677093156106e-02 -4.999680441525786723e-01
6.894391009642686363e-02 -4.588325717006107585e-01
5.396343755196697511e-02 -2.989011846399122208e-01
6.363397702706607983e-02 -7.050861873652713996e-02
8.872096218699532244e-02 -3.369726048861376722e-02
-1.741284783498929789e-01 4.736893063259439707e-02
-2.375450823817685242e-01 4.263809481480074215e-02
5.380092423995441742e-02 3.866077803847945971e-01
-1.682518430581061430e-01 6.585843379457478886e-02
8.634480434877478405e-02 3.658590397459334786e-01
3.687464004429825692e-01 3.740163825500453232e-02
4.861282001857437640e-01 3.813040932104827530e-02
3.582346207720207287e-01 5.264674846265948727e-02
4.526921668376535646e-01 5.011541835688360091e-02
8.337983662181680522e-02 -1.155044312147790464e-02
-3.982091762402643065e-01 6.767546848271599469e-02
-1.724226169245246520e-01 4.751802267955518300e-02
8.441088184519240922e-02 -3.980736400609967696e-01
-5.388080394518768301e-02 6.668898582733218117e-02
-1.877031789449249422e-01 4.332051364259958959e-02
5.531029824567668118e-02 -8.343210046024929216e-02
7.121972427577660802e-02 3.255712910653715264e-01
-3.638591803959578819e-02 5.198378508919310192e-02
7.505603381277003994e-02 1.246607321683121938e-01
