-2.925775499132898805e-02 1.434048117861584926e-01
1.485911829917396787e-02 1.604317208980656773e-01
1.052212028447105929e-01 -4.280255617365469334e-01
8.872913205226551359e-02 3.240844585441182701e-02
1.117286709666183153e-01 2.150555910140508065e-01
-4.516977831481103767e-01 1.759279508337897591e-01
7.446578313167928620e-02 1.355841055154904939e-02
-2.843412444027271224e-02 1.769380391129659058e-01
-3.199505577231791520e-01 1.625271527347199596e-01
9.973874388116832357e-02 -1.915491352244358403e-02
4.443515462707394725e-01 1.555504744101904313e-01
4.301902675262159192e-01 1.561397022193958817e-01
1.116822682462444982e-01 8.608159531231884820e-02
8.472940682015772662e-02 -2.979699364061821898e-01
-4.010608072433985427e-01 1.750370887555949828e-01
3.844928149551842811e-01 1.823994307677528903e-01
1.056673166276028697e-01 2.279558102496288541e-01
-6.573997567888323346e-02 1.542036154070447473e-01
7.348128118519614560e-02 2.066650908764465777e-01
9.737690378913743672e-02 3.164107276042659178e-01
4.549287032524851337e-02 1.629142711786131237e-01
-4.772908911892485007e-01 1.449431478646340254e-01
1.127744146480695875e-01 1.820491539038324724e-01
9.148159302505975976e-02 -8.044935015084153651e-02
-2.382371637812592535e-01 1.909586845444527503e-01
2.383483678941374917e-01 1.449218038242510165e-01
-2.151346421578224088e-01 1.821434579658325337e-01
1.673625187690427341e-01 1.592341811508333205e-01
1.479181606623566347e-01 1.378918596251168527e-01
9.999007905002643692e-02 4.925485128311206662e-01
-9.039627222210910862e-02 1.601122285413485447e-01
3.345530211480924887e-01 1.782407453410864706e-01
-2.978668477404381454e-01 1.786710762121824780e-01
8.319620992303156104e-02 -2.320735380374882029e-01
7.559177070865574777e-02 -4.862369958448309326e-02
6.924194906584735243e-02 1.852566384981151337e-01
-4.045172956288475286e-01 1.412329180643377979e-01
-1.971554269819388860e-01 1.605140629136027064e-01
8.351022156334342306e-02 -2.612930203920293959e-01
2.289502056545431596e-01 1.621414648224565047e-01
1.262888442254442856e-01 1.893153008176183816e-01
-3.003874056739026521e-01 1.704261147416682443e-01
-1.000348832593016546e-01 1.836711010121546694e-01
1.005981716436900042e-01 2.993799606170899352e-02
7.521365933345536270e-02 -4.018009789274790133e-01
-3.323443596917209364e-01 1.422174154858748540e-01
-1.231522843123974420e-01 1.692072584303463412e-01
9.965828802922127583e-02 -3.617871761006689058e-01
8.826002020650969282e-02 4.473663157459480955e-01
8.122316997925693727e-02 4.569563461013513850e-01
7.772348068610424043e-02 -2.984811534852384041e-01
4.057016790420282515e-01 1.639538044498997094e-01
-2.985837673615421295e-02 1.516047637355530942e-01
1.102084417340445377e-01 2.327944107115887951e-01
-3.658352003600402469e-01 1.552621685113563244e-01
8.259435918141411204e-02 -1.005011047171795457e-01
1.032055494930561590e-02 1.898402323139336545e-01
1.623199288150155573e-01 1.578313221355001073e-01
-1.213792798541145634e-01 1.518962880345693378e-01
4.824154718494361171e-01 1.872895639937115497e-01
7.854979049791033230e-02 -3.069724037679261164e-01
-6.873087575592307097e-02 1.809417893482379025e-01
7.335828422753598588e-02 7.295287142445872064e-03
-4.595930764396234380e-01 1.667014202644474530e-01
8.215140344078997181e-02 -3.919676207690502290e-01
3.654550156500631086e-01 1.795212465318716255e-01
-3.349553605011627022e-01 1.807032686827231283e-01
-4.958838700908642094e-01 1.417699713798811212e-01
-2.263480456333825108e-01 1.348929263095989262e-01
6.860303304929904478e-02 1.412166341303610073e-01
7.349336289913432907e-02 -3.961211453961505091e-01
2.561636772310593724e-01 1.651525985854179757e-01
4.305609955949724066e-01 1.401061981412069501e-01
1.755963231308799166e-02 1.886019306507717985e-01
8.270095033109181593e-02 1.171614735425196008e-01
-4.899321051317560016e-01 1.871461546370095652e-01
3.914683536206834402e-01 1.659294725501531120e-01
8.743204078328226103e-02 -4.056121012216368227e-01
-2.420843966077820264e-01 1.840581976339876746e-01
-3.422918197234345872e-01 1.646053059994534440e-01
1.117093525610274307e-01 2.061074908133474493e-01
3.407924472582627429e-01 1.886840469024569922e-01
-3.934091462221644964e-02 1.813843164100248373e-01
1.056471951902857587e-01 -2.873778308959452632e-01
2.348205673344737621e-01 1.774282084013897309e-01
8.181344079690666682e-02 -1.709189888429509807e-01
-1.006260286684981242e-01 1.791360700626518643e-01
-3.182427204870319493e-01 1.743563891389042775e-01
1.423710401132440850e-01 1.724891848754739332e-01
-3.287906583365919344e-01 1.601262637731423188e-01
-1.350791326786627833e-01 1.809080012172877838e-01
3.110741035279578348e-01 1.398024152693387867e-01
1.047927004692775776e-01 -4.588297744464112649e-01
-4.452757208962865310e-02 1.475736033682221171e-01
7.981292748966439810e-02 7.911674982922312083e-02
9.710640143199555929e-02 -1.981249166885891144e-01
7.452382096796572597e-02 -4.614599052461950679e-01
8.647198448756909794e-02 3.814822834538803553e-01
-2.696663059220857361e-01 1.862695413730941496e-01
-2.514721092622458354e-01 1.739652347847789882e-01
-4.662404080273573337e-01 1.635703546858306989e-01
8.481115278365336518e-02 -3.109606933563836551e-01
9.463615078833320648e-02 2.846577399882754822e-02
4.274409311939585399e-01 1.793003623151053771e-01
-1.121903663104446558e-01 1.861323027480367154e-01
-1.468715627229121301e-01 1.366599597761578577e-01
1.077820955096371325e-01 -3.066885920232196305e-01
9.337020258377026760e-02 -2.871419915275736923e-01
-1.953515925151502186e-01 1.619377598486022585e-01
4.256253768127944426e-01 1.804312681447448607e-01
1.341854392426281573e-01 1.571030802587476405e-01
-4.120805686611107577e-01 1.708974319054686886e-01
-1.837095808214012083e-01 1.658178767463470704e-01
-2.824263801545481289e-01 1.551139261171353700e-01
7.597716264927611984e-02 -4.598580631127574536e-01
1.054398900537556472e-01 -9.813329301688256123e-02
8.491142386603889314e-02 -2.622733746374595887e-01
8.824506524278596942e-02 4.858849699516075704e-01
-1.238336629709096970e-01 1.547777140992562250e-01
4.181155851422011516e-01 1.459235445715062474e-01
1.109563987597195212e-01 4.230384562072100341e-01
4.884027044171558307e-01 1.449743581272660009e-01
8.255640476079306733e-02 -2.593998076424213206e-01
-3.542748475133983277e-01 1.620161928734940027e-01
9.508404377726342727e-02 -1.112458593921872296e-02
8.799863046822486989e-02 2.437218050198336483e-01
8.886604162353040071e-02 1.694121648081443610e-01
9.305456738853079557e-02 -1.819500781754646024e-01
7.911450680987375250e-02 -9.430660157336512306e-02
-6.413574415703560128e-02 1.490539608202627875e-01
3.753317861552115664e-01 1.493662069303913764e-01
8.246036514753884994e-02 3.749730061505146539e-01
7.403343553887842265e-02 4.153256288761952852e-02
-4.516235844584418624e-01 1.752123059645684933e-01
-7.180584357407981955e-04 1.557018335509414708e-01
1.068754412339811832e-01 5.130737695218867689e-02
2.346789626721739186e-01 1.339957300035536925e-01
9.247919888879385653e-02 4.192474798700142058e-01
2.728918252927314825e-01 1.426582354873949798e-01
4.617718538225995539e-01 1.820631600176354503e-01
9.533863836006306602e-02 3.482343071587771233e-01
-2.282751909728679696e-01 1.817941347302800548e-01
9.705024691517016855e-02 -4.026861203925321542e-01
1.808171714892985449e-01 1.481671360570077089e-01
-3.609065481284990939e-01 1.792870545798138648e-01
-8.629313915747793828e-02 1.495383156939178448e-01
1.009993720212026824e-01 7.192439470259759382e-02
7.649174258194346709e-02 -4.889745308974774440e-01
2.224364254732046353e-01 1.834856608896296981e-01
9.119642447850773159e-02 -8.830646951509257825e-03
-3.349994365932407181e-01 1.863459828284234066e-01
7.842514386940602211e-02 -1.278738394446460314e-01
4.393874307574852089e-01 1.741905467858393397e-01
7.607662624603361845e-02 -3.491916249589215315e-01
-1.413416807489427107e-01 1.556284100176903440e-01
-7.249034610340987506e-02 1.547536426524894759e-01
2.762397885643542716e-01 1.897684233578526003e-01
3.240095340950764902e-01 1.682695166237792028e-01
2.987482056621377779e-01 1.556993350742905680e-01
-3.074368407248406765e-02 1.568511213337873134e-01
1.027249617275961535e-01 -3.284762965968268666e-02
1.057875063147883932e-01 1.730895425392464659e-01
-2.661706485836939917e-01 1.794143591896181222e-01
-8.005623416365215128e-02 1.509230723301514532e-01
7.601772809264828457e-02 8.033659074526999788e-02
9.513834079170646607e-02 3.632480411334404469e-01
-8.542330369077510976e-02 1.585866185293930419e-01
-2.870515855194220034e-01 1.535900176678838269e-01
1.038715242331573751e-01 4.642082761209360697e-01
5.560506005677479102e-03 1.518030047289677942e-01
1.508150277818087748e-01 1.758579862762158497e-01
1.137852888949286712e-01 1.401793068153068811e-01
-4.782143963111148421e-01 1.691512119274193315e-01
9.015139163682583945e-02 4.266952352767253709e-01
-4.951734761640191884e-01 1.419912312290192435e-01
9.113435913950296285e-02 -1.302743542952214950e-01
-6.104542205332752491e-02 1.887721544726320699e-01
-2.738265198113001286e-01 1.552586869912935263e-01
4.122062202625211835e-01 1.724668104189414075e-01
3.451827056078707878e-01 1.644921258775164929e-01
7.341462598194792299e-02 4.659267468087265884e-01
-1.960844934677128393e-01 1.900178388946475172e-01
9.899140401123240895e-02 -1.061486822438653110e-01
1.059043025299605256e-01 6.178117958646323071e-02
3.640735141985548262e-01 1.405242724820602307e-01
8.184784780595888432e-02 3.045265604395659409e-01
4.689011241959483156e-01 1.767507921785791414e-01
2.596272156434781264e-01 1.752929900960533693e-01
2.499370686424220445e-01 1.707457771328440010e-01
8.999612700016546007e-02 4.843096227298386847e-01
-2.174108222999557860e-01 1.693286686624734250e-01
1.162539691310022771e-01 1.581318344264817100e-01
7.636918221790311989e-02 1.848443528625511867e-01
8.294028163519695518e-02 -1.119347855705096206e-01
9.067470209091765820e-02 -2.750753704896413687e-02
8.514498079658239238e-02 3.939660492174060780e-01
-3.586215014307475579e-01 1.790740968686109769e-01
9.928627340951734492e-02 3.687650289609012422e-01
2.701964429698560100e-01 1.671284880519974259e-01
8.742733652614076423e-02 4.753083073823318738e-01
-1.608219354772791876e-01 1.793366820944984896e-01
-3.071375850448416767e-01 1.487181821246346125e-01
-3.602613716061781046e-01 1.610397106898079356e-01
1.058593204659433740e-01 1.276040665787068207e-01
1.955325561983283222e-01 1.520292762264179309e-01
9.018342995674299978e-02 3.936287165737459848e-01
-2.123201591295563739e-01 1.341357923776699268e-01
4.768685347578767164e-01 1.354903662671090858e-01
7.884672891924016103e-02 9.544484348504977955e-02
9.772718067631869232e-02 3.355322641672491280e-01
1.761800497903541762e-01 1.758941300886026626e-01
-2.384434097244910733e-01 1.850100248957528004e-01
1.484541007137886170e-01 1.687937243883401717e-01
8.045704406860176849e-02 5.623696208620165837e-02
-1.958680356317454851e-01 1.353723968403197642e-01
1.103629770708136615e-01 -9.992600498806092357e-02
3.251787697922815523e-01 1.777980965749161868e-01
-3.770167444522056766e-01 1.411308215075968153e-01
4.543912628242476881e-01 1.818961445766491547e-01
-4.125552377996866138e-02 1.831423554889696215e-01
1.749314031077701115e-01 1.486195769978995163e-01
8.614912075087821641e-02 -1.560426969119674823e-01
-1.756006767528029977e-01 1.552461966399931725e-01
7.985009314631275057e-02 4.023800564737334273e-01
-3.805991490232972785e-01 1.372559157298934851e-01
2.684661743456413507e-01 1.460249886835535138e-01
1.718698403442712186e-01 1.508983786985067521e-01
-3.043488229121582567e-01 1.659714739906780201e-01
-1.583502858332631602e-01 1.472031803275531958e-01
1.026368054728549195e-01 8.302975963553738126e-02
8.068744351748236010e-02 8.181703491145375651e-02
9.781462217120051594e-02 3.538894980453953787e-01
7.094610303147730335e-02 1.466879759710359998e-01
4.047588492143109340e-01 1.904718905108632176e-01
9.958966689069581602e-02 2.553376017912464269e-01
9.170926960612457712e-02 -2.570767242897352700e-01
7.946455384722961313e-02 7.264517322984154202e-02
3.808746229329222910e-01 1.619356889061972504e-01
4.388976145307009746e-01 1.691152266125123260e-01
4.265334084004415161e-01 1.572293620853647544e-01
7.825496222243544242e-02 8.123563522344767751e-02
1.424517695296103614e-01 1.891958967933755620e-01
7.912960994996798281e-02 -1.499080968362831445e-02
1.045108364514736321e-01 -4.962402827243469483e-01
4.697896030055112027e-01 1.711887835828389548e-01
7.418728479522107566e-02 -4.495839637671942279e-01
2.203506123953610230e-01 1.538218732723426463e-01
1.657860392943790728e-01 1.522941145531978568e-01
-4.646538043779231408e-01 1.709156728248305557e-01
4.164365174584168106e-01 1.460697473299943372e-01
-1.734831103880031256e-01 1.887238293147889268e-01
-2.535250918381006802e-01 1.373838534973266245e-01
7.588136959102431689e-02 2.673201864713224962e-01
7.347834269389263984e-02 -2.872634423117020885e-01
1.074230858042934944e-01 -3.958490223029474953e-01
-2.251648495579006148e-01 1.533987609340783376e-01
-4.519284518254330640e-01 1.628470991401946844e-01
-2.728917328121973629e-01 1.734643239402871018e-01
3.735348262855375800e-02 1.510898046280547691e-01
9.473214717867961543e-02 -3.648402197415260284e-01
9.432912179456787172e-02 -2.474057934559632521e-01
8.229639606518546202e-02 2.858101785564313158e-01
-3.860574007692227916e-01 1.508105697142945179e-01
-4.198094631691573486e-02 1.609850246469869406e-01
8.998931396606213440e-02 -4.562472060285028830e-01
2.604754392832610010e-01 1.840619211318178516e-01
1.022155424886334041e-01 -6.954622796499232429e-02
8.137434096986650989e-02 2.802884697158520844e-01
1.101860828052421137e-01 -4.351740223587799994e-01
1.435556540004909731e-01 1.578153576229530675e-01
-4.129133808877560874e-02 1.673456239617743257e-01
-7.464180818567467401e-02 1.397658912236384721e-01
9.926548033355531153e-02 -8.418537601152353833e-02
9.991056592059277541e-02 1.836869914944961879e-01
7.464665465077224837e-02 1.281064764491178787e-01
-1.193784291761055272e-01 1.365344585312855408e-01
-2.502732450402903597e-01 1.837272366088438247e-01
-2.423432186553974299e-01 1.875221200677307243e-01
3.730533065884305000e-01 1.408005589747763908e-01
1.607335332594848065e-01 1.641453237388281750e-01
3.497208089973147249e-01 1.710673118453918118e-01
-2.093431982210397502e-01 1.409747141187261965e-01
-3.053748339956579017e-01 1.574244686051629039e-01
7.602831560129852395e-02 -3.776877905442607153e-01
2.767143771780362638e-01 1.776196391385824747e-01
9.194631968480737605e-02 -1.608744687574068521e-01
7.231313593123167571e-02 1.524713849252201658e-01
1.040002375009159152e-01 -2.245411226233265944e-01
3.289479627445679455e-02 1.793422387939449525e-01
-4.884285366159929476e-01 1.488713945112037917e-01
9.534335234641899692e-02 2.663485643678823456e-01
1.014290026646168519e-01 4.690329974858477025e-01
7.660560309644037780e-02 2.873617600951905438e-01
1.031022107082560924e-01 -3.649119622982488487e-02
7.489965692704692035e-02 -3.322267867298211996e-02
-3.765739548834770023e-01 1.493115176055538340e-01
-5.634203789819924868e-02 1.454107383734936088e-01
-2.362922682679358122e-01 1.461588149718653362e-01
-1.881673392913578713e-01 1.496277487360461178e-01
-9.459213222994822257e-02 1.598167631741499450e-01
-1.045007946321985237e-02 1.376558657051343282e-01
1.117520776375470204e-01 -1.689506424216777880e-01
8.822212563602116475e-02 2.739805971091369141e-01
3.824779849967152590e-02 1.754602380353660340e-01
-2.694553598333965239e-01 1.835007003122075542e-01
1.762661165812774433e-01 1.541421877346458302e-01
-2.243366390952595824e-01 1.362852149969375759e-01
3.184196806456076612e-01 1.804580179161763276e-01
-5.030286991317067802e-02 1.423985556887288340e-01
-7.058122590782234251e-02 1.729329494330565931e-01
9.219959956805734436e-02 7.665761843467377989e-02
8.312339436773519274e-02 -2.592489628826163406e-01
2.576486219806007893e-01 1.884385845066123277e-01
-4.787833907841203551e-01 1.807999178606066737e-01
9.407372271471647895e-02 -2.780269645060646777e-01
8.268179543572573564e-02 -4.503271926420345794e-01
9.796509353026483513e-02 -1.149590893713648976e-01
3.098374183377103908e-01 1.539599628589306546e-01
7.150145690687514932e-02 -1.222842224380032983e-01
9.430687254722580626e-02 4.184062380702371353e-01
-1.291586946671564595e-01 1.686834733342617021e-01
1.091798404171867576e-01 -3.472582796257768223e-01
2.652021035392631010e-01 1.729342944860228215e-01
7.675838269986201556e-02 -3.561184237829626564e-01
-2.178463601119495774e-02 1.606807324114434277e-01
1.042702064694290831e-01 4.593731437707389009e-01
-2.867828661475060326e-01 1.758920161852540742e-01
-1.546787759218829494e-01 1.561155951203700987e-01
7.631880204948693347e-02 -2.140508504688258817e-01
1.058664817499429533e-01 2.133004172087533679e-01
-8.652827502824789185e-02 1.342905692131406425e-01
-4.111423018255802031e-01 1.494941990125601139e-01
4.918552978606773873e-01 1.595820558842051540e-01
1.041439879510409616e-01 -4.831875746723490739e-01
4.445159566701188947e-01 1.424680392903476811e-01
9.915924483687621471e-02 -1.593433213955891548e-01
8.754434023691981537e-02 -2.388613707285293097e-01
3.996463357270774175e-03 1.649355872147831858e-01
-5.856353302522621096e-02 1.390690640497197483e-01
8.375461394339256405e-02 4.321228814881478142e-01
9.690030160123308534e-02 -3.166753539101798687e-01
1.089984645731183477e-01 -4.783569265255604996e-02
7.829500267907540945e-02 -4.127699416162022850e-02
7.496815484632168847e-02 -3.203248664398646861e-01
1.594717928650127847e-01 1.825038464321135923e-01
7.246550596953116319e-02 -3.818600586350493487e-01
8.035380920493528922e-02 1.910122942382682654e-01
-6.359675840255529788e-02 1.683194226342443756e-01
-3.422460031358056654e-01 1.527319899444093965e-01
4.375335004455466192e-01 1.467339017778397370e-01
9.529334449361126502e-02 3.938534202376177129e-01
-2.906279150324487803e-01 1.411419601762274878e-01
-1.212367507025526869e-01 1.729776569069362280e-01
1.071666150354927405e-01 2.330811263467935657e-01
7.225138252448648490e-02 -2.245994437476144245e-01
-1.884482453642621902e-02 1.368708673049569002e-01
8.279727456186414258e-02 -4.615190722935793577e-01
1.085453632388553302e-01 2.640365154515887935e-01
-3.968215791192584163e-01 1.721529968935592292e-01
-2.846781500756314642e-01 1.825378215484206867e-01
1.313741946772672975e-01 1.748480867214445844e-01
-3.124241126573005234e-01 1.598618597945452580e-01
-4.894130024194066619e-01 1.757447418063349254e-01
4.044675573984005679e-01 1.572803047649505848e-01
-1.048745233312499137e-01 1.690134712531370376e-01
-2.948971592595875935e-01 1.733128899459702721e-01
-2.925165147668707943e-01 1.413074407772291208e-01
7.384503911793449671e-02 2.567421114498051882e-01
3.045465390553792062e-02 1.661861937088713326e-01
3.249927403989971708e-02 1.626780660148866575e-01
4.515464663448967020e-01 1.397498186929623243e-01
7.241926289442335296e-02 -3.667929135879373082e-01
-2.288667486505968629e-02 1.381532821499286134e-01
9.340019673244825960e-02 2.682549583106815794e-01
8.040418868436183253e-02 1.857490413778739580e-02
-1.935347772299028657e-01 1.543395017274687975e-01
2.031828606129570947e-02 1.385816699692836718e-01
1.000577861246587652e-01 -4.100167715002012159e-02
3.550828995646758690e-01 1.690564506024794245e-01
1.003136995238931295e-01 3.860703803688837477e-01
9.500660124173054832e-02 -1.814963872459028904e-01
-5.953937605247761056e-03 1.675521600988454374e-01
-4.968305416320729639e-01 1.810352646951555178e-01
4.311104198350872441e-01 1.341758965410247972e-01
1.273804049737614630e-02 1.413294329839666075e-01
9.761240959329064992e-02 9.036976842659072418e-02
2.205655642833022068e-01 1.571264332136464992e-01
9.666441808291825755e-02 -4.570980697377380331e-01
4.133330352981522404e-01 1.338379349824087017e-01
-2.699293508978447553e-01 1.612281527231658185e-01
1.104754125332337855e-01 2.524367564759704141e-01
4.126604147587258353e-01 1.524191857951656681e-01
3.714327734931545111e-01 1.868901302430366895e-01
1.088598023684036464e-01 3.353287066331608335e-01
3.460545345246415216e-01 1.588819574156611347e-01
-2.548313283574912269e-01 1.592972222957463879e-01
2.712697733963751467e-01 1.566542449619428012e-01
2.986597668132006111e-01 1.341233671172749053e-01
1.784390305890916073e-01 1.900348540600509395e-01
-3.945967057079178275e-01 1.544124188537858711e-01
7.369336315377605917e-02 3.749655493985573074e-01
8.473631958412808363e-02 4.815040236404176666e-01
-4.565977505172544859e-01 1.654115109999634292e-01
-4.354145815860732682e-01 1.397843076542677476e-01
1.948598764684410511e-01 1.458970231679007634e-01
7.321899251156249733e-02 3.611810048676900031e-02
1.086031874486064197e-01 -4.726734325864386799e-01
9.090225670214491238e-02 -1.369177726130497152e-01
3.374410018205117323e-01 1.391091646914193181e-01
7.389866624668850470e-02 -6.885142760709883625e-02
1.105724549466775564e-01 6.341497899128645255e-02
8.232387841872401690e-02 -3.970148626143644721e-01
-2.707499777817677922e-01 1.474729391244211651e-01
8.244459362106359990e-02 -1.509866812097536704e-01
6.383443098694396856e-02 1.696294662663050401e-01
-3.873884037447850037e-01 1.517378421536949018e-01
1.415601903030013764e-01 1.357609654550272493e-01
2.490846104324154764e-01 1.663011311650607338e-01
-1.468457407818075655e-01 1.857008821218145700e-01
7.780715992312470242e-02 1.184574116382502984e-01
9.063248591507055973e-02 -1.786790198328698231e-01
3.750371470205733360e-01 1.518660762456739421e-01
8.369785351506875415e-02 -3.370630561093664879e-01
7.719560863171448517e-02 2.126548781916955955e-01
-2.548225682239649847e-01 1.420006191992448930e-01
2.073340929471078065e-01 1.534008347215767287e-01
-3.781653922572916215e-01 1.621382992659221589e-01
-1.551186037061489387e-01 1.539652774975275307e-01
-2.978174084847515779e-01 1.451674911196260132e-01
9.529547189611187186e-02 1.214553052509637077e-02
1.914743718062846822e-01 1.347966552862286393e-01
8.733193524367710570e-02 -2.470477743050033537e-01
1.080879384602683180e-01 3.236433923871593343e-01
-3.499489663990826838e-01 1.464105422444094140e-01
1.014706852359288369e-01 7.726852481263324357e-02
8.155911689433015255e-02 2.856783725119036443e-01
-1.021048422469740258e-01 1.460675469355271483e-01
1.909622476226936483e-01 1.728588642820115817e-01
3.875050328588081072e-02 1.836593973500804111e-01
1.026492886865281173e-01 -2.440439691654550103e-02
4.001440207616763223e-01 1.398000599754977147e-01
-3.001513252155232347e-01 1.891232025073013023e-01
-5.644457926081047905e-02 1.667397165989157326e-01
9.648482334267749483e-02 4.485700864147732503e-01
-2.531673551992883464e-01 1.369560850949600450e-01
8.574726609510363584e-02 -2.735253520175260356e-01
3.450823567841532213e-02 1.402780902307861899e-01
1.082294334544107173e-01 2.308736537804002564e-01
4.421326810918071448e-01 1.608410846566479258e-01
9.725718520278747725e-02 -3.565750301235494080e-01
-1.805698134963832358e-01 1.866484414127046465e-01
-1.595882096506571202e-01 1.824473889676131444e-01
2.089216534600882857e-01 1.509431362158757395e-01
7.354199698839414268e-02 -3.956717941587805099e-01
-4.395059441808745193e-01 1.905510086784658608e-01
8.925948672420103147e-02 -1.138629125263553865e-01
8.136556237471737063e-02 -2.296501272034379149e-01
9.157420197341215040e-02 4.832978632194362412e-01
-2.364418755862484067e-01 1.768844795197428432e-01
3.005382921172896626e-01 1.425439020989315297e-01
8.174854696572353419e-02 -2.243707889961973345e-01
2.117140905030653331e-01 1.691036482527618068e-01
8.856749852592671335e-02 -4.652247743244428690e-01
9.670006689891907925e-02 -2.126290672219476319e-01
-4.604052154695089660e-01 1.484643422923049849e-01
2.334113635281381827e-01 1.441371579929341395e-01
1.200887236717029793e-02 1.570949337994569373e-01
4.147803793601134714e-03 1.584164173839797130e-01
8.291627261919554126e-02 1.644300181256407312e-01
8.815998430857452384e-02 -1.207056492576685791e-03
-1.236688884032141056e-01 1.370872071439523943e-01
7.940776015418105072e-02 4.994986486359094258e-01
-1.909484401035164147e-01 1.568246288739644223e-01
8.363674485665106850e-02 -1.859091038307206789e-01
4.667741681531833997e-02 1.414991822398181665e-01
1.096234137033643696e-01 7.094459788535933953e-02
4.703757535126426026e-01 1.401042149571729567e-01
1.266026378152446119e-01 1.601370392171710400e-01
2.810475803195839894e-01 1.538583320777610064e-01
-3.173918728065746597e-01 1.467842170496918008e-01
6.553294062610914850e-02 1.371881777905914479e-01
2.382036311648847438e-01 1.826545699620665264e-01
2.121324590801413335e-01 1.627634057236813092e-01
1.002512698743379671e-01 6.706695295478581897e-02
1.052368375869172645e-01 -4.813037224263134739e-01
-9.209053067298755835e-02 1.586497715046234491e-01
8.470068002835717813e-02 -8.593649001222514183e-02
9.741497083998174045e-02 -4.864855339906773990e-01
8.192629773808857152e-02 -2.877078941142547919e-01
8.561720114344917310e-02 -1.953433120692255054e-01
-1.721153845808772731e-01 1.614126836347951066e-01
-4.945560058793386782e-01 1.621870205751309024e-01
1.071087675884021539e-01 1.575230733467803956e-01
2.952988534483990124e-01 1.457562337549311859e-01
9.785971801866355513e-02 4.587646794976495412e-01
4.916513107470859012e-01 1.849092569860050217e-01
8.106725361621602843e-02 -2.639130250317041071e-01
3.177852965078131753e-02 1.395552381586762092e-01
1.041082529478142282e-01 -1.633792806860535629e-01
7.613989256910957959e-02 1.309792327647407717e-01
9.670159578470949313e-02 -4.990989038439815895e-01
-2.466964291831840184e-01 1.898627541256122653e-01
3.890152519193220693e-01 1.433300227995859544e-01
8.101971443731881273e-02 -2.499849899361759054e-01
7.565353512250683199e-02 -2.853235404753996507e-01
