-8.701578317434777166e-02 -1.131136174131741612e-03
7.855016188268360011e-02 -1.636624608213247400e-01
3.951466442236126753e-01 3.086153701059135557e-03
6.570273020904404682e-02 3.190792893527817364e-01
7.010412692295953097e-02 3.402947583231089590e-01
6.596714143085136151e-02 -4.011510900510814048e-01
5.305267961814585931e-02 -2.863875872778476328e-03
6.664214389695521934e-02 -2.895179063308320755e-01
7.824305744355164460e-02 9.166798079479621109e-02
4.633870390826022589e-02 4.452607862395805416e-01
3.216759191445346389e-01 1.344613309523556843e-02
6.401982345188861334e-02 2.727184588912369145e-01
4.682305086097959812e-02 2.282501113001310644e-01
5.922065456462599631e-02 2.373786223973998188e-01
3.262680121036762859e-01 1.117185807374121431e-02
7.368627049685849695e-02 1.619301332228771928e-01
-4.513160938831830560e-01 2.366855541008994201e-02
3.492853333889336387e-01 -9.680818020891823750e-04
5.548063485361687253e-02 -3.539801192523540641e-01
5.102105502424003625e-02 1.218021473715987790e-01
5.207557337085322313e-02 -1.291518115023225777e-01
6.443384383260175596e-02 4.498154188620157035e-01
5.380258412015137548e-02 3.315749234217479913e-02
-4.688826601296570695e-01 2.349522106678936240e-02
7.507062560821642361e-02 2.413665685939322403e-01
6.359587930335897088e-02 3.109692173023947959e-01
6.376414430485721763e-02 2.597909304004329956e-01
-3.797428365881390100e-01 2.003690513768496828e-02
5.164314764912247835e-02 7.651611972549132723e-02
7.319354932628296950e-02 2.624208505614880060e-01
3.785985599378766109e-01 -4.015807942343574410e-04
-1.250103831038450464e-01 1.951830283562550061e-02
-1.836360816652139460e-01 7.340867466550937692e-03
4.558968412354613697e-02 4.344559931273089814e-01
4.170551604276873103e-02 2.491869510751532069e-03
-1.722260396332444543e-01 5.872949161113916183e-03
3.655894395578729306e-02 2.029666928397388936e-02
5.334334867345835729e-02 -4.245020371999901343e-01
-4.082889667993465643e-01 2.642443788619774914e-03
1.717221936063589860e-01 1.001095781082061986e-02
-4.600977497711853381e-01 1.326931052205082562e-02
7.665024808374421017e-02 -2.978574624227969814e-01
4.722306762070516140e-02 2.130192499446426080e-02
3.628477440221108408e-01 -1.288612279957135343e-04
5.071119815769076222e-02 -1.564843977923876528e-01
3.731847538385041352e-01 1.076179226202400585e-02
6.451242203059792679e-02 1.466652733369746553e-01
-3.010183977615562556e-01 1.074048795225845954e-02
5.265836911052390601e-02 4.784569373708393858e-01
7.824725929370612842e-02 2.265791399314768251e-01
-3.459459673084552822e-01 2.096869655401212285e-02
7.990368134120140464e-02 -7.555879077334914928e-02
5.091915253200796077e-02 -2.785085864116964016e-01
-2.287545258730124820e-01 2.208109370964528306e-02
5.120448199222515928e-02 -4.349076012998572827e-01
-3.721458351652401353e-01 8.864846916711854874e-03
4.731739216088816091e-01 9.857434665136999286e-04
6.475048596531429723e-02 -2.016240061452941879e-01
5.647067025017715736e-02 -2.502840272160078428e-01
6.624239190844571912e-02 8.009147333011035208e-02
5.845389708270753992e-02 -2.403793520504913239e-01
7.969593738517111170e-02 2.192112834105242047e-01
6.076632668771053680e-02 -3.358142131100345651e-01
6.086947711208801071e-02 -1.882875419439423714e-01
-2.076317371074568596e-01 2.362577385359965199e-02
6.126044110001493959e-02 -3.509352574693962445e-01
5.550898770131740267e-02 -2.059066099672737238e-01
-3.089189204524775967e-01 5.052407887901066985e-03
-8.304855052496040724e-02 2.161530764437558094e-02
6.221826062123658740e-02 -4.974383127154692330e-01
2.659613975625817472e-01 7.018347695859850077e-03
1.173925926091891059e-01 7.332320984646867323e-03
2.813689301714388247e-01 -3.818983558248056909e-04
6.799602418232209011e-02 3.260811733043773586e-01
6.068129576643288559e-02 -4.545681106493992818e-02
4.522932781902477828e-02 3.022988112736864075e-01
-3.763783662526534179e-01 9.608051470655354365e-03
9.351477640825522908e-02 1.684295968186111381e-02
-2.022255970673002556e-01 5.612846731761766961e-05
3.913438290975710387e-01 9.843554491036354825e-03
6.768992284512798108e-02 2.859039839873674937e-01
4.591122304363648432e-02 3.371434127052230778e-02
4.207414023192745933e-02 6.937865123267883405e-03
4.750146875826299908e-02 -4.724209520969597786e-01
5.211034230937827694e-02 -1.266442397239697648e-01
4.759396533883131220e-02 6.379581996751859663e-02
3.033617230123998310e-01 1.009831934271554488e-02
4.745940940248294382e-02 2.248497865202970791e-01
5.653151152828406190e-02 -2.073788345430116475e-02
-3.374113084887991887e-01 2.611644299072124475e-02
4.984136456043430918e-02 -3.516821181881579772e-02
2.309507532207927261e-01 2.562218789859604939e-02
4.414181330580451146e-01 1.404605472647191267e-02
5.649444359772892721e-02 4.279811247628355630e-01
-3.194784764865677973e-01 1.407352578642917518e-02
-1.078831068428263151e-01 1.666447627942657661e-02
5.197247491220635673e-02 2.280665021579442175e-02
7.146510750791301714e-02 3.018419351933098183e-01
7.903500255015649678e-02 -1.574173298715596525e-01
4.826432982007844430e-02 2.359772240897389795e-01
1.317232804776690136e-01 1.829942339590329148e-02
-3.538353472040239867e-01 1.383291460596691724e-02
5.720223683279856974e-02 5.409487077742636263e-02
-4.514384185922568626e-01 -1.514168546231209334e-03
2.739862379147423033e-01 2.506781914755518148e-02
5.019785453425518185e-02 -2.258837058834420874e-01
-2.906407486968075604e-01 9.976847518633813472e-03
3.469526094452904941e-01 1.303006258850492038e-03
-4.454464072027334298e-01 1.688391834236835365e-02
7.535214518725874555e-02 -4.131040733367179474e-01
5.351591245958664533e-02 1.061478307994623282e-02
6.001855365188812907e-02 -2.284434095344640703e-01
4.888443560822841594e-02 -8.717962177980742577e-02
2.738550739029235181e-01 1.359584206947472840e-02
-2.079364951921895965e-01 8.649444972241737695e-03
9.606830578876779381e-02 2.462324850242125773e-02
4.918272810434987097e-02 -2.859323980197094883e-01
-4.742938882277958346e-01 1.088711570022959929e-02
5.692798950198341146e-02 -1.721843979031426608e-01
3.544414393835240151e-01 2.716551258008181868e-03
6.683864594500854572e-02 -4.339316803122150734e-02
5.390592288107887153e-02 -1.377046895052552733e-01
-3.721512423028666694e-01 2.091126507917540067e-03
7.394343166709360649e-02 1.431552573467360645e-01
4.546523324587281589e-02 -2.834651041215795475e-01
7.595433445860666488e-02 -2.695603082342326040e-01
4.531027322225733567e-02 -3.306151025558626833e-01
-2.187482932533614255e-01 1.362840838234469221e-02
-2.983112734008024347e-01 1.588783340052346560e-02
7.053202293536797729e-02 -4.144584444360530640e-01
-4.244148554238824644e-01 8.766792147797408674e-03
5.646538255043809240e-02 -3.187704923596547113e-01
-1.035234030277183415e-01 1.352518188026818891e-02
8.022460531973951703e-02 2.654019351452411302e-01
6.947867454618295024e-02 4.695234681091088325e-01
6.461070520927536531e-02 -4.480028602118382164e-01
4.974147411732410262e-02 -4.482050551249703307e-01
6.786350725471423928e-02 -3.789180176825124313e-02
7.970251742494849356e-02 4.150023065802178612e-01
4.898117437083748804e-02 3.191055551068012752e-01
5.874829009789150902e-02 -2.483743716211006536e-01
6.218371244561038402e-02 4.557427057019036720e-02
6.426062221412232045e-02 1.272799206978902919e-01
7.213833088209553601e-02 -2.795040762002295454e-01
1.541196991491652346e-01 2.363318022368132709e-02
-1.827886189264815719e-01 2.329173064671663518e-02
6.699411397621679587e-02 -2.721218316872324738e-01
4.818112767917970274e-02 -1.363347900249407552e-01
7.677518308463171515e-02 1.549401805875919580e-01
7.510348632098950983e-02 -2.142839235335014525e-02
7.861317667978662271e-02 6.240421106569626897e-02
-2.694395384084316003e-01 1.614919178136953182e-02
-1.366354664353950366e-01 6.886341155889375010e-03
-4.057567849463982190e-01 1.810921148401867242e-04
-1.160750534362915420e-01 2.419899333532704588e-03
-1.382606634254094358e-01 1.188165753300762795e-02
-1.453046363109959938e-01 2.215953222526612088e-02
-1.116926894566604433e-01 1.139405553447725428e-02
2.498823832362722097e-01 1.799450158404491962e-02
6.454274501420964594e-02 -4.814713879802933194e-01
7.874335340584615039e-02 -1.815796591844091035e-01
6.734517575212906060e-02 -1.428515177227469568e-01
-2.977295595379109150e-01 1.505386310406375827e-02
-4.094259460147519070e-01 1.123581162244557952e-02
1.913741442015650662e-01 8.499432667797957031e-03
-2.219337120025240973e-01 9.977986166337826646e-03
2.917111626129417212e-01 1.826475377321679083e-02
6.959111490559111157e-02 -9.878615956985359325e-03
3.304943296363370697e-01 1.643886190731946861e-02
5.335453388847422040e-02 -4.678302362777545520e-01
7.725088125038537257e-02 -2.029460135822833688e-01
7.521604105704682297e-02 -3.569439480853775493e-01
-6.867659133995451803e-03 2.020474069685995744e-02
7.499780782005871504e-02 2.378757003082155874e-01
5.336441112010692489e-02 8.642107542617827320e-02
-1.212134500087717059e-01 5.934899544935312576e-03
1.276650910567550534e-01 1.670191248171393195e-02
4.518236912795098315e-01 1.355752484542205316e-02
-1.984020071362553317e-01 1.525654288971001193e-02
6.656007107825445690e-02 -1.000017865816615892e-01
4.610395590719507108e-02 -4.253538954362634517e-02
5.583753687635484297e-02 -3.095306393506492837e-01
2.255057664492897684e-01 1.359407199139606170e-02
6.966050163305848031e-02 1.768167191889061796e-01
6.291823646058403163e-02 4.863771038518371892e-02
3.302197410418121759e-01 1.588219194660089872e-02
-1.074954686147819860e-01 3.659752968733887002e-03
-3.731848318150843280e-01 -2.050032606341400943e-03
6.361082986175781162e-02 7.628036166886886793e-02
6.755176283306130181e-02 -2.409624743087920296e-01
1.470007347237084483e-01 -2.755835681826468431e-03
3.575940704229896294e-01 1.740784594736533020e-02
-3.857262833754024900e-01 2.435812152369321026e-04
4.803041039087130315e-02 -6.371447063753910012e-02
4.527251549254807106e-02 3.022466745018546064e-01
7.830393104090416223e-02 -2.881133163619532533e-01
5.515733853958226796e-02 -4.433623498570739008e-01
6.572879278488008570e-02 -2.973779527287074842e-01
7.942250991347954425e-02 1.539420602946977024e-01
7.020049082777224392e-02 -4.649120392020152925e-01
7.425625914204148081e-02 -2.494072897685573054e-01
-2.828866954929023514e-01 2.089574893519008381e-02
6.801000085672559425e-02 -4.935251932911578487e-01
2.101978224720462141e-01 2.819777888843688629e-03
-1.279040052223899826e-01 1.773760921935241264e-02
2.079578681061166057e-01 5.803579600934249960e-03
3.076961476893210756e-01 -1.026446782723122730e-03
5.177410021522355077e-02 -1.131311096793000681e-01
4.849171996976675558e-01 1.187678673824077435e-04
2.895702373988687794e-01 1.460600164678560464e-02
7.432900199616576664e-02 -5.867000407961708852e-02
5.044525764715235283e-02 -4.144541329944528840e-02
6.922235979005975093e-02 -3.920381682732755335e-01
4.687529997480255339e-02 3.197006120770451432e-01
1.345505864053366807e-01 1.611791635251236254e-02
-1.631435091454774833e-01 5.002332939375131460e-03
7.181489410820895980e-02 -7.697543634997050521e-02
4.862229194192357884e-02 -3.636400979822203006e-01
8.819169493185108344e-02 -2.109635628944062091e-04
3.243052304384301809e-01 -1.315126816318512581e-03
7.864768386009568513e-02 -2.351188662692458298e-01
-3.072528177825506468e-01 6.718571120453820100e-03
7.061875027299024943e-02 3.199017795209657677e-01
1.355733229827131847e-01 -3.537913881328291765e-03
3.651487270691738951e-01 3.896978919547322562e-03
7.910838413344811748e-02 -3.536921331006025460e-01
5.948578556945827156e-02 -1.475704702391491541e-01
3.730430436510946413e-01 5.871271792571075565e-03
7.244492577623307117e-02 4.112669337302925499e-01
-2.795634709164450671e-01 2.358163862087647722e-02
6.355803598018239242e-02 1.343332733428534986e-01
7.546415028794273283e-02 -3.809632363346707740e-01
4.885106857671928093e-02 2.970135953540192775e-01
2.065146408095630548e-03 2.060236182858210530e-02
-2.972394612896687160e-01 -3.560917492485993208e-03
-1.914906970999976643e-01 7.255006545918263328e-03
-3.708318912892621944e-01 1.481127203540322235e-02
6.422078705775446927e-02 1.335191236878785492e-02
6.684249330206271100e-02 -4.611563121693560419e-01
-1.411076601930018048e-01 2.588637684678440909e-02
5.558984776233766301e-02 4.399592946371093660e-01
5.500639307124144395e-02 -8.892904852608429778e-02
6.987298267595587475e-02 2.851640805942093904e-01
7.784280226688944371e-02 2.342720217187733711e-01
4.783869233837523272e-02 -1.911374802392556971e-01
6.061633709554170579e-02 -2.527452541358472526e-01
6.478235208248761534e-02 1.293056834650343490e-01
5.706021007347095164e-02 -4.293538696656293840e-01
3.924495045788715109e-01 9.263578580444686850e-03
6.942073295850170744e-02 4.413954313355694659e-01
6.148955490330454410e-02 1.796383854633076815e-01
6.209361014886316532e-02 -2.136048161835151227e-01
7.176865830586232065e-02 -2.829238703931707954e-01
-9.115933700950318297e-02 2.185926244124691831e-02
6.830011767541832590e-02 1.906213092418037602e-01
7.292784597666779334e-02 3.183040547274850196e-01
7.763750702873739584e-02 -3.601521207725277840e-02
6.105150515223523033e-02 -3.275293425230216826e-01
1.760810571397886104e-02 3.659952953238621021e-03
5.217870410783109758e-02 3.332952419237839026e-01
5.092548978648614444e-02 -4.502593292810175285e-01
7.594917221725205891e-02 -7.532542240230888364e-02
6.104874542349514321e-02 9.736110842792333742e-02
3.898517940787249447e-02 2.568291744752970729e-02
4.738208249602297029e-01 -2.739758862581043175e-04
5.813276365638786469e-02 -7.654915123726957482e-03
7.099131260586211134e-02 3.184970125784970518e-01
7.184734164997008676e-02 3.557274441482690674e-01
-4.864990765861194610e-01 2.060808574008154981e-02
4.808251737111435276e-02 1.213490639328975718e-01
4.597158247143762200e-02 -2.917170133247848351e-02
7.409326160641649395e-02 1.464827585422932010e-01
7.019645098544091688e-02 -4.037514072775394425e-02
4.567144410055512527e-02 -3.113602381709823508e-01
7.790735773790036234e-02 4.767134436744008275e-01
5.015808993244941227e-02 -1.370898374166635847e-01
7.773570553845765563e-02 8.080003516431011334e-03
5.291428412312559892e-02 -1.041058041210873863e-02
5.452047888563948952e-02 1.148224938666194683e-01
-4.574754564023000292e-01 5.649326132017074009e-03
-1.130429313207018671e-01 2.469187620894142121e-02
6.989559241669829337e-02 2.807157369828285898e-01
3.267078670715507505e-01 2.171771052183624207e-02
2.732259694424461482e-01 4.077214823669517152e-03
6.540960628383796216e-02 1.856726358582849734e-01
7.347729326546903472e-02 3.119946974025054054e-01
4.317814318478445657e-01 1.347843644935986518e-02
2.269734732539041566e-01 1.422624588893883768e-02
-6.888580660888554696e-02 1.473240409122134054e-02
-3.679822701862273115e-01 1.971571364879909360e-03
-3.131219278864143529e-01 2.375445499297723639e-02
7.645016786995195712e-02 -4.317416416582491312e-01
-3.979776027336378030e-01 1.068815679839918431e-02
2.038417322590362346e-01 2.187222953573242368e-02
7.309916892106493869e-02 -3.785635619219661629e-01
4.573030749053230704e-02 -2.382597427411654589e-01
8.600729095143455627e-02 1.798063237573632733e-02
-4.229672263406989430e-01 7.670326685075279372e-03
7.965578001238926564e-02 3.649543858429729060e-01
6.113106047162364387e-02 1.249351099905486873e-01
5.659984565436448900e-02 -3.180758461983378416e-01
1.982705917594589362e-01 1.255030270904355927e-02
-4.843381601422401816e-01 -3.639657734848422699e-03
3.212376429548198242e-01 1.207498688463759517e-02
5.466163384017963534e-02 -4.685681118683875379e-01
-2.456382075328487069e-01 8.024872282816786218e-03
-1.526039946849270246e-01 -2.436994871293229892e-03
4.011491085699472325e-01 1.842553177580552592e-02
-4.430837168400298953e-01 2.584750251614931216e-02
7.688376754952808145e-02 4.170165840719134431e-01
7.062674189990070239e-02 1.593773375834869332e-01
-3.508392522119799795e-01 1.624769372566392533e-02
6.614699120618017236e-02 2.756160133413680935e-01
5.657075380108178564e-02 -1.036857278679303995e-03
1.162015494072006216e-01 2.944631665330321724e-04
4.847402278361001571e-02 2.672754203337867063e-01
-5.611306082475053802e-02 9.950370986294254649e-03
2.950606225104257518e-01 1.888117429024316341e-02
