1.474031880361419411e-01 -2.687877268439098355e-02
4.476339357695463539e-01 -1.116238899234134330e-02
-4.674851829544128812e-01 -6.169947490182847716e-03
4.456300229236732635e-01 -2.547041215408607506e-03
4.285385278283919686e-01 -1.084266957149848665e-02
2.577565280783926660e-01 -9.491623349360933659e-03
4.585305575028930658e-02 -3.753700054441646561e-01
3.249249679002259583e-01 -1.555096234498609675e-02
6.092253017800142167e-02 -3.476570699531612574e-01
6.161742659890723228e-02 -2.863845527389596857e-01
-4.290775692915941297e-01 -2.420403378488089619e-02
7.119466101997995455e-02 6.688706127708810012e-02
5.432503732889704118e-02 4.013670028822521330e-01
5.281662450175261814e-02 1.819970725502543241e-01
4.319500371873641331e-02 -2.961563600413171793e-01
4.124275668184795851e-02 -1.462121803059996950e-01
4.986953423225704007e-02 -2.462540447564942614e-02
5.080948645505223293e-02 4.791164308193753829e-01
3.036499568677658578e-01 -1.758456319052326133e-02
-2.928900560134312103e-01 -2.295396004266736512e-02
4.817474443136982032e-02 2.369271236168610795e-01
6.393736315283715665e-02 -1.483672860074203292e-02
5.171014598844447807e-02 4.964762816731800310e-01
7.189198092567183895e-02 -3.742558592718965293e-01
7.216985166892031511e-02 -4.412093780312565938e-01
1.927434581263178792e-01 -9.930632422091800748e-03
4.522718074465026383e-02 4.658100903880997290e-01
1.547505529123383017e-02 -2.092705861576238391e-02
4.042948727290321953e-01 -6.129892260699820739e-03
5.415753504879372571e-02 1.668124885309537619e-01
5.418238962608346032e-02 1.163248654666264592e-01
6.614943386345617515e-02 -4.692997440467112646e-01
4.242786335459580727e-02 4.912816191936691945e-01
-2.022216821861038127e-01 -2.783304771949601797e-02
5.007504733932943708e-02 2.691977867714741013e-01
-5.912843724382932376e-02 -1.581148046175506749e-02
4.567766357274949396e-02 -1.132394355632976302e-01
2.013120122000179313e-01 -9.734535544027700382e-03
5.603972516272393012e-02 4.415874486591583326e-01
-4.660924574612878013e-01 -3.045166906900143022e-02
-4.039360300774232915e-01 -8.197874202792498899e-03
-9.487664680023821795e-03 -1.705047080193011766e-02
4.908374244140144560e-01 -2.608081047881061210e-02
6.196491816519655860e-02 -4.473575431862487628e-01
2.821712889675382918e-01 -2.679779241735269490e-02
5.632215935973905463e-02 2.411946695995595968e-01
5.631586288913092986e-02 1.182495374096266261e-01
2.445079525748271587e-01 -7.475591723938634914e-03
6.514147999337605022e-02 -3.237670581985510054e-01
4.048669993162323788e-02 -1.242120622158435772e-01
-2.230702134855734320e-01 -9.229072729660448005e-03
6.964613155816534729e-02 2.188585109502304560e-01
5.458488983569620423e-02 -1.354050122018092273e-01
6.547323866100673850e-02 3.156628351559076506e-02
3.808701537344955090e-01 -2.000166551214210831e-02
6.349888325026720182e-02 9.899718774539878474e-02
1.882515105691485724e-01 -2.510011600293371448e-02
6.173471617062642469e-02 -1.789805664970500754e-01
6.671868497960176114e-02 1.167487329899427051e-01
4.136231649149590961e-02 -1.858335088884878195e-01
-3.691980159481078605e-01 -3.004240109140177140e-02
6.780191387065115372e-02 4.934811759111235041e-02
8.542683295268238552e-02 -2.441043777913176616e-02
-4.855641673023713967e-02 -2.100388410186193600e-02
6.636918785033452117e-02 -5.156250085804880978e-02
6.509783974944050033e-02 -5.722380228603751728e-02
-2.022545507880554316e-01 -1.645134663836744782e-02
4.461911599242102122e-01 -1.931466116901492391e-02
5.880532067351218473e-02 3.762675330206439739e-01
4.117499233266563863e-02 -3.981864717892076300e-01
-4.368281868189293204e-01 -1.423041826295379231e-02
2.198862735800231061e-01 -1.335033942950336616e-02
6.627613733885662217e-02 1.479574950031602443e-01
-3.952133857490214286e-01 -3.801540876708475736e-03
4.484759338171440124e-02 1.395825104858167132e-01
-2.530223880034939699e-01 -2.885008643660469385e-02
7.344441231228593381e-02 5.355208943704803382e-02
2.062179658218975531e-01 -2.704969321927586101e-02
4.877298494508675031e-02 2.254994615003298453e-01
-1.361380768539222075e-02 -1.264333994793265248e-02
2.018841499144629070e-01 -3.217087636295101749e-02
-2.783352455257462887e-01 -2.978559134857383661e-02
1.993353242913022960e-01 -6.059673932503173432e-03
-4.911669749443331456e-01 -6.561714951123676087e-03
-4.512353809016267370e-03 -2.209943788442814139e-02
-3.161028765690505615e-01 -1.512530647104892711e-02
6.775838232958053542e-02 -3.709022197196820692e-01
6.693008721464843713e-02 2.930146709485986767e-01
-2.342414318723677891e-01 -4.056605319926909203e-03
5.047220930474605183e-02 -2.977724291836902903e-01
2.052953361822645872e-01 -1.743582420102918196e-02
-5.637725287529715690e-02 -3.139203427395720336e-02
4.577892726989296612e-02 -2.067469075624561725e-02
4.632017393355181145e-02 -2.409391662485244057e-01
-1.809754926006716946e-01 -3.192471341078662039e-02
-8.935175817392282394e-02 -3.901345333975680951e-03
-4.224522518818168981e-01 -2.645648427570423955e-02
6.753000559694732896e-02 -1.386055333429830894e-01
-2.765773220312607306e-01 -2.482065542603850705e-02
-4.816935710978964558e-01 -4.013399666406569644e-03
4.966493578121811137e-02 -3.520019809547617617e-01
6.568562155269608294e-02 2.840072625353412539e-01
6.111027358740284132e-02 4.595985206994341876e-01
8.886568745383338630e-02 -2.727831374067768433e-02
4.747369544215807036e-02 1.510769646718235215e-01
4.378804505482890574e-01 -1.615207453422906614e-02
5.845133116322254185e-02 1.125903093336837468e-01
4.177405169845749278e-02 1.096936932623712169e-01
2.096788569481788933e-01 -1.718662556870564906e-02
4.555449589035898139e-02 1.149360747603282995e-01
5.164391230536702349e-02 -3.505617490810273296e-01
3.223621301822329199e-01 -3.036433589175913106e-02
-1.437829797142183841e-01 -8.452609044521941506e-03
-4.807143810416680818e-02 -1.203714262374711019e-02
-2.291477212887402803e-01 -2.463656271846803580e-02
-4.882655686870152056e-02 -3.179739864819230988e-03
2.802179589167326235e-01 -2.337785000832381943e-02
4.736375294063444041e-02 -2.870115899765957046e-01
6.493959194654796985e-02 4.345481471932588491e-02
6.990355218642596569e-02 9.549304697280869281e-02
4.476607812250300578e-01 -1.543595218732596308e-02
5.317253798849164159e-02 1.017983670695036258e-01
6.374714515035828644e-02 4.572206020044577990e-01
4.910536945449284207e-02 2.760834321221272702e-02
6.424746211314391608e-02 -4.759436454080142598e-01
-3.023864505651471246e-01 -1.827510570589518935e-02
4.983352222215337024e-01 -1.987058997935620130e-02
-1.423052556169674965e-01 -8.430504587321974164e-03
5.913200395561080125e-02 4.817330298010746858e-02
4.861470567815993071e-01 -9.025838477260350601e-03
4.750588543370126704e-02 -8.027046331039378035e-02
7.401774680334671785e-02 1.764793049472790365e-02
5.946831413998554527e-02 -1.696022130598218158e-01
4.066671108837194293e-02 -4.963553046895538001e-01
7.476111294122111950e-02 -1.910251445487102240e-01
6.535596014187217140e-02 2.573521085143873899e-01
5.141085452419524859e-02 6.959040351388434686e-02
4.936308215041818048e-02 3.191716641445297986e-01
2.623462899482578159e-01 -2.825660149993203252e-02
-1.526938976425362693e-02 -3.205365406322258082e-02
-1.863234138943158369e-01 -1.273751360068109406e-02
5.332125105203522342e-02 2.057060245197582793e-01
7.248009903677987698e-02 4.221222607077793620e-01
4.683189966177248031e-02 2.606607254893064107e-01
-1.042164446706239644e-04 -1.305728954354223870e-02
7.245466703672598374e-02 -4.344923531634081737e-01
6.427844267315119264e-02 4.600538814744289384e-01
-3.106710122833644672e-01 -2.837171750735256737e-02
-4.716844574055544248e-01 -2.045349684326114303e-02
3.668724700299086372e-01 -4.892444147431063151e-03
2.295742857243169288e-01 -1.962966375620700532e-02
5.328506251583653430e-02 -4.660355373731845940e-01
5.192002338271495265e-02 3.121415884036704558e-02
4.072611842429874063e-02 -2.259607478017633397e-01
6.006797870963631603e-02 -3.197783675295411410e-01
5.798243293594074199e-02 8.821504546469727259e-02
3.355715309560451942e-01 -9.601751623701693106e-03
5.835504300998317628e-02 -2.547100736545337973e-02
6.106354613261399944e-02 1.977584046310887356e-02
1.572101401112457886e-02 -2.610456711654707274e-02
7.293777636560538902e-02 4.551317463999693391e-01
3.475595049812876258e-01 -4.308768975112453603e-03
7.310287935616177624e-02 4.467401056818429694e-01
5.633915221530372275e-02 -2.599207088933699339e-01
4.635328626102064309e-02 4.833699588620776755e-01
6.244324971219761267e-02 3.076700680173123370e-01
2.831132858453068168e-01 -1.127778816475699664e-02
1.177250940015294178e-01 -2.224459974712111876e-02
7.447273355764061353e-02 -2.550063739857445499e-01
7.417360062012945399e-02 -6.669032380384221081e-02
6.851621330839541280e-02 3.653599060721298697e-01
5.784870700911537433e-02 1.109470112982859913e-01
-2.739544445817683194e-01 -2.334350735050949588e-03
1.730042806098830432e-02 -2.721475587316735112e-02
6.341369077947334176e-02 -1.832485494280117200e-01
-2.768598635355079551e-01 -2.961230453538288288e-02
3.811430750152855484e-02 -2.737815332356807740e-02
3.769057651623136662e-01 -2.127374610547372313e-02
3.173704511857766697e-02 -1.197009230538192970e-02
-8.282750209426337218e-02 -7.139760110424275830e-03
-3.775613234868318013e-01 -2.322921379345976867e-03
6.688556096212860957e-02 -2.516844884870558241e-01
4.348366883518495207e-02 -2.230811831144555724e-01
9.846253782735459037e-02 -2.236878889770932410e-02
-3.083584944472300693e-01 -8.870235851999530574e-03
5.040431743516071705e-02 3.074352275872261897e-01
6.662734975095574441e-02 1.394218292502449330e-01
4.258887651205367497e-02 -3.812484452034542448e-01
5.914184680911305225e-02 -3.250433477470210386e-01
6.230315093828298068e-02 -2.017839459091405052e-01
5.496814957937790069e-02 4.025069023042271432e-01
-9.483102970658352504e-02 -1.840371339860857880e-02
2.463341729203368802e-01 -2.671163803553056049e-02
3.338486961208675385e-02 -3.161261627559519560e-02
7.041687554099196333e-02 9.758402624352124910e-02
-4.093561008508539434e-02 -1.701163736714106367e-02
-3.491179143816135477e-01 -1.031812642853380257e-02
5.550852533541661415e-02 3.277196480187256622e-01
7.900759060757500674e-02 -7.014498353406617426e-03
5.551638396578173484e-02 4.686419944481867716e-01
6.115134448226955399e-02 -2.088977880897480155e-01
6.856586180895829497e-02 2.477169014623298304e-01
8.871550167314468105e-02 -2.337959092621533230e-02
6.863411426043886099e-02 4.809656941279547571e-01
6.484582687685258584e-02 -4.854125657126111548e-01
1.303526019786179768e-01 -2.586472029558395391e-02
-2.443755540721792574e-01 -3.668398018363716595e-03
2.953441069132585195e-01 -1.920846411666343734e-02
5.866678343116882299e-02 -3.279169227502659600e-01
4.574690864068153839e-02 -4.040099881969588802e-01
4.612016860912626637e-02 9.897454828963370144e-02
5.840134129233232052e-02 1.258641142668648349e-02
6.567910634669349434e-02 -3.988533944197247827e-01
-3.757718869415628271e-01 -1.864604088794208359e-02
6.999751868033421420e-02 -2.101460789298671417e-01
6.197459782486403057e-02 -4.795325748128163035e-01
4.749337280486121138e-02 4.157775443058110421e-01
-1.658642239194290102e-01 -1.409442164675778209e-02
4.353266212943371904e-01 -1.474397696584717199e-02
6.671861860403072164e-02 -4.559429389153720757e-01
-9.068661609504369281e-03 -2.256938605179814594e-02
5.170378398904240669e-02 3.894040857474384554e-01
5.180105335533469191e-02 3.902387668847813185e-01
2.102706621906127449e-01 -1.065787761135861267e-02
-7.416397720102885227e-02 -3.004336101784677027e-02
5.528387924922206764e-02 -4.341172976962147656e-01
4.950095738222293207e-02 -8.774575122771099966e-02
6.571948014072037658e-02 2.633792562424096539e-01
4.510778697633388568e-02 4.238423345539665821e-02
4.186393499522589323e-02 -1.736034448472937308e-01
4.164427199550857495e-02 5.985589645524092006e-03
7.059808024545277672e-02 -8.973942475255236584e-02
-3.433685251684521766e-01 -2.352085372474210789e-02
6.033978673090834022e-02 2.763454564103224875e-01
-2.078192899937136850e-02 -2.695864926124513783e-02
6.851835098839353932e-02 -2.673103273056169904e-01
6.992104510896524072e-02 -2.856063848104041236e-01
1.841702424072462208e-01 -5.851815512617486448e-03
1.065996479559866428e-01 -2.434846126016176893e-02
6.810565207179164471e-02 3.976460675044868331e-03
4.858958002248359165e-02 5.638303120613352704e-02
4.999877063761848373e-02 3.551988654148666713e-01
-4.489473004432720238e-01 -8.250853530791468771e-03
2.018899740718805846e-01 -1.783118319483312231e-02
8.269250310220732647e-02 -8.228586900820844541e-03
-1.700109548966295403e-01 -2.533244248996902037e-02
5.023930274012267105e-02 1.084265290710901830e-01
4.571150847000663431e-01 -1.084052782078182009e-02
5.234188257116145770e-02 -3.074744144352874464e-01
7.096206654472347886e-02 3.327093397508098516e-01
8.321570163729830050e-02 -1.464943912367933088e-02
4.693856299228360562e-02 -1.471494041683805154e-01
-3.926285133871791899e-01 -1.407602003175245642e-02
7.400242704700354945e-02 -1.918575327836543609e-01
4.410753542045717790e-01 -7.397741311996663960e-03
6.881021290703825954e-02 -2.500390027031229589e-01
-8.945670413370621077e-02 -1.494974206994925670e-02
6.133213283952887451e-02 3.273536308576826537e-01
-4.987655845985269343e-01 -1.496115930780028691e-02
-4.718236583325280398e-01 -2.053950661767589558e-02
2.029604308053373218e-01 -7.144438658492568983e-03
-1.979980869293991308e-01 -3.202410635721630872e-02
5.875561502307091732e-02 2.455505674407368888e-01
-1.148878869976306394e-01 -2.391218091203806129e-02
7.493037605275343349e-02 4.951120337970495999e-01
4.400122321200639064e-02 -4.534872300805423695e-01
4.699657157322133516e-01 -8.643404322404735218e-03
1.526662575819459633e-01 -1.119822175874896075e-02
7.237510454043549757e-02 2.510262101811547852e-01
7.924136977993356812e-02 -1.484876837135140626e-02
5.748000747153103607e-02 -1.542318857665957443e-01
7.308931268421159366e-02 4.676984181153250875e-01
4.352546918847022273e-02 -4.141890982249560871e-01
4.116376214277095436e-02 3.208206884786413138e-02
4.185558080233272582e-01 -2.322526398591462371e-02
-9.087064991102233869e-02 -1.345165937715220306e-02
6.650721845085749706e-02 -4.020786585627544873e-02
7.333955050022811228e-02 -4.674840829542021847e-01
4.809259385557151933e-02 4.259761469174967452e-01
-3.143550705129375400e-01 -3.094361754996266534e-02
6.139935057660206308e-02 4.588137567683786555e-01
4.958149659939881104e-02 1.857398769029039443e-01
9.321734527097091938e-02 -3.191477789606567139e-02
5.532512856150484382e-02 4.078280595749592674e-01
3.765281120586924102e-01 -2.253632140514671978e-02
5.761022643156477052e-02 -8.330964980692623367e-02
-3.327038583023300689e-01 -2.671838040252405566e-02
-4.499501246975106117e-01 -4.829405233724215485e-03
5.870630652397190730e-02 -1.383676062303293985e-01
1.992387093935923392e-01 -2.263648940159324052e-02
1.648674421640373700e-01 -1.073508750877705253e-02
6.401912915836449613e-02 3.690599544622610306e-01
1.814248035586973895e-02 -1.966737639929427850e-02
-6.852237709137232180e-02 -3.598102815107417918e-03
6.287649646388349112e-02 -2.244318622757510706e-01
-4.197318089412527264e-02 -2.068928851075535480e-02
3.178311451586980363e-01 -1.366985093751360569e-02
6.895228568604294672e-02 3.472296819714985050e-01
-3.607948780432217450e-01 -2.943429110588768882e-02
5.024264427353553053e-02 2.034277053879779418e-01
4.995732718233758529e-02 -2.571532110020495754e-01
5.242483982748979976e-02 3.610507370563378338e-01
4.913501046835544450e-02 1.353364550566849012e-01
4.276762406444356568e-02 2.446957529944138177e-01
4.056057703522941704e-02 -4.485062442882554734e-01
-4.151120541946178299e-01 -3.564558164976583399e-03
7.459805835863719814e-02 -3.924448991925899577e-02
-1.458733199221686760e-01 -1.133036768599893218e-02
4.588924640842595437e-02 -2.439969248427090731e-01
-1.717872706780969594e-01 -8.910165801553793230e-03
5.578056844551149140e-02 2.221504645004013234e-02
-4.804557434632363844e-01 -1.406906394423146356e-02
1.237968845508795601e-01 -2.204346610899277081e-02
7.491426311685811523e-02 -1.741063584274792353e-01
4.912052123340038268e-02 -2.087081694423909006e-01
3.413516423951727941e-01 -2.378900629353652985e-02
6.275082902259199180e-02 3.579896793969309376e-01
3.523468589675237128e-01 -2.516151731557447757e-02
-4.453117597479807621e-01 -1.619703193681476527e-02
5.630337908899207822e-02 2.940043644686367585e-01
-1.423287536190447344e-01 -7.835055962096881821e-03
4.593949813139823757e-01 -5.936757623757782376e-03
7.337837919295508993e-02 -1.466534949355509099e-01
6.706045469437993400e-02 -3.296632789638614947e-01
4.902467640190766307e-02 -1.211984235434024892e-01
4.320725288513116435e-02 -1.562895777720826329e-01
4.768036785610372252e-01 -3.142440369897170349e-02
5.173892072699959321e-02 5.432027133917760597e-02
6.537504688946049747e-02 -3.346331649346340198e-01
1.786404744769445330e-01 -3.562493229621543911e-03
4.153384027330582207e-01 -2.878250011454142054e-03
5.656187838685589053e-02 -1.752172259257944731e-01
-2.547439261868335025e-01 -2.598810573010112979e-02
3.399660268321338386e-01 -4.847225373880270638e-03
2.287693167394156957e-01 -2.868242573437196352e-02
5.401865540717309955e-02 1.476812412654903151e-01
6.005218507149157059e-02 -4.200900691882314408e-01
5.344156994503934666e-02 -9.222667331486811282e-02
6.252894487441751359e-02 -2.111606560548912048e-01
-3.302297919528962566e-02 -1.571760637541608219e-02
2.164374260047426946e-01 -2.185271176283642980e-02
6.032793342388564906e-02 6.302040494023841699e-02
5.145748908910341424e-02 3.293738325526515132e-01
5.744966250166982924e-02 4.168518518875363732e-02
6.048842090489092715e-02 1.854392513851890190e-01
