-1.607427842366069282e-01 1.051997521778261779e-01
8.744059940104731421e-02 -4.314201099911064707e-01
7.091011373813949081e-02 -3.309382971064631640e-01
8.462310236933567875e-02 -3.862679866733745859e-01
2.643590168368147308e-01 1.265638726075360987e-01
3.877992899227489243e-01 1.014906062075595639e-01
7.056260085582366504e-02 -4.764768883883719885e-01
9.861103090549427908e-02 -5.935337326190404106e-02
-1.562556448326812841e-01 1.330873049454084356e-01
8.780048762010927987e-02 -2.290325559405619327e-01
1.216433078659562295e-01 1.239855082944177900e-01
3.646004764467986048e-01 1.437436217002578953e-01
9.267174192340765781e-02 4.417181385010620076e-01
6.486641650821700633e-02 -4.484089892530862542e-02
1.351193169751475631e-01 1.197826100939816119e-01
1.404419114739370311e-01 1.025629420916137624e-01
6.453588580089031357e-02 4.835044998362647561e-01
8.038418089733501137e-02 1.015245465867579133e-01
7.719793337538738420e-02 -4.307636343635936615e-01
3.989865669271166482e-01 1.274561671530712870e-01
1.271910681247401254e-01 1.236900391107654817e-01
4.077267856505164545e-01 1.378858967631508836e-01
1.869441764125968630e-01 1.397470528129001188e-01
1.002671840230052736e-01 1.469691049287167317e-01
4.211292527152484810e-01 1.154317133477922308e-01
1.000514470735149875e-01 -4.445317861226536493e-01
4.570276975058796820e-01 9.855220670635511659e-02
7.926162132648406633e-02 2.610493878850694838e-02
-2.076439067349168388e-01 1.322888132624812085e-01
-2.873282019726937087e-01 1.306057782015176416e-01
6.705864647865589223e-02 8.768789398221310538e-02
-1.501237543079885217e-01 1.062154807170855308e-01
8.489604801369232678e-02 -1.725495100749495636e-01
2.982543838046747275e-03 1.156270297859269824e-01
-1.010570538527821860e-02 1.128330796689822613e-01
9.225480261357377199e-02 2.144044450197021279e-01
1.023161307044182511e-01 -2.810438702508613051e-01
4.456650101750792015e-01 1.253277504954859456e-01
8.205485783367960639e-02 -3.552972121345021606e-01
-4.487084314659697259e-01 1.151782020126499440e-01
7.386023978614053576e-02 -2.968647976025995394e-02
6.469003945342544082e-02 -4.621436743715989781e-01
3.462344804264216869e-01 1.285715416100446928e-01
7.722884646791050578e-02 4.424475147833120126e-01
1.235307502132907409e-01 9.973762756673398844e-02
2.262989957047270018e-01 1.375587053291316142e-01
7.152263902655342509e-02 -1.902189502599739290e-01
3.482710132586820384e-01 1.277119242310765790e-01
6.955393468084081210e-02 9.938983682616964188e-02
-4.284582623885533348e-01 1.201594114672176472e-01
8.167190553645020668e-02 -1.389911229177581697e-01
-2.334383469754555129e-01 1.055131654801000352e-01
4.096017556348268140e-01 1.119076083102319430e-01
9.286237509325934170e-02 -4.370366096500774011e-01
1.072135600772200492e-01 1.370892367153747626e-01
7.984302179494073837e-02 -2.310699978320179815e-01
8.545253330818913806e-02 2.373097988423455984e-01
-2.387630519466235057e-01 1.104078695336366822e-01
-1.044913685013438842e-01 1.286836163027885727e-01
2.129077105169741024e-02 1.362420268588967476e-01
7.429031745621916816e-02 3.245893717678105528e-01
-9.754651145079951124e-02 1.165488252203570330e-01
-3.482169080265553607e-01 1.432838685959508807e-01
9.404413464648253562e-02 -3.107684499298024594e-01
9.863422215329198384e-02 3.896655193110932780e-01
-3.357513325834384776e-01 1.176624232420564464e-01
-4.162069157780617923e-01 1.336901091819514553e-01
8.617606471869454499e-02 4.787960406724539597e-01
1.272719465523564075e-01 1.218762162559476891e-01
2.308082565021858379e-01 1.452337514814134867e-01
-1.616583194234784138e-01 1.042522253906972285e-01
-2.372650321927369799e-01 1.427373282631088092e-01
7.660544754382736521e-02 -8.076391184630360431e-02
-7.817191421816305219e-02 1.395587042736147199e-01
1.727537615013738925e-01 1.095128688315121224e-01
9.171634013246876549e-02 -3.111221812260328567e-01
-8.790829348535333931e-02 1.084905805679434732e-01
8.152659209147761210e-02 -4.344260581904011431e-01
-1.271625030290568503e-01 1.255544927646434772e-01
8.170344078747737715e-02 -4.832767680470596572e-01
-1.154761340487697741e-02 9.853272796740852879e-02
4.082752807760671176e-01 1.251049211740570266e-01
4.119150583827894119e-01 1.235552257548394595e-01
7.200012028041025136e-02 -3.097557990104153891e-01
3.286478834719440689e-01 1.158076856537546551e-01
8.138290433841199878e-02 -1.479868232165427733e-01
4.989090745452074982e-01 1.403815140190731725e-01
1.009263452203794653e-01 4.759789944096143310e-01
1.815897292560997300e-02 1.043782705347795492e-01
4.079029964327323121e-01 1.344754667352520139e-01
-1.690921509259168953e-01 1.418495328284916646e-01
7.063164801391430547e-02 2.257664125741256633e-01
3.185708160859449523e-01 9.942515100159476926e-02
3.926797311410735736e-01 1.274008534465478348e-01
8.067092694899946625e-02 -5.533678141870346234e-02
7.222711463011921573e-02 -1.210637573492405750e-01
7.945535018941618510e-02 1.572980550978693159e-01
6.710821022160540217e-02 7.907000418560772292e-02
9.810040282177334703e-02 1.807861527173368899e-01
-3.773036439531907149e-02 1.379740318981678149e-01
2.706529266165318415e-01 1.255929611586215078e-01
-2.550178409725170070e-01 1.448338582949878495e-01
9.954714343339976512e-02 -4.018915464509209556e-01
7.889533235554024859e-02 5.609728663595381359e-02
1.853911266788325074e-01 1.391168787591445799e-01
2.943027279901955229e-01 1.012227378220217355e-01
1.651144123257176632e-01 1.350258575362359714e-01
6.464230632606471350e-02 4.866735325553317448e-01
2.856633846459242232e-01 1.428626968202514336e-01
9.622764193635879870e-02 2.262401347989129174e-02
7.376957254120364293e-02 -3.817686031832047133e-01
7.884686278793229253e-02 7.328535043057116116e-02
9.608142045838730105e-02 -3.694068711204024913e-01
3.689477667067362354e-01 9.815643603293910946e-02
8.427516863868811381e-02 1.482347364699468928e-01
2.080038923158237241e-01 1.029956035919784574e-01
-2.033594695399848495e-01 1.418708114202295034e-01
9.908349555826856392e-02 -2.261984847466952386e-01
-3.401893046000958876e-01 1.217047414981129450e-01
-1.902886846098656992e-01 1.437989508478416667e-01
-2.318105025696055588e-01 1.122233508434073990e-01
6.937813682104920776e-02 3.380144626473070568e-01
-7.593827481513659716e-02 1.178147191951455230e-01
4.966840798725720152e-01 1.446519035669728837e-01
9.658056017673188887e-02 -2.939247013390299257e-01
-1.636758626985075349e-01 1.358690507006522497e-01
7.162593599383881848e-02 2.940372511925308796e-01
1.014240585530405969e-01 2.077579346813851480e-01
6.442831445910446320e-02 -4.001091404047517619e-01
6.562505588672762347e-02 4.705292042251885132e-02
2.694941758674094245e-01 1.322492931951055883e-01
2.441646459952113712e-01 1.014389404196347488e-01
6.967879654693698299e-03 1.024622940853947561e-01
7.984416026118079657e-02 -6.835049089453804072e-02
8.548470146861120167e-02 -4.562770417164496717e-01
-3.945681661238523708e-01 1.008251531690409486e-01
6.824996452627407617e-02 3.427972530686714814e-01
8.114898280835147748e-02 -4.908620859197964093e-01
2.638835662665699466e-01 1.448099107356125570e-01
-2.925847999367029439e-01 1.216728485423268502e-01
-4.625678094659675388e-01 1.251258475944400095e-01
8.685883612927824959e-02 -1.672129761025054062e-01
2.720715412944119116e-01 1.382868462847488544e-01
8.191646354136428165e-02 8.122657976477221098e-02
6.519958196274133755e-02 -3.691205233193590729e-01
8.893159087435353882e-02 -4.489300087943737250e-02
4.298703755032792229e-01 1.214918171452449291e-01
-4.696439358190990232e-01 1.384221469194411025e-01
2.745651191930983392e-01 1.021706932642418852e-01
8.225012120287522599e-02 -2.989369116855666864e-01
-3.098863492068307801e-01 1.434316678918040600e-01
3.222720533141587573e-02 1.245507384883175472e-01
7.327954241183232131e-02 -3.116578045085360849e-02
1.014368686848281520e-01 3.065844282408595189e-01
2.658622581911661564e-01 1.296480526664368638e-01
-4.272008668631266382e-01 1.383158628208971397e-01
3.006417198724042894e-01 1.068485169329129736e-01
-6.671552023788396291e-02 1.242662428322935941e-01
7.324270585580427984e-02 4.095814882473396423e-01
7.242707431346862013e-02 2.307761618178337804e-01
-4.393581643829382877e-01 1.426185688955071695e-01
3.151931801082186180e-01 1.347480292103578892e-01
-2.376334462362320599e-01 1.060894000507879298e-01
-2.680199740515880613e-01 1.029687873081173155e-01
7.583170518701587426e-02 3.658996631961568546e-01
6.478790747372997760e-02 -6.102762260204952494e-02
1.693511098375530821e-01 1.015335867745712495e-01
9.872138329137913892e-02 -8.539791210749725359e-02
8.993162428552103904e-02 -1.855148313482991584e-01
-2.424028425438421452e-01 1.061682907941965404e-01
7.366422032549857501e-02 -1.309974155395376982e-02
-2.760766881306813136e-01 1.407061620068942309e-01
2.857537331448213314e-01 1.380146230730466828e-01
7.340490000501198598e-02 3.563016414660269415e-02
-2.418306926771830456e-01 1.177034946411179561e-01
2.399046205160880740e-01 1.304028889229026378e-01
7.309609317675902496e-02 3.557288420839055387e-02
6.613490867845706056e-02 4.952611002843054777e-04
9.547117373248548144e-02 8.820440366731419068e-02
-8.202815021458609301e-02 1.353099903395051928e-01
9.690245473910197305e-02 -3.378229545410937895e-02
9.024803060559494217e-02 -4.611103808304769514e-01
3.744897931167391336e-01 1.382302365946757039e-01
6.725250672508775729e-02 3.319365751876990345e-02
-1.405910096294106237e-01 1.117433008458497135e-01
-3.223535021601877659e-01 1.141891092722395751e-01
-9.811705233693912565e-02 1.406885411582836642e-01
8.871367606473112843e-02 -2.350036247078209906e-01
-5.783503515011090279e-02 1.376623777670622495e-01
-2.399347344339276544e-01 1.333022049527400332e-01
4.618870432819142113e-01 1.326748616783264278e-01
2.013212634572913995e-01 1.277486560316817288e-01
-4.432675053084380590e-01 1.429331968157360189e-01
3.299076580944437787e-02 1.372812759901153035e-01
4.459584492210344475e-01 1.075799766250336020e-01
8.825390030772106709e-02 -3.421670840330971464e-01
3.429807839201945985e-01 1.202434526231594969e-01
1.602167928745644732e-01 1.195619999926467170e-01
2.775246129737150014e-01 1.443201633722357435e-01
-5.715700254086597543e-02 1.344806515280927428e-01
9.437461845653016823e-02 4.382266153252999397e-01
3.031315650178879606e-01 1.087344533203934427e-01
4.024895895850207905e-01 1.157767611121210960e-01
8.576826326683695267e-02 2.556664514038416991e-01
8.610805645982000378e-02 -3.691752924923382695e-01
2.213676882297611614e-01 1.036889700092354927e-01
8.522744219781808184e-02 -2.971324227441055621e-01
1.008815292175386791e-01 -4.018763109514181808e-01
1.006358848722119781e-01 -1.128379639363059628e-01
2.585851383329370590e-01 1.371027349920429517e-01
-3.473307773038979418e-01 1.017578520344418758e-01
7.670081779342474704e-02 -3.909600587110264591e-01
-2.037868478378785930e-01 1.015090805670771923e-01
6.658002043200328401e-02 -4.922978694320767623e-01
6.507330852239656682e-02 -2.992269572049910398e-01
-2.070252033367034894e-01 1.057361815320976284e-01
-1.761285271027782651e-01 1.100343425690820665e-01
-4.454145360893879690e-02 1.169799102232980115e-01
1.002889665314242729e-01 1.471264740733621013e-01
-2.205925197724013520e-01 1.021314565682963638e-01
9.991680626680776722e-02 -5.405036379065364383e-02
-6.596426714429615146e-02 1.337896924072772276e-01
-4.758415057137612703e-01 1.339490032856176516e-01
6.754469009152397341e-02 -2.116402393200652599e-01
1.030590938434570170e-01 -4.710306766510349297e-01
2.128731200765311415e-01 1.380222394681777098e-01
-1.189526464800167993e-01 1.341396010690805163e-01
9.620104215458802344e-02 -1.225393090456132761e-01
7.793181096123436014e-02 4.794539418908153605e-01
-6.839411407477091753e-02 1.334204587183752677e-01
6.415133187703581097e-02 4.937658218514064945e-01
-4.329823437043515133e-01 9.917951720770457058e-02
8.224579223021299956e-02 -4.513761375038219947e-01
-2.064571667063364035e-02 1.210134588939972833e-01
6.540273520666106677e-02 -3.313369160743780961e-01
-3.601999409117330186e-01 1.170730645464310715e-01
8.670025691718197258e-02 8.346334953453271588e-03
-3.320415886843880449e-01 1.227195866059478391e-01
-2.635082887763404713e-01 1.236846870971417545e-01
-2.622940230233703485e-01 1.338159195309253091e-01
1.080767398410585889e-01 1.386066366959328722e-01
7.270918983227592225e-02 -5.144506375632185158e-02
7.802350766455712350e-02 4.512333904277754382e-02
-3.198832143782437409e-02 1.325449764674081488e-01
7.637868771057654271e-02 -6.491003971105668846e-02
9.966951995393691366e-02 -2.727603810346599378e-01
-1.612264629911871472e-01 1.152879083673664651e-01
3.565784556241536896e-01 1.134864153701392597e-01
8.946246853656325548e-02 1.384138703589267161e-01
-3.563472998208905285e-02 1.264768787594856558e-01
-2.084595744618855662e-02 1.061277679859602419e-01
-4.591507280161055693e-02 1.420952476467504111e-01
-3.415624980568585656e-01 1.323134707403428312e-01
-2.620308522388876682e-01 1.271132097108130798e-01
8.851579659340924611e-02 -1.237256944552543869e-01
-2.646860684816407794e-01 1.048769321425147005e-01
-2.438087729628348743e-01 9.807063500569024317e-02
8.629398301551416406e-02 3.463379611839170202e-01
4.651704334589767953e-01 1.151583325119019952e-01
-1.736430607657142300e-01 1.181123402119114152e-01
7.914044464453695582e-02 4.043414404807188500e-01
6.410043679340493572e-02 4.886171970707509082e-02
3.678806250898142283e-01 1.270256518492056674e-01
-3.207561657267745669e-01 1.347926585970474767e-01
1.198728155744472890e-01 1.074070582047484956e-01
8.437935232740600977e-02 -2.539085779713380342e-01
-2.534781055442061337e-01 1.198888282540492289e-01
-2.593615493858996146e-01 1.368975693815284167e-01
6.111943925050933313e-02 9.904834739756529505e-02
7.762675559394893732e-02 -2.963462384953248208e-01
2.119950432388595374e-01 1.300903720409599673e-01
9.472811685207183086e-02 -1.983057755335582151e-02
-8.380904127575883322e-02 1.056656005630826067e-01
8.353538639914237507e-02 2.721025833233127189e-01
-1.004980333029988904e-01 1.437487800335913724e-01
7.714651671555361467e-02 -2.176310752146363159e-01
6.706795635613627127e-02 4.087420782603733427e-01
3.347335629503180865e-01 1.143085531185060733e-01
6.787044660818242203e-02 4.814789710029997449e-01
-2.462572156050186756e-01 1.277621067510499309e-01
1.015243788280779658e-01 -1.484942821583421502e-01
2.211267795644544787e-01 1.360044083612826915e-01
6.942169788176100198e-02 -3.529528953384181156e-01
6.733561381334229878e-02 7.437848117739842557e-03
8.337696984907383424e-02 1.553759656655161470e-01
6.807628654968589377e-02 2.803304306253751044e-02
3.388935491682210088e-01 1.334199694889065535e-01
-4.527385728889617988e-01 1.090242131722355401e-01
8.249505834672588023e-02 -2.088060085761557216e-01
1.376437643813729350e-01 1.189445977482529448e-01
-4.267284321509616785e-01 1.435185860847203454e-01
3.120683495050476930e-01 1.369735621873466869e-01
-2.824702183834372216e-01 1.071988901743793354e-01
7.458548709620682615e-02 -5.236303589845836548e-02
-4.534969291623341947e-01 1.370888830825318649e-01
-4.421687060920899137e-01 1.141397248743931669e-01
-4.825516742328099795e-01 1.284965346078451587e-01
3.335956403821278560e-01 1.331818815514707044e-01
1.268443513358247232e-01 1.072434244479332222e-01
7.482209166252562493e-02 1.104548503547336802e-01
-5.788058329794976142e-02 1.193560695291076001e-01
1.782830855908932310e-01 9.960774210211420510e-02
-3.624669813153469367e-02 1.326656475697107762e-01
-4.269366296039946995e-01 1.336316687256736691e-01
1.972220209803157154e-01 1.291758931756135098e-01
-2.260658170022754598e-01 1.299536472730283831e-01
-9.915052495865328552e-03 1.121280163985670653e-01
-1.624620269337623268e-01 1.257183204750521588e-01
8.450042923755107793e-02 1.948883016119624667e-01
3.177485974041684980e-01 1.101150756802383723e-01
4.744644305035266019e-01 1.397464806155149786e-01
7.635351567328951816e-02 -1.615546691303080262e-01
4.430062744753870962e-01 1.030519452815717996e-01
4.764654834477677348e-02 1.028626972143890095e-01
-3.837914153843936527e-01 1.272107940253283109e-01
-2.387921418243150740e-01 1.055092827665250477e-01
-8.598401611640049680e-02 1.070949072404316915e-01
4.079700007139710483e-01 1.341240795623380722e-01
1.021937382143208728e-01 2.550803164493808950e-02
7.122332993678104351e-02 -9.124026671773100006e-02
7.284892842219115039e-02 -3.436924741039055764e-01
8.900916011621018420e-02 -8.254274571261677185e-02
-1.124060118727154833e-01 1.434965852159386657e-01
-1.760720592178820487e-01 1.320868610855614467e-01
-8.661783395299815780e-02 1.184415643037893817e-01
7.263024184887267864e-02 2.821035998890064622e-02
-1.390705894577348722e-02 1.137874046437132858e-01
1.008187321303748440e-01 4.656584400641489152e-01
6.974388347576376823e-02 -2.052027105276553742e-01
8.642891098591931609e-02 -2.544797041175675956e-01
4.906568264015445102e-01 1.168653098442986593e-01
-3.262321547848668901e-01 1.302027767475381070e-01
6.442916023921818613e-02 4.921742272334851398e-01
1.003904484661829466e-01 4.223972843502282748e-01
8.005344953515269868e-02 -1.326878558287686305e-01
1.020034526623606608e-01 -1.170249146113250260e-01
-1.908785615593255880e-02 1.116764439831162692e-01
-1.466810948636604328e-01 1.138355253078847662e-01
7.417500522579256739e-02 -9.052701462731127524e-02
9.589808970489310802e-02 -2.255713780495393062e-01
-9.526634882617646127e-02 1.096464392812501742e-01
7.274727864065932970e-02 1.720380565833867781e-02
2.901507505837196410e-01 1.336429391034223979e-01
9.964986604071057741e-02 1.649700118869109611e-01
1.869110096356431105e-01 1.311855739790038777e-01
8.700729231398340868e-02 1.352813342294623133e-01
2.078572343091569241e-01 1.012386945676359007e-01
3.090455340404172357e-01 1.372330939572984354e-01
-4.402224197120064852e-01 1.298828743324111912e-01
3.636186326464552199e-01 1.355276185399735267e-01
-3.804959163085652740e-01 1.158703452767367859e-01
8.829330032163751341e-02 -4.795930366905467590e-01
7.633704168616384234e-02 1.624205918177124008e-01
-2.955105562649137374e-01 1.395713710514474570e-01
-3.769698508711496476e-01 1.361263029955740445e-01
9.887302997327207521e-02 4.305984496480512735e-01
8.190935557832956793e-02 4.354720001720302491e-01
-3.869978479706259744e-02 1.255764500161536956e-01
6.865447751699338408e-02 -3.609794235310246346e-01
8.050498755591084521e-02 -1.302204489722709191e-01
3.351943756388729989e-01 1.358645875572422890e-01
7.082771043756552753e-02 2.197968289520428886e-01
-1.461670307378031275e-01 1.041811344773759807e-01
-1.533996842232482338e-01 1.042958933209725547e-01
9.081598521307143734e-02 -4.301314943210134967e-01
1.727993253383341976e-01 9.876078970719270878e-02
7.394735441808286680e-02 4.874726716268940052e-01
6.940030076831227301e-02 -4.583903397658715129e-01
1.893493433108230928e-01 1.103465765382464214e-01
-2.203080657099475426e-01 1.287988415853883462e-01
8.536519528816577385e-02 -1.151991447445128713e-01
3.629646825112529118e-01 1.266082146585527646e-01
2.047852669008087823e-01 1.270305491550053345e-01
8.531194553192344987e-02 1.206780567167189400e-01
-2.230754137417234606e-01 9.901285965860917582e-02
4.725889899893173096e-01 1.139424466209171261e-01
9.489469860912036481e-02 3.499219068274707078e-01
-4.717005250603565347e-01 1.067767956131483453e-01
8.231884403556655183e-02 -4.525963490977837900e-01
-4.541725903463303959e-01 9.925803220918338887e-02
-1.294403169319875424e-01 1.131508902966822383e-01
1.030418105879146173e-01 -1.913468284879275005e-01
7.091765853134845976e-02 4.178325559068455375e-01
7.031216995577893591e-02 -4.331252330421996311e-01
9.070171101017343585e-02 8.159973863638181335e-02
3.686520304630125366e-01 1.060863525121843454e-01
8.080063012166827097e-02 -1.457716212643666021e-01
7.715952413165338974e-02 -2.629180989089479059e-01
7.962892418190914423e-02 4.680075504895319094e-01
4.438498152317261747e-01 1.193491701366456992e-01
2.109444211677390379e-01 9.868821001629901613e-02
8.825109604338499114e-02 -1.044991862991918596e-01
7.719084442570844917e-02 3.693416200573662600e-01
9.109734109721590034e-02 1.481100225934495196e-02
9.373997048964677337e-02 -2.658684232339387776e-01
1.009436218394963447e-01 -9.173949007590287419e-02
-1.585000048056469657e-01 1.300403335861151088e-01
6.828313545070785473e-02 4.816431184352532036e-02
1.962382234522033198e-01 1.446446945646638893e-01
2.648166873967240376e-01 1.435272132425097213e-01
-4.345998515877647073e-02 1.084333860194000021e-01
9.481318601065447105e-02 -4.711986081662082881e-01
2.815491339500255652e-01 1.342210277175244215e-01
1.471920205111127977e-01 1.342220889416736451e-01
8.967892839654711956e-02 2.469328971534225925e-01
-2.783548937856065164e-01 1.192580134994057905e-01
-4.537616541231488387e-01 1.026609612677974459e-01
5.661138541091570442e-02 1.440005724985995439e-01
-3.844886882023945684e-01 9.834003192544715777e-02
3.166095768016224943e-01 1.051624060027609442e-01
4.648029017359178727e-02 1.196366864348537007e-01
6.674169584279832090e-02 1.954201239349927510e-01
2.648754585368062742e-02 1.124571717648213953e-01
1.252483171146933083e-01 1.202741305853510800e-01
7.337800789028381399e-02 -2.552660782358410207e-01
8.045690855782361428e-02 2.060837822112071560e-01
1.430725382272919344e-01 1.353542024109689601e-01
-4.377922083983117885e-01 1.190373742840172833e-01
-3.452442580771745151e-01 1.063082454948016675e-01
2.696252412446655811e-01 1.030107347043197619e-01
1.009192807915678669e-01 6.673998763077637619e-02
-3.041864073019132642e-01 1.402337896028864606e-01
7.831785341625063790e-02 2.279131028386868207e-01
6.419470299807650271e-02 -4.831855308136052685e-01
1.020824096767728451e-01 3.967618563179101665e-01
