6.624338546840891073e-02 2.567920711794862143e-01
6.996230760339050558e-02 2.074446460692968008e-01
8.606483991626989738e-02 1.338816344071781517e-01
1.134581688351254947e-01 -1.709974183779952028e-01
-1.458133269235006857e-02 2.091566397417863321e-01
-2.360742916795294244e-01 2.488779418686262179e-01
4.330031426317413334e-01 2.546304717181088195e-01
-2.079563070603648312e-01 2.527525890640085482e-01
-2.112087355503436958e-01 2.203242701070941001e-01
1.093904275169265139e-01 -3.311525633944156777e-02
3.935708336356493753e-01 2.521901898634478778e-01
-3.279602129943568478e-01 2.309601725180971954e-01
-2.311043363114886340e-01 2.737733259667890495e-01
1.097624082256127842e-01 -4.430154263723807828e-01
3.564827302022299804e-01 2.383924567950942430e-01
-1.783145579985345730e-02 2.379151208356948821e-01
-3.980622170086304257e-01 2.272474936145216784e-01
-4.595379192026528559e-01 2.788689907460186745e-01
4.304017397613238982e-01 2.110416743218382907e-01
-7.735898565812049377e-02 2.117295968379228066e-01
-1.651952314583359227e-01 2.363200718996115723e-01
3.861777743555563358e-01 2.289434489148497454e-01
9.234560091059995646e-02 3.206255895246642451e-01
1.024129068349224347e-01 2.030472112960149955e-01
9.555478993798749432e-02 3.946104609807010721e-01
1.174643174838654325e-01 -2.861041427695315553e-01
1.124390759753801650e-01 4.863266883035982646e-01
1.195825300106344580e-01 4.147313661164446774e-01
1.009973271390676164e-01 1.553977208840483515e-01
1.191031835765855584e-01 -4.831354037666475421e-01
-3.889159419292456121e-01 2.764487227627411281e-01
5.691545849644230604e-02 2.458847746639094556e-01
-2.708943804305752323e-01 2.166242808945446630e-01
-4.444121753847253276e-01 2.356139848840960171e-01
1.354452432620081304e-01 2.781274193474778667e-01
2.515990235371068362e-01 2.113485113143970251e-01
2.914792571925008957e-01 2.549108098068635364e-01
-5.215486625213372474e-02 2.442402445238939235e-01
1.180232896745115889e-01 -4.852325023907211321e-02
1.513677283678038776e-02 2.515107981585625874e-01
1.114131607899114806e-01 3.504745229080178381e-01
-9.320966519608231415e-03 2.239897166405891982e-01
1.022199806172356951e-01 4.225477777294774917e-01
1.139622744815196320e-01 -1.881208014796965644e-01
2.736383739292960193e-01 2.504465094782747370e-01
-4.052718120396237023e-01 2.589092056142625609e-01
-2.861324441664210294e-01 2.388213713424851559e-01
1.338025931757453879e-01 2.533696464358635714e-01
-3.236648112332022320e-01 2.391381039806291797e-01
3.427193447980130259e-01 2.101533785737931259e-01
-4.421185742232954796e-01 2.078900050098017038e-01
4.879977002327640090e-01 2.251183566973091743e-01
1.183442903042272176e-01 -1.054919772698075242e-01
-8.018469656778870469e-02 2.227369102676518553e-01
1.170593189626326636e-01 3.560058697694100660e-01
1.178774273356126834e-01 -3.022219260943370678e-02
1.079757354402215430e-01 -3.517610985339317820e-01
-1.001058308869430258e-01 2.444324373651135529e-01
9.556805071040797017e-02 1.394427233618777962e-01
8.770103438080356639e-02 9.699639372246282587e-02
9.787084500503140383e-02 3.490054707035387116e-01
-3.877980992721119513e-01 2.835385385671493896e-01
-8.812750665774171654e-02 2.576046697269924746e-01
9.116910479998519001e-02 4.454631755143911853e-01
4.892639165695115144e-01 2.833914188328332528e-01
1.115566690741029987e-01 3.690769996891966054e-01
1.224744084224054230e-01 -1.734552667709943208e-02
1.543060137559321143e-01 2.304524287759671664e-01
1.104291697698716046e-01 -2.506491101483064865e-01
-3.358605334949673615e-01 2.736648563765988751e-01
4.300157472617335275e-01 2.215636495645731951e-01
-3.250705138504823566e-01 2.183063345108969822e-01
-3.871939926426285483e-01 2.733930404135717085e-01
1.273467838434477750e-01 -4.062520928799484565e-01
-4.178139874842284884e-01 2.076241971983868728e-01
-1.725117809199135932e-01 2.638133505017291602e-01
-2.323060916193853132e-01 2.223831227263458610e-01
-9.459937760947167984e-02 2.785294504629247658e-01
4.605662519390834042e-01 2.552790595147181874e-01
1.955527134203560724e-01 2.553816099318664268e-01
-1.794668330014738133e-01 2.442932595329514456e-01
9.840605274739988584e-02 2.137635696465459700e-01
4.981063815036238518e-01 2.488875790212684569e-01
-1.343615091057328570e-01 2.587936100735871436e-01
1.079131054503081888e-01 4.824816097434462270e-01
9.296148160711070751e-02 3.178443970151992870e-01
2.615246221247883307e-01 2.468291889740782397e-01
-4.803366822034789152e-01 2.225485664191449997e-01
-2.825240559861186274e-01 2.233574901279615776e-01
1.264393431470863804e-01 -2.815429397105562170e-01
2.062247151420056879e-01 2.599585490848006497e-01
4.584261614947804375e-02 2.367372418503297382e-01
1.615607365103415294e-01 2.646431670795172941e-01
9.836344688427289817e-02 -2.839683412906053306e-01
1.010260535827223194e-01 4.960539261578738035e-01
1.138043507740807980e-01 -9.139148552763209921e-02
5.952229974175682337e-02 2.590377134825608829e-01
5.777728398558890088e-02 2.418304766767507274e-01
-8.926412416606521738e-02 2.840414173781377061e-01
8.853628964654924882e-02 1.745382238041651712e-01
3.552178696506103073e-02 2.796063495939644650e-01
1.127902752361605865e-01 1.683556190251013218e-01
1.034061011134320696e-01 -3.537827821157689678e-01
1.006983876621978524e-01 2.747264860318746615e-01
-6.593656617991838775e-02 2.283886773257426395e-01
-3.551830709952090714e-01 2.295791662396362565e-01
1.140707665705187335e-01 2.982344128836137420e-01
2.923399657481670078e-01 2.531526910975986366e-01
-4.579736116049490935e-01 2.638531016619627412e-01
1.553745451897173835e-01 2.333359247186674867e-01
1.281854078059885271e-01 -2.699359329054124013e-01
1.372394649800878774e-02 2.761052560348817853e-01
1.054815618788805809e-01 -2.605848013380307471e-01
2.339587821004516233e-01 2.372575257897914236e-01
1.024042690760054164e-01 -3.675711770429433978e-01
2.964648171514595587e-01 2.382157645441070892e-01
-4.458809155735495855e-01 2.359575582251315362e-01
-9.525252567180730878e-02 2.672258481063704005e-01
2.354979787008136816e-01 2.393778019953803904e-01
-2.324500805029235950e-01 2.110636394440392749e-01
-1.813801596465943744e-01 2.205112153078406800e-01
-2.888190165406032683e-01 2.621147984731292402e-01
1.230589396259085255e-01 -2.182289723952766103e-01
3.844827017964671523e-01 2.745280529480674803e-01
4.776460615215871730e-02 2.273127674505440732e-01
8.387511482007792285e-02 2.845935642879543481e-01
3.047732958571587325e-01 2.559470734869333519e-01
2.892560936299540808e-01 2.132654010701711123e-01
9.033740520204358582e-02 3.584236613794834492e-01
3.973270620486156757e-01 2.740674038316418537e-01
1.268110360852315877e-01 4.874407696514774235e-01
-1.381908695662251718e-01 2.319334463885953657e-01
4.046888273701402250e-01 2.264796938775061053e-01
-1.444085963606617229e-01 2.378641159129749605e-01
1.255984374737859621e-01 4.310457315281061019e-01
1.063206001465809569e-01 2.780242144449531771e-01
-1.865058332884227399e-01 2.709404711784153541e-01
3.933263256852026490e-01 2.509530839987806905e-01
-4.495503093842492248e-01 2.574297033002775903e-01
-4.251977444558496799e-01 2.710841941314647840e-01
1.251166864429393843e-01 -4.044966309763604606e-01
8.887502054838303245e-02 -2.119345889344698142e-01
-9.013024890632859165e-02 2.738701220864984132e-01
-1.430174395377757923e-01 2.244974561228724186e-01
-2.131136669190510924e-01 2.601449311134872433e-01
-2.482506087238367520e-02 2.838229986173016473e-01
1.070758007654998289e-01 -3.758871500577987135e-02
8.997517657486142628e-02 3.473681464099496186e-01
-1.365132871284109317e-01 2.501353122350462588e-01
2.883837028552390658e-01 2.406245680138126009e-01
9.941579480186046869e-02 2.700181975308620919e-01
1.746888021561778803e-01 2.359029190140368160e-01
-4.773349155414151612e-01 2.753429967029792369e-01
1.053443378153847698e-01 -1.479487209176432172e-01
8.977890374000241369e-02 3.391830137642858345e-01
2.074994393678837312e-01 2.766696251620913705e-01
-1.721006231039537981e-01 2.844082151609030884e-01
-3.223561950939954901e-01 2.707810485033077530e-01
1.282659819891920350e-01 1.589421499438402607e-01
-3.680653372512040500e-01 2.846351171127070590e-01
3.617661191202773407e-01 2.632430097999348684e-01
9.802623491684081536e-02 -4.949594924949334285e-01
-2.734532946669785414e-01 2.459918999551761187e-01
-2.213325245784621975e-01 2.524570002751196363e-01
-3.487319958131805953e-01 2.140978808520429544e-01
1.159517882545487710e-01 -2.858813644171386281e-01
1.917093743729120225e-01 2.677275266145993093e-01
2.063851590188540142e-01 2.192822922722292844e-01
9.317496048716100709e-02 1.104602631194293583e-01
9.944841345902077911e-02 2.234665816726105758e-01
-1.685808608197933989e-01 2.425319705901465284e-01
2.284984782206960219e-01 2.567647601880279629e-01
4.202028455481187086e-01 2.684710240829785155e-01
-3.502061558066229541e-01 2.069697427209994389e-01
-1.962146099696987500e-01 2.610499272683626248e-01
-1.768424385872087168e-01 2.670115553066487735e-01
2.483509634548024536e-01 2.153029366354342056e-01
1.033854683906823002e-01 4.187218981155261810e-01
2.142798815311182103e-01 2.613928405575820513e-01
-3.342384199850466642e-01 2.735341261844653760e-01
-4.239410961855387683e-01 2.485715275227796672e-01
9.984427885008095860e-02 -4.749234362376913987e-01
1.109828794530326457e-01 6.146811172250910005e-03
-2.181443729409124899e-01 2.567192627786893944e-01
1.263035780998796875e-01 3.836410843745949872e-01
1.108037521875058218e-01 -2.876311595683460620e-01
9.247580680330969027e-02 2.103944315742589666e-02
1.938214071968337171e-01 2.274049827667907753e-01
2.000579436884918350e-01 2.433020534494731990e-01
9.166676045199273482e-02 7.381113907718395151e-02
1.051071974157505862e-01 -3.449513224211947504e-01
2.301448996453747675e-01 2.482584505852510892e-01
9.517914087570178427e-02 -1.514986518462214660e-01
-1.764857925149254658e-02 2.213300714248861434e-01
1.064294774609908512e-01 -3.591913111603276532e-01
1.771332102061384806e-02 2.818001445701531216e-01
-2.460228411605683840e-01 2.145293864981970833e-01
1.222327558121497626e-01 3.145677823825820951e-02
2.624922682467134560e-01 2.138597040737370003e-01
1.560756159603083892e-01 2.088724071368752710e-01
2.046314675656175641e-01 2.571276780070527179e-01
-3.797549464612761660e-01 2.692921034128409330e-01
4.211221989890413520e-01 2.235928597970515685e-01
1.156170727719769697e-01 5.432680756920937881e-03
-4.608197370225737277e-01 2.132047059087441854e-01
2.376305608034677830e-01 2.231045415810712917e-01
-3.324671804007091058e-01 2.522075934830737554e-01
-2.953538257132288791e-01 2.465447245350046446e-01
1.040404649252177904e-01 1.702155307103313531e-01
1.074664049364302265e-01 2.985742144561920330e-01
-3.479889015161353738e-01 2.438912123370013951e-01
-1.124591141827760987e-01 2.177529913521843996e-01
1.138723682800643067e-01 -8.937991728132455016e-02
-2.394208078914475957e-01 2.451063102297531549e-01
1.405335262106268690e-01 2.516268556833625158e-01
3.971061154796773351e-01 2.097442035880064948e-01
2.747704036655838067e-01 2.471240388938980015e-01
3.012920616878722591e-02 2.360730838725947356e-01
-4.717598034896902659e-01 2.379737169213587133e-01
3.277477524891087013e-01 2.306524956115079128e-01
9.709868170550128852e-02 -7.755278188517389371e-02
2.319695019478968945e-01 2.332943938617793034e-01
1.190409281633207916e-01 -1.784257354514221516e-01
2.408080690115587119e-01 2.787406102464666802e-01
-4.528088245674790624e-01 2.706311647680287313e-01
-3.199128426089017374e-01 2.848095071817801083e-01
4.685487044394078815e-01 2.664541858546018993e-01
4.477931028091095556e-01 2.336678325978113202e-01
2.260748458600164712e-01 2.443219787315173974e-01
3.953367604921557144e-01 2.514814616660477897e-01
-3.542750479992987644e-01 2.314153060120417438e-01
-3.309052497965454531e-01 2.084230118688999989e-01
-1.222396859396071012e-01 2.577949890655620857e-01
6.970530142057129730e-02 2.586195658775618522e-01
1.134050732247189330e-01 -4.074837791628950212e-01
9.985849064099916461e-02 2.500622132471187475e-01
2.265053497977593810e-01 2.099186115776530137e-01
-5.229285513692749632e-02 2.266739621119979731e-01
-2.668122148307188191e-01 2.092408146769724198e-01
9.450031805951752961e-02 -1.268297602703107874e-01
1.057923198478374349e-01 -9.896314055247956709e-02
1.237046051130467061e-01 -4.717075687447236376e-01
2.804379730104651358e-01 2.737671754743766783e-01
-1.691571558723925506e-01 2.078165680297255902e-01
1.294558684420433758e-01 1.277415653425882924e-01
1.021421008715936996e-01 4.547410834394631785e-01
-3.042880567483496890e-02 2.499303420705354384e-01
5.379961361046459167e-02 2.774505628125691903e-01
-2.873448906379924006e-01 2.162621219954853347e-01
-1.391001346713520714e-01 2.480400241458362576e-01
-1.735963184839403040e-01 2.392547792948481744e-01
1.180642082674173698e-01 -4.206694772789264514e-01
9.204477704542080030e-02 2.270861289750369938e-01
1.282004314581103310e-01 -2.039681878853073504e-01
1.787384755254950441e-02 2.581765751523784624e-01
2.254415354330828736e-01 2.467714652260752928e-01
-3.385326886336068597e-01 2.702446431823657402e-01
1.220982556377547823e-02 2.092509466864483914e-01
3.322801052703473479e-01 2.809622421797522973e-01
2.279484459495720872e-01 2.580200047275006403e-01
-3.372623918592129177e-01 2.796821407622659406e-01
-3.556430529930765250e-01 2.681184674214879271e-01
-5.542621355370314085e-03 2.139244187055922009e-01
-2.523735488198335375e-01 2.359415426757318635e-01
1.304545600800749439e-01 2.640105309117665167e-01
3.815912250580009157e-01 2.179816091168279568e-01
-4.605643641929212384e-01 2.470733416583357211e-01
-1.501688689265932020e-01 2.134016687715997174e-01
-1.870852208542085338e-01 2.675096490668166238e-01
9.336553662667379516e-02 -2.501041721042492894e-01
9.830024396930769903e-02 -1.651597176783758947e-01
9.106813964064930378e-02 -3.248286410276152170e-01
3.346148316011925417e-01 2.275514408506419395e-01
-4.815999762742072532e-01 2.779874642258270967e-01
1.296091071071980849e-01 3.809572338679031445e-01
-3.487630791250029283e-02 2.349074302134277481e-01
3.023918438590250668e-01 2.126344298608966454e-01
2.956827515680293672e-02 2.486606971747247208e-01
8.729182724765549573e-02 5.595790538928036018e-02
9.457249449680915632e-02 -2.282044178770452625e-01
1.052673978039554425e-01 -2.557725176359773034e-01
-3.162314414449149957e-01 2.343939115507078785e-01
2.863800922933830151e-01 2.148123808258015632e-01
2.120796959892230493e-01 2.124017842827347069e-01
-4.710561588492916396e-01 2.747105244887275699e-01
9.647820255195482808e-02 -1.204642758811680370e-02
1.287849316615090611e-01 3.514532241128524026e-01
1.201125845410314641e-01 -1.511887738611846776e-01
9.326820646187772290e-02 4.299818986881717153e-01
-4.584024938175326191e-01 2.686561377224840896e-01
7.479521422737112069e-03 2.433085715972257423e-01
1.110485420585209937e-01 -3.966671491977399322e-01
9.219309322117352767e-02 -2.647790721096658917e-01
1.212469359541816782e-01 1.625263684944510123e-01
-4.689678675684488818e-01 2.123652373327205023e-01
-1.562240075500772596e-01 2.182339311798534576e-01
9.880258613388104294e-02 -1.938583778720012196e-01
1.132462858514979853e-01 2.192694432041628616e-01
1.244628110873826632e-01 -4.010729707264985011e-01
-4.016134314023601659e-01 2.452576888612052475e-01
-2.334200662551133565e-01 2.235134278261783347e-01
1.083688500820528811e-01 2.835005583147554020e-01
1.221007799501425684e-01 -6.131070296669538511e-02
-3.160797458724118325e-02 2.259579591346932981e-01
1.204037927589028945e-01 -4.215334708986375745e-01
-2.315984687332948155e-01 2.069830670360931490e-01
1.154013866706444791e-01 8.198337292444946023e-02
1.185777378299628371e-01 3.009290139929530206e-01
-2.917015543260367272e-01 2.851878531584054466e-01
1.031398730873398506e-01 3.402279788803150851e-01
-3.715492311000255787e-01 2.178481748852448829e-01
1.089887618488392107e-01 3.371490531952012759e-01
4.801096021518769241e-01 2.816823238795893580e-01
9.504979897411947043e-02 2.975429018756227117e-01
1.135930779348882647e-01 3.308349277292346180e-01
3.423359807436272551e-01 2.398506551728607494e-01
8.586501023403536603e-02 3.579575251879049125e-01
3.278870301156722178e-02 2.447250692011387896e-01
3.986130085421943914e-01 2.169170316141951771e-01
-4.706816256415707889e-01 2.197992993783036697e-01
1.088314478362890636e-01 -6.825454761627891553e-02
2.027573239819493445e-01 2.341260088852471499e-01
-2.112905597964942483e-01 2.347562507257624498e-01
1.244588879058037278e-01 1.209615041875164998e-01
-3.573040370483587802e-01 2.596310003820905266e-01
1.197709576528214193e-01 -4.662103979062347525e-01
1.108677004902660634e-01 -1.207124197903619578e-02
1.184886079883644694e-01 4.179850097392708852e-01
-1.183125496779832142e-01 2.366767963308510359e-01
9.144956063136666646e-02 -1.829116566374024977e-01
1.185700676310528223e-01 -4.313140479222268286e-01
1.088480195005379070e-01 -9.028096461680035212e-02
1.174786960178344497e-01 3.792873987346372378e-01
2.391634876494981299e-01 2.854928315000980765e-01
-2.570769229976377357e-02 2.455995491197200398e-01
2.129811400003795985e-01 2.516330741365412349e-01
9.103078779981244040e-02 -1.560678822495877860e-01
-1.648145364651875111e-01 2.078703082409226743e-01
1.280254396115223514e-01 -2.217284629309084210e-01
4.280736509572400372e-01 2.594645835816348223e-01
1.114539538636579730e-01 3.220455433963477221e-01
1.134793406545825389e-01 5.916378359318397173e-02
4.410426751776791443e-01 2.844149974470427944e-01
2.971012014952193470e-01 2.680594407874888896e-01
1.106945244661325933e-01 3.198169994234669744e-01
4.285080264413732021e-02 2.115488940941593343e-01
8.969677652369834053e-02 3.356683850481461118e-01
1.164462619355515205e-01 4.360916946487085610e-01
9.912788893761659281e-02 1.942150718030011269e-02
1.094271290857607992e-01 -2.213838311746244569e-01
9.615590419957009694e-02 -3.346141826092309257e-01
1.043106939245660447e-01 6.682073466122240291e-02
1.248466435171804445e-01 -2.705578444667081639e-01
-3.584599332212258238e-01 2.479468992451361320e-01
4.125972559801468487e-01 2.274265529879408998e-01
1.026856702035869873e-01 -9.475245838690438127e-02
2.241654956056154946e-01 2.179199640734217347e-01
3.850777234634505941e-02 2.064531847154132960e-01
-4.198027031894361327e-01 2.112387755633479136e-01
4.851077290982963586e-01 2.247432531905743103e-01
1.006480330785957111e-01 4.126099491706037847e-01
3.307928572868311656e-01 2.555834036011300769e-01
1.123942409384963703e-01 -2.429795627769478772e-01
9.555752789832505645e-02 -3.590931517879036861e-03
-3.977377753638444702e-01 2.806709491139314228e-01
2.674717123803137531e-01 2.379187107777404053e-01
2.559288333090423695e-01 2.084560341305073949e-01
4.746583973696969494e-01 2.573573525432502063e-01
-4.652356676087270326e-01 2.266624621460296973e-01
3.544208384640045173e-01 2.670106930999615047e-01
4.595774307630435818e-01 2.166945972898152162e-01
1.097510083344047649e-01 -3.795596846097670785e-01
8.849523982790186150e-02 -3.743089352165656081e-01
4.105316108762805394e-01 2.673018970105742742e-01
-5.198648369346192677e-02 2.614268675752988713e-01
3.485294854948000065e-01 2.297638233541811070e-01
9.052049884157020720e-02 -2.841141755108503864e-01
-1.563652986829757729e-01 2.827744103838772949e-01
9.609067684887018235e-02 -4.502065054295245616e-01
1.012307058096719725e-01 -4.676747806173365829e-01
1.196611177806532478e-01 -4.638771354364086275e-01
9.166692868424153318e-02 2.494366887020276202e-01
3.711296180687432278e-01 2.082304704109194660e-01
5.357876335206535057e-02 2.303982191833827686e-01
-1.132238416085462607e-01 2.477327887453059097e-01
1.149690354695209749e-01 2.315992677221009322e-01
-4.958206713507939956e-02 2.297371512605197452e-01
1.247763343767593902e-01 -3.363375191816524445e-01
4.332461297108201048e-01 2.827911355447320085e-01
2.569897037302395493e-01 2.716663892542214853e-01
3.727090055660257084e-01 2.422373204326609963e-01
1.114032154050732526e-01 -1.634770734639005019e-01
-2.376744978912659345e-01 2.714178060394216718e-01
1.218044155839327347e-01 2.087535489178291570e-01
2.992846078644612051e-01 2.806515274737424459e-01
2.506207044886500368e-01 2.479473594746379739e-01
9.654080767837869281e-02 3.161392602738094526e-01
1.320237985011925019e-01 2.380484278706267443e-01
1.223850019191650151e-01 -5.835356150379056306e-02
-1.763879493719486824e-01 2.472061052794667368e-01
1.211391705504656358e-01 -3.268000488467726061e-02
1.152007556715373138e-01 -1.231233359924882587e-01
1.281772618935494990e-02 2.289839623424708703e-01
1.898365952663222389e-01 2.157971104886077240e-01
4.424623814055064219e-01 2.295472866382504140e-01
4.727893896138884999e-01 2.771771340431216091e-01
-1.464403975582662110e-01 2.797879949285867474e-01
4.951489151375791931e-01 2.373868439162823973e-01
-4.292393420256607195e-01 2.707369839551808655e-01
3.208054421533461653e-01 2.617869869827590401e-01
2.607212895428622224e-01 2.489335176821058093e-01
-4.283657168484544808e-02 2.228009885898419862e-01
9.404647468025639778e-02 3.620782646035807240e-01
2.883408250549881480e-01 2.101239477174816628e-01
2.901872075055222933e-01 2.490070938392291433e-01
2.966928714987442373e-01 2.717380846758233881e-01
-9.057451681707584523e-02 2.653676711694830104e-01
-3.818585706334928220e-01 2.282077386398806418e-01
-2.125053388373210339e-04 2.436289619707625587e-01
5.229658846945883788e-02 2.295868407632116748e-01
-1.873788408778874759e-01 2.515953274289945973e-01
2.852899948482658932e-01 2.724849628045463712e-01
-2.225386559954023458e-01 2.168272033618853234e-01
-2.008559542736374492e-01 2.732509676316420277e-01
-4.493808535472391119e-01 2.773208241214069059e-01
9.158227090029891215e-02 -3.684818880071417668e-01
4.857997524028783154e-01 2.819649762431541973e-01
-3.200663325234461842e-01 2.783316776658683045e-01
2.691160329562104492e-01 2.109599659626075763e-01
1.128912273136489786e-01 3.137985450049662894e-01
3.162318146551160725e-01 2.805645184585711105e-01
1.206186501173152070e-01 -5.262555455658202153e-02
-2.940616716528073882e-01 2.795122128674598638e-01
1.031284704245913897e-01 3.676955440099179961e-01
-3.750455993535373178e-02 2.543666449841539556e-01
3.011114454074123037e-01 2.409984678365424404e-01
1.026557058205511686e-01 -4.954880460558909183e-01
4.664056104759469745e-01 2.696242886888523538e-01
1.002346223806014347e-01 -1.173818145548451986e-01
1.836610107992886487e-02 2.655977352672027614e-01
9.898167864788276482e-02 -1.621486879678425419e-01
6.138722196937007602e-02 2.764877244937399281e-01
-1.120476982262929022e-01 2.139069853858740489e-01
1.059409522301681950e-01 -2.183716016137013938e-01
-2.337729709731394268e-01 2.546048236228166672e-01
3.987688279238547073e-01 2.232567545114991781e-01
-3.941554011952841385e-01 2.174160615957039244e-01
-1.763928024276691930e-01 2.190416559146471931e-01
-2.514340014118424671e-01 2.098899660286934754e-01
1.867992888410595631e-01 2.158710245028966357e-01
2.118114568429066980e-01 2.082595245329582623e-01
2.250909136446210823e-01 2.151474798965076207e-01
-2.919791022069798681e-01 2.638064124025059076e-01
-4.665187462714559530e-02 2.174148731460756601e-01
-5.591004626604034744e-02 2.764786523537171581e-01
-3.444721329889942618e-01 2.397079873829257579e-01
-3.363377099618077848e-01 2.229396160306676977e-01
3.153789127072670340e-02 2.766998166675714854e-01
8.790925390173709442e-02 -3.080992822838493073e-01
4.231184461806639652e-01 2.447680375210822268e-01
1.275994667807713867e-01 -7.349010525581123332e-03
1.096296369044068575e-01 -1.825422107296004182e-01
1.241611244231440869e-01 -1.642639621893045021e-01
-1.730490194189392428e-01 2.248035610666195838e-01
1.116112538519313802e-01 -3.000892019934232602e-01
-2.438794104039498922e-02 2.766770221522113493e-01
1.233535139808463743e-01 2.203689755815974038e-03
1.159431160786750237e-01 -2.437503817318169563e-01
-3.393388413630072931e-01 2.849486321213449136e-01
4.458661169464479546e-01 2.083130678252211876e-01
-9.116369349663477895e-02 2.238598984204175357e-01
-1.525989613489128205e-01 2.488060788430439541e-01
-1.262952340486419578e-01 2.827216684926718848e-01
-3.785502178938310314e-01 2.159306444657534962e-01
8.687990718022786663e-02 2.386594408622937369e-01
1.076954287369445984e-01 3.133079618468368466e-01
4.670271326154583624e-01 2.717745555458580542e-01
1.295740318374118960e-01 -1.994174732759974589e-01
6.516481975673482641e-02 2.147401267044505291e-01
2.462582413440639328e-02 2.769387904092124320e-01
-2.611047869968804447e-01 2.807467015576380343e-01
-3.765136196560237014e-02 2.425340613614659357e-01
3.461335710118077502e-01 2.644371263621201340e-01
9.819333324683443553e-02 -1.277499212408185203e-01
1.293448232167706546e-01 -8.667023855488975581e-02
8.840416238110848646e-02 -3.535379987052820194e-01
1.623608488673879968e-01 2.293078582526919540e-01
1.173589771449693453e-01 1.535639055141491127e-01
1.198479345608987057e-01 2.662441593775582982e-01
-4.174873599329793628e-01 2.539719346896774921e-01
1.107818964607204526e-01 -5.710379372727580893e-02
9.302183883709957968e-02 1.874765250794967475e-01
1.143726125711009844e-01 2.297404781712996114e-01
2.432015018391163741e-01 2.637518772948287404e-01
2.486706312229708393e-01 2.686968723990165175e-01
-4.244414866451301505e-01 2.539291781115974311e-01
-3.478553186929946861e-01 2.756224389873488390e-01
8.593314951787101030e-02 -1.223408550149596152e-01
8.783216195319176745e-02 -2.147231664225164316e-01
1.201894207643100509e-01 -1.779670017803806070e-01
2.223410216705216103e-01 2.328516575270072053e-01
4.044162636122523580e-01 2.434900274457200142e-01
9.015721315941505054e-02 3.277581841575724075e-01
1.144986376548990936e-01 -3.499669921054981980e-02
8.902722130693696556e-02 -3.253211137759286498e-01
2.457927031554973940e-01 2.079054088785082799e-01
-3.989809072891334907e-01 2.699416212926237790e-01
-3.894468500497970664e-01 2.795545293393388864e-01
-1.927322175555454820e-01 2.684094487850936517e-01
1.044825115116517766e-01 -4.758654398014973141e-01
1.196354567487353249e-01 1.449671162768895183e-01
-3.439449382251162923e-01 2.090194681020957068e-01
-1.341042260593132696e-01 2.508251144125276388e-01
-4.233082077636307616e-01 2.165553761618341788e-01
-1.778070283081191194e-01 2.372946547332984712e-01
3.329047930632845764e-01 2.751230935764565899e-01
4.261044093691591650e-01 2.311751543484286131e-01
-1.078748517475531798e-01 2.357505871718432733e-01
4.688744972601310845e-02 2.715115904594497254e-01
-4.173926346658559661e-01 2.516719062788234096e-01
1.148887972464271989e-01 -2.499733830535072476e-01
3.472335723379843531e-01 2.071224684934750426e-01
2.265499613990828998e-01 2.312575023929915874e-01
1.263615039088185066e-01 2.162125914261774362e-01
1.262673450901444783e-01 3.418264876660402907e-01
2.755991774417142492e-01 2.065702867003819110e-01
-3.526077930378723746e-01 2.449768806821748246e-01
-4.262486134180496489e-01 2.642725113682754534e-01
2.111076834161006444e-01 2.197760012967714394e-01
-3.676253308125236874e-01 2.487688468356551441e-01
2.721941387285922165e-01 2.740062306493018518e-01
1.226858404574800998e-01 -2.571904079989673075e-01
9.039426204707956547e-02 3.227200522893447499e-01
1.118750100541175962e-01 -3.060881150236510750e-01
-1.097591669240308709e-01 2.188514349748651444e-01
1.474425695202782327e-01 2.794971487219521933e-01
9.189839601544547154e-02 4.304632497082416798e-02
8.661496950973524012e-02 -4.121949236876757405e-01
-1.165495267338011454e-01 2.553945392893606225e-01
-5.072514002707029235e-02 2.519400740596298149e-01
9.427362133849315207e-03 2.770978966181452119e-01
-1.514527097873554773e-01 2.283501781134787967e-01
9.921912103848784525e-02 -3.427591268068808095e-01
-1.792174768833008081e-01 2.309396975850838141e-01
-2.669005348925534982e-01 2.736705509399564029e-01
8.708819171492565570e-02 3.530306489978968232e-01
9.043872059191793156e-02 4.195487899334491289e-01
1.009925787557174326e-01 3.056675245061077906e-01
-4.397385467079539811e-01 2.681621003455822994e-01
9.002079847583432937e-02 4.911950834418474798e-01
-7.020734611107437573e-02 2.728120422941934242e-01
-6.696557389664026250e-02 2.854588939442399553e-01
-2.312362415856726860e-01 2.160716924860396349e-01
8.585284788436287062e-02 9.022433934285811752e-03
2.769449291908410160e-01 2.206361609256596301e-01
-3.544923119965216474e-01 2.100178671800156938e-01
2.578947823857918875e-01 2.579791997915253932e-01
2.724091392634124809e-01 2.654373492435762039e-01
1.046528762358729381e-01 3.693467138105587244e-01
-2.829877627198935652e-01 2.767022222507516949e-01
