3.248830638894671941e-01 1.435980489961840023e-01
3.424659731778920690e-01 -1.072906018807406880e-01
3.561074064164789776e-01 4.336780217298206175e-01
3.009768726239037129e-01 6.643737791546078242e-02
3.229263940912476816e-01 -4.703262018785112630e-01
3.976821361547483447e-01 -1.501211119973248076e-01
3.768576640742232753e-01 -4.089398536662646189e-01
3.351388843846379029e-01 4.143057432708197041e-02
3.549036504643129364e-01 -1.580726513948667034e-01
3.894369711030797321e-01 1.992591141435715585e-01
3.025339073575965543e-01 4.113395499301008007e-01
3.491521288340745377e-01 2.077383803732918421e-01
3.787884796061334880e-01 3.156775700476850410e-01
2.979911780728760062e-01 -3.557740238494931928e-01
3.096115500731619896e-01 -8.074143429678160011e-02
3.989714797124104262e-01 4.241847765653617985e-01
3.564467466701312093e-01 -2.912453613521673867e-01
3.529605494636505192e-01 -2.001650173344358130e-01
3.742307128348808520e-01 -1.545627129567528346e-01
3.370897827560052074e-01 4.467379071118952050e-01
3.836991374806172361e-01 2.213902770096163319e-01
3.150298740959692756e-01 4.913881502564736437e-01
3.039387289309564144e-01 3.436293876988877338e-01
3.498277273701321244e-01 3.126197874000397059e-01
3.080894951521754299e-01 1.533403228603047452e-02
3.729444965054349304e-01 1.028822904657810122e-01
3.669481269030173687e-01 2.792447719939479267e-01
3.791552497949636225e-01 -4.580621647087452786e-01
3.275877445582255909e-01 -1.081802105045641671e-01
3.223853731522008381e-01 -1.659749442001910991e-01
3.207180274057905844e-01 8.507957858781445282e-03
3.189177812593029238e-01 3.477523518913023803e-01
3.571390844718763669e-01 -2.148998181660547457e-01
3.287234752087951906e-01 1.893846767178558599e-01
3.025536537970827666e-01 -4.063956940063591095e-01
3.179241826863415943e-01 4.571986343110641116e-01
3.966496114532317430e-01 -1.302343350636929742e-01
3.365306238091168023e-01 -1.418670291611212608e-02
3.923297897535810153e-01 2.019483900782499397e-01
3.408894193246087001e-01 1.421574339623701277e-01
3.294838510531140630e-01 -1.570672213543399254e-01
3.963647968324182091e-01 1.502964998121095741e-01
3.917244111123223682e-01 -2.766813425640239910e-01
3.045900551796099087e-01 3.853626009579793621e-01
3.475837483103707548e-01 4.795445200073689129e-03
3.085699489654601946e-01 4.922795208344434847e-01
3.872540655786314012e-01 8.583137488401082482e-02
3.273406447614644055e-01 3.533033375407460541e-01
3.138858388727654436e-01 -3.899967583088611578e-01
3.039856994437658555e-01 -3.617179957210624464e-01
3.438432685489608565e-01 4.189361733323472281e-01
3.623858095672147783e-01 -2.551817169389914985e-01
3.585856256822588239e-01 -2.223211869601338098e-02
3.381705239528207674e-01 4.787020840500084695e-01
3.708575791555430712e-01 -1.422119586788593848e-01
3.916880935478075365e-01 -4.059944991114883273e-01
3.756226628287694380e-01 1.006670781597827080e-01
3.352692502730738600e-01 3.487417342214647054e-01
3.988913890849550281e-01 2.817358862661263341e-01
3.939974624834722272e-01 2.838655580158587766e-01
3.803108971551875106e-01 -4.694089729438698511e-01
3.066058282298154136e-01 -1.733836147380601878e-01
3.496369740531682924e-01 -6.462105116000227412e-02
3.327178617252407600e-01 2.017778845717710379e-02
3.608025470027131920e-01 -3.062384519885530398e-01
3.097401384329873109e-01 6.288338574767071698e-02
3.523007786661332963e-01 -3.080948563869304602e-01
3.432162146893170673e-01 4.771094958225760019e-01
3.524996507799957879e-01 -2.911926797580397519e-01
3.505348907490416499e-01 1.198013388466578899e-01
3.399269567735485609e-01 -3.515739577278955696e-01
3.829810043795701668e-01 1.143785448484363476e-01
3.933256357196359687e-01 -4.917944248413641528e-01
3.628099653385529200e-01 3.403432325818817050e-01
3.688215263708081171e-01 2.983126467624636069e-01
3.587128475378900117e-01 2.172298145809656855e-01
3.951497067796199136e-01 -2.075669941336263369e-01
3.159749762171508713e-01 -1.379476424087188180e-01
3.323365496765212646e-01 -2.411428388896392772e-01
3.816066308506093074e-01 -1.185299206251581028e-01
3.926536927595195570e-01 3.312984427659947384e-01
3.779377485884859444e-01 3.046599278420750734e-01
3.042191823375929305e-01 3.189753655211938765e-01
3.211418596418257332e-01 -2.375074695887784415e-01
3.908649790250836586e-01 -1.927408617138181013e-01
3.754813838632834466e-01 -4.543985038521910491e-01
3.352696567982184073e-01 -1.836626536243712859e-02
3.374321604638368388e-01 3.845847366842561899e-01
3.121846339304275020e-01 4.430595213128237786e-01
3.576343312606438118e-01 2.698690734476957287e-01
3.368784414888883472e-01 2.851286113227778918e-01
3.329152632075934592e-01 -4.544079641326002061e-01
3.735263170206002403e-01 -1.231661945137885183e-02
3.038543598265331935e-01 -3.047064198046756101e-01
3.377569654674072996e-01 -3.829118071983953486e-01
3.963729206097642566e-01 6.979801548136210787e-02
3.771101742766455045e-01 2.657671052683763246e-02
3.187432846947870768e-01 -1.560128138445210366e-01
3.058382062675711888e-01 1.927290429106418568e-01
3.661444262923426729e-01 -3.942409092280685368e-01
3.695568180626945809e-01 1.293733860010017889e-01
3.577886791315395554e-01 -4.608693431986989886e-01
3.629723432097351488e-01 -3.749901079894749634e-01
3.734159491932120822e-01 -4.209207583935159480e-02
3.725919418735756938e-01 3.049437803610932640e-01
3.712874561601496870e-01 -3.026018209712743046e-01
3.079917263596302357e-01 -9.838699945058193563e-02
3.088459039093884861e-01 -6.775457046081256873e-02
3.828522628618271639e-01 4.170486016136282226e-01
2.936511559009761241e-01 2.679387740011829333e-02
3.655080316754892866e-01 2.256188105970311497e-01
3.354429764607265163e-01 -4.732175036122843181e-01
3.593420058527448946e-01 2.639949054765755587e-01
3.935679870845640860e-01 -1.729353183103297109e-01
3.948719806896562323e-01 2.035848954932936161e-01
3.855022977362644321e-01 -2.077490925856038118e-01
3.188639410324137780e-01 -4.154565007352433170e-01
3.633863892668010021e-01 3.618162092870798041e-01
3.499549069570133675e-01 4.469604927645953740e-01
3.865384930653196216e-01 -1.411823423360142327e-01
2.972179497982627705e-01 3.880858232401964703e-01
3.656859144652915283e-01 2.289236435523405166e-01
3.157497048542579066e-01 4.297245024413626213e-01
3.533429601971225242e-01 2.908838243450416750e-01
3.907232711611764442e-01 -4.421917111121795863e-01
3.746800815614018676e-01 4.888840112905363799e-01
3.292014813694127406e-01 3.253728433390750130e-01
3.127368038565070396e-01 1.623885526253144862e-01
3.758912044249732576e-01 1.862265095396631320e-02
3.345457960431990063e-01 -4.973244410578580021e-01
3.708170693505064008e-01 4.500081300040721377e-01
3.126322460753671040e-01 -1.837819653427085198e-01
3.342815251474101634e-01 -4.749620248537234080e-01
3.447885089983722118e-01 -3.090089914533554749e-01
3.217899481486501401e-01 2.875232377662690908e-01
3.054938391936555808e-01 4.883252812955438671e-01
3.777091444306460710e-01 9.758869864149188889e-02
3.916777917356913941e-01 3.670591535863113597e-01
3.974780371021786607e-01 4.253465106185247979e-01
3.195307764026800168e-01 -4.168434030902469223e-01
3.980562294141034574e-01 4.198471330151465342e-02
3.463049387532483037e-01 1.147046298757731231e-01
3.014965075220463753e-01 -1.523986669752719347e-01
3.993498069373144777e-01 2.768778728075430573e-01
3.923820611548736181e-01 7.253849602062156787e-02
3.787473207260434460e-01 -3.584437986988403546e-01
3.763014931950858788e-01 2.039662439814645678e-01
3.683600746830463235e-01 3.767866520480047665e-01
3.031399599109096954e-01 2.599980691635783714e-02
3.378118695978310493e-01 -4.876285404423118530e-01
3.260620893365651085e-01 4.985857086383302939e-01
3.954533599416991674e-01 -1.939949703788942381e-01
3.153968290492210613e-01 -3.807581236957958692e-01
3.234726272396518665e-01 2.471821566690429739e-01
3.403960262673185744e-01 -3.646016595128390714e-01
3.021159577162639831e-01 2.140161172135339740e-01
3.154963037233744494e-01 3.231106152422440481e-01
3.280744705697321573e-01 -1.887821928072306310e-01
3.277567113824028100e-01 4.853627371887309083e-01
3.099762098288351142e-01 -3.644409204467284891e-01
3.766809904272349074e-01 -2.252377345983628265e-01
3.092309445287466652e-01 -4.875250574504926826e-01
3.799240953965659084e-01 4.198428537076296374e-01
3.030922466246015468e-01 -4.742531280373376568e-01
3.931688022574657548e-01 7.753959114700437194e-02
3.228694136380811930e-01 3.158061511567199497e-01
3.205024627168564511e-01 -4.772450441321040016e-01
3.272348500287454165e-01 -2.989832091706419170e-01
2.985638978576881097e-01 3.055709624610849495e-01
3.201007413281937719e-01 4.585708380604890388e-01
3.695434019609952214e-01 4.805973694364016335e-01
3.352633291075651778e-01 -2.375690779027812560e-01
3.367609646860773021e-01 4.521358034043957419e-01
3.190510299200680633e-01 3.195472930501699338e-01
2.994697432579622731e-01 2.363535294702365785e-01
3.579779179156047375e-01 3.102561303405657611e-01
3.215903148927182764e-01 -4.329142401817734909e-01
3.964690822934349157e-01 -2.489257426782800486e-01
3.654915362608611717e-01 -3.060319293357616210e-01
3.627156754149269968e-01 2.789107220513865615e-01
3.792879597651642731e-01 -1.588135345207704052e-01
3.781922584878187887e-01 -3.940937461776816697e-02
3.763178308917290993e-01 7.128697726252908318e-02
3.009927188473908721e-01 -4.256810231531442668e-01
3.713134410843554889e-01 -1.580632921348957831e-01
3.625561343046760365e-01 -2.892637173109470217e-01
3.189981678361754058e-01 -1.669664876968451894e-01
3.181596394244935455e-01 -4.511246176580504530e-01
3.761517732279198167e-01 3.590879695456045129e-01
3.261621372933628527e-01 -1.129878908302547336e-01
3.526391471719899640e-01 -1.300459864856915448e-01
3.674166664213851519e-01 -4.389834923006129541e-01
3.671534912871511347e-01 -2.946546832233657431e-01
3.363141740528219348e-01 4.746032443082321972e-01
3.202733441048681851e-01 6.457192923901555748e-02
3.864382662352083830e-01 -4.727119648886171088e-01
2.996902002515653418e-01 1.410962971639734276e-01
3.990658525775676591e-01 -2.170544732719797976e-01
3.481139388786381739e-01 2.061913400707362509e-01
2.990465202909232678e-01 -1.224113297443961690e-01
3.096196200681604616e-01 -3.179231917521332385e-01
3.864162056506215137e-01 4.699646659415271932e-01
3.528903512823238220e-01 -1.374040956412623249e-01
2.921471089458586023e-01 -1.651012743445612330e-01
3.416956874396851473e-01 4.606916107615199873e-01
3.554758100322762404e-01 2.064163418925848426e-01
3.319263915597620018e-01 -2.415998238980477941e-01
3.625867657171596425e-01 -3.782413169870713077e-03
3.380723816573287799e-01 2.251968157764671075e-01
3.526099687405208627e-01 1.880407289013369398e-01
3.306806033794685851e-01 -1.749263374267541193e-01
3.592251549984407655e-01 1.943305151336712777e-01
3.183394784661621735e-01 3.071043341729615683e-01
3.465968642806246391e-01 2.475686305693166611e-01
3.187490770089629333e-01 -1.776078342597454673e-01
3.023553097368625320e-01 2.583089092781365448e-02
3.816092207103765066e-01 1.258346813895219185e-01
3.416410551010565788e-01 -2.039336427541409424e-01
3.273096836518182284e-01 -3.579143406000733219e-01
2.962634455542233480e-01 2.554073520673082465e-01
3.352471452886336412e-01 -5.697621825303300636e-02
3.520472246970445251e-01 -4.109089185092286156e-01
3.352154057883777183e-01 -1.603889416222231690e-01
3.795797490277096342e-01 3.105876807738141565e-01
3.587284680661579905e-01 -2.689648929407204569e-01
3.421884768691364487e-01 -4.574494132543531766e-01
3.016472450875683498e-01 5.255037264197370828e-02
2.985272655199441294e-01 -1.845613120188244194e-01
3.634635813220178369e-01 7.987669111897122143e-02
3.892409065450096461e-01 -3.084926702807108123e-01
3.592948717586710305e-01 2.801949000607281137e-01
3.035233361684182007e-01 -9.485584729571738816e-02
3.554466389679475924e-01 2.088535366072162835e-01
3.345043556661243533e-01 -2.993669413523871725e-01
3.551979588065697913e-01 -1.575368253194763257e-01
3.067401719874126576e-01 -3.483851090822449592e-01
3.510370350105892490e-01 4.785969163182600683e-01
3.235130396959234877e-01 -4.384767345565400154e-01
3.571408561358919709e-01 -3.561535808032811889e-01
3.724729806484380346e-01 -4.828448322366453160e-01
3.719099657750694066e-01 1.540364046615926297e-01
3.362011428855429251e-01 -4.803429367597006339e-01
3.530593464593840825e-01 3.370906361216714497e-01
3.177695589309619262e-01 4.118115963944863900e-01
3.696370352038902407e-01 3.028602595589088287e-01
3.936677049057930589e-01 9.250311445673120581e-02
3.630887604136810998e-01 -1.554798699556579900e-01
3.328021709586180821e-01 -1.752482759657633116e-01
3.468992881458833333e-01 3.941349135305231011e-01
3.678933481401768235e-01 -9.706809920400349956e-02
3.786344072711019804e-01 -4.947560373320114557e-03
3.293325470446483161e-01 1.885203487566283753e-01
3.905858212205641777e-01 -8.347449244355487075e-03
3.928106678925397111e-01 2.836977707370693658e-01
3.020065764137203068e-01 -3.211760519504585076e-01
3.250343995768295580e-01 -3.934574058947394315e-01
2.919589482151134785e-01 5.654665390941837622e-03
2.949347555355573691e-01 4.913467258851770270e-01
3.768442860401813865e-01 4.085171336106571127e-01
3.288750266563249536e-01 2.909481809446531342e-01
3.871326081251463824e-01 -3.379013875931868860e-03
3.181196452587607970e-01 1.015288604889390545e-01
3.219478209796219348e-01 -1.356794031622110541e-02
3.666429915347522162e-01 1.516616957483581940e-01
3.213378735423249033e-01 -4.933904923152127031e-01
3.199157975296877954e-01 -1.287856612368348808e-01
3.660705028104529468e-01 -2.439616514150745319e-01
3.765446015382866163e-01 4.320358929796851433e-01
3.632750647182103609e-01 5.501261750599295564e-02
3.630804600104792224e-01 4.203486966289038396e-02
3.431506719045879228e-01 6.314944804234834397e-02
3.560734595335564023e-01 8.298320687309868049e-02
3.453255183414710716e-01 7.430871023346441451e-02
3.187293930740923154e-01 -5.665637711364113205e-02
3.304192704194793828e-01 -2.344332449491369763e-01
3.941954718595148677e-01 -2.731723168724586870e-01
2.944828728845522159e-01 -4.515019754506319760e-01
3.528181721342906751e-01 -3.328492077303158991e-01
3.792070063890194964e-01 -2.656034395553926730e-01
3.489994438919963304e-01 -2.811419464456635930e-01
3.693964350976201017e-01 -2.523577134136353317e-01
3.098761533598386464e-01 -4.649914696465976549e-01
3.895212199430578837e-01 2.752111640407128856e-02
3.142314020437648736e-01 3.229326197401723997e-01
3.323028610617670964e-01 -1.223517776588484152e-01
3.397764347691444309e-01 1.751043201854368681e-01
3.584374700314972850e-01 2.537441964812259254e-01
3.099589302468710450e-01 7.504858658285462614e-02
3.556552950764191312e-01 1.710188303645866492e-01
3.791299126431129096e-01 2.102445042086054094e-01
3.581607988302676349e-01 4.610932846360904502e-01
3.741809647208398371e-01 -4.218470271067752408e-01
3.884089457279081836e-01 2.927878007912690927e-01
3.803724264940911981e-01 1.125375899971114979e-02
3.771891694053106647e-01 -1.134831396968624118e-01
3.836548503619257033e-01 -1.627801573185222450e-01
2.985768441832206133e-01 4.637351004266376808e-02
3.576802703053295618e-01 1.857343448401370667e-01
3.134916037461726868e-01 -4.435390887377057556e-01
3.415202350290877931e-01 -2.444395959237545268e-01
2.921843117468667650e-01 -2.725046756979511153e-01
3.122168569619918621e-01 -4.233504945783971296e-01
3.338702295840987322e-01 -7.774582306984767488e-02
3.614967485113427248e-01 -3.697579405016720999e-01
3.523330944964548905e-01 4.018655080670126001e-01
3.584865465584853306e-01 1.216466080869391675e-01
3.278840443653566750e-01 4.562765516279249089e-01
3.534724338920300912e-01 1.749455981959415762e-01
3.566256638218066044e-01 -5.529479630909017729e-02
3.100986946429316049e-01 4.552010359829519182e-01
3.973208682531434999e-01 3.144573930525499383e-01
2.918739364086754273e-01 1.194406899781228493e-01
3.419441796951309120e-01 -3.213499084525096583e-01
3.366021090001187765e-01 -4.205783044348279098e-01
3.586596325545536867e-01 -1.985833107883256954e-01
3.426300611081398717e-01 -3.268414050565467965e-01
3.105160896074383725e-01 -3.188453705703870877e-01
3.344605694170734722e-01 -4.885735117680827244e-01
3.960193103984505081e-01 1.439972439471639554e-01
3.157016261340800378e-01 2.214677336445102229e-01
3.665078667170799109e-01 5.439564352263970282e-02
3.879644168741591681e-01 -3.613672413210365919e-01
2.964148711219227739e-01 3.106404644488239830e-01
3.376116828678346060e-01 -3.715353155772089799e-01
3.528217647377641653e-01 1.554449233162948918e-01
2.996561987466107579e-01 2.730496137137072843e-02
3.984200392902991217e-01 3.862493692384901811e-01
3.447892638015653821e-01 7.033488531085207995e-02
3.373041750543681605e-01 -4.653991555015291048e-02
3.598680723645851787e-01 8.916030185240686468e-02
3.157071935855618738e-01 -8.002085226370814208e-02
3.787968700465448313e-01 -4.499172115471294919e-02
3.566616933365068798e-01 3.525865072838171299e-01
3.648799440902517066e-01 -4.231903113498091118e-01
3.915142910841712398e-01 2.857521618288983989e-01
3.752093509590354037e-01 -3.541702766428521665e-01
3.950096515341355863e-01 6.728480553563720434e-02
3.598916576839421566e-01 -2.412031138032980637e-01
3.376345625538530459e-01 -2.357481620997383676e-01
3.518227249201500983e-01 -2.365137313583584033e-01
3.048459270986990655e-01 5.533529968922656916e-02
3.536811161347409582e-01 -1.924202586079646338e-01
2.926845452997083319e-01 -3.073553000187264628e-01
3.315265354585918978e-01 4.466160613823357828e-01
3.938291423670376989e-01 2.379612620756975661e-01
3.407222641594207513e-01 3.016597696465921352e-01
3.862944264191374710e-01 3.153160772815537527e-01
3.568192058389245691e-01 -4.198496187619296105e-01
3.824006650815052755e-01 3.671005107846433413e-01
3.503547012636785141e-01 -7.835667576365923370e-02
3.166691351421937473e-01 2.388589485362024867e-02
3.612890700709993075e-01 1.495647367336668809e-01
3.696953637072036836e-01 -1.511794623230459100e-01
3.399641494742206005e-01 6.722772959679468308e-02
3.590200207255549447e-01 4.593162073632084397e-02
3.861612478077476318e-01 1.393438772142601145e-01
2.983878193563195280e-01 -2.673509517321442930e-01
3.417333415328672741e-01 -4.926373598819152599e-01
3.632027075054671261e-01 1.114377017871365227e-01
3.305898377911228314e-01 4.212939471379210099e-01
3.722717137637694407e-01 -7.667792335268042159e-03
3.815078725073164367e-01 4.609013096495406803e-02
3.164257331285450503e-01 1.387793995811704706e-01
3.172621082136533044e-01 -3.913942611251222115e-01
3.659566334991747327e-01 7.757043813655595255e-02
3.035405050295995055e-01 4.929724626151332778e-02
3.008284555704699992e-01 2.390527766385502906e-01
3.308423310651327220e-01 -1.177567874409358728e-01
3.006073246437117596e-01 -1.043252245537353851e-01
2.967582675742108655e-01 -2.328058465256483966e-01
3.624907058282281769e-01 -1.427012321811884643e-01
3.394590521381377624e-01 1.053115196828673383e-01
3.614086935569125192e-01 -1.667120668853131482e-01
3.400419148175396478e-01 5.377408641266478995e-02
3.493591008688093913e-01 4.300727564161566097e-02
3.476730361763563648e-01 2.064729339057737034e-01
3.790170391688063578e-01 2.013908419993526433e-02
2.989494418631759576e-01 -4.638771747584961025e-01
2.968787657332427887e-01 3.708526792221810142e-01
3.663833317378746290e-01 2.040699681712804248e-01
3.711544845589227481e-01 -8.300154936795889338e-02
2.923487909257158623e-01 4.953708967156378318e-02
2.985051505647781100e-01 7.344748116067112420e-02
3.797820301675146615e-01 -3.413065805784376572e-01
3.421332057085751943e-01 1.583865034122882154e-01
3.300722336775528953e-01 -1.980343658293596265e-01
3.911698605448272748e-01 4.507679107102233740e-01
3.168155719928502645e-01 -1.793072897502469010e-01
3.550809607416707259e-01 -4.891085159414887418e-01
3.182034619853815194e-01 -1.067404936867947240e-01
3.829940499483942551e-01 1.436662734700888677e-01
3.263444751767994312e-01 -3.846850989417536226e-01
3.100468627584410664e-01 -3.966458528721065191e-01
3.290452495397935273e-01 3.976530653278055327e-01
3.309430298743928356e-01 -3.549308948012062093e-01
3.059474718961096018e-01 -1.492765365117413312e-01
3.334202797077330249e-01 -1.503132714485397869e-01
3.612060993991834668e-01 -5.977071692851931850e-02
3.917120876625057591e-01 4.277824486151917682e-01
3.787374930939729767e-01 2.306448118505136646e-01
3.228313305344555628e-01 4.897765733816454858e-01
3.413417612412520397e-01 -2.144196782592504569e-01
3.062125310031261760e-01 -9.227150168192599367e-02
3.242390413745825928e-01 3.078013509799530922e-01
3.177494130140274819e-01 3.520764808634025966e-01
2.969373536851288575e-01 -3.071301648218516256e-01
3.882163618905322133e-01 -3.479901077426502676e-01
3.400560986337967107e-01 4.882827364121500313e-01
3.002606729312280454e-01 -1.898932783052308393e-01
3.399325163642862302e-01 -3.067057607907260897e-01
3.231289491670457092e-01 -7.492210639409080386e-02
3.327745316367699546e-01 -3.167151310768244743e-01
3.211268651581404843e-01 3.914341854090191974e-01
3.918772724893168080e-01 2.206422620419267178e-01
3.488183091172097905e-01 -1.323024154044794010e-01
3.408412398043053626e-01 1.325413475336265634e-01
3.144997834849130314e-01 -1.676310324415960507e-01
3.645698177022014264e-01 -1.415444263323876184e-01
3.243501625488891538e-01 1.166592737465217411e-01
3.204630854739450863e-01 3.756553419903978508e-01
3.980143132877848045e-01 1.852223882674941535e-02
3.668818349106471866e-01 -1.899304810279061062e-01
3.123407055367054541e-01 -3.287167089212853499e-01
2.978200364992419358e-01 2.366462304086158763e-01
3.285301099274220427e-01 4.993986991608434511e-02
3.802619776593710865e-01 3.836765453728482322e-01
3.633892789857144923e-01 4.982130713631647279e-01
3.460950670277075369e-01 -1.409638897102641897e-01
3.118177155609253015e-01 2.269356897712692112e-01
3.112886119643772931e-01 -2.474131150195609807e-01
3.225883799993078949e-01 -3.487340026680573191e-01
3.583368634074707293e-01 3.644541795890589020e-01
3.232072016876283982e-01 9.586411418763185477e-02
2.964372227385090319e-01 3.611304934697725511e-01
3.322318502882087854e-01 -2.791763272988343481e-01
3.406880246620375141e-01 2.494385235557969871e-01
3.719889239824120120e-01 -1.645739691654402037e-02
3.530898526622315847e-01 -1.842482320581076971e-01
3.658262374298825170e-01 -4.955128755299884613e-01
3.364049309172993940e-01 3.333844874393302460e-01
3.638016753401263070e-01 1.122578982983082341e-01
3.846111509770627768e-01 3.148904435076040897e-01
3.175739415223352013e-01 3.110587851487464084e-01
3.119721757927236272e-01 -2.506566707732682531e-01
3.206464258063174144e-01 3.759908545804391267e-01
3.164239530836808756e-01 3.406672791458412730e-01
3.776294196840664918e-01 3.123586869947969635e-01
3.305650441467258283e-01 -1.074931235339879887e-01
3.267102514715468642e-01 2.972805818796683264e-01
3.052538509724425086e-01 -1.300786949660814873e-01
2.977196896543031768e-01 -1.578596277819643845e-01
3.811533546653600446e-01 3.579047704480154968e-01
3.305696345040135542e-01 -4.597428281088482560e-01
3.749209024888916497e-01 4.409752566725855250e-01
3.558969994245435586e-01 -6.485590567215215874e-02
3.807272452882901614e-01 2.806076436566049548e-01
3.061088135708243119e-01 -2.093379584610879363e-01
3.622969923897879641e-01 -2.237657886968112964e-01
3.825085730728436939e-01 3.610336732756752598e-01
3.890285247821717585e-01 -2.913016171099765961e-01
3.483107776730163252e-01 -1.296706206033627629e-01
3.524535125213454911e-01 -2.223808953354913243e-01
3.780769017219495209e-01 2.748438512509638887e-01
3.112515242270318394e-01 2.464594495255508777e-01
3.219348621469343419e-01 -3.849734003332665466e-01
3.939847045941071713e-01 -4.256753356799097832e-01
3.758347730753204274e-01 2.874731638892084051e-01
3.193611785453903673e-01 1.582314163779651173e-01
3.329440207084701786e-01 -1.022768169131108573e-01
3.719001221594134821e-01 -4.403691297662055693e-01
3.707583006811194792e-01 -3.705533410416497198e-01
3.147630374130669928e-01 -2.305312068511131685e-01
3.793945297286768215e-01 -4.894553164814703372e-01
3.991073581480629739e-01 -2.820079809812345850e-01
3.925345597909623008e-01 1.704690903542591673e-01
3.189905287085192942e-01 -9.152753905897259568e-02
3.795998599982721711e-01 -1.895177071532614388e-01
2.991164047944029347e-01 3.859479488171526640e-01
3.779005686299278244e-01 -1.734472831999450682e-01
3.174027197872645312e-01 2.597906828481498787e-01
3.449639482219536424e-01 1.585934400142267053e-01
3.147109456873332656e-01 2.278580472425086878e-01
3.134166584729324301e-01 -2.014681510149554100e-01
3.524584952782924274e-01 6.821471272427315213e-02
3.128489810675141314e-01 1.117827841459999583e-01
2.931693493340148393e-01 2.014071101344209191e-01
3.191716569229700040e-01 3.951992573839352429e-01
3.137650534184236450e-01 1.003448926375920536e-01
3.713827293945350938e-01 -4.429850805414112802e-01
3.753282596667932847e-01 -4.726170697666178810e-01
3.594910845065143468e-01 9.309687139018307800e-02
3.544690876019110926e-01 1.424248358072396359e-01
3.400352619034884283e-01 2.107098799946344192e-01
3.467031663723991741e-01 3.261703049143647171e-01
3.154511144584625226e-01 2.537935368682571191e-01
3.023103219728031643e-01 3.434496839965583970e-02
3.959525677653022990e-01 -4.565811134498314328e-01
3.155241696764691239e-01 3.147723130117827672e-01
3.192089940678134452e-01 -2.029657909251356696e-01
3.475699927039197501e-01 1.370073422000017693e-02
3.180656279547960930e-01 2.856728531489917122e-01
3.206414111305216919e-01 3.521261664551230686e-01
3.982482873493302655e-01 -4.570956274211463999e-01
3.502456614248141697e-01 -2.499128854129597510e-01
3.613503924686342073e-01 -3.543622003382543850e-01
3.027195068582644311e-01 -2.086410981466402248e-01
3.004353015861740417e-01 2.458729078689597669e-01
3.331018683780434531e-01 4.037240630571757860e-01
3.355274876693714603e-01 4.187511044705262142e-01
3.322204872175780199e-01 -2.972163723937515378e-01
3.169305994311556463e-01 -3.555995935558622367e-01
3.659431640175321299e-01 8.253972316875080040e-03
3.206664946523629656e-01 -2.529614074393806700e-01
2.974237618060548982e-01 3.987946939546862524e-01
3.905717468131189030e-01 -3.058373137408351150e-01
3.845818894930559395e-01 -3.744197577108275832e-01
3.175793732517171453e-01 4.977038305442427202e-02
3.142060374385975408e-01 -2.698115921899900682e-01
2.925394017207745279e-01 2.560166590872416936e-01
3.925667514972290828e-01 -8.454583309612428987e-02
3.441314769296738296e-01 -1.652949371871822448e-01
3.064721899129260185e-01 -4.661927738143401001e-01
3.847158175516183221e-01 3.242506978755591573e-01
3.327874088401306940e-01 3.172953029946308234e-01
3.445516039276715903e-01 -3.433486973894390726e-01
3.059707295660037962e-01 -1.943235237976262963e-01
3.133810068657557624e-01 2.031954665292632356e-01
3.258620443108558584e-01 -1.643611049081717956e-01
3.651327131237468437e-01 -3.869474538112765982e-01
3.277351167289029865e-01 -3.778528398193421456e-01
3.130582758858481141e-01 -4.870135688403424146e-01
3.300140079959970052e-01 -1.263080355414262224e-01
3.883526214004382471e-01 -6.312919241169523410e-02
3.077255705314710932e-01 3.296722624739052421e-01
3.344205700273250592e-01 3.378431869847556834e-01
3.469852580106306261e-01 -4.681149718137140869e-01
3.621252798470872003e-01 4.280198804231440946e-01
3.413209518708010259e-01 1.401476804652924679e-01
3.193968659172956581e-01 6.876039134450240287e-02
