8.428133911986246396e-02 -1.468189260319846534e-01
9.006231410577225649e-02 -1.622618626423547594e-01
3.412222065321963704e-01 -1.384784714356724900e-01
-2.813387445137010001e-01 -1.517429971940069677e-01
4.121135570163547701e-02 -2.848405236858668754e-01
1.201474043876098463e-01 -1.410230191714274550e-01
2.919914398484224627e-01 -1.595761712689613976e-01
4.325507268027584118e-02 -1.547293639554405686e-01
4.503731655718368199e-02 -1.480390392484960405e-01
3.898228146162054930e-01 -1.707341165929997517e-01
4.143678663925759453e-01 -1.461270465049004930e-01
-2.225826153928566198e-01 -1.850437091211006857e-01
3.029485441107560018e-02 3.010885699601646426e-01
-3.682361191673773071e-01 -1.533357413031781746e-01
2.732279065749665392e-02 -4.832725088635932975e-01
6.598704468151095348e-02 -1.311654038056934146e-01
3.255361727415123640e-01 -1.535435380238001635e-01
2.049322645867998061e-01 -1.739252156304852415e-01
4.469797269401709627e-02 2.751872579099663430e-01
-5.901715169702648200e-02 -1.709356696979327239e-01
-1.780057939001610245e-01 -1.394954426797276881e-01
2.569242353948153479e-01 -1.837309770312628432e-01
9.218336081271238935e-02 -1.802723185265563410e-01
-3.041671507952941056e-01 -1.766550558905283230e-01
9.359514382330358373e-02 -1.592909445147688841e-01
2.327386958617849722e-02 9.508082042552234991e-02
-1.951481122262941348e-01 -1.696378700143397200e-01
2.566102769044055210e-01 -1.642537628131789385e-01
-1.361006615964146516e-01 -1.530827981455783471e-01
2.559110035486211743e-02 -3.959529737906364311e-01
1.407790752763172781e-01 -1.538531642209798322e-01
-2.993327492789978894e-01 -1.324605678925296903e-01
4.707365337854966247e-01 -1.860275250460952101e-01
3.416513523118396289e-01 -1.580597250328090730e-01
-1.954174892387368079e-01 -1.824306363920901175e-01
-4.875758474455568203e-01 -1.823808956528546465e-01
4.926245289715625031e-02 -6.842109467956325464e-02
-3.338936354980206467e-01 -1.692588688981646605e-01
-1.808007635701543991e-01 -1.649529406986744995e-01
8.906264833798305247e-02 -1.426311657960632751e-01
1.978072209562979911e-01 -1.668631109941498547e-01
2.160455946497928936e-01 -1.367987950590513480e-01
-8.361429069456560725e-02 -1.596949191809570179e-01
2.914915468909705654e-01 -1.377527731437937497e-01
3.257170274947052135e-02 3.857147294963433337e-01
-1.963303721257502188e-01 -1.867568348241273046e-01
4.520923250431618801e-02 1.826452663252209341e-01
-3.993169643011127423e-01 -1.583593973308580205e-01
3.400793143983138478e-02 -1.991704500789744925e-01
4.338265807640939720e-02 -1.226465292466275558e-01
3.370971870229555467e-02 -3.239178121205023020e-01
-4.221733815662476186e-02 -1.565250701849816295e-01
4.116354145055578506e-02 6.298427269798234640e-02
-2.470274922859879707e-01 -1.383328256207617679e-01
-2.684324232485721939e-01 -1.673943632077408150e-01
1.697141453242010378e-01 -1.715445151030450255e-01
4.399841719612099800e-01 -1.777306633981665662e-01
4.772527298034636711e-01 -1.618277581474759641e-01
2.180725823182760870e-02 1.907479476692192089e-01
-2.044855280364078487e-01 -1.604264221262656775e-01
-1.768876328555368804e-02 -1.624767972680237760e-01
3.447055609671054732e-01 -1.364849573150634932e-01
1.854210506847298046e-02 -4.976211900607815375e-01
1.417651111500357608e-01 -1.726028378971148358e-01
3.596460358373410049e-02 -4.510348405602643274e-01
1.906765401781924663e-01 -1.623013151475899418e-01
2.579225826547448808e-02 -1.199780859819733481e-01
2.577332745621008225e-02 1.502116920457610139e-01
1.245474421408238053e-01 -1.640915771469584339e-01
-3.535529723531933843e-01 -1.636189196800029722e-01
4.735174436672561216e-01 -1.777663159713652741e-01
4.407126134328953615e-01 -1.604980792041823534e-01
1.656327147197860228e-01 -1.801494549025626224e-01
2.516083176545790279e-01 -1.647195054651068302e-01
9.843920441209352834e-02 -1.764517534257123987e-01
3.464262536865536646e-02 -2.423226311412580714e-01
2.439975237363067873e-02 -1.059443881483950189e-01
4.211855760854854580e-02 3.869421665211124628e-01
2.728513536638499382e-02 -4.328117153175211618e-01
-1.044989162515437275e-01 -1.414991936118894511e-01
3.573193475163616295e-02 2.612173841349829662e-01
3.774633192812226756e-02 -4.982809715065150691e-01
3.548263037122201258e-02 2.599182196858581539e-01
-2.012379548785431238e-01 -1.554117007651122373e-01
-4.084619269382595563e-01 -1.442404388380925662e-01
1.393577429805881174e-01 -1.470175880754994724e-01
3.542293238732300287e-01 -1.477499122042097435e-01
4.759056070093181656e-02 3.808316210419143699e-01
-4.908442623539690519e-01 -1.450966531344007882e-01
-2.937579690728814308e-01 -1.454257900556589211e-01
-3.455122357714014436e-01 -1.692606808956073072e-01
2.046082618715594492e-02 2.869426377103923009e-01
4.264571667717953485e-02 8.559101414962133614e-02
2.534221284015036879e-02 -3.958989552317920824e-01
-3.468051492510664247e-01 -1.408712530611424540e-01
2.726281983773612971e-01 -1.431827865519659237e-01
-2.634184233809033771e-01 -1.418957483184081214e-01
-1.094789376128112446e-01 -1.860651990220580920e-01
-2.518390947213785536e-01 -1.331805247299959749e-01
2.380759607867377614e-02 3.172932867490042552e-01
7.631590571201640749e-02 -1.537443278443405559e-01
4.019040563371834018e-02 4.054916880327019690e-02
2.071133732474113032e-01 -1.524749420721872584e-01
4.166345219263711819e-02 -8.668970344711424136e-02
-5.529496144732748419e-04 -1.488969585681629848e-01
2.916445298048142565e-02 3.798180521907805751e-01
-4.075352713950177730e-01 -1.758635864390450942e-01
4.333545986472226996e-01 -1.324322981449127523e-01
-4.428362862341109762e-01 -1.621076823367467723e-01
-1.279771231225181882e-01 -1.602689067115748989e-01
4.736113296976751652e-02 4.321059334439438793e-01
-4.256816861824335163e-01 -1.758542963109894774e-01
4.598624737980632204e-01 -1.433107857402815544e-01
-4.682490437783966009e-01 -1.749647133623131179e-01
2.882688651109044375e-01 -1.820794982025772946e-01
3.964151659395565019e-02 -3.657336616137162322e-01
3.877336410302667513e-02 -8.427506408556362238e-02
1.969878116690637615e-02 2.029834303568668341e-01
-3.870684084498019484e-01 -1.757740435803722967e-01
-8.124898753938214480e-02 -1.353745785358816400e-01
2.739493593766644253e-01 -1.333535993301756539e-01
-1.926849488518646014e-01 -1.663278652922617340e-01
-4.953976397316984803e-01 -1.794214886639511342e-01
4.354925770677555708e-01 -1.632008965524925914e-01
2.440479794695661342e-01 -1.425658684462498549e-01
-4.097227523695091689e-01 -1.629756388818891510e-01
-4.038802454455160396e-01 -1.762379862064941127e-01
-1.191901048025889587e-01 -1.390331727121143501e-01
-3.086105781316722529e-01 -1.621995349225566763e-01
2.753863311201987241e-01 -1.423632237955118063e-01
2.881582222066858545e-02 2.621898425877946526e-01
3.857052596179688653e-02 4.243417410382674948e-01
3.707487980685365558e-01 -1.771390906428712553e-01
-1.926259516184112286e-01 -1.838123306294938697e-01
1.920871986263616993e-02 2.822705425730243078e-01
-4.560496926925713401e-01 -1.767054739684765785e-01
4.139124135135774374e-02 -3.738526760101313906e-01
2.680927440525471273e-02 -2.415318545245093151e-02
2.898604846782524280e-01 -1.549339072870764555e-01
4.484673363330615725e-02 -4.335364622322942507e-01
1.426535104218852323e-01 -1.307173955464367987e-01
-1.046992319914030745e-02 -1.538416481087344634e-01
4.513540844751406933e-02 -4.623088182130807855e-01
-3.835316308951270958e-01 -1.498718889161471113e-01
-4.178692788260627289e-01 -1.545342546351088364e-01
2.688966285270422141e-02 -1.850110805038851503e-02
6.692150194335000357e-02 -1.826956538747108727e-01
-1.067378470933499912e-02 -1.506736757580546815e-01
-2.128340941798618768e-01 -1.514057825210212149e-01
2.667300113805739503e-01 -1.671922885462412411e-01
-3.996274256836140903e-02 -1.309394676397898083e-01
-1.426402539455609020e-01 -1.522505519814009167e-01
-2.679742103277564791e-01 -1.768625080430705765e-01
4.566268040763044045e-02 6.927591813234801332e-02
4.453510879529520849e-02 -4.853656349923686220e-01
1.864528698954304176e-02 1.042671541061926943e-01
1.906265989893163315e-02 -2.738670489868380020e-01
3.630213401708626275e-02 -1.333172522721931541e-01
-1.651469377625165436e-01 -1.771471355051492669e-01
4.657983911316987413e-02 2.070979269925526944e-01
1.876967041163368766e-02 -2.648491449557995869e-01
-4.733891940522781949e-01 -1.425664916356313983e-01
3.744985971486872733e-01 -1.557979019678066290e-01
2.875467259809451059e-01 -1.583354068325028008e-01
-1.699227341293995108e-01 -1.542709869003522360e-01
3.116739298990478524e-02 -2.292257501670114106e-02
2.259083694116925667e-02 -3.132520953538285857e-01
2.115955094758640298e-01 -1.866461813559822103e-01
4.261567787298703447e-02 2.182554004992013352e-01
2.348620707256021678e-02 1.809538310547043061e-02
-2.147269287851889530e-01 -1.409467267846760130e-01
4.075310126457710735e-01 -1.380805088023765448e-01
4.322252001066528848e-02 -2.182579269189137694e-01
-4.883092165777511706e-01 -1.724539957844964944e-01
3.607624036421201996e-01 -1.401666999742311459e-01
4.576974021230351131e-02 -8.141061018144735151e-02
-4.068743072794898108e-01 -1.543702640721796859e-01
4.569879587062952719e-02 1.195724265175057699e-01
-4.403782333251377024e-01 -1.329334956529991674e-01
4.588603706217275757e-01 -1.855498719949910669e-01
4.028855026174016363e-02 4.899278481744683278e-01
-4.363457809255381070e-01 -1.397815565718333319e-01
-1.384328509480998726e-01 -1.725998394538185154e-01
4.592253612981437305e-01 -1.490096722161575737e-01
2.008454058300745970e-02 -3.135244953886079378e-01
4.341675912755094124e-02 -3.888525151420555437e-01
2.484084602345371096e-02 -9.253198340572332814e-02
2.693798813436054651e-02 -4.816719983450109543e-01
4.298378125625035295e-02 8.697273391425774935e-02
2.425214325371327639e-02 -9.157399999915372124e-02
-3.924552508505311232e-01 -1.309294804198924966e-01
2.108577632179586825e-02 4.165876320816200851e-01
2.462112408988492707e-02 -2.164061167837161292e-01
2.247552695302923453e-02 2.108633394075760670e-01
1.856105796887341786e-02 2.653554218618588978e-01
1.011993146701675172e-01 -1.650182207563217762e-01
2.522043021586921618e-01 -1.528605176280742883e-01
3.794287501192739054e-02 -4.538751811559366134e-01
4.342223790474830647e-02 -3.260191792713627024e-01
3.027026912557007066e-02 5.882452390274650611e-02
-1.741322481038287684e-02 -1.525250385010102905e-01
1.795677420848961203e-01 -1.715274533382498134e-01
-1.060295560555901684e-01 -1.389449628870844666e-01
2.088406916494345289e-02 -3.423534834652793846e-01
1.386787075663414859e-01 -1.725254809254529453e-01
2.575895062744304465e-02 4.478505306646936024e-01
1.586770231010752319e-01 -1.475226892392424993e-01
-3.909368887329909281e-01 -1.706824547314369500e-01
-2.958995174600361766e-01 -1.842849029762421154e-01
-3.496141213346811716e-01 -1.711494843690729573e-01
2.828476783024225227e-02 2.746525026749839782e-01
-4.802438606569471302e-01 -1.549797932698404601e-01
1.881061233422643975e-01 -1.386081611777157940e-01
3.506420288212364067e-02 -4.110717087767598032e-01
3.098907443938658801e-02 4.774431819601694382e-01
4.738743251458987782e-02 4.851648087007449650e-01
-1.528296405316242890e-01 -1.359754948492217785e-01
2.346194316620960896e-01 -1.781577170704160551e-01
-1.123354911183813698e-01 -1.579324517663129868e-01
3.816870663012716935e-02 -4.291474950332685445e-01
4.640760957141365495e-02 -4.193893416011467146e-01
4.315267166302886315e-01 -1.591898187889824179e-01
1.974769341641939846e-01 -1.674847699260735290e-01
1.940586425037305052e-02 2.061713669496018086e-01
4.106797772941517266e-02 1.870372305626774034e-01
1.043012889870829074e-01 -1.754299521868598610e-01
3.783776400485057145e-01 -1.862540198032643923e-01
4.053757321125864843e-01 -1.456864497782976997e-01
-2.683053719224055556e-01 -1.558883249758125089e-01
3.473539652451613780e-01 -1.784419635064314891e-01
2.624054371151174347e-01 -1.520146496212302356e-01
-9.434613289321502894e-02 -1.857280263106286800e-01
2.129129997783907324e-02 -1.781477783614437982e-02
-1.270373077218465152e-01 -1.445963997169104065e-01
4.723394357483444717e-01 -1.580788541600623986e-01
3.068508772308298216e-02 1.432839295113754741e-01
2.827285148309266472e-02 -1.781225368528994712e-01
2.921164249806784685e-02 -4.138728596430291118e-01
4.380516137254530928e-02 3.712514470907780639e-01
-3.538047178375238744e-01 -1.347014086882719619e-01
2.748850909476696636e-02 4.402897595669424957e-01
-2.372315509792441990e-01 -1.749282400332738963e-01
-1.461624232298326387e-01 -1.865227102622012412e-01
-4.152702435209244536e-01 -1.353737572850843840e-01
3.128890118456739700e-02 1.350975715357305429e-01
-4.073943010531465569e-01 -1.841485129724963477e-01
8.478937967888833249e-02 -1.701652392875551145e-01
4.925217246881252731e-02 4.212463935800523362e-01
-4.072649247496480385e-01 -1.755794305310690584e-01
3.325758034774550786e-02 2.477450958421918426e-01
3.298720657233218390e-01 -1.710281960685521296e-01
1.827010941667417399e-02 2.724498147271374737e-01
2.525561083655832872e-01 -1.706428861323336932e-01
-8.087012544853688922e-02 -1.855880550267080542e-01
4.591208932817840704e-01 -1.763119794812514352e-01
2.215259462454655104e-02 -4.007083598452149120e-01
3.691946441072290197e-01 -1.321072850364599649e-01
1.587029305910843124e-01 -1.460294159227486510e-01
-4.471465186404063319e-01 -1.513962909845282256e-01
4.939979094682830363e-01 -1.668553194817193885e-01
2.717274970668448475e-02 -3.161644774507428313e-01
1.990841182191227521e-02 -9.641978455333866105e-02
2.092693425138457686e-01 -1.362539921119665376e-01
2.032791831820512929e-02 1.787696463661208046e-01
-4.740236352728917080e-01 -1.675695964623979961e-01
3.910837924002735777e-01 -1.818326208792903076e-01
1.325107034190251554e-01 -1.517341851677719289e-01
-3.366855257507871402e-01 -1.344610064856842646e-01
2.733955699374055470e-01 -1.306153348255539859e-01
-3.765386080747568087e-02 -1.372310035128171402e-01
-4.684533425836913123e-01 -1.399170937587033148e-01
4.652045055235609627e-02 7.701278307584757954e-02
-3.276579450472926203e-01 -1.528538904532203979e-01
-2.658241230119506859e-01 -1.422200538600154607e-01
3.104742814645022886e-02 -1.603397689916548075e-01
-2.736497184841818475e-01 -1.533680019060063016e-01
3.661130120816735722e-02 -2.890989063505892132e-01
4.665212757341619110e-02 -3.756650330841952989e-01
-3.229753271495940936e-01 -1.565668364645114163e-01
-1.904001959437559011e-01 -1.570569176617783169e-01
2.118689233494697177e-02 -7.289743218619748610e-02
-2.274698218417159357e-01 -1.347408474754225871e-01
-2.426255138143695866e-01 -1.336386349621168090e-01
-1.663615817275289066e-01 -1.537283112734222357e-01
3.519238304255656313e-02 4.616307764625763310e-01
3.202074341679372882e-02 3.412514353038224035e-01
-2.328351696919805924e-02 -1.718554949847154178e-01
-3.413499698990575260e-01 -1.518254639281556573e-01
3.278304453857444622e-01 -1.472262773367779554e-01
2.185483580641414125e-01 -1.638987687818760364e-01
4.462095452104553051e-02 -4.667095927305946468e-01
4.038486797177265331e-02 -1.018326772185160767e-01
3.842679711898244754e-02 1.791900637521766093e-01
-3.264878559054430474e-01 -1.335189885182617164e-01
4.467168685242239867e-02 1.723710611438221685e-01
8.492548817806344630e-02 -1.753825734645544365e-01
-4.528074327939103361e-01 -1.365407435152705684e-01
3.011931075875551311e-02 2.622360040624797106e-01
-2.593310590829583928e-01 -1.704633000040078894e-01
3.683474194525993006e-02 -3.610552475008410589e-01
4.361200931148394577e-01 -1.665970608128768404e-01
1.760698506279735343e-01 -1.520145578449704216e-01
4.942857146003764024e-01 -1.834107747558378909e-01
6.819574860401467209e-02 -1.778630608150184589e-01
1.933544420215072002e-02 -2.379744429394985428e-01
4.413185977321878450e-01 -1.832266455414153228e-01
2.851579834464076368e-01 -1.504885181541428807e-01
3.019307561579309684e-02 -4.882860663901578135e-02
3.704001471273016266e-01 -1.744644123634957467e-01
4.544266724170575866e-02 -4.226480224541839803e-02
3.270941726294296359e-02 -4.497413768761312491e-01
4.882776825052848046e-02 -1.660904674929641889e-02
-2.631839963105152558e-01 -1.858314484165831670e-01
2.795157659705460595e-02 9.442816122474206875e-02
4.020045704244268325e-02 -7.811030723943179765e-02
2.272066454529594326e-01 -1.741329370650741559e-01
-2.154591757964685605e-01 -1.507174955169366948e-01
2.143406196714703338e-02 -1.441800744216554797e-01
-4.140002752155546029e-01 -1.809716788534552201e-01
5.739783762385275434e-02 -1.318843557785730480e-01
3.431035597492892997e-02 -1.179503685449057038e-01
-3.690752624723133701e-01 -1.788259106482779082e-01
-3.518581274116522328e-01 -1.563508358506445761e-01
4.533798061542757551e-01 -1.719020318289931071e-01
-4.067037355780315222e-01 -1.332834306554930848e-01
1.800269393578635135e-01 -1.594988380653352689e-01
-3.829970855308829636e-01 -1.434443099016207146e-01
-2.821926769738324348e-01 -1.692589146588298066e-01
3.866943154693847085e-02 2.750750741250143072e-01
4.698340246671939280e-02 -4.242555683684725576e-01
1.077531737785797361e-01 -1.702091584195435381e-01
3.895614506643596542e-02 -4.006869340214337383e-01
-4.175025975242917520e-01 -1.533742751732873888e-01
2.091721973857685324e-02 -1.668816922847262685e-01
-1.455260867013021819e-01 -1.462311211476451378e-01
-6.338638502084381621e-03 -1.527512499904463139e-01
2.467329826886306421e-01 -1.316626452861984209e-01
4.744081672832012320e-01 -1.809546222508020552e-01
-4.198999435444983330e-01 -1.387075049038801744e-01
-3.241360930727754663e-02 -1.822007231747574396e-01
2.378928958563764073e-02 -2.253168386481161356e-01
3.247349742951999296e-02 -4.788108125145279503e-01
2.653093052255039996e-02 4.654671711189459771e-01
-2.023989956468809082e-01 -1.512543153222822845e-01
3.338428869439657998e-02 2.513200680740623749e-01
-4.960455548452842311e-01 -1.771015318933232274e-01
2.817001087745063526e-02 -4.976296065651166778e-01
1.452090252297233430e-01 -1.741971919420031156e-01
-4.553217274298871908e-01 -1.483214835114831098e-01
4.127916800891351379e-02 -1.051834339143922215e-01
3.548686794297895020e-02 -2.885977794157845722e-01
3.139864401440761732e-02 -4.877502134965042702e-01
2.783308206137751206e-01 -1.540839598016093825e-01
3.671993137489585335e-01 -1.501094579747637159e-01
-1.438615550513222541e-01 -1.779885013664854743e-01
3.874131915629734912e-01 -1.713377510056157682e-01
4.805598931333019408e-01 -1.476346537272114068e-01
-4.874341796583885333e-01 -1.320839783160688841e-01
4.945358568365376684e-02 3.878194132126452365e-01
1.254316190971602740e-01 -1.599773293520463380e-01
2.119850306754855751e-02 -3.222411376171501196e-01
2.558863771088482064e-02 -1.679474433218642870e-01
4.456087032174105289e-02 4.632070161424991506e-01
1.346504915047456175e-01 -1.374489487969612345e-01
-1.816146830522225031e-02 -1.612835836473951456e-01
-1.804553223480189761e-01 -1.332022537234621717e-01
2.725183069107606215e-02 -4.553526590542458230e-01
4.244939543387219461e-01 -1.482205706139175794e-01
6.536453498900740566e-02 -1.858388796165906243e-01
3.158831681303110317e-01 -1.478160481721142450e-01
3.577820007355225762e-02 -2.184193701616895522e-01
-1.522512028886348068e-01 -1.382616367479767572e-01
4.589568635237573080e-02 -4.413793624900841372e-01
3.492028475275632537e-02 2.561341813134984102e-01
4.916652617761918531e-02 -1.077691711985495626e-01
3.359310309769883984e-01 -1.688311719336303973e-01
4.883861717085765664e-01 -1.404735282701393695e-01
-4.571031178449376231e-01 -1.720820011105586023e-01
4.779840177259642164e-02 4.772949172918238281e-01
3.244982599156143177e-02 -4.810176652439560607e-01
4.377871942303690478e-02 3.652444048857845793e-01
4.764130720114309048e-01 -1.770294555826226190e-01
-4.421480961549395516e-02 -1.855926213837045813e-01
3.230357324416321951e-02 -9.142804195110054710e-02
3.315414557793916472e-02 -1.743878605962040362e-01
-1.687976502454089367e-01 -1.753491506725527449e-01
-8.566576297375827487e-02 -1.584972701980121856e-01
4.203377195054469606e-02 -2.481739995405174426e-02
4.859627744317840392e-02 -1.579124968988095956e-01
4.426930968093933938e-02 -2.104930706743481927e-01
4.706044377095919273e-02 4.708185285524842945e-01
-1.230341806879601263e-01 -1.429194183308201138e-01
-3.826769057214519654e-01 -1.435181278681254557e-01
3.863252849913278997e-02 -2.507258773321431322e-01
-2.307467002168949177e-01 -1.414049742730878467e-01
-1.787915471163993297e-01 -1.372428072282048106e-01
-1.796550961986381756e-01 -1.810917211355678180e-01
4.660112234196512881e-01 -1.707065319363285649e-01
4.640363455111407021e-02 -7.042849179061361209e-02
2.110833250642163428e-02 2.690672579267027187e-01
4.007478177684931087e-02 -4.405468524557064613e-01
3.264231985788507151e-01 -1.859861808627862878e-01
-2.479911477957464916e-01 -1.788566627395989928e-01
1.453828985439741261e-01 -1.348870295596138469e-01
-4.311111834347182148e-01 -1.543942770428269329e-01
3.757861654965435338e-01 -1.576557013630264237e-01
2.855253660586128950e-01 -1.681479978076861892e-01
-1.178166316115691892e-02 -1.566095485718679292e-01
3.416418649735983859e-01 -1.856459734817370588e-01
-2.071686127637547559e-01 -1.395913754495043957e-01
-2.048470475474297725e-01 -1.453105839971290392e-01
2.528414159481517931e-02 -4.157487609448298205e-01
-3.632548140149998162e-01 -1.763978891619154554e-01
4.247722579107870988e-02 -4.070591952273253655e-01
8.581981964681217878e-02 -1.772265350089704539e-01
2.488416682851246620e-02 -6.226132021836983110e-02
4.123837818605712302e-01 -1.680997388095515355e-01
8.141394655088396437e-02 -1.795024144283564604e-01
3.108826502119321766e-02 3.232394779539252694e-01
4.046873909078457787e-01 -1.578599597673255861e-01
-3.287307556205935066e-01 -1.331294263102800191e-01
-4.274013769609034119e-01 -1.685092825512547465e-01
1.480597572330466516e-01 -1.696531618298503519e-01
3.408650755796605036e-02 4.298241677379466275e-01
3.380168008766964993e-01 -1.767569741948430417e-01
2.465594165322315678e-02 -3.438054878902252476e-01
2.388901748536897962e-02 -3.991623443073522015e-02
3.714879804274742181e-01 -1.650265388158800306e-01
-3.934978735583479770e-01 -1.417843759564478834e-01
9.109973710866980934e-02 -1.692125761236487058e-01
4.036811744477342145e-02 -4.993554237579456156e-02
-2.306556473915667427e-01 -1.590792451914518901e-01
3.978689984616046171e-02 -1.219468744199628807e-01
4.485382318585529049e-03 -1.540838587066474252e-01
2.537865428344658891e-01 -1.518422258483750342e-01
-2.104332633688608123e-01 -1.567880083831650895e-01
4.791414344997675379e-01 -1.468891050908907037e-01
-1.683781753571759188e-01 -1.383188751749272472e-01
3.227846946452694876e-02 1.042808282204441550e-01
3.015957902448762606e-02 -2.036055033715322704e-02
3.782393252641624848e-02 2.839302710681340658e-01
3.549069140096824393e-01 -1.604990126695239328e-01
1.307203742332965213e-01 -1.543923329638352548e-01
-2.684449121476538691e-01 -1.734003981828518004e-01
-1.784055184693918994e-01 -1.425121575293598619e-01
3.969043899511193185e-02 2.919697412576812701e-01
2.986426794061292078e-02 9.551061478604405686e-03
-4.617280393967440055e-01 -1.825138687873973931e-01
1.648713570853463928e-01 -1.348122503429027841e-01
2.190612275122805208e-02 -4.029177313346654632e-01
-2.807178337962716874e-01 -1.856819284203520271e-01
-2.830910987733451512e-01 -1.852207431156235318e-01
3.895175555599039718e-02 2.253988546702541118e-01
