-4.600507790219817705e-01 -5.439129399133457721e-02
-1.065979725664458755e-01 -6.876656012560899978e-02
-4.091040894315929322e-01 -6.791101836267754432e-02
-4.759006683358111278e-01 -5.237756826152251133e-02
4.733260966727370622e-02 -2.966527913641259229e-01
6.164129517279781645e-02 3.737824974814516477e-01
1.485507730015751537e-01 -8.083877903722436198e-02
-4.777563298573437311e-01 -7.839357222639398159e-02
8.424166834322488473e-02 -8.452472146149225818e-02
-4.081262961394551692e-01 -7.942537361067947277e-02
5.707234208635469930e-02 3.653107517672752325e-01
3.783495347418985855e-02 2.628809656251942517e-01
-3.201989392051094452e-01 -8.331675729503140726e-02
-1.145568345583115599e-01 -5.546771506112835315e-02
1.972084050175724190e-01 -8.099860024713045892e-02
1.253669366950171948e-01 -4.907540794431375364e-02
-2.412847500039237980e-01 -7.219583197956647158e-02
-4.095139809579415591e-01 -8.207115188669855677e-02
6.057415178722125315e-02 -4.846254816656166975e-01
6.390307373517079004e-02 3.127165924792350005e-01
-4.193912842861891033e-01 -6.403652023650530101e-02
4.416574743361101341e-04 -6.177409023139901478e-02
-1.661894230893683488e-01 -5.750249666193174569e-02
-3.504889885892797929e-01 -8.045961218945907323e-02
3.725552094042821061e-01 -8.139109788962572978e-02
2.098816616544479929e-01 -5.550516023541640642e-02
5.369383732082155802e-02 -3.941576482524478120e-02
6.437060700583774331e-02 -2.144294539173909886e-01
-3.872421065828954845e-01 -7.634339780542043208e-02
-1.135449540563431281e-01 -7.621303283054059463e-02
-1.616950720188371493e-01 -7.215727452694042920e-02
-8.597823524878778212e-02 -6.572477780983643214e-02
5.118777081081093971e-02 1.947316811887356280e-02
-3.567406263835954938e-01 -7.808611253081787495e-02
6.366282963760894198e-02 -3.365963955732069746e-01
4.010892963001988498e-02 -2.239838544554364486e-01
4.456962167320150936e-01 -7.926727278537137877e-02
6.077158224419298982e-02 3.334825633582544357e-01
4.133313942977379085e-02 -1.945077305497815434e-01
5.644103011898371491e-02 1.830391940023803343e-01
5.617970031263730402e-02 3.692911455532326137e-01
6.096310541148708406e-02 4.634934421759344669e-01
6.562579731483697554e-02 4.102411979108085971e-01
-1.608543099118323605e-01 -5.857048905255390903e-02
3.789450801991600670e-02 -2.544721139870874671e-01
3.497124292112105959e-01 -5.946382965272289933e-02
3.742502141404563387e-01 -7.708580561688216370e-02
9.092768437997711395e-02 -7.131940201728603768e-02
9.057000618382071710e-02 -7.652689736353102123e-02
3.932535465659647844e-02 2.073986827933272936e-01
2.302321801222875219e-01 -8.104870757062543341e-02
-4.677848984533417021e-02 -6.828769462245054545e-02
4.806952509944746321e-01 -5.455481719040145006e-02
-2.638288847170942031e-01 -5.792038679258304512e-02
6.143725324279314393e-02 -1.420184922209232203e-01
3.452164803023261008e-02 -4.412731077300640070e-01
4.960986127102257059e-01 -5.938314177326531329e-02
5.563103492945797868e-02 -4.244788181144838468e-01
-2.290074250697569092e-01 -4.920560266004714300e-02
5.820664235041628221e-02 -4.762183683543683710e-01
3.143346167652598666e-01 -6.345560229734870106e-02
-3.059988320129920503e-01 -4.889099457611989497e-02
-2.719668276428258702e-01 -5.318735761056758715e-02
6.103418147261596705e-02 -2.649735506152579578e-01
-4.214585119801936841e-01 -6.131086908322203044e-02
-8.677292228663546769e-02 -8.066811881584323718e-02
6.265907222951783151e-02 -1.843118128695542257e-01
5.782048235784320589e-02 -2.530590694485393977e-01
5.947153878833810747e-02 -4.893443368375451907e-01
6.146000887401636970e-02 1.848074274958791952e-01
4.293274209863329194e-02 -4.398996416347856764e-01
5.620898686731579108e-02 4.092430025897014767e-01
4.404754203841376725e-02 1.643815166215141232e-01
4.474913147888370801e-02 -4.528061708163544363e-01
4.697629503625122549e-02 2.875976829497794984e-01
1.739016010064132756e-01 -4.935206657454138668e-02
4.109583545333153065e-01 -7.874799879529148505e-02
-1.165940251133378291e-01 -5.991439459338165907e-02
-3.262813959579974332e-01 -6.430021778591799020e-02
6.480551811827206521e-02 2.218423617291828132e-01
2.605456178521209365e-01 -5.170162579695858351e-02
4.479290641853528321e-02 -1.797380781234924063e-01
6.740482994904595238e-02 -5.457561009306899358e-02
8.931318726552894827e-02 -7.202566743444338559e-02
4.133635148855130392e-02 5.610577328311616707e-02
1.133452386802291656e-03 -7.414067371255239625e-02
3.552789801703670758e-02 1.464821379722774930e-01
6.181545537230914711e-02 4.513964823882088417e-01
4.099551525909572725e-03 -6.178791931926652659e-02
5.970504682852262324e-02 4.698481545657389180e-01
-4.245935488220970999e-01 -5.768098184629044667e-02
4.885552611024612801e-02 -9.870910242883279562e-02
5.772617032260085601e-02 -3.618523654701731873e-01
4.665688454097660642e-02 4.498359955004246347e-01
1.908338637268220950e-01 -7.440603741057394416e-02
4.032571590598521549e-02 -2.001211888542256956e-01
5.164164768042334153e-02 -2.055583217191958578e-01
4.207159374946245478e-02 2.558254160438089286e-02
5.043827439747727848e-02 -1.487641345702152007e-01
-4.282919559197641002e-01 -6.616077538880482667e-02
6.241930969287368125e-02 2.032741758140982347e-01
6.062377990872447331e-02 -1.119009650433526737e-01
3.371033955287638939e-02 3.034834915251545251e-01
6.307787039374412874e-02 -3.425429156131480912e-01
4.780192704920449565e-02 2.783492668159014416e-01
-3.582702483024036155e-02 -5.585056963303269839e-02
4.209933580222701144e-01 -7.086618071918060480e-02
3.924423951225630702e-01 -6.380798960168532208e-02
5.907608975152445208e-02 4.011944903318097611e-01
2.781326565868870171e-01 -6.660717803816340599e-02
6.348564414440727166e-02 -3.189729409048657205e-01
-4.216800706916815633e-01 -6.167464873581551821e-02
5.970675067351782772e-02 -4.906969147157712596e-01
5.604546853488334701e-02 -1.964875160447389080e-01
3.798170315449548307e-01 -7.224977495265882954e-02
-3.682382628600192609e-01 -6.219322291930051705e-02
-1.792145411016162759e-01 -7.173350213645546258e-02
-4.438079089155642087e-01 -6.673300036037554950e-02
5.812344521774670536e-02 -4.287379166248734830e-01
3.813740516983828988e-01 -7.164146553860706312e-02
5.776504749174560249e-02 3.264786319991629382e-01
-3.463022057205007442e-01 -6.124186848533541561e-02
-2.581403456091366788e-01 -7.804340205210724690e-02
1.295525241770009162e-01 -7.431306185787867058e-02
6.316398881887541616e-02 -3.775501966294271261e-01
1.366185548605292066e-02 -6.528885012906615604e-02
1.402091390687036920e-01 -6.940902964191153490e-02
4.120690753212796764e-02 1.783196577876660083e-01
-4.449949211411456940e-01 -7.888575990093238399e-02
4.104433670745544216e-02 -2.422735804925462144e-01
1.914787298289037931e-01 -5.496050501486515749e-02
1.648158476564672847e-01 -8.455531528376614148e-02
-1.548281410260570201e-01 -8.342685426539109272e-02
3.504451973401456755e-02 -1.493467529200209754e-03
4.720830635268158382e-02 1.678930269807362707e-01
3.887071503234940106e-02 -3.071221020360502818e-01
3.241490465644674135e-01 -6.060995017954728947e-02
6.183110081989628970e-02 1.711130655652899346e-01
-1.745247942603473934e-01 -5.774858497058965590e-02
6.100297987291047885e-02 -4.190848221001454155e-01
-3.761502865893685543e-01 -5.224332487508986933e-02
5.247666780998017089e-02 -8.058601235675744157e-02
9.650759920299956107e-02 -7.078376829178478769e-02
-2.003878989453357073e-01 -5.467086353522421227e-02
4.845837833454074151e-01 -6.478611653922061731e-02
3.344845389379980105e-02 4.363274586428013135e-01
2.188501962735545092e-02 -6.325168511769430069e-02
4.206498537818971206e-01 -7.517999314336065719e-02
3.501888359625904279e-02 1.821027373734188659e-01
1.162381193368944299e-01 -5.602297400978706321e-02
-1.629005938775774931e-01 -6.042899192734352276e-02
4.834657225784810830e-02 -2.852051311621283114e-01
6.550201612119432859e-02 -2.129903145326890179e-01
5.985066182925302680e-02 2.040130811606303274e-01
6.467742523932951126e-02 -4.232373278547147954e-01
4.377248745826158860e-01 -7.190475500540094433e-02
-3.921738699660693994e-01 -6.945359741251677654e-02
3.354344050576152370e-02 2.747649308503792298e-01
4.817770264669796187e-02 2.744136542195830808e-01
-4.413073293427771659e-03 -7.857258955992418858e-02
5.428729558844969105e-02 2.102608210286666113e-01
-4.285682979010094762e-01 -7.823694845380890772e-02
-3.271621559828837844e-01 -6.358694831932909519e-02
-1.939823551975095040e-02 -8.433796404352134068e-02
-1.421334994789440476e-01 -8.296869409981000310e-02
3.950417606497969025e-02 3.196817976148028650e-01
5.598509767355375200e-02 -2.390247242314110787e-01
-4.217903479172396830e-01 -6.621443128310522397e-02
-1.432354044699404305e-01 -6.314829721285519781e-02
4.147767533376878202e-02 1.922718106154432949e-01
3.507857813209540598e-01 -7.919802346680782090e-02
4.624124955729758124e-02 1.478606426310702382e-01
-2.309983430840382157e-01 -5.672765033217586073e-02
5.908808199297488351e-02 2.934464364562486827e-01
4.327574897173136481e-02 -1.564582410148915859e-01
-1.587933575386323293e-01 -6.341284538526081871e-02
6.496913438201190605e-02 3.686939004525766617e-01
6.310729617179544615e-02 -1.872442706489250153e-01
3.310457757562290659e-02 -9.145865138343323153e-02
4.426506742851905596e-01 -7.652394707778609195e-02
-2.225652933902434460e-01 -7.960825709677543660e-02
5.357448077942494891e-02 -1.329035559716491566e-01
4.289155748192174933e-02 -1.558391724030968595e-01
3.322340705240045544e-02 1.005436407527470211e-01
-1.509443379709540789e-02 -6.937699660804252932e-02
-1.378288445598779832e-01 -6.632593254118457349e-02
2.592478283271582029e-02 -5.713258329258819046e-02
3.571679632243718316e-02 4.141447985383978070e-01
4.141733443149026028e-01 -7.900592165887521112e-02
5.162409952439284133e-02 4.748422739648655577e-01
3.793260759071003241e-01 -6.984917383083277809e-02
4.591361104417057692e-02 -1.121074652358812207e-01
6.523749643147636057e-02 2.050785017754650497e-01
3.287017669741210124e-02 2.240823785108291277e-01
5.270326165562366771e-02 -2.262577056949489629e-01
-4.073745652228638603e-01 -4.966740148303228075e-02
1.319287904856262239e-01 -8.272800263662649645e-02
-3.700940605882240275e-01 -5.859824391753543082e-02
4.056958541879307489e-02 -1.641450111959230629e-01
5.245987020357090191e-02 -3.244040935902262612e-01
5.479766309213185416e-02 -2.315499060352789185e-01
6.410932279803560618e-02 1.970375741359032817e-01
4.794719004837956211e-01 -7.638258598109015640e-02
3.580496535511346057e-02 -2.415096502489024743e-01
-1.679543602822315407e-01 -7.020818950382234913e-02
5.657415290707967781e-02 3.811179591910988096e-01
4.297409400958107639e-02 5.677356405367084413e-02
-6.223291895605953528e-02 -8.324600945381299688e-02
6.124237550871902691e-02 -2.245876186656202700e-01
-1.479322855980613749e-01 -7.132553708770261736e-02
5.876730871674362700e-02 -1.212622093662842904e-01
3.552796902767907383e-02 2.421023824626140630e-01
5.224714457972812198e-02 3.431750573448282271e-01
8.231606884533737567e-02 -8.006428160075196310e-02
5.927633185167269225e-02 2.279513225834192136e-01
5.608387826030314383e-02 8.730730746084602867e-02
4.767270536571225348e-01 -5.468536613478802710e-02
3.900034442067035201e-02 3.797929513466807849e-01
1.889194218815066773e-01 -6.983431717318300258e-02
3.400920637419191372e-02 -1.060777804111840972e-01
2.346130305028009122e-01 -7.774384987625770904e-02
2.288343016559020171e-01 -7.780954736073986133e-02
-2.921392808591685153e-01 -6.987842420903489504e-02
-3.998186816936997179e-01 -7.629176171463536438e-02
4.623319232312008698e-01 -7.812485701207150246e-02
5.254144870656263233e-02 -2.149162115876911416e-01
3.132777236262179743e-01 -6.591910357354724415e-02
3.356834941767050662e-02 3.084343352813060379e-01
1.387547367056697345e-01 -5.180036185335923360e-02
4.034539020232708051e-02 4.854730069518138347e-01
3.196472218976825763e-01 -8.147556375349751523e-02
4.931182536599987287e-02 -2.169491474246882934e-01
-3.930683599519672056e-01 -7.138979806612177903e-02
5.265641467857851143e-02 2.947121938283587816e-01
4.703305053042838857e-02 -7.037820518515691681e-02
3.326041668701085197e-02 6.450764673088227319e-02
5.885241816739317233e-02 -9.064778736058398678e-02
-3.852326275492701235e-03 -7.984801825199683289e-02
-2.863980771771590383e-02 -8.450232785806444102e-02
-3.771021089756327882e-01 -7.988990059861111881e-02
3.921611462688445737e-02 4.809311553812274376e-01
4.743015703975950181e-02 -4.924431719711527267e-01
2.612111811176485165e-01 -6.161966370906013513e-02
5.525553537041094643e-02 -2.458292065646304758e-01
-2.368095155480076652e-02 -7.579646970126940886e-02
1.352799399126450863e-01 -6.734334857152579623e-02
3.505558600176283957e-02 -3.216918290189370033e-01
3.273361291304888177e-02 -4.153340493595458760e-02
-2.641455870212309209e-01 -6.576380612091059508e-02
5.067581442393276348e-02 -3.690353913227576443e-01
3.300686489285109548e-02 5.185537184626309859e-02
-2.362145699749519379e-01 -7.911024410145062191e-02
-1.157511017728599656e-01 -6.318651202283953605e-02
6.277238789051942103e-02 1.254938486198443615e-01
-1.858626202872670774e-02 -6.239795914399426380e-02
-3.852232725518939249e-01 -7.413615441220355873e-02
5.406069614751529695e-02 1.122316808255083842e-01
1.061627796124867684e-01 -6.649551153273947079e-02
-3.158465404638314267e-01 -5.657572633651075655e-02
3.730854385411430663e-02 -4.056849168757146185e-01
-7.456277764659302587e-02 -8.298878701512102385e-02
3.607997173400157020e-02 2.200321305121262228e-01
6.219489538341937962e-02 -4.803213638871188795e-01
4.626357632075084325e-02 -4.231645021201969614e-01
5.539847093487593188e-02 2.596600355437979069e-01
5.095811160454821742e-02 -3.160414886051041705e-01
5.409210095874605884e-02 3.296883926233618034e-01
3.428203878088472711e-01 -6.855297701841833735e-02
-4.319929719690015490e-01 -5.598885659846664087e-02
3.273836404164554015e-02 -4.171598531826570255e-02
5.220751369475407078e-02 -4.156545988395086155e-01
1.816249097449397221e-01 -7.480548896475014420e-02
-4.457515885825912294e-01 -5.753110409735318065e-02
3.659121104415588022e-01 -5.301747076440521678e-02
4.837381241739779902e-02 -4.260244404599176082e-01
3.837358168828186589e-02 8.192726952662665596e-02
4.922496098678685872e-02 3.531601138339804935e-01
1.883867733491551011e-01 -6.116984258359148274e-02
4.643487838536364265e-02 2.370670968791522837e-01
-2.182138309990780956e-01 -6.784489738906507306e-02
4.127183317856319977e-02 -8.220937467061573134e-02
4.518453045350478980e-02 2.968098141132954337e-01
4.702065286923928777e-02 7.100267681540106679e-02
5.166903472027273292e-02 2.784574745259171813e-02
6.191191692984820971e-02 2.614747181354409866e-01
-1.260324017731604407e-01 -7.820592418153149428e-02
4.962047028521798797e-02 6.632316622188483279e-02
5.084938057185484084e-02 4.199735848955395978e-01
-3.530098985352014829e-01 -7.060918775891333876e-02
-3.576735718576451450e-01 -4.909149663707079725e-02
4.727340227616383395e-02 -3.448817968415218704e-02
5.642251006229725974e-02 -1.690061020680145853e-01
3.919189755595076097e-02 2.508283194912839242e-01
-3.416035653977038677e-01 -7.435593131307316472e-02
4.010480523006063613e-01 -5.784511521236601617e-02
4.923049855044625556e-01 -7.211815682329469901e-02
3.896461913589921444e-02 -4.347018047760394799e-01
4.027862596264009110e-02 -4.782180022533076835e-01
5.950865161799168135e-02 1.417571489806188634e-01
4.745765531545942384e-01 -7.754263987712839423e-02
-9.826730299925068302e-02 -6.454924520182325764e-02
2.926468749998097918e-01 -6.488308622062910480e-02
6.981869988062516796e-02 -7.474604520389493967e-02
-1.946968912772572002e-01 -6.822275049473935926e-02
6.557811446415395817e-02 2.385586025372110619e-01
-1.306470717430914252e-01 -7.111673702620979753e-02
-3.418531802593643976e-01 -8.107336683780475006e-02
4.062022636908591000e-02 2.734293439970936213e-01
5.493718502864419762e-02 -4.172595106041909752e-02
5.926505202441223474e-02 -2.407397125384976855e-01
2.053766816302098341e-01 -7.824294577357937541e-02
5.664125352235005462e-02 3.087430643974364841e-02
-3.271147139146601823e-02 -7.575703817014545205e-02
-4.579078077454434847e-02 -8.062164418079764694e-02
6.148813376489736804e-02 4.721726516256554707e-01
-6.643249544740048584e-03 -6.729162718029368939e-02
4.396073532394184635e-02 4.949710477272823983e-01
5.160565951710649468e-02 3.543910799453046101e-01
2.364408192687388333e-01 -5.608829911161183901e-02
4.312294714643372107e-02 -3.338589905360950238e-01
3.267480237714648350e-02 2.719431054246557178e-01
5.999305320987302625e-02 -2.513375711200940277e-01
