-1.302974289816138942e-01 -3.287636812853311774e-02
4.519710861899106646e-02 -4.553369417782079376e-01
4.226150153821794930e-02 4.171438858984500841e-01
4.072278166136498179e-01 -3.612718020556615617e-02
4.477280667125493885e-02 1.376659348518272097e-01
-4.959766372910701104e-01 -4.215816035822261831e-02
2.771999051209235176e-01 -3.867071143910560949e-02
4.273251912413933429e-02 -3.619153902796858890e-01
2.137388201302757862e-01 -5.284765097343091522e-02
3.705533617242318112e-02 -1.511117456769690559e-01
4.978757698297453516e-02 -1.136108160484565754e-01
5.208672614381115729e-02 -4.739735267085490866e-01
2.620080162053719519e-01 -5.726670239723685718e-02
4.812424846286811331e-02 2.398388240124493809e-02
4.305323463240713355e-01 -3.713461174299093059e-02
4.036119094688317421e-02 -3.765441791914347913e-02
4.627426582235105723e-02 3.650378097415213352e-01
6.856256390252468691e-02 3.456696308695091924e-01
6.958519508325144987e-02 -1.091877167990017439e-01
5.857168383586219829e-02 -1.164558377473423612e-01
3.617401826173209933e-01 -4.851342928212465377e-02
-4.834802199363005260e-01 -3.455229176625618237e-02
-4.480413215737775179e-01 -4.520100162559770318e-02
-4.852045897567297539e-01 -5.556220437590886352e-02
-1.187059695312293606e-01 -2.855895942768860163e-02
4.428174535122286759e-02 -1.325309821754666606e-01
4.986094062685462180e-01 -4.394930013835507410e-02
2.292782640386277215e-01 -5.840191924811721780e-02
6.252061584490242740e-02 4.827251897430927530e-01
3.674001601428111830e-02 -3.363231530775331324e-01
-2.912386432036964123e-01 -5.959300235308051530e-02
4.234295137995103264e-02 -2.491141740658985304e-01
2.975760959509551329e-01 -2.819356984479592931e-02
4.381980601138990572e-02 -3.844566397922710710e-02
-8.771934759148269922e-02 -5.967280715640854716e-02
4.092122862119018656e-02 4.935479036158230137e-02
6.625289063164874204e-02 2.194893366477179697e-02
4.050667075745641998e-01 -3.248318130183069918e-02
-4.350249813316697800e-02 -3.699210149661413816e-02
5.380427245152707982e-02 2.026684135373413298e-02
6.884174908611073729e-02 -3.845922582443247473e-01
6.084921196852399738e-02 -3.758814286985514563e-01
5.832370006548892594e-02 -4.033265502213490006e-02
6.862869925798731341e-02 8.546436736124940481e-02
-4.892272451411593392e-01 -5.079737401619721648e-02
4.763953072179627490e-02 -1.636440641208780633e-02
4.843504739391446545e-02 2.102243508176261377e-01
3.687874542864200134e-02 4.624500706540224382e-01
-3.161779529469226357e-01 -4.169679090530586940e-02
5.520591557961929130e-02 1.173697046079088535e-01
3.679718246371566082e-02 9.566242832153060149e-02
-3.881044958180588367e-01 -4.967435024938504640e-02
-2.869700465793866284e-01 -2.776659700190409197e-02
4.254034147977114877e-02 4.305485577251351170e-01
-3.245166289296320672e-01 -5.671737919175701137e-02
5.917034810774868259e-02 -4.134270065020195783e-02
3.977269235799363312e-02 2.136719794022658991e-01
2.564009830471407625e-01 -5.036334124531449685e-02
6.159537448424545758e-02 4.131844080228144200e-01
-9.932180144982394321e-02 -4.328024259694585041e-02
1.562182047619520286e-02 -5.673263706223286018e-02
-1.069144774963393107e-01 -4.570880560573165052e-02
4.288421041434542502e-02 -2.363248562348841952e-01
3.904204164297119251e-01 -3.857163830848220343e-02
-4.657697802640284879e-01 -3.080826998719343734e-02
2.603874380411164147e-01 -5.074982711049247364e-02
5.387882373330687980e-02 1.607817166428958666e-01
5.878671943124602617e-02 -1.071027740260575012e-01
6.572844494807250637e-02 1.436112047157693805e-01
-3.571479274792527248e-01 -4.881058954677253148e-02
-4.585070731541884825e-02 -5.444978924076293580e-02
3.952895504476439115e-02 3.667372771300527745e-01
3.954822436028704313e-02 -1.101411699104402064e-01
4.110671694003883436e-01 -4.398998716455460034e-02
6.105292223897296200e-02 -4.283418703948040918e-01
-4.928914404903536051e-01 -3.556444154092397447e-02
-3.164565512450212559e-02 -3.676370441203236084e-02
6.276197832395791210e-02 -2.785016860412437012e-03
6.362395030852363575e-02 -4.493877250491323805e-01
-3.612727711733672020e-01 -4.153498820681189585e-02
5.924483373339350933e-02 -4.567074166789887313e-01
-3.471008449587908995e-02 -4.956280361213638574e-02
5.207173731556768992e-02 -2.102217133688355499e-02
-1.833702161341898007e-01 -6.028033555280354339e-02
6.141518610389740118e-02 1.585530822732684753e-01
-8.871542866324133580e-02 -2.770655465542903872e-02
4.607179113464954234e-02 -2.980461318382234825e-01
9.829044790339136473e-02 -3.470983519870796119e-02
4.858374804536758074e-02 1.481614408853940690e-01
5.960861091943081558e-02 -2.480162879047035362e-01
-2.685265736921249591e-02 -3.157015335238133602e-02
3.466258243328429467e-01 -5.609919115698036585e-02
1.557823577238713897e-01 -3.101562079588904286e-02
5.234573399060571397e-02 2.451758141422992754e-01
-3.319570183781485051e-01 -3.259974756411365693e-02
4.868431624779512301e-02 6.653881358051061401e-02
-2.435487375997145154e-01 -5.603390416226161630e-02
4.066541457767758327e-02 2.798188361829769821e-01
6.595105802382161819e-02 -4.421752112066110740e-01
4.607795439874207144e-02 -3.180930656878059315e-01
-3.405428194494009020e-01 -4.946481533471136505e-02
-6.577218648787841460e-02 -2.885055116196399982e-02
6.324632392114837298e-02 -2.358707214733913871e-01
3.881056606149781985e-01 -4.611253097366319054e-02
2.001850577414019394e-01 -4.894526573980417794e-02
2.523274050150184911e-01 -5.769355169217227353e-02
3.228812944926129358e-02 -5.050090449960908945e-02
5.708705739227049047e-02 -1.815580677230114182e-01
4.734871271603197096e-01 -3.215855003201240070e-02
-4.088929608519131786e-02 -5.919568107514616706e-02
-9.900558681337268130e-02 -4.107349722515729606e-02
2.727062653109224577e-02 -3.305408319574743015e-02
6.648751699859289932e-02 -3.707150828968674983e-02
6.622225544766591199e-02 -3.768805516705442393e-02
-4.223754490549740392e-01 -4.540747110016707389e-02
3.309292370754850499e-01 -4.899396436228176110e-02
6.354605817721803440e-02 -4.125989672174087408e-01
5.314485216792863564e-02 -4.062813107742446750e-01
-1.174307650186467988e-02 -5.338436856753103754e-02
6.186797273794875096e-02 2.498542379197300489e-01
4.482823151264292427e-02 -1.457430631451370751e-01
-2.554979217452413298e-01 -3.735853931261201577e-02
6.613854898745796795e-02 1.891661945859891558e-01
5.515577770521740142e-02 -6.705346448107163404e-02
-3.291980671709758832e-01 -4.222233482294923679e-02
4.602335109678545866e-01 -4.210538712873712619e-02
5.292849624064499547e-02 6.073855816563311638e-02
4.751626093371185133e-01 -6.041854883839070656e-02
2.441399763137523937e-01 -5.302003881427996834e-02
6.417984691066513925e-02 3.395188446256822701e-01
5.246966648903450547e-02 -4.414548776898106208e-01
4.539477425238636066e-02 -2.730443210824002875e-01
5.288988913551018189e-02 3.406931781022626282e-02
5.761498141852128274e-02 1.405331434831895709e-01
6.094396295036230704e-02 2.330793411875240473e-01
2.730649846273320858e-01 -3.620266229709101502e-02
6.256568142419194345e-02 -9.002435877278114340e-02
-3.068269214440776382e-01 -2.849919517786780876e-02
-3.801002014329407652e-01 -4.856382167843176223e-02
-4.270945394946557006e-02 -4.584159313760349796e-02
3.978887142499987206e-02 -1.340331750017891288e-01
-3.517925197699337536e-01 -4.351290231097948435e-02
3.942070229295047135e-02 -4.371230395943079827e-01
4.214040457639820492e-01 -5.781974237975440190e-02
4.019593823746858696e-02 -1.693348453282567112e-01
-4.519795232328476242e-01 -2.768488376720301680e-02
-1.790235981359070694e-01 -4.423352398154800635e-02
4.114523091294308710e-02 -4.265422968631631395e-01
4.326069719639225042e-02 -3.343944081032773630e-01
6.367250421622028256e-02 -1.846079392604532687e-01
4.914137654204020489e-02 -1.830281016985140230e-01
6.097547905758160525e-02 5.254260796083010110e-02
6.925832058297121119e-02 -1.606618052025506893e-01
2.524664713866195953e-01 -2.939610503330714053e-02
-3.483177076474238687e-01 -2.914099324734209517e-02
6.335259764337819455e-02 -4.390648618682942983e-01
5.098480340325217686e-02 4.153233201162130905e-01
4.901462666762801401e-02 -4.358394243692382819e-01
5.269416339627008838e-02 2.506253266294994342e-01
6.361911917315477005e-02 1.441062827469107299e-01
6.446927757826581562e-02 1.271723151453003631e-01
2.417481085738836244e-01 -4.939315631685314845e-02
2.356093858005195996e-01 -3.333049602857418581e-02
-2.875311464723476762e-01 -5.722184717021205902e-02
-4.660086295535936785e-02 -5.912384803835046831e-02
5.012419234673415325e-02 6.597978216698829890e-03
3.736519655906933579e-02 -3.916727078760363634e-01
3.770931709978342372e-02 4.996811936169814894e-01
4.548999042921497704e-03 -4.919955338622716834e-02
5.574584707800545047e-02 3.963714995114037132e-01
-3.952760187151749260e-01 -3.768046134106928235e-02
5.590321159435174270e-02 1.237429699451160214e-01
4.028898330480334966e-02 -3.359859173528125798e-01
-3.970601342894763963e-02 -4.811060410731393677e-02
-2.381280116384260070e-01 -4.967271259963146335e-02
4.608782964479095634e-01 -3.143477467661315305e-02
4.322111690353902524e-02 2.370958993356395705e-01
4.424569552396195871e-02 3.281632010955151113e-01
5.199088707360088879e-02 -4.395901095952348125e-01
1.521103039164539705e-02 -5.598606543184903028e-02
3.075278293133770768e-01 -2.801806554536223626e-02
4.136314631776805140e-02 3.050170435240625588e-01
5.982210714240576710e-02 3.196062647020806446e-01
4.591458861550223869e-02 -2.137321222828132417e-01
5.839255866560055797e-02 -2.405237361738588042e-03
-5.844321840290334080e-02 -2.918297066729413913e-02
-1.985641123001863351e-01 -4.054636577330739122e-02
5.026851408950949729e-02 -1.067887102825296752e-01
2.244648259473827068e-01 -3.353452016173696926e-02
5.366698821749704695e-02 -3.863846963233624754e-01
-4.263272602355938634e-02 -2.973278824547553878e-02
4.719101929563263020e-02 3.445250128296517556e-02
5.913273456117129623e-02 -4.746793736039321976e-01
-2.613110943517330531e-01 -4.586177654945100546e-02
6.335061086923221563e-02 -6.874679131011152133e-02
4.157167196558575473e-02 -2.077536714667700402e-01
5.607003829515144755e-02 -1.894879919956427017e-01
6.719605040877196789e-02 2.122796043419729051e-01
5.153024791789140302e-02 -3.938071125381245041e-01
3.015129383698291754e-01 -4.845161470900494205e-02
5.613971885973234599e-02 -3.588789612794153205e-01
6.195539966438246005e-02 1.585279313051359829e-01
5.718518519135296074e-02 -1.618707044685840923e-02
1.373224753121731201e-01 -2.980040213762580326e-02
-2.340900376747137024e-01 -4.383261734942345278e-02
-4.923011197477307199e-01 -3.976074793115158545e-02
-2.578008511352237742e-01 -3.676840536914871560e-02
4.528097527641558040e-01 -5.024880299008405160e-02
6.624454531021262138e-02 5.641114454167861503e-02
5.771490028286885288e-02 4.987664329272605279e-01
-3.673198824698018505e-01 -2.973543188456739816e-02
-2.375335161284198859e-01 -4.739620823743995182e-02
1.213341862100044688e-01 -3.476033389013599706e-02
-4.395435661292702578e-01 -4.835611080495727521e-02
6.011561274071763883e-02 -2.601565350146598510e-01
6.331833967087419079e-02 3.821898946904034311e-01
2.336773846147724987e-01 -5.954011296616557036e-02
4.171920603215373280e-02 3.879640696482608009e-01
3.628247975256378988e-01 -4.432548103813771512e-02
6.582866029128353613e-02 -2.333991709154676908e-01
7.649397271658553432e-02 -5.339506205088484503e-02
-3.066589779331376775e-01 -4.563380339763889459e-02
5.409618443576791336e-02 -1.520126981694779333e-01
5.368121862646391129e-02 4.360601867201769899e-01
4.244137527568032642e-01 -4.613625184612746288e-02
3.932990729687801945e-02 4.802605489991033094e-01
3.470874572956766935e-01 -5.825924606750387813e-02
4.747277253092008209e-02 -3.885261254732531588e-01
4.243702488285983065e-02 -2.538479311526868898e-01
-1.562500359991426668e-01 -5.865625209292024689e-02
5.881526455520980079e-02 -1.558260613448195775e-01
-2.878096483237686520e-01 -3.956226345559166191e-02
-3.629886857968165348e-01 -5.428669275929332017e-02
4.707481784108957790e-02 6.670773910604554935e-02
-4.337419315221840987e-01 -4.684828346923186615e-02
4.596613197127719097e-02 -2.686390987270544928e-01
6.254113976410369258e-02 3.293488296943207772e-01
6.702800861362590013e-02 4.843521415778024863e-01
1.908801593792153195e-02 -5.382947999397846850e-02
-2.495630246983258083e-01 -5.771477376762845779e-02
5.768225689743433637e-02 8.589833212106134930e-02
-1.397278319969702531e-01 -3.555608950921440581e-02
-2.112341252449585483e-01 -6.022902321918333080e-02
2.685059100319594494e-01 -3.912358461998610704e-02
5.870433304743183367e-02 -1.763106192893919566e-01
6.817057629815914677e-02 7.544851355170656415e-02
6.686123500535656738e-02 2.119873315179233719e-01
-1.869712309121478455e-01 -3.214428366418009553e-02
6.156624892663209447e-02 4.084457453048983000e-01
4.595172480033982154e-02 -7.447355711782521759e-02
6.184871084984344680e-02 -4.048733436348368464e-01
5.142603488887276253e-02 1.683425439939056911e-02
-2.931558657069255336e-02 -4.591613324805743357e-02
4.027223150658254536e-02 -2.883681139812203087e-01
5.547878731814714914e-02 2.299771775436865173e-01
3.958648874159020892e-02 -1.852930986093754839e-01
3.636952797367765111e-02 -3.477940846894558291e-01
3.566725595643825963e-01 -4.556652011700657035e-02
2.169182168453441806e-01 -5.139554881516239515e-02
1.735070756038548101e-02 -5.893454337718273539e-02
6.339846658528514034e-02 -2.782123305469963448e-01
-1.325236996181246019e-01 -4.487549708643145951e-02
-4.640014581988872733e-01 -5.349770264748909820e-02
3.661524927008197317e-02 1.674802460806071869e-01
4.764302253031406087e-01 -3.098782252225806833e-02
5.349204510499994125e-02 -4.732169250909282754e-01
4.969509539486693939e-02 3.633368738212461313e-02
4.407679046018331270e-02 4.278984018271915213e-01
3.563625310380968969e-02 -4.147641121457878999e-02
4.784377701848274711e-02 -4.344625054421136223e-01
-8.902502599168382602e-02 -3.050796169528990909e-02
3.632117721901473306e-02 3.049190426031327394e-01
4.906259991346273441e-02 -3.190355005091329854e-01
-3.058431412901472246e-01 -5.800293167784087434e-02
5.582973076593855666e-02 -2.594800299007290478e-01
5.509462522535846229e-02 -1.909681798727350666e-01
5.388405335091250858e-02 3.180833919816465905e-01
-8.028024443376835517e-02 -5.312878406245169494e-02
5.473891793395802008e-02 -7.758796366341169648e-02
6.396504197120189694e-02 -1.162542236968192588e-01
4.408751044479197745e-02 1.045747532811301950e-01
4.596790325025801316e-02 2.812230663393918695e-01
5.251991556910418080e-02 3.971877277773648851e-01
6.772162565180639415e-02 -4.678697736933667972e-02
1.471890273560797491e-01 -4.128178421136907694e-02
5.431761730261241983e-02 -2.051682036955183586e-01
6.740973105377945362e-02 -2.424504465155818966e-02
6.461524705294729998e-02 4.780519625406426387e-01
4.021245722587019067e-02 -4.322541274739641892e-01
5.907798529054586467e-02 4.619185457272847461e-01
4.012179610687405251e-02 2.326952921783123074e-01
5.115993088064552108e-02 -2.989925156522088567e-01
2.318466158895532425e-01 -4.415036987262221935e-02
2.104697114941803671e-01 -3.390151982168720934e-02
-2.074890473451721506e-01 -5.363480195775716108e-02
1.126433185323189035e-01 -4.428281301825298666e-02
6.063203353711199561e-02 9.728656193037110711e-02
2.460755759779785778e-01 -4.179582244431445659e-02
5.628050220365188316e-02 1.148453393274558865e-01
1.913742672926723731e-01 -4.661895434113294545e-02
-3.033990036345168839e-02 -3.085347857796005844e-02
1.017954622787509145e-02 -3.731688151576662005e-02
-9.518613143479293104e-02 -4.406612644796614742e-02
5.946743239458196495e-02 1.068005241671303729e-01
4.520619410210890976e-02 -3.892909992160606958e-01
6.038342759910375612e-02 -4.031038473371872932e-01
4.933420021566377045e-01 -5.337655736369761872e-02
5.630286748818891240e-02 -4.323526425946195850e-01
-9.537711471629783944e-02 -4.557686305945696237e-02
6.190762595514720523e-02 4.169256290144276456e-01
6.099140384140977478e-02 -4.139985259303419207e-01
5.025424968236569256e-02 -2.241590522053720225e-01
-1.229125563069237703e-01 -2.953654849862585863e-02
5.365532773593795213e-02 -2.839596094472943699e-01
5.539603333945597452e-02 3.962666048490665061e-01
5.829434362932228719e-02 -4.418327668813293307e-02
3.571202616605828606e-02 -3.888378786955082322e-02
-2.688992062975160691e-01 -3.070323552288445335e-02
-3.402639071042337093e-01 -3.080859328483265269e-02
7.100741990051062658e-03 -3.301864337395465920e-02
