4.274664606652212040e-02 -3.578510817587476911e-02
5.614121161923923964e-02 2.398558155156522709e-01
2.808877125866149349e-02 1.367893196493398245e-01
5.460146504296847780e-02 -3.592714408068224952e-01
1.399427238097509241e-01 -1.227077095853263966e-01
-8.705405888873440912e-02 -1.343664433307139028e-01
-2.450352204536057066e-01 -1.246368595686409009e-01
2.836773000259307231e-02 -2.058767648447128451e-01
4.346779298215578402e-01 -1.426057567157459349e-01
3.567321650621527729e-01 -1.093781558381921037e-01
-3.247102957512025823e-01 -1.071266780378482553e-01
-3.937948379229578855e-01 -1.183401938601212899e-01
3.283243580025885233e-01 -1.376206321198468752e-01
2.688440165461636333e-02 -4.486491519151859508e-01
-4.527764550747866990e-01 -1.134200124021147449e-01
3.276802793790389856e-02 -5.468530286519401873e-02
-1.152484766105862368e-01 -1.115237059972360445e-01
3.901373605638225328e-02 3.321767824192413121e-01
5.032973014525821132e-02 -2.109267989590823955e-02
3.575134105120403305e-02 2.430936556800357140e-01
3.200728612996817102e-02 9.994761281709796386e-02
-2.344941773790187867e-02 -1.157301765690483819e-01
-2.043634613752216556e-01 -1.238472787519689922e-01
2.975525043558258087e-02 -7.601960293893150755e-03
-4.070217800847442113e-02 -1.204081452375193040e-01
1.320328104137110659e-01 -1.016993496182690970e-01
4.435598740436286214e-02 2.783727358469300084e-01
-5.855390444184915832e-02 -1.378056341718219002e-01
3.467053185358128786e-01 -9.665710796895943258e-02
2.493613086726342853e-02 3.941683314025298257e-01
4.661589070547167424e-02 2.932835627868759509e-01
-1.934533645552597436e-01 -1.207217879209977474e-01
5.406578954331231479e-02 -2.633289839119004050e-01
4.916290060330020806e-01 -1.093265651386107207e-01
-2.462554192985511037e-01 -1.090343025105607877e-01
-4.031609518035637052e-01 -1.266760978457298625e-01
-2.687373737759534142e-01 -1.080767407369438438e-01
-3.867011463709173480e-01 -1.087080916793472518e-01
9.263633799112325207e-02 -1.388353622849024527e-01
4.574673242560951536e-01 -1.286236291774139895e-01
3.057704309939618392e-01 -1.245068998442165897e-01
4.467656356152733821e-01 -9.977579479554388175e-02
-2.084391697384715414e-01 -1.301305565382472329e-01
3.525234178991021317e-02 5.567892031601751057e-02
5.030403330447852372e-02 -4.195549123599289221e-01
-2.151002966116410953e-01 -1.106306843645511462e-01
3.780154748690911504e-02 -1.434802811053124127e-01
-1.079725431285271098e-01 -1.015639017061251703e-01
4.432046415101131842e-02 2.163338774109776486e-01
2.478399284534560376e-02 -4.173876857588221245e-01
-1.485203841777420486e-01 -1.176677313419915993e-01
8.135973492134718210e-02 -1.269875828821237507e-01
3.299412345951047154e-02 -4.539965245788167847e-01
-1.041734883946866530e-01 -1.384660266518707994e-01
3.688457522659871479e-02 -2.404150080629579023e-01
-3.850120847050177986e-01 -1.277208919514570828e-01
-1.287966985398184550e-01 -1.028559183792772114e-01
-4.917355057852736966e-01 -1.170879984375812199e-01
2.655714088180183285e-02 -4.798652230617924674e-01
2.539487083652032240e-01 -1.193475112289796858e-01
4.943007563796326664e-01 -1.252345421426609429e-01
3.299195710689772909e-02 3.019660521966062161e-01
3.081272338131990640e-02 1.593830568808541903e-01
4.984905456771493437e-02 -6.250310544455106587e-02
2.651476350812531635e-02 1.037211630277458108e-01
2.278649648989888865e-01 -1.190307006608811724e-01
9.863290501759525153e-02 -1.224598785908425080e-01
-2.501644193746744849e-01 -1.105886717002955155e-01
-2.674401051348873626e-01 -1.156733880839161399e-01
-1.222525952878726896e-01 -1.223308739579584969e-01
1.157769223837031847e-01 -1.099822504139853496e-01
5.535000089775554688e-02 5.488331197717100096e-02
2.408424182104584865e-02 6.015197781224579376e-02
4.338070966410056961e-02 3.909062218024283997e-01
4.011209083356953586e-01 -1.240639290280480811e-01
3.167138708997208063e-02 2.454989544694170522e-01
3.891352492658017859e-02 -4.950772416271744802e-01
9.146280708064669085e-03 -1.273976642325069797e-01
5.302683740816360736e-02 -3.337460864401682326e-01
5.519438021700195929e-02 -1.946428762730385564e-01
-1.727422432869933910e-01 -1.021791646538905418e-01
3.250657953191482541e-01 -1.151099994724850140e-01
-3.728458138050739779e-01 -1.156349660407789415e-01
5.241678301917163108e-02 2.266961042601460807e-01
3.022000286784276568e-02 2.340086987070144620e-02
-1.457712015420764562e-01 -1.405123875723695015e-01
4.571154520421583101e-02 5.480859368733326242e-03
4.451828942344437934e-02 -4.868765346449875908e-01
2.239603472910185467e-01 -9.639520657957156846e-02
-2.130641530162651343e-01 -1.056514435433467680e-01
2.856287459242212723e-02 -4.445336678301959887e-01
2.973708248712314539e-02 -1.203174323761802000e-01
4.658201306820167753e-01 -1.180546589973771043e-01
3.199614288046048749e-02 1.928175240387061118e-01
5.456041918806298074e-02 -2.111787472997397330e-01
4.091682363437221248e-02 -3.620911232110867184e-01
-3.503472280926314131e-01 -1.149242571361653864e-01
3.591643864344851167e-02 -1.076133166506307859e-01
4.594275068674570361e-01 -1.228473211871546900e-01
2.857920376929614648e-01 -1.331840857021218127e-01
3.165924518942864196e-02 -4.641593604494204106e-01
4.174175134408426580e-01 -1.320036078843449534e-01
4.624978392682580486e-01 -1.276534903626029838e-01
-3.959708198718936423e-02 -1.324306101685570614e-01
2.851882539012363660e-01 -1.050232815741862780e-01
4.492017768377154496e-02 -3.867302208157452625e-02
-1.806973339071583640e-01 -1.005278147831604185e-01
-4.945648802830256985e-01 -1.229630454533559014e-01
4.756850486235653097e-02 4.741779070914655669e-01
3.954256050383064824e-01 -1.158283254586662814e-01
-4.813782935537376240e-01 -1.116653556913728140e-01
3.669061961159914009e-02 -3.738780482438788244e-01
3.169090139324914901e-02 2.141932649595545968e-01
4.276204219238366466e-02 -2.146785724894940683e-01
3.420026903971917775e-02 1.068817787034336275e-01
4.074899625754246912e-02 1.680459752703166165e-01
3.130346490447533103e-02 -3.172981592478425483e-01
2.728449819224016970e-01 -1.348151558954217011e-01
4.890287668294635015e-02 3.666400506080447208e-01
-1.612189746521034417e-01 -1.372078789885065042e-01
3.918970429095750552e-01 -1.146762105820980926e-01
-4.786623729148213879e-01 -1.369585590544029063e-01
-8.284488883274609972e-02 -1.135108061003472502e-01
3.381597675723013730e-02 -1.715957726479514500e-01
1.021667478360397396e-01 -1.232103275062671477e-01
-2.971969495912583081e-01 -1.400575508834652760e-01
-4.034754355092923239e-01 -1.146782121988469960e-01
4.135636300362821594e-02 -2.906537980065598825e-01
-4.885212132242866545e-01 -1.360800482012948232e-01
4.185432153804269362e-02 4.420831863354539593e-01
2.618120320760108921e-02 -1.956876085266723297e-02
-4.966665740542292040e-01 -1.160227377469734700e-01
-1.003322884074597798e-01 -1.035863604753765044e-01
-3.568509939779207496e-02 -1.015281607890984317e-01
4.638992255791862807e-02 -3.722253203750832684e-01
2.261875260514842889e-01 -1.373303690333229632e-01
2.671976893143124254e-02 -1.544225871854423282e-01
3.524163315325046231e-02 3.042098888675603963e-02
5.069988073368347781e-02 1.482036994008695263e-02
5.168126205915724025e-02 4.427829276095682776e-01
4.601584204477372486e-01 -1.313633132459143260e-01
1.813534959966339732e-01 -1.406609897113242358e-01
2.433331037095876059e-02 -3.714964278593481106e-01
-1.118723847731843968e-01 -1.412510571718000874e-01
-1.135798001569278126e-01 -1.032140225731007499e-01
5.146328136268385478e-02 3.759218499974049665e-01
3.535517561667522735e-02 -3.300686488920246964e-01
3.961461586281112002e-02 -2.270727271791531665e-01
5.518797527799546021e-02 1.797145506944290982e-01
2.426845363266716404e-02 -3.204192898727498129e-01
3.314726745674190234e-02 -4.728879246082161592e-01
3.109899180161279642e-02 -4.431423925736824865e-01
-1.644438055531083354e-02 -1.292748688382848732e-01
3.676151600271904130e-02 -1.805573973858906056e-01
-1.839768792886926629e-01 -1.330833053386015763e-01
-4.215936396307795597e-01 -1.191877702651704674e-01
2.622364485841677251e-01 -1.323763985913702923e-01
3.075648999905392644e-01 -1.346865273045876332e-01
3.249258129962029340e-02 -6.420555942792260939e-02
3.983078727371770489e-01 -1.014481720004603016e-01
5.601514707917620850e-02 6.773990568897514386e-02
3.255250534449660726e-02 1.587243766992726401e-01
3.945927030091379573e-01 -1.317627473996622056e-01
-1.578450755767909497e-01 -1.224282978822726076e-01
3.117695107741613736e-02 5.611859836018084913e-02
2.397087692636558076e-01 -1.257773278481343349e-01
1.157576266454092284e-01 -1.066491113587365591e-01
5.383084972977791871e-02 1.302893911589220188e-01
2.483674357159837420e-02 -3.922203894968272486e-01
4.059130742262473390e-02 3.421659888940032923e-01
1.522260217500045476e-01 -9.713160167408607659e-02
-2.960077143812979150e-01 -1.127362039142953964e-01
3.982243191798728876e-02 1.133102058165016413e-01
1.084566772990145367e-01 -1.172586319167139290e-01
4.969459495686778805e-02 -4.178544020257867198e-01
3.162865105506285079e-02 2.955359479055619243e-01
1.555549122312149812e-02 -1.110537218433165219e-01
3.680285192014571827e-01 -1.134389559665998082e-01
3.125263689232116171e-02 2.306457520923287374e-01
4.795695262159949124e-02 4.690224320478995068e-01
-4.096620679586983060e-01 -1.195169285486527011e-01
-1.211032837335873635e-01 -9.768639088657993241e-02
-5.454348973520006805e-02 -1.376514485893695072e-01
5.182149383621126315e-02 1.455272326989237586e-01
4.346699293982181356e-02 1.743885852966498007e-01
3.807564767253313054e-02 -3.393000928355190959e-01
2.473121766883003003e-01 -1.085503320540182060e-01
-1.175270592619600540e-01 -1.044269702503599628e-01
-2.259758727653897736e-01 -1.327054742285477262e-01
-3.479444148037245110e-01 -1.080174070785513418e-01
2.470303224607894865e-02 5.007984847037239007e-03
3.083306707582733619e-02 1.081203948591619168e-01
-4.959341438980225947e-01 -1.085904714833062501e-01
4.034121782549893176e-02 1.342555273687027206e-01
4.530189809998033112e-01 -1.410493449659211418e-01
2.402665427414918398e-02 4.045039196588062769e-01
-2.160546375272081043e-01 -1.288661058977541574e-01
2.549204829256102034e-01 -1.129942592943455892e-01
4.802836838986923595e-02 1.586164022061837819e-01
-3.576584441464081277e-01 -1.005552272395251467e-01
-4.152487681973759948e-01 -9.967098600269408415e-02
3.793553667737137314e-02 2.626466853585396333e-02
-8.631635431294870653e-02 -1.205009408166791696e-01
3.002140307740230885e-02 2.010559540909151455e-02
2.534654177559525490e-02 -4.119096382465623485e-01
3.114024981314089668e-02 9.719153610664443832e-03
4.236589047671200925e-01 -1.031202576072406396e-01
-2.993098645286420556e-01 -9.638837323147653180e-02
3.772621554283560608e-01 -1.231182323595392258e-01
2.144964407507987669e-02 -1.152899469668089427e-01
5.198116509656980355e-02 4.796141612570430368e-01
3.538152520531223644e-02 7.838362482984795321e-02
3.509044543349166823e-01 -1.310666930723634049e-01
4.977718181885948390e-02 4.885626702403893518e-01
3.201963876961204658e-01 -1.361017838620175446e-01
-3.150286704500564472e-01 -1.071511496213544135e-01
3.374077962550448007e-02 4.270997738155435375e-02
4.464056887108103222e-02 2.128840587667334416e-01
2.618242666167424071e-01 -1.217738497294301725e-01
1.951247444679028442e-01 -1.054872237292905357e-01
-5.638920375499867355e-02 -1.293071605453017803e-01
3.519434948088184800e-02 -2.811803901317222465e-02
-1.544189801912398963e-02 -1.079772915640399011e-01
3.264694883913121792e-02 2.274664617039838799e-01
-4.360923813506556446e-01 -1.245081158950702704e-01
3.490736771768432334e-02 4.048075956437916512e-01
9.416869722319254343e-03 -1.107352098483825875e-01
3.436252573904430285e-02 -2.509902501754457393e-01
4.268874114271291598e-01 -1.038030666677925984e-01
2.813724015048768567e-02 -4.018445998798879648e-01
5.484767591030215161e-02 -1.859922639772412234e-01
-3.693855775764637306e-01 -1.280423532344543425e-01
2.237850573492390360e-01 -1.239368429260183646e-01
-2.637435792917061095e-01 -1.117562284053433830e-01
3.886583746770932990e-02 7.604989246871252107e-03
-1.723483543637035487e-01 -1.067696256290979751e-01
8.114442745715366723e-02 -1.405127393073271058e-01
-8.110295887843799179e-02 -1.355284397246090400e-01
-1.048480435992193982e-02 -1.062637198147681206e-01
2.888515446425143907e-02 3.118712585930093484e-01
3.524933090516313428e-02 4.877481737592525013e-01
5.224620241175725877e-02 2.802425575855765905e-01
-1.205214114373409640e-02 -1.240303755706094746e-01
3.281779525028664102e-01 -1.196498140183247516e-01
3.684856451821505452e-02 -4.490584502050934956e-01
3.194530716808726689e-01 -1.132945493265925530e-01
1.604572923224545367e-01 -1.325036693317073189e-01
4.590492010547320145e-02 -8.664129127679054410e-02
4.529521145770303292e-01 -9.676584489532780164e-02
4.815094538397746149e-02 1.433077621536507085e-01
3.084549153456694892e-02 -2.563402830759848872e-01
3.113192398343392897e-01 -1.275182805057186730e-01
-4.099419213671808837e-01 -1.298297887564532349e-01
-2.369135474162368249e-01 -9.657899401578684540e-02
5.136320388104165247e-02 -3.471577152513964926e-01
4.640575635229071683e-02 3.939694779683966530e-02
-3.025980124913634217e-01 -1.170104583435820356e-01
2.726678933119885961e-02 -9.742426086477284919e-02
4.534894281102019864e-02 -1.382196907135195829e-01
5.394922171007898726e-02 -1.784880962785240222e-02
4.573761120560992932e-02 1.307751866177798705e-01
-1.445343456626474454e-01 -1.273765128187428486e-01
2.872524623186223369e-02 -4.083422851759997974e-01
-3.187120890240158211e-01 -1.060664562213660123e-01
-3.774889304934869738e-02 -1.388013536670325010e-01
3.544584151163294727e-01 -1.260010753183914423e-01
-4.044628543004540333e-01 -1.176292441182282822e-01
4.256725994858012729e-02 4.488943696961518182e-01
-1.415650539182136125e-01 -1.354433989594666654e-01
2.667146750230375840e-02 -9.229879520384010050e-03
4.430093764913445309e-02 -4.191376796430706930e-01
4.706606781983491139e-02 -4.463690029645174251e-01
2.747910324445101971e-02 4.322461105873967036e-01
9.507778965502955426e-02 -9.944253963319493739e-02
4.710217588346776729e-02 1.864061963922243326e-01
3.254188488202869323e-02 -6.655440285059666117e-02
3.263475039860763705e-02 -4.883773983787933481e-01
4.728703936839806499e-02 3.767095564025260135e-01
4.472915848619263279e-02 -4.432852918176851675e-01
-4.388504260232195531e-01 -1.083755721442806186e-01
-1.378357514939112516e-01 -1.401002757765170692e-01
3.751723990983184542e-01 -1.316605182675049113e-01
1.592943465859983920e-01 -1.285581184650889108e-01
3.187587410561980583e-01 -1.404466187164071789e-01
5.435047601009712626e-02 6.895520000336385902e-02
8.763223221418736664e-02 -1.219039715651334399e-01
4.918392107627316268e-01 -1.060982541881240193e-01
-3.189156514962202538e-01 -1.197200567533992510e-01
-1.391475915054859458e-01 -1.163275625995467966e-01
5.046415273312387928e-02 2.167317194629888588e-01
-8.071223434915786310e-02 -1.385707886766927022e-01
1.657582824313358349e-01 -1.416169433592375793e-01
-1.529293006367099528e-01 -1.107789648885849632e-01
-4.863562157547153264e-01 -1.245846027272828893e-01
1.817712788073205799e-01 -1.387703268356403896e-01
4.071497193067619147e-02 4.929154530915056398e-01
3.988959324733698519e-02 3.928890387921410987e-01
4.859893705104556538e-02 1.973527647566302168e-01
3.121043483292373910e-02 -4.919733269716153323e-01
4.796195825177151928e-02 -2.691140246155920845e-01
4.967791558954545161e-01 -1.223146260966907484e-01
2.132087386933256834e-01 -1.058022447962351231e-01
-3.160702035948292909e-02 -1.290149929011464858e-01
3.811005807714068494e-01 -1.375540344894914391e-01
5.615575583668985793e-02 2.808306857454525574e-01
-2.903089534639242686e-01 -1.001926199206669699e-01
5.400625288581750727e-02 3.297018920145868837e-01
-4.499810295619053324e-01 -1.368363820391680363e-01
-3.173827813810985443e-01 -1.363493445278581850e-01
-4.160530641718964695e-01 -1.365019469896449067e-01
3.506630032552771059e-02 4.777804544893440308e-01
4.123807540450696862e-02 5.664563226685570552e-02
2.505413454262961359e-02 3.611288931731743146e-01
-2.495677914829739219e-01 -1.203762491089751530e-01
5.526268705874881615e-02 -2.002958347907312087e-01
-1.629307829626076565e-01 -1.150658607713787029e-01
2.942099008949519146e-01 -1.095813706402848364e-01
5.025126718068939624e-02 3.622548129065636946e-01
-4.128244957955761185e-01 -1.175071897298251011e-01
4.365578691767064701e-01 -9.693560991375238522e-02
-1.818090706590407279e-01 -1.095292191442863716e-01
-3.902521274635553095e-01 -1.143696439397217102e-01
2.264630495072386118e-01 -1.119523241799573743e-01
4.002374711446854416e-02 -1.213479833656117002e-02
-9.111796382798387217e-02 -1.294989325532682756e-01
4.459859670072652271e-02 -3.155845969147266228e-01
3.468278271392906120e-01 -1.107288087442569458e-01
4.609428146934324566e-02 -2.510776538082593046e-01
4.619055651147080388e-01 -1.356470267947353925e-01
4.580740031218449859e-01 -1.384751576739087220e-01
2.329372827323947792e-01 -1.263081084086689065e-01
2.806535963329656047e-01 -1.211528508986895458e-01
4.816866490095957909e-01 -1.087463264447395828e-01
1.641275160996643612e-01 -1.064945249821996898e-01
2.881763884971955125e-02 2.931050021830940988e-01
4.792557716070700025e-02 -3.328948213236778697e-01
-1.938101436442299930e-01 -1.423781472330657438e-01
3.818799398435734904e-02 4.919270342779941130e-01
2.400073711410621868e-02 4.967455704486922752e-02
4.662724737286494392e-02 -3.921275471310350369e-01
4.010641746447427547e-01 -1.379585297089674922e-01
-2.719930955127934924e-01 -1.260009593058085686e-01
2.158521685085568187e-01 -1.068095380582468890e-01
2.948628942033393319e-02 -4.609931087474972156e-01
3.841082028144213734e-01 -1.049594546012638796e-01
2.610867711659226043e-02 3.926523157987154011e-01
4.328264976012730081e-02 4.989440583201169011e-01
4.242360034263570334e-02 1.708517553420202395e-01
