-1.922424899443354596e-01 1.042130353895717176e-01
6.809764753819813610e-02 2.751903090283417397e-01
3.376936055336589027e-01 1.422431940605857204e-01
1.021126546084770714e-01 -3.745260894112951711e-01
8.573112268476845710e-02 -3.370895501573124564e-01
2.581104924887031027e-01 1.215261179525545243e-01
9.969683668999984594e-02 7.853218592426491895e-03
7.060633699526430718e-02 1.140666407074453215e-01
1.798608298679581496e-01 1.004923844856066006e-01
4.371326085730408151e-01 1.438200478404406679e-01
3.783659167908913767e-01 1.390864369379258836e-01
3.511221718975666706e-01 1.383859967108529432e-01
-4.462465713320876715e-01 1.365413119998065694e-01
2.047540297204223370e-01 1.377407458934203355e-01
2.427208134863163558e-01 1.169418104704391670e-01
2.342100470925360112e-01 1.097495678183544321e-01
9.353326183108379155e-02 -1.307269609150305545e-01
7.412800689409659860e-02 4.657407837625988645e-01
6.777587084615099844e-02 -4.203471642088660865e-01
8.860906250209510393e-02 3.913690389638379008e-01
2.889943529022035440e-01 1.170738533797618386e-01
7.184476096688274804e-02 3.922010343420500034e-01
-2.369585583399376194e-01 1.076102635400311147e-01
8.248635175598539870e-02 -2.574808888932867967e-01
-3.111814852906293893e-01 1.193169329844714355e-01
8.956443009200731886e-02 -3.215054634737742889e-01
-4.755515631562656775e-02 1.115231739936738409e-01
7.824878142482682986e-02 1.272664130862557474e-01
7.710903665491120051e-02 -2.871017162591352756e-01
9.456616522309391204e-02 2.666215427334361898e-02
6.727992333034105155e-02 -1.700200493191764695e-01
8.161400949921082670e-02 -3.547563416960165528e-01
-2.854083152126297707e-01 1.093735068409533717e-01
7.173557378674511043e-02 -1.384974111423238341e-01
6.552209694986399491e-02 2.375934916759604443e-01
-4.795421558908763426e-01 1.217693794190146672e-01
-4.352049793784840137e-01 1.153933733851076893e-01
8.508676900939116106e-02 3.921193155637667793e-01
7.027171746891758275e-02 -1.041825360893280372e-01
8.591931088492144042e-02 3.617001071819162528e-01
1.603785859990769502e-03 1.027882992533419859e-01
-2.986932482842920011e-01 1.398743312440727804e-01
7.214161662241147521e-02 7.287208443012394010e-02
8.222291772419632050e-02 -2.471682291702654855e-01
1.327707799030115599e-01 1.331907649599539667e-01
7.163237405197042662e-02 2.359303246208740434e-01
8.124768261007164760e-02 -5.546620483836162130e-02
-2.127892980988989047e-01 9.844399955236804445e-02
8.568534208920630668e-02 6.864176676521782650e-02
4.218352490824270884e-01 9.889086235421684634e-02
7.626504286587565407e-02 -7.672535604848540469e-02
7.548987699400011575e-02 3.716859333848542279e-01
3.650808596275399998e-01 1.132255834658280058e-01
8.788457461358167855e-02 -1.474225571527272294e-01
9.129361683170045261e-02 -3.090402830542620105e-01
9.988823871411645072e-02 3.075083564377676382e-01
-2.706092308900998056e-01 1.236110729031721922e-01
9.908079270190872645e-02 3.254882463692910788e-01
1.065393588884777643e-01 1.234919858812491000e-01
-4.196662369042962748e-01 1.007067823084714098e-01
-2.377742329954870559e-01 1.048678711038771860e-01
-1.027196497439984979e-01 1.409436255386082859e-01
8.240203160149950357e-02 3.286802187849906520e-01
8.968132914131343725e-02 -1.350034361501861735e-02
8.989948128000857519e-02 3.404190947598818573e-01
-3.952405066063932049e-01 1.233691717318453618e-01
-2.579916171330846053e-01 1.327011657856050908e-01
7.060917157693591406e-02 2.712533341323398739e-01
8.796624355783710936e-02 3.750576674919814391e-01
-2.447304580353676373e-01 9.812775385825689423e-02
8.246129363205256801e-02 2.761031886699822913e-01
8.739867462598172043e-02 -2.498397483948520126e-01
9.061340271713824723e-02 -8.230140051157808223e-02
4.307810847185089553e-01 1.317206052849045905e-01
1.261088589739742805e-01 1.284316903203889249e-01
1.029005338991061391e-01 2.263267693008202963e-01
1.765746447900847782e-01 1.327200237807246719e-01
-2.289877339682068191e-01 1.425508767633019147e-01
3.480964232059645669e-01 1.350710740835924240e-01
8.803689737221342959e-02 -4.443443321847472260e-01
4.816455369161909417e-02 1.205939687100957558e-01
3.715185875257258630e-01 1.253064414417551786e-01
1.023215371990757738e-01 -5.679684936555462471e-03
2.765996825007891458e-01 1.013579850535247795e-01
2.806263738642895689e-01 1.081211353089680527e-01
3.756774996177292270e-02 1.221659249599386099e-01
7.789312501976697334e-02 -7.764327126408698820e-02
9.620577566202792585e-02 -1.499042593184322092e-01
4.421124820823022494e-01 1.213833275381939192e-01
4.229965265526592910e-01 9.917909813567926669e-02
6.684364344714588402e-02 -4.776601782091310922e-01
3.325666676862893967e-01 1.012444771831348955e-01
1.025113979761363980e-01 1.795549706633942089e-01
2.857415021189813054e-01 1.184256474580218654e-01
6.670642377774305132e-02 -4.729437508899086984e-01
1.849253926105526302e-01 1.130779935092204314e-01
9.048388905864546139e-02 -2.228807268200430070e-01
1.341607090465736229e-01 1.395934730457677464e-01
-1.510729130940448028e-01 1.326605456661762439e-01
8.297950894872918592e-02 -2.295258180217196742e-01
7.587399440359732239e-02 1.005235202286726137e-01
7.429906410558984042e-02 -4.638059653773787261e-01
7.049001099607998810e-02 -4.777325916492812796e-01
9.196553878249724701e-02 4.896224660504859827e-01
8.332316881219126170e-02 1.038390452035963252e-01
-3.731993987948707403e-01 1.313789305406172225e-01
-1.323795180472226996e-01 9.775724260966023316e-02
8.835100833651943208e-02 4.240706367470978844e-01
4.296972633830593580e-01 1.250559932695587406e-01
8.658535258594313166e-02 -3.844256762727026322e-01
-2.976206752201278061e-01 1.048839693049539168e-01
-1.765127727679771663e-01 1.346405405827324486e-01
-4.138102435088898412e-01 1.146234532109943194e-01
9.218389716064168127e-02 -2.816448007991251279e-01
-4.460671362094690284e-01 1.397530149158525692e-01
7.927593038756830524e-02 -2.471688958426502269e-01
-4.665906264296251216e-01 1.004720421876349468e-01
-4.211236700536696853e-01 1.398326774395898253e-01
9.156596094681912490e-02 2.640836932131304104e-01
2.518334872919865131e-01 1.056708661405962868e-01
8.766992077678026352e-02 -3.617106821685150964e-01
6.431572426559228894e-02 1.529289254314820656e-01
-1.707062881028387213e-02 1.264332474906718629e-01
8.349651974966665335e-02 9.068188300170809679e-02
9.446548663152798397e-02 -4.077595448231556841e-01
1.013493342437898903e-01 -1.547236835669152377e-01
9.122365352920469572e-02 2.416108293731030754e-01
7.967366347695070683e-02 -3.505146429292723687e-01
3.979872869844780503e-01 1.437467685244850912e-01
-2.015297519730906428e-01 1.098917436847034468e-01
9.627045330629946385e-02 -3.454087145381303792e-01
7.453460545436652041e-02 -2.633398701956376486e-01
-3.909424410122779303e-01 1.377567605606517809e-01
8.773991967280414528e-02 -9.896710549239351451e-03
9.381663862112343821e-02 1.605287791074838655e-01
2.163483470219248472e-01 1.400496864432189126e-01
-1.556311445487094103e-01 1.186043510087587682e-01
4.396525970269252737e-01 1.420762932944211743e-01
3.751039765616670518e-02 1.004614050184358121e-01
-4.376093592157602741e-01 1.397655303550339179e-01
-3.605755749639613095e-01 1.431865631847172304e-01
-2.782270071539768574e-01 1.258192664396854399e-01
6.915887075755855484e-02 4.428628183655103356e-02
-2.151617336843009154e-01 1.204958254258197137e-01
6.933345909942589813e-02 -4.228832116720948608e-01
-3.805071545693403667e-01 1.199052710278545320e-01
-1.881429119130172412e-01 1.416216073618556948e-01
-8.250094688469300497e-02 9.970981522047595025e-02
-3.133706345011386674e-01 1.091129600559799240e-01
7.516643175230208751e-02 -1.318032963982599393e-01
-2.692732167161859813e-02 1.039178648092232704e-01
6.971384532940605450e-02 -3.668477696297500756e-01
8.640395647253307221e-02 -4.066260458849836334e-01
-7.968297835593707301e-02 1.087588180601976040e-01
6.406099163609635383e-02 2.875689891011525834e-01
9.917698739225189186e-02 -1.248295127581616759e-01
2.879382082459321923e-01 1.083574684346182426e-01
7.985060473875305043e-02 -1.884988625160034514e-01
8.014093472460770418e-02 -3.073192253953480613e-01
1.005809221693482192e-01 -5.335294020002756543e-02
-4.006721709516974927e-01 1.136112645328327675e-01
-2.879400087532772989e-01 1.385881829411316213e-01
-3.962978049347450904e-01 1.088442117223734629e-01
8.243109118771785315e-02 2.039866945679169596e-01
8.350986181699637800e-02 4.042633272525391064e-01
3.544335362849018178e-01 9.761098168031001610e-02
1.704222367575806141e-01 1.349823091843969092e-01
-3.994811580177016763e-01 1.407840367785776481e-01
9.046045126786539381e-02 -3.747661326401049431e-01
1.838612989677869125e-01 1.096194622753956516e-01
1.623040406537517022e-01 1.143051724789818646e-01
6.704511777515131943e-02 -8.551825747909547193e-02
-2.220239890331102695e-01 1.195149695818181756e-01
-9.139662667147252506e-02 1.317730781666411888e-01
9.336654481053896504e-02 4.846865911638923441e-01
7.503066103755295924e-02 -1.850827655387649040e-01
3.434193399926859236e-01 1.309404432650682626e-01
3.570515335440307414e-01 1.155334036588974156e-01
-3.995131586796520917e-01 1.268306319131797810e-01
8.911997879777633358e-02 -1.269252323240429581e-01
-2.525310454589808629e-01 1.223654194871894862e-01
6.897790161820016586e-02 -2.444206452559949394e-01
7.369073735200803998e-02 1.757784885559451338e-01
5.055242515852620411e-02 1.149388082442845960e-01
-1.050462213894918229e-01 1.291386106803090739e-01
8.583184067649485272e-02 -3.758783741198405970e-01
9.034801336581843589e-02 -4.430928677492967926e-01
7.454585840180238954e-02 2.071090006632236857e-02
4.804499131291209979e-01 9.889481937809996293e-02
7.969657966824472695e-02 -1.642120160038165189e-01
-2.942772477656973029e-01 1.422620822440956445e-01
-4.487541092960989353e-02 9.849775045286313091e-02
9.745618490851770677e-02 -2.597654641955783328e-01
6.975664123063340938e-02 3.207028197869237207e-01
9.487035760580131427e-02 -4.713949125375508364e-01
4.998514336367925193e-01 1.211205366423832031e-01
8.581523817987368741e-02 2.146768427840556326e-01
3.280960823934466752e-01 1.395257865418377818e-01
-3.731893522989415679e-03 1.247865899906807075e-01
7.535143256512844001e-02 -7.806528616517349750e-02
9.100987991388331810e-02 -1.043951511040958069e-01
9.252876908235685427e-02 4.046778063041177598e-01
9.279640189060589517e-02 4.310800321314599559e-01
-4.924048325232988077e-01 1.018330606335077215e-01
1.722555834594334812e-01 1.320350011348283559e-01
2.539858043547448263e-01 1.276522971149254282e-01
7.963227068466105507e-02 3.086003020752645654e-01
1.650262759372467247e-01 1.207621676089664087e-01
2.026228883878222753e-01 1.072940448481060072e-01
-3.960546455025246715e-01 1.403890722568769123e-01
-4.632514219193648586e-01 1.032902785742418894e-01
6.483174429945115502e-02 2.905932566411452145e-01
1.024095292293858428e-01 -3.281425089007550255e-02
9.660994158317537384e-02 -4.258338346153744958e-01
4.162279385528382392e-01 1.304460850701805175e-01
-4.851552418613835904e-02 9.956569941129944645e-02
-9.178638638539959871e-02 1.228027952107095810e-01
8.800366597005049307e-02 2.945518163968208203e-01
1.883305942002982958e-01 1.226812085558547372e-01
7.500671082350895968e-02 2.449946003267450267e-01
-1.669880760489985683e-01 1.221981878426330326e-01
-4.439242968297186787e-01 1.419070801565388562e-01
-1.603553427368612505e-01 1.037749398650589239e-01
7.106020443390692609e-02 1.476370488962845950e-01
9.437897127419758725e-02 -1.060472101679560408e-01
6.950892291590382577e-02 2.242178932785610090e-01
2.229323728109959823e-01 1.196517828309552334e-01
-1.772399537063906738e-01 1.187076307320513724e-01
1.117144457055128104e-01 1.295351331042527976e-01
7.409630709893821887e-02 2.318725136159782707e-01
7.744270130032082644e-02 3.967613744810247756e-01
9.083939636715321342e-02 1.744107553210525463e-01
-1.120671957860303047e-01 1.160923437451364393e-01
-1.130542504341049970e-01 1.134143836716475784e-01
3.728126597641420181e-01 1.382392560676908300e-01
-1.918877428047057743e-01 1.063944393971467672e-01
6.694152962785027139e-02 3.588867966048976399e-01
3.591012074066070037e-01 1.154651634419766593e-01
7.404705231769703744e-02 -3.372136420288346370e-01
9.909725737102625942e-02 1.672063487198642839e-01
-4.977926130256826731e-03 1.153245636453590350e-01
2.349724978209786208e-01 1.109670601560515113e-01
3.862708792686451176e-01 1.157417912314907538e-01
7.105802410609007858e-02 -2.010514355992855107e-01
4.728171234139830759e-01 1.336535536743275188e-01
4.915260670585562819e-01 1.130573024163680218e-01
9.818557647997872007e-02 1.763805927155570608e-02
7.820677196826930633e-02 -3.057303927719762227e-01
1.771340953548347086e-01 1.402973073140484361e-01
2.522555230460551412e-01 1.030279567363918680e-01
6.702379055589302581e-02 -4.074150224120345332e-01
2.188454555350430875e-01 1.213688262661861694e-01
-1.233841599068155048e-01 1.320741289131667218e-01
2.763810911209204635e-01 1.167159786610252326e-01
8.362968898879363788e-02 -3.984441549659905046e-01
3.769574174415388779e-01 1.194599517389862697e-01
7.892639721670036135e-02 -1.606132892923325395e-01
-9.873809031011748782e-02 1.246204355232424232e-01
9.671390790401535043e-02 -9.550865282929354994e-02
-8.451359672602853923e-02 1.167746048759686905e-01
-1.734154014604315508e-01 1.178001336777498853e-01
3.417222064190238440e-01 1.228596456068836718e-01
7.545405303260477314e-02 2.092664516578911504e-01
2.420506144275691440e-02 1.425194519548215188e-01
3.317345143600112234e-01 1.099932899270368303e-01
9.848869951890348862e-02 -3.909337029591987145e-01
3.107818599804563764e-01 1.030414784797480943e-01
1.766340215474937470e-02 1.222950457304020633e-01
-1.206582317897586520e-02 1.445520068678839420e-01
-2.430783290260667417e-01 1.113146319814272145e-01
9.973294623877193565e-02 -1.451611319732946104e-01
-4.634333284344774873e-01 1.440551096896303118e-01
-4.677922447658745542e-01 1.443474045369275149e-01
-1.251469929743626031e-01 1.010500070307537301e-01
1.547099112882419636e-01 1.246560181867858441e-01
-4.404732386610801242e-01 1.048772605510845946e-01
-4.810195126784169162e-01 1.160977531752375169e-01
4.484893191131559265e-01 1.088327560148201201e-01
1.791593245971295767e-01 1.261025569918170497e-01
8.286535121246507707e-02 -3.587958693527004694e-02
9.326198844931821164e-02 3.187605388604479728e-01
4.399565270554564034e-01 1.040114177284285901e-01
-1.758028200005649078e-01 1.320185371458668655e-01
8.574599813943284410e-02 3.034183844962623500e-01
-1.188483318494503171e-01 1.386281160175960592e-01
1.767939112385168432e-01 1.401226514376924248e-01
-3.832941931222951792e-01 1.228111903431428065e-01
-1.921642700628325429e-01 1.320578474563912641e-01
9.957161621137078367e-02 -4.813939544764465062e-01
9.485542583464012800e-02 -2.749474998186418606e-02
6.876586070737078504e-02 -4.970312423839091664e-01
8.260114401692675301e-02 4.002721573109213615e-02
8.551010775658118845e-02 -3.967434985674269665e-01
8.342743527856355534e-02 1.428202175394436280e-01
8.043586511234990244e-02 -3.158302484577463209e-01
4.289845814111956646e-01 1.267471011308919371e-01
-3.118890832429765947e-02 1.164553597508816152e-01
-4.599162278681298011e-01 1.028512821749750783e-01
1.348999610122044723e-01 1.265689549236731493e-01
3.421428583824324132e-01 1.036764010959924098e-01
3.121295296679736930e-01 1.253885078388519148e-01
7.532088479070497833e-02 3.240483767645505608e-01
2.116064621245881128e-01 1.383325828928672063e-01
-3.326836284723324599e-01 9.827258305785124826e-02
7.206221760122877296e-02 -1.032027004106362833e-01
9.909557371596133812e-02 -4.144645649531930598e-01
8.852997613869517668e-02 2.679397847207775074e-01
6.997916883993315906e-02 -4.347401739350208461e-01
7.101759590458411875e-02 -1.583744366068361442e-01
3.923977126252831127e-01 1.345126300371320971e-01
-4.978211706549773297e-03 1.037604129331778369e-01
2.205806658827859090e-01 1.089792346026403624e-01
3.911672590942620875e-01 1.389112649632223695e-01
-2.211018684378588395e-01 1.058688020728797419e-01
2.715587739370728393e-01 1.362986470720406462e-01
4.471710292990894731e-01 1.328729836316020485e-01
9.306195312170006950e-02 4.105009477051158040e-02
-9.329816828385206762e-02 1.198841932236881513e-01
9.118958168629487382e-02 3.934811844676238124e-01
1.004109205681710248e-01 3.527805172356321961e-01
4.450866132779255357e-01 9.851836836158256450e-02
-7.069439398154486742e-02 1.442082293442100704e-01
7.624369392167607007e-02 -2.751284477011012308e-01
5.271695667886744374e-02 1.109823536810962130e-01
6.629117274917495362e-02 -1.026289243374118865e-01
9.669191946692778927e-02 4.682084047112125003e-01
3.809523549636936179e-01 1.277330436764080313e-01
4.612471653158509710e-01 1.139631558338759509e-01
-4.965499162896206409e-01 1.190800003387776362e-01
2.145040512882424588e-01 1.348544986109246890e-01
8.918300766950504332e-02 -3.741227561274117486e-01
-3.435544465751724230e-01 1.261939723932845592e-01
-3.981500478626195383e-01 1.085999681806469885e-01
8.556282264441272822e-02 -4.462817008397488294e-01
9.430303350381052940e-02 1.485284015231235211e-01
8.709033383217346103e-02 2.046244086281061580e-01
7.104667317868107457e-02 4.279004792618589237e-01
-4.064303849373278599e-01 1.077260893226691385e-01
7.331374702441928459e-02 -3.620954554986166585e-01
9.952679506350670113e-02 -3.960868799827003128e-01
1.237877351951782723e-01 1.300923428437777973e-01
7.744411980639598347e-02 -4.883709113858609729e-01
7.434330702584490691e-02 -2.008901327019090299e-01
8.236848973213173331e-02 -1.978056962639012095e-01
9.084830766917584288e-02 -4.076067684602422414e-01
-2.926924993599044900e-02 1.076156562708826536e-01
9.334575737133998796e-02 -4.880023398545880742e-01
9.976148754917457673e-02 3.719150896958424157e-01
7.049969260780264424e-02 3.052380877254731173e-01
-4.466786201959146441e-01 1.050437409749788165e-01
1.025418839936337312e-01 -3.026618269390444205e-01
6.773685762356129736e-02 -2.146673296208209125e-01
9.982446093587160618e-02 -5.395467924562424855e-02
-2.810003020185863898e-01 1.442627704882374351e-01
9.058734298933801554e-02 1.805975716057744984e-01
7.091974046139593035e-02 -4.971907710016708615e-01
7.969528480525611691e-02 4.372746842687905700e-01
-4.710031688899192215e-01 1.341514096967029168e-01
-2.156675123582248998e-01 1.089871036679082028e-01
6.750644004431394229e-02 -4.057233583439791014e-01
8.099591119569871100e-02 4.413468542555712970e-01
8.853509151724536785e-02 3.132859708560808976e-03
7.962113161932826699e-02 -3.756029643742209156e-01
7.695627968045315459e-02 -4.128811249131104644e-01
1.576944403656327376e-01 1.262769431009727050e-01
4.146763491971812154e-01 1.210790919260644749e-01
1.781012639144872178e-01 1.303890058316748979e-01
-3.765384694542591726e-01 1.438794442836458520e-01
7.253267282753894651e-02 -4.539826799869028928e-01
-2.508229263625544325e-01 1.305027695819069855e-01
2.463475522001751239e-01 1.403230398640752385e-01
1.013492991466217186e-01 3.414203920325500352e-01
1.022133677456705803e-01 -4.112938067734783765e-01
7.331223951398491145e-02 9.536666632571533242e-02
9.105597836906975662e-02 2.931126631670416538e-01
1.760277576389345233e-01 9.847598730778650555e-02
4.644506455363012210e-01 1.052689071560354295e-01
3.721455472620527338e-02 1.412200870481403747e-01
-2.707536377900667812e-01 1.098661619297793823e-01
8.601288351343006067e-02 2.281833436545285254e-01
9.661897298505794929e-02 3.595992731033492706e-02
2.255136767293443034e-01 1.167217212483209199e-01
3.492176919731163620e-01 1.357679651081090677e-01
9.879450970514291885e-02 -1.431794515561897185e-01
1.008788073762584281e-01 8.139084117920647454e-02
9.697414634690937341e-02 -4.758728345251601599e-01
4.771116078066794941e-03 1.205131983951818198e-01
3.664922376599244469e-02 1.369407902858001957e-01
1.048023308829462152e-01 1.073373301321581819e-01
9.771341345943018730e-02 1.707659526085414381e-02
7.401527517170369830e-02 3.515821700400201255e-02
1.858108846542402270e-01 1.070976863605036522e-01
8.059583692372151997e-02 3.651652673290302076e-01
-2.662339076843724950e-01 1.184676857674880068e-01
9.378989068150866970e-02 2.791917846022652361e-01
-4.530939479092452871e-01 1.269341644708664729e-01
1.951289537759891557e-01 1.116339690015150099e-01
1.002265721628967654e-01 -3.513482098463844849e-01
6.882863725130383692e-02 4.166596422528181520e-01
7.814456945812475741e-02 -3.142212262880911267e-01
1.021023211801816988e-01 -1.492301988251446554e-01
8.741676579521073798e-02 1.585607765400982583e-01
2.031261926450567135e-02 1.145416244081216561e-01
8.319904343380735146e-02 -3.177886849868838404e-02
3.218879098543131478e-01 1.267751167525945633e-01
3.512510029040706305e-01 9.937899907287772727e-02
4.599582609772123742e-01 1.207055940302443897e-01
9.971780633893945200e-02 5.844085764097195490e-02
7.692890925758488763e-02 -5.174167469815582621e-03
1.335257316180928910e-01 1.172241281397458090e-01
-3.996051340587581935e-01 1.062937541060682278e-01
1.023551431026186176e-01 -4.855473954450166829e-01
2.189031567532427891e-01 1.197830985107094515e-01
9.586561529249615354e-02 1.500497155108702074e-01
6.408148814206360289e-02 -1.891616770950761417e-01
9.986030886560670616e-02 -3.402072060779756102e-01
9.158464302295810100e-02 -3.839873289200949058e-01
7.122108831542184326e-02 -3.290579417040419008e-01
9.664613145579004083e-02 -1.310964470457370856e-01
-3.789864323427837300e-01 1.425774803253249123e-01
2.995867894335170201e-01 1.101990622812770715e-01
-4.534955966253120252e-01 1.195636286182811814e-01
8.045541970540093235e-02 -4.426063339442698474e-02
2.413642990030884228e-01 1.310283969238528190e-01
-3.468174888927672006e-01 1.001997233033428136e-01
1.014290896262242114e-01 -1.321634941242736394e-01
7.791233452200652110e-02 2.265569388475008328e-02
-4.257513320624750630e-02 1.404115751639796184e-01
1.564874987195092881e-01 1.165096824408329290e-01
3.260833522402321050e-01 1.368867438145792148e-01
-8.537035702144701865e-03 1.392262870989297019e-01
7.164628093563352174e-02 -4.617163584389059050e-01
-1.929697246429356028e-01 1.322028837475097696e-01
9.446783897516120021e-02 -1.600428000036536735e-01
-1.011535124625037030e-01 1.163011491975535217e-01
-4.224959554867231404e-01 1.388078129678375072e-01
7.466254426131924138e-02 3.531579713822819988e-01
8.295452156662030951e-02 -2.055793344594608607e-01
2.430963885406530745e-01 1.106580805095016551e-01
-4.838984162286784629e-01 1.106364787908030722e-01
-2.060007018953609048e-01 1.254200425042389933e-01
