1.135807938763536695e-01 -4.144278669525807146e-01
8.973767347537864314e-02 -1.285651035465524838e-01
-3.968279628434068229e-02 2.093612486346790869e-01
1.127445048217997625e-01 6.660916763273072583e-02
9.221753795192833003e-02 -1.989735465949786786e-01
1.133418598894049278e-01 -2.744404036098908595e-01
-1.495477574520331920e-02 2.179855609926862892e-01
-1.136427336521571574e-01 1.704897071573728828e-01
8.717322806537042279e-02 1.000582547399363476e-01
1.116809060743891857e-01 2.766121382940399664e-01
8.734863377272972240e-02 3.001510847224042600e-01
4.642674200036700505e-01 2.088870496224671802e-01
-4.110584121338324293e-01 2.148538792103940054e-01
-4.189597035353213039e-01 1.893055968632226804e-01
-4.604911338549169120e-01 1.913936231365429563e-01
8.423003235039627778e-02 -3.031508312588871989e-01
1.089260200481068086e-01 4.237860181035668639e-02
-3.201723936580997965e-01 1.755581403237643778e-01
1.666406991491780065e-01 1.823108963782054115e-01
2.776464009976173930e-01 1.877800468096918474e-01
1.611539878380774393e-01 1.793370524031222546e-01
-1.970307952377614580e-01 2.181907369018744047e-01
1.134842957670366692e-01 -3.780878777927608736e-01
8.853709003219834006e-02 1.575613121074915801e-01
3.686076423500569410e-01 1.846754873140277198e-01
-4.011915914093748814e-01 1.866791228324131691e-01
-2.117110007983437070e-01 1.684347111913511164e-01
8.740547965778944217e-02 1.527043436904248486e-01
-4.857522898186774629e-01 2.176935863114123348e-01
4.911092555877052401e-01 1.724716200474830652e-01
9.998080644433449127e-02 -1.860242482398275499e-01
9.166985843835673275e-02 1.715925240391369400e-02
-7.688709663980863862e-02 1.705576820253715820e-01
-9.408908729096188139e-02 1.608860367619967535e-01
1.145549415058023657e-01 -4.552262086963027032e-01
1.164689520420325586e-01 -7.066957656324723835e-02
-2.226987585159128091e-01 1.858865816826916761e-01
-4.575440247545189409e-01 1.701967909445954996e-01
5.628263446222547817e-02 1.892098193013430629e-01
-3.880392166118595831e-02 1.616444563830595760e-01
2.875429014031893882e-01 1.713965628100458938e-01
9.014745438327809168e-02 -4.075378807921254953e-01
-3.253689267748457459e-01 1.668479052451246059e-01
1.025929606046843690e-01 -2.864461363477162070e-01
4.045153816437613292e-01 2.011630533253726538e-01
1.013641466986836548e-01 -4.941098935401132541e-01
1.014294657530623311e-01 2.736681055614992308e-01
6.274998672719533932e-02 1.626866006652769592e-01
7.990442628627902888e-02 -4.952561461100258855e-01
-1.724250437685311832e-01 1.915119986490756432e-01
3.318997314441655133e-01 2.057719923902520121e-01
-1.361360346782658493e-01 1.654640677766293644e-01
1.627504248188271774e-02 1.976297158322419811e-01
1.016742270940128590e-01 -2.968905875278614603e-01
2.225489068205291909e-01 2.035616402235655986e-01
-1.575704420634658209e-01 1.770807796171672832e-01
4.108609177020633441e-01 1.895477721471960919e-01
-1.656878412396309841e-01 2.117739033350595212e-01
-2.805380294208292824e-02 1.735086505804721568e-01
2.632586577468596367e-01 2.147395458608242214e-01
1.106361602507981434e-01 -2.094666357998355988e-01
8.739725222031136109e-02 -3.934099846482832508e-01
-9.506628059744581805e-02 2.024799058066849566e-01
-4.517011596623392577e-01 1.953137979440640049e-01
4.151849148224080466e-01 1.563253796156494069e-01
7.764241332599464140e-02 -2.125164339185012796e-01
-1.921259949395154321e-01 2.148431271111453933e-01
1.791931020459038848e-01 1.565683181493959797e-01
1.019442354122355177e-01 -2.101674669053658073e-01
1.062528059454205254e-01 2.355266927153930601e-01
8.421105367402825781e-02 -1.333984504758156664e-02
-1.563804928964123153e-01 1.800466540575031971e-01
8.393913431111921231e-02 -1.249041124880557740e-01
3.248421900804310258e-02 1.801847329359618222e-01
2.212580802712077466e-01 1.957844780571528220e-01
3.753262698589190371e-01 1.557202551366907439e-01
7.646689232535819336e-02 -4.527946015615564868e-01
-3.818990819965234484e-01 1.650782965707132677e-01
-3.876202232754536459e-01 1.773245283536941663e-01
1.056007696049807709e-01 -8.951827591449112997e-02
8.179854879966586001e-02 -3.145652331223061093e-01
9.815664579464877804e-02 8.229049387201137211e-02
-1.223892670902781976e-02 2.120574532749689434e-01
9.341768323631427506e-02 -3.509045390004110754e-01
7.738344815209929894e-02 4.820905827955775935e-01
8.003327576137253541e-02 3.720298877764157686e-01
-2.662720799065856347e-01 2.016123570841367174e-01
2.725720816979017025e-01 1.903862196449037647e-01
8.600746621860844154e-02 4.788129225269993627e-01
1.092139282484643203e-01 6.485953903008856436e-02
3.223392666278719343e-01 1.825962906917272255e-01
1.094123796465914511e-01 -2.297947267022313333e-01
4.079856980419234169e-01 1.630050038202390805e-01
-1.253599311532272997e-01 1.904032584613807311e-01
-4.610073296369103790e-01 1.713846675011089227e-01
2.642105880530848383e-01 1.762907925470700299e-01
9.011661893975897453e-02 4.364121284835207337e-01
1.147964853158640608e-01 -4.814597221965214446e-01
9.684667821150316769e-02 3.039167219178579016e-01
8.691307565270800506e-02 -3.055211114574376552e-01
-1.950794371653309378e-01 1.727008612030889179e-01
1.476884063894040588e-01 1.876822039563770250e-01
1.050556197607351860e-01 3.885077212724219464e-01
9.874432283395162546e-02 2.124922214267747078e-01
-4.887071868655196161e-01 1.827337586304258465e-01
2.328057948647610509e-01 2.017763029063432967e-01
1.076653485680231226e-01 -4.781227995975276812e-01
1.085672598321937299e-01 -4.833026505935263950e-01
4.187180665507078681e-01 1.672294259785882531e-01
2.631218437605020721e-01 1.985970831240490009e-01
4.642417774035383360e-01 2.133200632140503927e-01
8.237532826634441641e-02 1.093764579497746858e-01
1.039117637462547705e-01 -1.137386899559700293e-01
1.086329135709258598e-01 -2.700559450886070856e-01
-1.044368919852607380e-01 1.704596659186237151e-01
1.061601036606003579e-01 -4.326810004709080726e-02
9.323151351201652837e-02 -2.738007705715453932e-01
1.094361251496623888e-01 -3.055079505112612281e-02
-2.170669299570869848e-01 1.998824533171121853e-01
1.162864909593190887e-01 1.178395045620768133e-01
-1.936806092947165325e-01 2.144354242358869067e-01
1.152756840912989578e-01 3.034299305106532563e-01
8.058352195268569940e-02 2.901553369977772912e-01
1.117232877060546636e-01 1.570768857162767596e-01
-3.471455154105510532e-01 1.907989730439394460e-01
-1.945033528456514560e-01 1.749877039435652204e-01
1.127649342575546276e-01 1.804534712063131652e-01
1.069840870336359329e-01 5.799921955602438395e-02
8.561721471061911615e-02 -2.516188270691238626e-01
1.029814255982018922e-01 3.810727493920820219e-01
2.127905136158985133e-01 1.844915536842380854e-01
8.766999690749666119e-02 -2.246514267851895674e-01
-1.572493079916601477e-01 2.131205484154578000e-01
8.926021522806859565e-02 2.460040982770606011e-02
4.150430533681992440e-02 2.014978178594970526e-01
-3.448363211716333199e-01 1.917885555581091417e-01
8.901565006805256530e-02 3.660996926988333566e-01
-3.628278194226211006e-01 1.607661172011947137e-01
2.848710606533078060e-02 2.000216166331246770e-01
4.798096852433483273e-01 1.682171370534302213e-01
7.930525936069132698e-02 -1.407305808112168100e-01
-2.239675142375376904e-01 1.700123444625394331e-01
-4.064446044825410498e-01 1.937541127022339715e-01
3.642852738995305817e-02 1.996534625362285098e-01
8.572609935547970128e-02 3.334164350097590379e-02
-2.424341823502557114e-01 2.140268559732720899e-01
5.921812206982157711e-02 2.007453765895080844e-01
-3.603066243795360890e-02 2.050622939878878892e-01
-2.564640753561692188e-01 2.051173932686500834e-01
1.035712960134573812e-01 1.810704787984279696e-01
4.948584084799478866e-01 1.628302090020243842e-01
7.672045437710850457e-02 -1.258427656062599542e-02
1.009229551432323513e-01 -3.558053081825943709e-01
-4.891242441761227688e-01 1.965004281065545477e-01
2.183366372706474490e-01 1.753950072720985576e-01
9.410939755264713380e-02 4.718234493902192517e-01
9.743421616849412548e-02 -4.648490027404518221e-01
1.097857655271475830e-01 -2.572040511827583531e-01
-3.799909782398923630e-01 2.147618454115202136e-01
9.715939699667419660e-02 2.590856215782045835e-01
2.192334190845466324e-01 1.984614566080054043e-01
-3.783826235642271385e-01 1.619910552611554255e-01
9.367508768570753652e-02 2.532983527894733244e-01
2.215159350771760405e-01 1.960007056594929020e-01
-4.465779940982975704e-01 1.935041502476879671e-01
7.817679945742861403e-02 3.543090085893296770e-02
4.775547323710300773e-01 1.984951683715769910e-01
-1.092469696188379524e-01 2.021849810890968824e-01
-1.947656730006752657e-02 1.867759603089117482e-01
9.645607208167061852e-02 7.294968298569026732e-02
-8.360168258612654668e-02 2.046276012759985496e-01
-2.305910412692191436e-01 1.906626865534081228e-01
9.951130268105790044e-02 -5.886601506467803446e-03
9.206872627586770719e-02 -6.099502510756860119e-03
2.351053237040049426e-01 1.841929028045535821e-01
-3.559473051704836744e-01 2.042549759910056162e-01
-4.883185100439658699e-01 1.890501031732840787e-01
-1.987428345200537017e-01 2.162785920292936703e-01
1.119588487402026766e-01 3.636857621982152455e-01
8.241033834267197378e-02 2.238127832503011838e-02
7.018803956148844669e-03 1.879192703624756877e-01
-1.064560322165609696e-01 1.952986556662791306e-01
1.036434258060859870e-01 2.319525139084794851e-01
1.125692014439076960e-01 -4.291475166121770934e-01
2.820916409314080386e-01 2.068084346654350814e-01
-1.717651494915515276e-01 1.859617596503595482e-01
4.749928836671239996e-01 1.580322009125285643e-01
9.442007302379995526e-02 -4.271305646582945759e-02
9.782550078177276731e-02 -1.638461123104589801e-01
2.657823252085456112e-02 2.018603718833407168e-01
-3.134704529831328079e-01 1.554483685124870007e-01
1.003173480671445406e-01 -1.767004053221028492e-01
-4.994645792862433265e-01 1.587449498524174940e-01
1.007279698443421800e-01 -8.918425122132056515e-02
-1.636628403310129709e-01 2.085948647155203561e-01
1.975016945255483325e-01 1.661258201078907870e-01
3.149187268091335756e-02 1.741798264030527399e-01
1.022445815677766046e-01 -4.426991458440403537e-01
-3.876632825911857649e-01 2.167818703476229736e-01
-2.892409396911013175e-01 1.577332513780029810e-01
9.607998575476017766e-02 -4.563025134766131030e-01
1.079455560013220516e-01 -8.264623006831528507e-02
2.493733524055763429e-01 1.849306436065987214e-01
4.589509410133790768e-01 2.147553552913616937e-01
4.079231517959440723e-01 1.588411874796892276e-01
4.823154076189606343e-01 1.981478925472839325e-01
1.747119748564691655e-01 1.578521917724652335e-01
1.026220219191478211e-01 2.281636108058880952e-01
2.400480609310704505e-01 1.689834799237148744e-01
-3.412544854904289160e-01 1.671209421318484711e-01
9.813152081888021350e-02 1.387646289741232275e-01
1.559381058808027021e-01 1.625370680171268623e-01
1.055698587746431993e-01 -1.478028899377192840e-01
1.120350438293699069e-01 -2.367533933270563606e-01
9.749678246351023425e-02 1.030873138420437263e-01
9.101347016193983563e-02 -7.139852507299693229e-02
3.071539208274063348e-01 1.943005057289236559e-01
-3.234386603011674133e-01 2.179017210485703071e-01
1.103045661839887615e-01 5.312580787930820669e-02
-3.587063689214891049e-01 1.824523710500741691e-01
9.863878949786986094e-02 4.916205022600905750e-02
9.797715830361775069e-02 -1.218406282960591280e-01
1.039836444417859829e-01 -2.151039391285346492e-01
-4.344489682790370066e-01 1.743498698301965133e-01
-2.145952538650799379e-01 2.153864878547779860e-01
9.663240794461924743e-02 2.115687205348238953e-01
-2.842512886473324007e-01 1.606549699290125144e-01
4.455735009039984984e-01 2.179303998383809171e-01
8.310705794959771797e-02 1.895419245984748535e-01
2.502893264442779264e-01 1.842822980692788715e-01
1.001611020999917390e-01 1.351426155045010180e-02
9.587573795988113545e-02 -1.755974807760549705e-01
1.130399608114929233e-01 -3.619105881970806626e-01
-4.409549293294586780e-01 1.790858714848828637e-01
7.760686200459765427e-02 4.760312901133304520e-01
8.713102855024368321e-02 1.690893877294217251e-01
1.000638679781518103e-01 1.537366751109943142e-01
9.796742932138924331e-02 -2.264139779707563527e-01
-3.233693293792896384e-01 1.572184471432405140e-01
8.657730398346608069e-02 2.626981787682953762e-01
-3.174502581542004709e-01 2.074815783682850689e-01
1.004793231656171404e-01 1.951445658343770040e-01
4.509420170039463160e-01 2.126106507367109266e-01
1.150735231149623283e-01 -4.583650555982170527e-01
-4.447474571955456479e-01 1.984403041182134508e-01
4.934382026225007101e-01 1.694611139266821720e-01
-2.833378376115350816e-01 1.868802627429655416e-01
8.473406237536673657e-03 1.679427639659420990e-01
4.588884477552104268e-01 1.894030576926925002e-01
8.223864742158737418e-02 2.157143828709975342e-01
-1.119424735126683945e-01 1.748376996946373607e-01
1.796216627474412908e-01 1.933406610260359759e-01
1.124632330889446807e-01 2.898157517948722894e-01
4.734787679682367356e-01 1.835516512952722890e-01
-2.209117325233017626e-01 1.999285295528421269e-01
-3.419717887200857120e-04 1.734417306191434749e-01
-3.095717387433870593e-01 1.732702794614141562e-01
1.094572404376116248e-01 -2.472576215897928087e-01
2.755643323770274877e-01 1.825815772418899474e-01
9.829139140821785414e-02 1.882054356695203046e-01
4.533871729507699122e-03 2.159146575171240201e-01
8.729787354728801851e-02 -5.866677279227916486e-02
8.601675468785774381e-02 -4.153255713138628291e-01
7.957259513054282252e-02 -2.782255825144936967e-01
-4.695262099816120971e-01 1.826794179232485993e-01
-1.818240021865972222e-01 1.602977792810893476e-01
1.839122496709429955e-01 1.865426195261336018e-01
-9.292003017990124736e-02 1.785359820184915236e-01
8.660061987516809445e-02 3.131748060935103384e-01
4.217757939178742310e-01 2.173461119537745123e-01
-1.071032631461062978e-01 2.072429811477740635e-01
1.062991438003881850e-01 2.021730263766403635e-01
-4.595594943919275588e-01 2.003449812349369363e-01
2.823220296069023361e-01 1.951987860734721858e-01
-4.706169510422464342e-03 1.863946165872680805e-01
8.356906272106467970e-02 -4.014581140667664583e-01
2.608819662511434601e-01 2.022263824414842759e-01
8.840796188001154299e-02 -3.566030800860174876e-01
1.019413390689828391e-01 1.901882520913511510e-02
1.150193851229325270e-01 4.278923381453875185e-01
7.957086932235601928e-02 1.108600536637246448e-01
-3.452559443952506468e-01 2.030943767439751246e-01
-4.457819691691239372e-01 1.950332817883582148e-01
1.154439701246083860e-01 -3.213870507446171532e-01
-4.959719751900947271e-01 2.104626582759314690e-01
8.756387649699148845e-02 -4.522639848238608762e-01
2.885125214233086322e-02 1.836041316915864030e-01
4.995185229093889179e-01 1.674663485248937267e-01
1.140340681633277287e-01 1.320278900761452379e-01
4.864245083149776328e-01 2.103826725247505136e-01
3.729343869907569831e-01 1.671326575266838255e-01
8.337064203423105724e-02 -2.868479346866296131e-01
-5.660323676055190045e-02 1.640119720924342328e-01
-9.982082573306227946e-02 1.995294478114101322e-01
-2.580581369900666333e-01 1.809466598477406096e-01
-2.780918495852031658e-01 1.862928489702390111e-01
7.829881038674424421e-02 -2.999565230243259606e-01
-2.718002618340218390e-01 2.048322836984165507e-01
-4.042596686875042922e-01 1.780277887698239470e-01
-4.795806268143618656e-01 2.174981429533833222e-01
-4.287622474996197752e-01 1.868864354303945152e-01
-1.805861055408913840e-01 2.068954392983629598e-01
2.782740308185260858e-03 1.554145091166432291e-01
-4.285790075787490050e-01 1.587195983029527913e-01
4.000092644958017640e-01 2.173107248210104370e-01
8.666797798359771043e-02 -3.827353015878668385e-01
8.945327170902173108e-02 2.158221196742680092e-01
-4.664683145816697074e-01 1.966430563033504386e-01
2.069524710450794114e-01 1.902280724203373463e-01
2.181936933814313528e-01 1.874010291287091512e-01
1.280651435953916728e-01 1.909399131352192969e-01
4.198889656329710673e-01 1.770559788360160924e-01
1.133743229466930291e-01 -1.456007529936721445e-01
-2.527994715975074858e-01 1.919743559669304656e-01
-6.262061255623974088e-02 2.072341791238545561e-01
3.448669588614111658e-01 1.712019037038046143e-01
1.166686028634580374e-01 -3.378431215469669402e-01
-5.992829005817046362e-02 1.634066956900844803e-01
8.135379363524208873e-02 -1.697779888204611343e-01
1.067075490567654938e-01 2.655859785265819450e-01
-9.082079167032941491e-02 1.990209161735282395e-01
8.634375112040326705e-02 4.001550316098111404e-01
7.813453859730690176e-02 1.792277403101609767e-01
9.947014919976204794e-02 -1.916695042385818670e-02
-2.569485186484676831e-02 1.967666910003678105e-01
-8.713707299478368196e-02 1.791880718347121926e-01
2.095376784071369958e-01 1.700630334041527414e-01
1.030650921234709250e-01 -4.027208811653888443e-01
1.009851728144433025e-01 -4.987418338257760819e-01
1.076296271868595333e-01 3.549983021890014134e-01
1.059920303278047982e-01 -1.371915281628733885e-01
-1.051562587067862431e-01 2.036047988046785218e-01
-1.143433485190071819e-01 1.628939227962235003e-01
1.727964585578323220e-02 1.817362703698447435e-01
-3.215301863550971140e-01 1.727330712472977536e-01
-1.371895042420282484e-01 2.073837623857802681e-01
-1.537777784461953345e-01 1.707825138660710174e-01
-4.994622521795920589e-01 2.171207834973997164e-01
-2.959583032043845430e-01 1.667471444100663280e-01
2.640799974831012920e-01 1.628220336378800592e-01
1.812621537864322896e-03 1.602335422313507785e-01
1.124542714058964776e-01 4.119364171398506302e-01
9.880799605389389839e-02 1.071039864386131857e-01
4.524761131809870163e-01 1.787772906817168828e-01
-3.370472537589784823e-01 2.099799071230104008e-01
1.331861926065686097e-01 2.042113626888056865e-01
9.952245221058442226e-02 2.099693812947419636e-01
3.141125026211938343e-01 1.642590437514669377e-01
8.846413846576506312e-02 -4.620868989331526899e-01
7.967730630408043080e-02 -1.532923618083597006e-01
4.708761677132087264e-01 1.822079516386322373e-01
-4.781917686736045781e-01 1.984827134578364127e-01
3.403530807219146137e-01 1.708870008913367933e-01
-1.776762257997749339e-01 2.135154172423924246e-01
9.089733425598234273e-02 -2.291506482198241157e-01
4.934234675780749813e-01 2.036488149809929649e-01
1.151347933243120902e-01 3.555411514691070307e-01
8.476296590636234196e-02 -4.344925200400324705e-01
8.655539079523766333e-02 -4.667542199550788196e-01
4.620810968762846249e-01 1.617034667629795308e-01
1.053198173238926172e-01 4.889184417943562844e-01
4.489760274307359467e-01 1.601053455804292147e-01
1.146666262178644979e-01 -5.512652058998057658e-02
-4.217525540642003135e-01 1.699117515572776682e-01
4.517809640884528077e-01 2.075238821339060458e-01
-3.834286046548459614e-01 1.761383776882602392e-01
-2.033459179384697890e-01 1.955929124044757383e-01
1.064098445684207306e-01 -2.377814316948904105e-01
2.413146632188195584e-01 1.808258169354205469e-01
7.768402368800253477e-02 -3.683897086642162755e-01
1.848632648108560206e-01 1.578951263376494607e-01
-5.089647989897749802e-02 1.941737242919241435e-01
9.627776206630644928e-02 -4.777072357985334694e-01
8.895512742952582652e-02 -2.421331948819228641e-01
8.396821241462293361e-02 -1.119235083376254325e-01
8.220436937548125655e-02 -3.973190232908961894e-01
-4.848053639417676530e-01 1.644973683470988268e-01
9.335856124587826876e-02 2.745644092398957792e-01
-4.759549409984087376e-01 1.863798200165389662e-01
-7.243710168307482267e-02 1.965710801584598100e-01
-3.680172699283524862e-01 1.862391576804595106e-01
1.069585054210281383e-01 2.471100558210570508e-02
8.101249568520718647e-02 -2.642234321647098927e-01
1.100325532964132602e-01 7.772732176352881162e-02
4.180727400155341833e-01 1.699273969310809429e-01
2.539951458828774156e-01 1.873283327800735476e-01
9.992074478873491650e-02 -3.345571554822945881e-01
8.049966813596942661e-02 7.416636404878562683e-02
1.037154034666503133e-01 -3.893765516539307026e-01
9.982643851765893306e-02 3.133193108166906216e-01
2.951058308732307234e-01 1.632615643378287906e-01
8.067480382608294143e-02 -2.696194516821072140e-01
1.086969482425628186e-01 -3.479118609852820398e-01
3.065775507092035612e-01 1.801960911277338262e-01
1.052119461701186420e-01 -3.234178111638459363e-01
1.014935708686640625e-01 2.760533235524609275e-03
9.670759962590591563e-02 2.306477382891439776e-01
-7.859561912146062479e-02 1.796284492712407754e-01
3.286136767219127730e-01 1.716669157990249328e-01
-4.329661962853215140e-01 2.145562404506189402e-01
-4.288313258551179619e-02 1.843131929539180147e-01
8.010375098363820001e-02 1.137717962414778183e-01
-3.089765461816359471e-01 2.000219235349282032e-01
-1.294217538904454123e-01 2.042793375377682796e-01
2.492888917824954698e-01 2.152782620576523254e-01
1.133482356020935056e-01 -4.548758511644146463e-02
-3.971007769450956015e-01 1.574598911239590837e-01
-3.193961495405138740e-01 1.871932532666631399e-01
-3.144807749129225893e-01 1.745378040564060651e-01
1.110184713677143664e-01 -4.797136924870256669e-01
-9.708875903423030973e-02 1.769091385149245133e-01
-3.590562606930318701e-01 1.914102330256020057e-01
1.125890412319966449e-01 -2.857476298812370308e-01
-1.927113003643898814e-02 2.025754394553306303e-01
1.063833670971764400e-01 -4.289894200171530114e-01
1.105677170946941512e-01 -1.157165346968335173e-01
2.506823875516700495e-01 2.044554164099567917e-01
-3.657471928413057460e-01 1.998152694069924573e-01
7.744146276364249903e-02 -2.495341699485029707e-01
3.201530161881714909e-01 1.596822187752973132e-01
8.438184867948783641e-03 1.897784155999082678e-01
4.460791490945983373e-01 1.802358181913638058e-01
6.384920876435906667e-02 2.022319674119272825e-01
-2.822047588632438098e-01 1.740066352387664717e-01
1.124550388414811142e-01 -3.468488177601752875e-01
-6.533157394845567900e-02 1.926272954854505448e-01
1.669626584651580092e-01 1.979664766439410695e-01
1.587131493025452089e-01 1.566069676717072312e-01
-4.092123933032578709e-01 1.603568860927236939e-01
7.757944809905992223e-02 8.798311262157221257e-02
-2.888944248558641403e-01 1.676956112893412953e-01
4.439817086727246842e-01 1.904273195135963714e-01
1.202037292773123767e-01 1.861228471599750689e-01
4.793964156914805042e-01 1.554517556947819790e-01
1.730147584244836612e-01 1.971056945819512629e-01
8.401125068425263631e-02 3.323388477818298714e-01
8.407828002766548625e-02 4.549586988456160164e-01
-1.008756502159158241e-02 1.773979571402145572e-01
2.476995909189125822e-01 2.087865361156309163e-01
9.510643635764393089e-02 4.157458912806106799e-01
2.562399451870858158e-01 2.061250263658374049e-01
1.160981221413930342e-01 -4.309639905547060224e-01
9.876229984794981931e-02 9.509294926648181878e-02
9.457561525840452177e-02 -4.649752191793523615e-01
-6.386838961080454347e-02 2.066223666353875776e-01
3.315967184350853136e-01 1.891535973550019234e-01
2.623705636352763326e-01 2.059858100996804220e-01
3.929183145790753340e-01 1.887898287772853401e-01
4.374427135495828622e-01 2.049420105337134146e-01
8.611612536000212703e-02 1.631239246349075467e-01
1.439410215867604759e-01 1.797340708226611294e-01
-1.318428795737826009e-01 2.065987676667512263e-01
-3.797498109267056776e-01 1.987125622938064051e-01
1.022157510865647767e-01 -4.044574991188080171e-01
9.211357127484653962e-02 -1.998405482040048753e-01
9.341795288144194576e-02 9.565987434659029010e-02
9.701329367597699704e-02 1.970344722988274233e-01
2.043863006550613592e-01 2.084424053519842168e-01
2.267713997222211564e-01 1.751814210058977306e-01
-2.471600145453167752e-02 1.907627857594190735e-01
-1.367718430013445952e-01 1.565476692224394561e-01
1.592002907871645778e-01 2.102983611109943141e-01
-8.487780072502926210e-02 1.999716671540636703e-01
4.759421223124735700e-01 1.693445494718509581e-01
-4.606454462153912743e-01 2.167601456609897781e-01
1.268756433589132149e-01 1.554932119720489059e-01
3.195980126896743601e-01 1.915119265073594867e-01
1.691792570499293102e-01 2.039065044875321142e-01
2.131813701124658511e-01 1.763246771544543234e-01
1.002276040123313283e-01 4.628884098303286398e-01
6.357255500092828804e-02 1.929615749640788414e-01
3.078235683958491231e-01 2.010276005606231875e-01
-2.657997229104230863e-01 1.587339788723872713e-01
4.688904858580547064e-01 1.655187138487845822e-01
3.053789591169387974e-01 1.897911179155493677e-01
-4.311716191927073005e-01 1.832320630676295137e-01
9.528571908391181289e-02 2.263718669657996951e-01
-4.186937985067414880e-01 2.031525683083369449e-01
8.482884050605654647e-02 4.660705685870818460e-01
4.607364130087832077e-01 2.107777288561338835e-01
