1.986077513714467058e-01 1.038592510774462019e-01
5.125390595869971921e-02 1.338091839671317063e-01
9.221979315715644887e-02 5.873375789424228888e-02
7.026031972987711871e-02 2.959790757079595602e-01
2.116699356412525823e-01 9.870094078789237724e-02
7.146791403663921294e-02 -3.029767290256690782e-01
9.970907260757710944e-02 -1.434238097226886444e-01
8.703635684197075228e-02 -3.618025682111177810e-01
-1.776272814045357640e-01 9.282164779175505753e-02
7.843809796006373514e-02 1.614231962771162099e-01
-1.611247651835452377e-01 1.230829382655196369e-01
6.636098838599846506e-02 1.317610016764741987e-01
-2.513320505651979175e-01 9.802740093500217355e-02
9.843554954323729955e-02 -4.164498080015354153e-01
8.366012838770420235e-02 -3.317800484038437858e-01
8.134634450650291004e-02 -2.819928450007535004e-01
9.343876590890687339e-02 4.926511538657792899e-01
-5.452732178997443668e-03 1.256250269521780316e-01
6.705126544239226050e-02 3.476368171748867031e-01
7.052268695865071546e-02 3.831087207294936459e-01
9.698349508420933685e-02 -3.610266283917795693e-02
8.715012306750813398e-02 3.100384492186954999e-01
-4.179910899140006908e-01 1.020246871944638922e-01
1.038820245615690308e-01 1.328575730555374701e-01
-1.602524300300042226e-01 1.192866831087159296e-01
5.373719367686591308e-02 1.294964882031596209e-01
2.780309824132475294e-01 9.031342017087773399e-02
8.991927628497742297e-02 -1.214230007797579836e-01
4.822957828690219717e-01 1.230501075237434572e-01
2.024902908966172976e-01 1.109633568352780264e-01
-1.520062759149380938e-01 1.111608739919258682e-01
2.850632740234484430e-01 9.094786680728705885e-02
8.025573970194865847e-02 -8.384528719809947184e-02
4.034285083842423791e-01 1.003188566774869672e-01
2.909391962673387733e-01 1.018899736939921086e-01
-1.072767805732207647e-01 1.174504511672129770e-01
-2.359114623083832241e-01 9.068613290930349624e-02
7.010963967321004464e-02 4.082383727999431278e-01
7.986416231066140181e-02 -3.825094912316421292e-01
7.550930271099565161e-02 -3.864196728663260583e-01
8.955300498514195962e-02 -1.305404832138834514e-01
9.076720196515541961e-02 2.491548983421175700e-01
1.473747229505514289e-01 9.273510069887413998e-02
7.625875550749383613e-02 -1.817574299979458630e-01
-8.795248813172751312e-02 1.030712293580030581e-01
-1.198813900942117261e-01 1.034315429832660671e-01
8.928065340507262970e-02 -5.022069984404520238e-02
2.140955313816317318e-02 1.046833257193101607e-01
1.469208470255092269e-01 9.148014527209735736e-02
9.770070467042835105e-02 2.606432403581199209e-01
2.226384922674635725e-01 1.257071579223864033e-01
8.840532435416914581e-02 1.070936469588421591e-01
-2.700033204888890870e-01 1.080170505432337391e-01
-6.978560345496598316e-02 9.546666810152482086e-02
7.265464797694831667e-02 2.596150513453507891e-01
4.329744456984110368e-01 1.221132921158487594e-01
6.940475648558697142e-02 3.611160719143442499e-01
7.180557615563620821e-02 -2.629179481315578881e-01
2.649403939233531124e-01 9.027734138075604875e-02
6.759379663659459414e-02 4.740360326262801349e-01
9.312675920598356694e-02 -4.991731331131402660e-01
3.991868968906916448e-01 1.071462141517474098e-01
8.430736302158980955e-02 -2.248414562843151776e-01
3.598007774770083378e-01 1.231014567084777189e-01
-4.881748975472571805e-01 1.114153879281883919e-01
-3.590481273684280605e-01 1.047637831259867758e-01
-4.768380425486461460e-01 9.216422238218280327e-02
4.949405778758313446e-01 1.006872384713695112e-01
9.326806542994059424e-02 -3.411439926844636039e-01
-3.706816727189859995e-01 9.512107502852762408e-02
-2.687082542393737228e-01 1.300429851186611918e-01
9.401808404505107575e-02 -1.928307157635322788e-02
7.428876329568945280e-02 2.038595427388640857e-01
9.302557963872659652e-02 3.765187579292834652e-01
7.877169253790694547e-02 3.710014749091115061e-01
-4.468847446157204750e-01 9.703303606465529807e-02
8.006006429689460635e-02 -3.611427418553613267e-01
6.775770584567097909e-02 1.486714895627199162e-01
7.102255306439086979e-02 1.040640080826571445e-01
7.683387869280944305e-02 -2.419152148522926149e-01
-4.521114918380312320e-01 1.123917705894375008e-01
1.274039193010469972e-01 1.067716046418855091e-01
9.328745517509873242e-02 -4.464684415946893470e-01
9.130060249279636775e-02 4.780728466531602994e-02
7.249653848904358266e-02 -2.887649068950727260e-01
9.166680006540739445e-02 -3.617214652056807145e-01
9.813988133397621993e-02 -2.334669925233808785e-01
2.681467106945698564e-01 9.282993490993862729e-02
9.871436083310458631e-02 1.598971617929956235e-01
-4.550340263739935942e-01 9.864833151508023423e-02
3.708263441463640619e-01 1.232937691860396257e-01
1.243886292467446530e-01 1.161963107490709968e-01
2.517365324532504500e-01 1.210811551647045237e-01
-7.958699543491043471e-04 1.122266792956726489e-01
6.709235134393598532e-02 1.851973337347322390e-01
6.871466351697175234e-02 4.547442018394450836e-01
-3.297221145861963798e-01 1.107011157165228576e-01
3.197741566403963231e-01 9.080342373339944650e-02
9.437474588299787914e-02 -2.075070844900880340e-01
1.570048693289172181e-02 1.308375040572006265e-01
1.413512298613814888e-01 9.290156186166220742e-02
-2.659519942165876616e-01 1.042635890403265098e-01
8.575152395536778105e-02 -1.810895572225930117e-01
2.827257366246347381e-01 1.005225226777816117e-01
8.577850166717748692e-02 -3.258823015382592558e-01
4.036842615244174981e-01 1.210582328847332745e-01
2.587210741382357515e-01 1.135412773038456669e-01
9.947471842523203378e-02 -3.310417730063230923e-02
9.800432728996399945e-02 -3.498168797104761474e-01
7.132735345706497920e-02 4.812333764362808353e-02
-7.131204060037066306e-02 9.273892416068896249e-02
-3.044878142224973772e-01 1.213749366990316547e-01
-4.703151905960289980e-02 1.009260371504471232e-01
-3.129741510087612477e-01 1.110119039968999743e-01
3.777834058171336551e-01 9.047843458724802446e-02
-1.066563020450642663e-01 1.018690060210022397e-01
-4.088700968939003033e-01 1.195389762654488486e-01
-2.358825314940472540e-01 1.179107266286250066e-01
-1.229410993312839429e-01 9.574100371391092157e-02
6.704857161082766748e-02 3.486526840879408118e-01
-2.101831284714115178e-01 1.174157715725639983e-01
-3.630276185812038037e-01 9.589250245042113541e-02
2.657088967541043623e-02 1.176322432785198435e-01
-1.506635670332151511e-01 1.102046621889528621e-01
-4.369127648982692458e-01 9.266143958020001126e-02
-4.107985421837790918e-01 1.255977248746765751e-01
9.549557334611691317e-02 2.966196041731075095e-01
-2.049541101267372545e-01 1.027337270661045077e-01
4.876983087887187818e-02 1.224997089737457356e-01
1.721847210060645228e-02 9.567955534538175044e-02
-1.351076839033346078e-01 1.225245435367966484e-01
-4.392105173029807741e-01 9.889843971253464705e-02
8.902916498004753709e-02 -4.043767104802784562e-01
-2.733059686630495699e-01 1.305363371133589911e-01
1.239662511761990826e-01 1.272243936233917738e-01
9.654413743220657818e-02 -4.511508507872515894e-01
1.763718356169700074e-01 1.148630688602776395e-01
7.729545665564929724e-02 4.686779273621838326e-01
4.701087250198937584e-01 1.196225448888443843e-01
9.576388796810841875e-02 4.843100635515608099e-01
4.543011421243264847e-01 1.082796645093878629e-01
8.298375868452201320e-02 -1.674706429748937797e-01
9.902807272496738644e-02 3.842629174312339746e-02
7.852652941923432550e-02 3.572429771962487566e-01
4.938607358386385426e-01 1.137057853458305345e-01
8.680343266368106825e-02 -1.790948899590890653e-01
7.200971232771491426e-02 3.639870949178128923e-01
7.753316354884087769e-02 -2.018350296125597243e-01
1.881766210907169778e-01 9.987452167375876488e-02
-3.016271059399450172e-01 1.165834516640432694e-01
-2.813856039684894395e-01 9.796643128447912741e-02
7.913723171902642406e-02 5.511000880198102525e-02
6.312635867127758260e-02 7.257577417964755639e-02
8.831180022319140566e-02 4.098825127598988427e-01
7.699975930767033461e-02 -1.114087440636637449e-01
7.171059474245267129e-02 -4.188643054824755518e-01
2.993449106262938697e-01 9.698464071913137641e-02
2.361857069385989716e-01 1.282995028979679875e-01
2.348710073333521997e-01 1.243803553052930111e-01
6.518559474282936694e-02 -1.469362857721833171e-01
-1.666483234736579888e-01 1.046334636429617770e-01
2.332449616256799807e-01 1.040176147117157779e-01
9.782813532275957957e-02 -2.311600695130199279e-01
-3.855286296811610836e-01 1.201190058883452316e-01
-5.329283219650737813e-02 1.049296308774790853e-01
2.930724797208660304e-01 1.104799449802665867e-01
8.483155247852025571e-02 2.214855806638175162e-01
1.674439345764042741e-01 1.278992645508443271e-01
-3.749674003564272828e-01 9.820603565973051730e-02
-2.880255349657997455e-01 1.043685148568815890e-01
6.842052839365031502e-02 1.293189038631465948e-01
3.831675083175994923e-01 1.313716761109499087e-01
9.479116357947903193e-02 3.534581913314549517e-02
9.930712212679282391e-02 4.846914211584055776e-01
-3.757528221057928608e-01 1.091185269211867315e-01
-4.260557525537012058e-01 1.202556205326184013e-01
9.600285311861744830e-02 -2.095125407889826263e-01
8.275657585881746048e-02 -3.072642761402053502e-01
-4.007278515494123727e-01 1.182044081749537012e-01
-1.927518715325016174e-02 9.545595570035780852e-02
7.402175483168471626e-02 -3.853443699486776008e-01
1.011263975567321394e-01 -2.293645070996012114e-01
-3.525952645168567434e-01 1.318739736716451061e-01
-7.811166858875973062e-02 1.113181878120335089e-01
2.696955570884792541e-01 1.151499114350269526e-01
7.715876725340420350e-02 -3.862516345748757685e-01
7.307200767949006970e-02 -3.983866121786522330e-01
2.038104538120681930e-01 1.158297273935352534e-01
-1.529026840990330705e-01 1.130207751323061283e-01
6.782205593275458799e-02 -1.398880045363699587e-01
7.337467198347025210e-02 -2.154481728986962219e-01
8.748855529212973270e-02 2.990250006771643099e-01
6.740333087583882943e-02 -5.373058201865399397e-03
-1.583039593185140426e-01 1.221019168890692397e-01
1.975359316481363203e-01 1.051742441347912616e-01
2.993774958493475857e-01 1.243212535550781705e-01
6.655029826513036983e-02 -7.749825344237470937e-02
-3.512950911983679925e-01 1.090537851620463350e-01
2.620890486817193388e-01 1.208142055161731676e-01
8.171499291796890940e-02 -1.840876852379523809e-01
3.076511240164189198e-01 1.343652071456836739e-01
7.340583938280298426e-02 -3.299024036351075884e-01
1.684123401939880971e-01 1.246724234938304532e-01
6.609533939583878137e-02 4.310900957583894133e-01
4.604441625963080487e-01 1.048454060345274108e-01
7.407359185058925988e-02 -4.252528394019842173e-01
3.153497881572394634e-01 1.186041097080671181e-01
3.176228855040827970e-01 1.004921562154856840e-01
4.812068611965014675e-01 1.247211514248882658e-01
9.450901359427532622e-02 4.900036491361825508e-01
-3.743370191607607866e-01 1.057856370840883908e-01
8.061423540949708144e-02 9.162584422792008354e-02
-2.988865621474789958e-01 1.248741799772096206e-01
9.901637201046709080e-02 3.965172241770631434e-02
8.416525249409090303e-02 2.161930916781619194e-01
9.460613756392943774e-02 -2.306666823784340181e-01
3.027380060783421145e-01 1.015821135640284645e-01
1.000672669649007585e-01 4.273435604519640885e-01
1.700878123478160031e-01 1.045616253334036294e-01
3.024490019512903194e-01 1.224026865084476556e-01
8.297390646514490875e-02 -5.147872130183905881e-02
7.030077723990579841e-02 3.174946265522532451e-01
3.911829470287785382e-01 1.301395063813222119e-01
1.927392139095635004e-01 9.515845756867502558e-02
8.612083297284922612e-02 1.712284030025529313e-01
-3.650704220225825525e-01 9.490648494389475331e-02
-4.437890582802139772e-02 1.285978749654027586e-01
5.207417240558731564e-02 1.001392497921876901e-01
8.075542250008127532e-02 -8.295122285560163622e-02
3.252245485347128318e-01 9.711363559610408647e-02
-4.805562236773949225e-01 1.239753109962224986e-01
-4.758670087977187046e-01 1.031096125234177707e-01
-3.436383432986482855e-01 1.341610707113560785e-01
9.763606833655436024e-02 -5.994770812201066779e-02
-3.880948548347243898e-01 9.312032452186191911e-02
9.764248841511335986e-02 2.618282196596211087e-02
9.361196580031405645e-02 3.181771091493782455e-01
1.184873593767836741e-01 1.021598310117012298e-01
1.016242823663039418e-01 1.249882745007603324e-01
7.298686180797131495e-02 8.811193328054112150e-02
9.540583848088302066e-02 1.066500286346051540e-01
-3.937290235518806636e-01 1.011325581055259049e-01
1.404095566576585297e-01 9.623080585058130243e-02
9.148862869747487192e-02 3.083951344971981312e-01
-3.641537860145060979e-01 9.830752906822082249e-02
7.895588312464274505e-02 1.100958610051855358e-01
2.831825201998596775e-01 1.321666717544438541e-01
1.194070232187816050e-01 1.039257417880066203e-01
7.215139493301803153e-02 2.826570890046697926e-02
-1.109944999104118812e-01 1.305470251814997429e-01
6.651787464794223226e-02 3.949987438525804917e-01
-2.762928343658649366e-01 1.081808476635797156e-01
2.918021783941231462e-01 1.270177556827259968e-01
7.026919541691500903e-02 3.606832336456146093e-01
-1.353880458700043032e-01 1.084511284331881598e-01
7.334186724484703657e-02 -2.757624462807033439e-01
6.728543846552614838e-02 -4.641027178746389703e-01
6.793306777199104030e-02 1.904208771502639008e-01
-4.538846664738233061e-01 1.019422179121460825e-01
-2.239512054950099085e-03 1.144473776830526868e-01
-4.814050932304120289e-01 1.005816401481061106e-01
-3.703872342364477044e-01 9.424837735702762398e-02
2.090664317386687898e-01 1.023011621407500238e-01
6.319047443210035198e-02 -4.938491641942510668e-01
4.661631000383835710e-01 1.225801005042554959e-01
9.583331877241563213e-02 1.636810380840586499e-01
1.413154198693180597e-01 9.855290329221966239e-02
-4.864461232601072771e-01 1.256748004438831279e-01
3.748224895681480096e-01 1.034458604724948216e-01
7.889320864439897107e-02 4.010290482391303257e-01
9.310674192158252538e-02 8.586331744747077721e-02
-2.665089886565970012e-01 1.317263031411360918e-01
4.694677728134899475e-02 1.135072097490721355e-01
-4.725109779036433810e-01 1.227749109181905940e-01
-3.455880571675606916e-02 1.091164794236788582e-01
4.609498218374337153e-01 1.032171928747561696e-01
3.737500534738479319e-01 9.854124230840943799e-02
2.219366826095288125e-01 1.154912337908464703e-01
6.658110767090696935e-02 -1.765605768286979682e-01
9.765221028886661436e-02 3.084630714086864511e-01
-5.759836525733275092e-02 1.290090972505357758e-01
7.589436613593891767e-02 -2.101043039370494858e-01
3.884318022156537653e-01 1.255971450185335847e-01
1.596075934107027416e-01 1.229823566367503895e-01
4.296236391827501500e-02 1.125139048853447399e-01
-1.257550171905855718e-01 1.311571431447210445e-01
3.240454975460493880e-01 1.340794051564657696e-01
-8.534324748910304681e-02 1.317237862294454720e-01
9.949146159953881075e-02 -3.500657020820288068e-01
4.425125230354838290e-01 1.280232812857043934e-01
-4.097671214470467449e-01 1.031884529120594696e-01
7.115553314774814009e-02 6.901996215560635139e-02
8.884276046455585885e-02 3.092372698889882532e-01
-3.692290260485483477e-01 1.313083645827126666e-01
9.125738894844948046e-02 -1.239044913975869688e-01
-1.018280484363487393e-02 1.134462054686181665e-01
9.465951803027883305e-02 2.721496608086073632e-01
9.299371076299045580e-02 -2.794434279372507435e-01
9.010344577560891466e-02 -1.648373442848414250e-01
1.517671744788470223e-01 1.225928347120162076e-01
8.538288031711571691e-02 2.767740406227625627e-04
-3.309853752568885366e-01 1.269743794950771720e-01
9.018629724114790580e-02 2.625781764802039842e-01
3.824259772916156486e-01 1.308695516397472280e-01
-4.645089270455231567e-01 1.013988998051729151e-01
-6.056411560177565878e-02 1.119320247875874585e-01
9.251856664740676361e-02 -4.162501509326296256e-01
7.001351826517288046e-02 3.065384703093213536e-01
4.352769057409880959e-01 1.122136126916191134e-01
-1.995661397865902131e-01 9.702051916210030491e-02
9.721896290184695033e-02 -2.271316385521227055e-01
9.308022244704716730e-02 -2.285843252173467288e-01
-2.915658083657146626e-01 9.461912229002478192e-02
3.558797166354282782e-01 1.072502798878651742e-01
7.903357481096928705e-02 -3.353906299160721582e-01
-1.203342446647106545e-01 1.319085372256941779e-01
7.927661024646681653e-02 -3.908929804314041911e-01
-3.996873343209883522e-01 1.074316996365534127e-01
3.738524974049028948e-01 1.209616811261966518e-01
6.793998049676996942e-02 -3.922913213784517961e-02
8.092317630204415302e-02 4.835893370106120193e-01
1.655064973006749041e-01 1.031660852185074528e-01
3.372404779201306768e-01 9.267664989219293048e-02
8.468680844433029709e-02 4.440888305304102612e-02
6.992104135133936360e-02 2.207468211949041859e-01
2.040914909742674865e-03 1.116782078704474657e-01
2.845513683282046014e-01 1.177866168143260062e-01
3.228750603939273267e-01 1.233762064032258854e-01
8.961758485045534517e-02 2.796451600070503085e-01
8.729451616110361911e-02 1.845453433258126275e-01
9.396897014421023986e-02 -4.951290072775098583e-01
9.039139178761301796e-02 -4.804182494745562471e-01
6.770078514775212941e-02 -3.266464101294598299e-01
8.159141765743394004e-04 1.310117081581696485e-01
-1.065032095027936831e-01 1.027732175708919726e-01
2.452405979183484019e-01 9.753281068298758072e-02
-3.266453424021052987e-01 9.634157973006385323e-02
1.335572457925856549e-01 1.103670055992128640e-01
-1.581399485184293852e-01 1.169479556745269822e-01
6.416997451830086518e-02 1.788167682362742372e-01
3.612293385202244300e-01 1.017630068244226305e-01
9.961667282436648119e-02 -4.924511291225794896e-01
6.903782965804783345e-02 -4.566337802625796138e-01
4.251092817875292695e-01 1.167694569818745753e-01
9.162693524897580488e-02 1.383474748271069643e-01
-4.956893991223416673e-01 1.177757493947944045e-01
8.076774527692009986e-02 4.939230638966689568e-01
7.764939877363108423e-02 -4.658320289592009500e-01
9.623245299525584606e-02 -4.288044832063587775e-01
8.421561567677771087e-02 3.471256825476491947e-01
3.000782869471726455e-01 9.520504373979432611e-02
9.915891095782525255e-02 -4.609898408826452743e-01
8.365422051075421805e-02 -2.520872941392032773e-01
8.713170307680884186e-02 2.486894386415985370e-01
4.736897495380979484e-01 9.278652986657875967e-02
-1.561796526179347611e-01 1.112020288159467629e-01
6.270140543102742381e-02 -8.974430778606989900e-02
-1.237331044017997428e-01 9.773250992288062822e-02
3.132963725522932563e-01 1.061421049419002394e-01
6.696219053852903169e-02 -2.619907288890325203e-01
8.358912093412584898e-02 -1.541649113524006243e-01
-1.022234670790188593e-01 1.063622583771361985e-01
3.757435297592331969e-01 1.148301628271375385e-01
-1.424657318602462475e-02 1.276118504152374822e-01
6.835361192920863527e-02 -1.433620124323861100e-01
-2.068389573483896404e-01 1.109366187717680807e-01
2.990398619618653830e-01 1.054513097952248790e-01
9.583050375026347378e-02 -3.935761377390428750e-01
7.916519060647453365e-02 -3.269053111358377617e-01
7.571874128486411060e-02 3.148220915061454850e-01
9.303063697738722659e-02 3.936557420801860552e-01
7.926741285816918392e-02 2.010649304004378246e-01
7.163672568595891299e-02 1.041271286691212161e-01
8.005886512582005565e-02 4.587132119979795419e-01
9.487979806336699351e-02 -4.862826713681194235e-01
9.289244912122107678e-02 3.433877488526571042e-01
-2.383426466724103410e-02 1.157714320415057507e-01
8.232482311264832653e-02 -9.248596328529667954e-02
-3.142803766581776514e-01 1.328863117392483639e-01
-3.918723668967639684e-01 1.298784089632165628e-01
-3.092994127469199661e-01 1.085743024357137543e-01
8.009965842885025111e-02 -4.209857081857726335e-01
3.638146516726759039e-02 1.113241489008631735e-01
8.729559656919083643e-02 -1.416851178320965854e-02
8.840015163011549770e-02 -3.673141372717020348e-01
-2.856358873891334804e-01 9.295757333182852467e-02
8.400740696487229986e-02 3.081236502548827527e-01
4.943859039790697851e-01 9.904271694722777131e-02
6.765552045413869564e-02 -4.299130163636927238e-01
-3.838185446532950129e-01 1.248078980209766931e-01
4.139782206046938029e-01 9.752907624308349011e-02
2.045071224709693603e-01 1.199969691665466742e-01
9.662472424769308343e-02 4.349727718532614418e-01
8.170414460578878657e-02 3.409550911735181877e-01
-4.944972161461805849e-01 1.123568702658493956e-01
2.134552438436936317e-01 1.170201619970465678e-01
-3.875513699986097294e-01 1.014336577287736629e-01
1.001665734937652319e-01 4.738194767635236504e-01
-2.169858316823116695e-01 9.809731902382023971e-02
7.603509345200887282e-02 2.164699255677805523e-01
-3.058291092567866354e-01 8.993812358596320333e-02
4.039456143808788369e-01 1.233615667472929278e-01
-2.447244434340518637e-01 9.950843164579514788e-02
-1.514894841985997553e-01 1.163040370456615014e-01
9.964585760284039306e-02 -1.676993659377318258e-01
3.976583396282724614e-01 9.063772819923265889e-02
4.744049977112358984e-01 1.040384048387998916e-01
9.607529375800272220e-02 2.518306952046245328e-03
3.258436697708714247e-01 1.056923493575868678e-01
1.989478900719965360e-02 1.204888589848552849e-01
9.570505755209246512e-02 -3.376028470909975265e-02
8.522460402227172160e-02 2.752737592471616868e-01
7.420058060072387551e-02 -3.028357119729225833e-01
1.004608857560679303e-01 3.958338768005701391e-01
6.582838115574618509e-02 1.985204744920351372e-01
-3.094258587856557607e-01 1.034663469617886911e-01
3.477726326597264661e-01 1.081338201412747058e-01
-1.942074713682639953e-02 1.196694340584434357e-01
8.482377701360466205e-02 -3.419356387909717743e-01
7.351817515890057830e-02 3.504779929786011605e-01
8.703678828419558755e-02 2.236225097709984011e-01
-2.233970462587456796e-01 9.729895817798361879e-02
4.089084506473416036e-01 1.128303482497025056e-01
-3.491228443682014015e-01 1.133412706119637514e-01
3.718404721501589183e-01 1.189703440941933810e-01
1.855129898386741472e-01 1.008104626440834428e-01
1.830701552163758183e-01 1.244016841571683463e-01
1.517502605479534861e-01 1.233136372583720775e-01
-4.470237782819670436e-01 1.320422425663956290e-01
-3.057162384140245104e-01 1.216185493229752224e-01
1.717689417774836969e-01 1.318116285178715374e-01
4.947769858100460327e-01 1.148546711995759306e-01
6.382650075181317550e-02 1.764405476651459415e-01
3.859209710956056361e-01 1.096110202298417047e-01
9.460828205515203759e-02 -1.473917896030867425e-01
-6.888554115433431768e-03 1.204346379985236082e-01
6.580578234087008926e-02 -2.395074308698812438e-01
2.088679938670547909e-01 9.041612938074750083e-02
