-1.268231478350947405e-01 2.395597543108767269e-01
-4.922263062312782766e-01 2.523194674386793901e-01
4.781295168929702299e-01 2.491901490726327051e-01
1.077691701676637415e-01 -1.312704371667321457e-01
3.437453444809324132e-01 2.505103268886641477e-01
1.194783832517375410e-01 2.754223808721761868e-01
9.291950251528779958e-02 -6.504397207928025448e-02
-2.140499322659914494e-01 2.154015204927335336e-01
1.173981475972319943e-01 3.823892212865125373e-01
-3.056715402046464858e-01 2.309278639579603887e-01
1.141967855920299479e-01 2.389244217734950437e-01
3.364756701513378356e-01 2.213351153077643962e-01
2.592218306206095502e-01 2.121119740525847508e-01
1.057554546475585333e-01 -4.827064543416003106e-01
-1.157741519460123714e-01 2.463995150654247901e-01
-2.379828542308484174e-01 2.203959486321619421e-01
1.202621529979144288e-01 5.153659901372031893e-02
-1.529325816955889872e-01 2.100224882166040752e-01
4.533619989239943138e-01 2.437941458616217361e-01
1.203494600101888690e-01 -3.243232200313063140e-01
8.941418186577443361e-02 6.222467384137686519e-02
-1.858248080446492922e-01 2.388828277569916558e-01
1.646830880008516296e-01 2.158669736221661140e-01
1.069934142475188477e-01 4.296552072588055715e-02
1.524673897401749301e-01 2.603735219958097646e-01
-4.064422607427247147e-01 2.039115085481723044e-01
-3.191402813983499342e-01 2.057452281234032343e-01
-8.731637016565774179e-02 2.261362602519623177e-01
-3.027609193765190554e-02 2.193140182215818079e-01
8.803006046230577031e-02 -4.166006380958153787e-01
1.119176959748836575e-01 8.239965408218385967e-02
8.407157488761718422e-02 -1.160436622452148958e-01
2.186230199555295739e-01 2.165746904051037980e-01
4.571488855663902173e-01 2.007848256622160044e-01
3.484949682036300178e-01 2.572840108075380439e-01
-2.616957331853000390e-01 2.343815136913518504e-01
1.238775328696202216e-01 8.509623365712937204e-02
-3.383153349225720419e-01 1.948593565161977903e-01
9.157413373604128548e-02 3.340210108232136710e-01
-1.844972877948798384e-01 2.490847374194485875e-01
9.497722341338044050e-02 -3.228514490995130215e-01
-1.630320416737119915e-01 2.514545918537658409e-01
8.278341179116843751e-02 3.360641147358011116e-01
1.128938353380288806e-01 4.039068091330816346e-01
8.268003376512234048e-02 3.326282779182684335e-01
-3.568711496412452222e-01 2.351539215399550686e-01
2.377982835026836161e-01 2.162957618669583137e-01
1.124733227232845856e-01 4.165555791916496498e-01
1.126448696965474117e-01 3.489182124927194817e-01
4.346775064161900737e-01 2.037387315968487433e-01
4.798849777258591409e-01 2.203084451412096190e-01
-4.524123551731702442e-01 2.217918145261178475e-01
-1.685880995607395016e-01 2.637583472631924719e-01
1.243062435255868348e-01 -2.279105461961885570e-01
-4.545206423009240382e-02 1.988019160630779547e-01
1.459359484251600003e-01 2.518663862945771381e-01
1.234248741715976427e-01 4.973254040437412593e-01
-2.380730836600618572e-01 1.925825666536676861e-01
4.160906724890456321e-02 2.066540966481847930e-01
-2.987170604328170942e-02 2.138863729471710551e-01
-3.892904948500451878e-01 2.423747190706795340e-01
3.092914028400716164e-01 1.998250371103605927e-01
4.026677612800831918e-01 1.928704755123414882e-01
-2.406448157694017764e-01 2.135979019817646485e-01
1.218595627482023103e-01 5.550068599751789566e-02
1.126950920494520503e-01 -4.592216180357169275e-01
9.016069329432863100e-02 4.810949561209648673e-01
1.201788369271179491e-01 5.198238958051037972e-02
8.628719644290383517e-02 -3.446712771953093224e-01
-8.471531391538289490e-02 2.347851914139915674e-01
4.670435920424814702e-01 2.488564851253823873e-01
1.238936956634706377e-01 4.463713657108052679e-01
1.106302424539021834e-01 -1.424370757700254009e-01
1.250947101336389311e-01 -4.015296552663811802e-01
9.831365416162318738e-02 3.430594467530091451e-01
1.072739212749278526e-01 7.509959923055165021e-02
2.544285791222588022e-01 2.046442095187916976e-01
2.126485284445610580e-01 2.367484613755681533e-01
-2.262580017537867416e-01 2.482514349506760309e-01
-2.218859574743772267e-01 2.343968308385173671e-01
1.042647409809533965e-01 -2.581748372820890092e-01
-4.001303607921681271e-01 2.465331963086461187e-01
1.824504758727815146e-01 2.324289891964367305e-01
1.192453420896426586e-01 3.804711583481734660e-02
8.408180909972085004e-02 -1.260433340366599042e-01
-1.090511521475827639e-01 1.911834542907971946e-01
-3.236135673742709384e-01 2.295841259538936585e-01
9.940080478233193073e-02 1.694553115658217202e-01
-2.894256947430674520e-01 1.915575833225182656e-01
3.122707027230696708e-01 2.533153699184953478e-01
1.157584763658761062e-01 -1.407986792383451036e-01
4.449828527158844471e-01 2.377505012482818980e-01
1.688669113460210536e-01 1.916614628347921290e-01
-2.276971672548055992e-01 2.109375126497289310e-01
2.732347878915526440e-01 2.296897542362074107e-01
2.959092116848192067e-01 2.603372212535673969e-01
1.807747813858348040e-01 2.586448858021468400e-01
1.155456599873939671e-01 -2.611990332510333301e-01
-1.459686947858720441e-01 2.422221617874399380e-01
-2.949453579615901599e-01 2.094674153414235462e-01
1.590966558665672936e-01 2.051211752860548909e-01
-3.895275380373863783e-01 2.130016586899865505e-01
-4.677710806975931002e-01 2.056393165847062443e-01
4.073951222533267469e-01 2.032021287010655763e-01
9.081395531299296664e-02 2.720066121180846341e-01
-4.646494859897518648e-01 2.261878711440797884e-01
-3.698222761943407155e-01 2.379537923763999085e-01
1.226538872279993031e-01 2.619635713696940593e-01
9.086366789138800026e-02 -4.582222749485267421e-01
1.205711006559083698e-01 4.269105430260109468e-01
2.308517866758089676e-01 2.083618903376304177e-01
-1.665050943628491043e-01 2.303382268483614714e-01
-2.576451592107572575e-01 2.117641619079266846e-01
3.467918472024794641e-01 2.609243656670208189e-01
1.241767376361103681e-01 2.328990460811400931e-01
2.303265770392208811e-01 1.995625397113398591e-01
1.073371543903561820e-01 -4.700178244000753347e-01
1.183260995379109559e-01 -4.573561350592401098e-01
2.275306188274608399e-01 2.634658192622054695e-01
-3.702322082706500650e-01 2.206436071239659125e-01
2.885623112825181913e-01 2.378852423397483928e-01
9.468082115405984656e-02 -4.637183501877262248e-02
1.225388826160228595e-01 1.277618009077431394e-01
3.908519780495320894e-01 2.529458442053267309e-01
8.390013173713395389e-02 -3.067436729436223697e-02
9.381318193878529499e-02 1.200239262451183730e-01
2.646842325087342962e-01 2.189533298643784320e-01
7.211303880711039671e-02 2.455503583526904565e-01
-2.535038211778195549e-01 2.512512772999390132e-01
-4.951883779001396979e-01 2.007218130266337219e-01
-3.619585600107556589e-01 2.195395547868586039e-01
2.457968378374486562e-01 2.318067202296753004e-01
-2.938559437227880045e-01 2.111724691833309908e-01
9.287872020716725352e-02 1.235598738007960273e-01
8.338142002068760217e-02 3.303681638952568056e-01
2.527111146630555139e-01 2.075397482132304017e-01
4.189153401590076653e-01 2.298151678456133995e-01
-3.092186819695951217e-01 2.629999385456776029e-01
1.469483094285295444e-01 2.273290350642412916e-01
2.217739074418507705e-01 2.374803663599639458e-01
1.859995798351193885e-01 2.178322116280999587e-01
-3.360278075080920246e-01 2.271680742835296973e-01
1.244763264059886021e-01 -3.656076807931982753e-01
-3.600291533957733492e-01 2.217639513738790535e-01
-1.864924509273270248e-01 2.029529873885450586e-01
8.495521476047807052e-02 -4.805859121158878589e-01
1.920368889638746079e-01 2.545336575447834093e-01
1.160411979546089878e-01 -1.986119183285325329e-01
-4.681301294152019343e-01 2.618194316242417052e-01
-2.811693208862378057e-01 2.557277799479307223e-01
-3.047718333057835016e-01 2.459354703870081371e-01
5.071741499817794541e-02 2.117076427226963764e-01
1.047389465703271183e-01 4.092538646202950048e-01
1.105299033334958825e-01 2.886840954851115360e-01
1.209937496508841637e-01 -1.146044457231942815e-01
-4.238422577775986522e-01 2.366510458928421379e-01
1.151624143898662966e-01 -2.428144582920133132e-01
9.249219097672511936e-02 -2.926507303154753936e-01
2.292588103614821016e-01 2.389685773538249292e-01
8.619130042856626428e-02 -2.110092676362326225e-01
2.867476898575455069e-01 2.566703556182836632e-01
1.097780431257497913e-01 -3.376945500055466010e-01
8.875381978382534953e-02 -1.245268427512875586e-01
2.473800831026066183e-01 2.226302439313770920e-01
9.377776262976944555e-02 1.815558080671979546e-01
1.658863758171220670e-01 2.112674512667103155e-01
8.582632948817758844e-02 -1.040928852097465773e-01
1.226020391578636071e-01 -1.108547117947168426e-01
-6.329223876337952692e-02 2.029924846181108133e-01
2.285930794621019446e-01 2.573862424083612765e-01
9.858310326278796332e-02 1.817705814489345428e-02
1.217540395874123771e-01 2.483806872280367450e-01
-4.675525456937041913e-01 2.471924606287220216e-01
4.910210820011049471e-01 2.277144843260813234e-01
3.193241152998320675e-01 2.520355128752241880e-01
9.405312746827798609e-02 -9.905581636354787722e-02
-4.717616664226548240e-01 2.000213540923159172e-01
2.676017139066669825e-01 2.436391706068091745e-01
-2.084552787259909001e-01 2.291034172233973321e-01
4.346468205702197496e-01 2.380177665232846573e-01
4.006802004458857036e-01 2.517407495053284316e-01
5.339467177337375858e-02 2.057785682315095288e-01
-9.209303050336037355e-02 2.008286873707135767e-01
4.343344807019876574e-01 2.316382117814049790e-01
2.251460530055615639e-02 2.317493279917405280e-01
-2.859245466596482821e-02 2.232648287143657040e-01
-1.607393933726970481e-01 2.537955818723629520e-01
8.369899435937289134e-02 3.470656518528202339e-01
-2.694024464976336741e-01 2.275796118038402316e-01
-1.436250332286103104e-01 2.486480119727527693e-01
6.991113581804109245e-02 2.521893343615791983e-01
1.069738395458170732e-01 -2.252279678795736650e-01
1.119158042354720939e-01 3.871898411078580349e-01
1.621707230967711633e-01 2.397517131253924516e-01
1.040782170972329723e-01 -1.766720225615474593e-01
9.616082692265037757e-02 2.633105238512220003e-01
1.046041712993535100e-01 3.995386538902658824e-01
-4.404937592073632224e-01 2.125564395923494887e-01
1.149603606219206098e-01 -1.099500372188277897e-02
4.623069438226923289e-01 2.314102924910013126e-01
9.042608173896993229e-02 -3.248361389157039536e-01
8.494865311223886994e-02 -2.493569310567160802e-01
8.584182907611892510e-02 1.966115577279693438e-01
1.936167919349961464e-01 2.458773089922163813e-01
-2.053608195251688251e-01 2.355616984171263750e-01
1.052860649276754490e-02 2.468709084930160724e-01
8.372140919833404027e-02 1.331116954260191942e-02
-1.971789013424573023e-01 2.174949636073195691e-01
9.715273029759141643e-02 -1.358122007442427170e-01
-3.729563867329028781e-01 2.016865443625234233e-01
1.171578604785602495e-01 -1.741936940549183577e-01
-4.826773407475863920e-01 2.200772840081884896e-01
1.125420144162588842e-01 -4.156726421188006171e-02
-2.943515940348786497e-01 2.192665063221851396e-01
9.823736935029014905e-02 -1.439337542725640517e-01
-3.847794458207964841e-02 1.965247142496279187e-01
-8.510051325875378492e-02 2.254832063950249488e-01
1.068477057256692619e-01 -1.666486111191267661e-02
-2.780339611614965900e-01 2.328882629933175519e-01
1.131094039566387099e-01 -4.230946124523389251e-01
9.584069176277965063e-02 3.362979824535908824e-01
3.409937266618296992e-01 2.564294861467343312e-01
-4.067843092849793285e-01 2.206900063689387625e-01
1.211882899886435050e-01 -1.846001175935219063e-02
-4.031251181318817878e-02 2.358923221105416745e-01
1.865320354152602000e-01 2.250680305648721236e-01
-4.568017620356826791e-01 2.448745359125800158e-01
1.183571240420837611e-01 -2.585086712783533081e-01
-8.446821023396422490e-02 2.514809523788562595e-01
9.288444780353399821e-02 4.855510190883457478e-01
3.874883018788558564e-01 2.230895027186197144e-01
3.706726775156256037e-01 2.224149122634997422e-01
4.587257229385455215e-01 2.260026507235177728e-01
8.550779487987325567e-02 4.921374764964587811e-01
1.843996347055180118e-01 2.223249495168280188e-01
3.055908868879764206e-02 2.085136908610270012e-01
4.538619380323227759e-01 2.495405925997252750e-01
1.021169030902873143e-01 1.815865768970104099e-01
4.610520037163613472e-01 1.903363268647572104e-01
9.879721967419141659e-02 2.405982331808499408e-01
3.627869080882558661e-01 2.623093492399761750e-01
3.627529750608435855e-01 1.900245623641715342e-01
-2.549114102503170498e-01 2.379221049855962944e-01
-2.428904196061698606e-02 2.559268927051936426e-01
7.334233156379599272e-02 2.274865507158522204e-01
5.480795149842621061e-02 2.193976459229148857e-01
1.134010473790914020e-01 -3.852674565845350951e-01
1.240530452770335357e-01 -1.901648732137929398e-01
9.023590595359520794e-02 2.827192929430848434e-01
6.294334598027417904e-03 2.205664559388029744e-01
1.578712217018797270e-01 2.240737205090689299e-01
8.577796731356701621e-02 -2.799103184071485284e-01
1.041954062422154603e-01 -1.481018467016670392e-01
8.872348403094865166e-02 -7.860748387998095499e-02
-2.806033689431450817e-01 2.561779238457734253e-01
-3.015561032685907250e-01 2.485208658190136699e-01
-2.330780457962307040e-01 2.241787574120935878e-01
9.237858438581914022e-02 1.566259244715472176e-01
3.231167577775523325e-01 2.489922067233152347e-01
1.622482247247982734e-01 2.392913463915967709e-01
-2.961545985675573256e-02 1.922407424797589748e-01
2.318294695510312309e-01 2.561351697216165402e-01
3.082926036122975999e-01 2.157353198167935027e-01
-4.907890568760351346e-01 2.496310922507529728e-01
1.165969855404979105e-01 -4.643706536310306943e-01
-1.494500128084892410e-01 2.341360130442423637e-01
-4.613402071735994703e-03 2.451878784728310778e-01
9.939816949843349736e-02 4.840053719572440238e-01
-4.671073571791917178e-01 2.400909018497779934e-01
-3.497150557476719213e-01 2.106057897361607312e-01
8.969803059686354274e-02 2.608626718474349460e-01
-1.126260205964260130e-01 1.930813121782041231e-01
1.097690102625215047e-01 -5.521866615273507417e-02
1.805833015123121665e-01 2.500525477343701342e-01
8.300842876705161189e-02 -4.460298059863971876e-01
1.597702628605741637e-01 2.058276515458351552e-01
-3.740934772191604196e-01 2.296625177702080745e-01
-3.235252648629509675e-01 1.922872891675611040e-01
1.380911304839560483e-01 2.073025787097679817e-01
3.487886461936240412e-01 2.337198650044767234e-01
1.206824036965433722e-01 -4.364713390359258316e-01
-4.950821440276171881e-01 2.576705707656453681e-01
1.122714325911481348e-01 7.673304735154073963e-02
7.051276613571377805e-02 2.175900880062975329e-01
1.230039977927827044e-01 -2.116630880362562195e-01
-5.000630208077971872e-02 2.026450707215488034e-01
-2.283740486820559079e-01 2.025785226642028425e-01
3.521469925662501499e-01 2.031295832123798384e-01
8.830980632102081174e-02 4.181661638649628587e-01
2.215301840113866882e-01 2.526145976061313636e-01
1.176468921868691897e-01 3.508540548045133711e-01
1.046927731079216883e-01 2.011185663406674928e-01
-7.120997084608771122e-02 2.282203488193084162e-01
3.086277904799508143e-01 2.401094889927991582e-01
1.184881283325204260e-01 2.475325403425058246e-01
1.070627252358193893e-01 -4.293102737659160173e-01
-1.794924978027214735e-01 2.272665784533578481e-01
1.223028382060535879e-01 1.466658422141245977e-01
5.789029947452517533e-02 1.959416469276937800e-01
2.001806248926152332e-02 2.491817088989800588e-01
-8.435214658655976194e-02 2.605647207768724272e-01
-8.670436331425046550e-02 1.913766442397696332e-01
-3.013077951933883503e-01 1.922545239504889203e-01
-7.417123985830009758e-02 2.127208101674618046e-01
3.424827298667554309e-02 2.445892089720650420e-01
-7.804609843026377725e-02 2.606704607664520612e-01
2.535284256750547360e-02 2.581508132028266234e-01
1.214603155733056106e-01 -3.887274910537331651e-01
2.179637820973935325e-01 2.260727023505565425e-01
-5.184885590833909763e-02 2.581286120219884461e-01
4.497355249279185729e-01 2.521585126410292865e-01
-8.639333303023588595e-02 2.115469569851766707e-01
3.640160690012990141e-01 2.573403351107933501e-01
1.000351047316443420e-01 -3.145302328723116325e-01
9.228390147669329746e-02 1.459327904159518630e-01
-4.154558765210347726e-02 2.611010072607622412e-01
-1.805642981234285571e-01 2.384374792570623791e-01
-6.171719144890097652e-02 2.289063968160187645e-01
3.918626995452223483e-02 2.150380240473078741e-01
8.793354922941898355e-02 8.179162136659778870e-02
3.977676512686459942e-01 1.919568023408484425e-01
9.252350759595018292e-02 3.533500878905460052e-02
9.829856710755713323e-02 4.537064718578217581e-01
8.096715586538361098e-02 1.923899231971398782e-01
1.168648845246155199e-01 -8.700791033730770341e-02
2.378351138779936091e-01 2.223726445452194334e-01
-1.629571156422757738e-01 1.900274166107138729e-01
1.495257611113380847e-01 2.002057566019065371e-01
-2.222414110406758514e-01 2.563114006246299814e-01
9.926214127049615144e-02 -4.549045675132424860e-01
-3.838693098220995470e-01 2.164545820529157893e-01
-1.132197025657363243e-01 2.559872826623290631e-01
9.662101150654267556e-02 -4.076592408590673511e-01
1.636256249806026242e-01 1.987405880525999757e-01
3.949859441376786240e-01 2.608186460660639749e-01
4.864230760650990470e-01 1.911072514640967945e-01
9.316388758063065545e-03 2.157237169971006896e-01
3.784998812252412526e-01 1.936470878406755247e-01
9.122209951790727356e-02 -7.618127386888762231e-02
-5.532432430117772970e-02 2.138462176824851291e-01
-2.268890297613058715e-01 2.217167652400040545e-01
8.927081057285568555e-02 4.075195592746122530e-01
9.980940471922739032e-02 -3.061034358802805500e-01
-4.357756773818706186e-01 2.431757420848167373e-01
4.569507011460660628e-02 1.989489325625460880e-01
-1.607820206482091230e-02 2.494614246916316835e-01
3.513155028353975862e-02 2.595333905766669114e-01
3.295082209953492658e-01 2.201697053829694273e-01
2.415491708649483149e-01 2.286613179488520275e-01
-7.747599344342348537e-02 2.585721594620853381e-01
2.383173487633462040e-01 1.916590308485973670e-01
1.139801509314920525e-01 -3.078700568847158037e-01
-4.171012820607906679e-01 2.230919573891945173e-01
4.413029698765893460e-01 1.929456004869926078e-01
1.842888889482220405e-01 2.343794136699467456e-01
-1.651306599647894835e-01 1.960357855334814436e-01
8.659049461278101045e-02 -1.945870766419218745e-01
4.151853673992382809e-01 1.917354968774060975e-01
1.230061470890320141e-02 2.007850809662451441e-01
1.161093789435526658e-01 3.537088798155814118e-01
3.595453880700854032e-01 2.225658761463054081e-01
8.905321041720171138e-02 2.958448205488255489e-01
-3.753697197145640096e-01 2.536874060489323623e-01
4.892361062111514336e-01 2.221877605507862619e-01
-2.132173812934397006e-01 2.094196389147965354e-01
-4.897190545914619220e-01 2.040605172359981623e-01
-4.176381795997788915e-01 2.145606962208976842e-01
2.304465787502241181e-01 2.222005050001825133e-01
1.185394468551255187e-01 4.754584619212316454e-01
-1.383121524478447828e-02 2.142211755039071797e-01
3.365891831936506096e-01 2.304717963223135158e-01
3.178096588031871228e-01 2.609064424985890751e-01
5.621124597276105916e-02 2.343844109027477529e-01
-2.048572435865081420e-01 2.217172482933267297e-01
2.919945805501995562e-01 2.118747315029917422e-01
1.256254059772551335e-01 1.389733534079289345e-01
-3.766588884015487082e-03 2.231311443509793602e-01
1.416536496441292980e-01 2.634881706501041032e-01
-4.952072492844905582e-03 2.254904617867729000e-01
-7.830559903354106233e-02 2.190307916322731252e-01
-3.647401194048757178e-01 2.077556823686161902e-01
8.099632860176997351e-02 2.429063125887326313e-01
1.065602238780670730e-01 -1.751008553705899473e-01
1.553939616329662599e-01 2.484327689501156788e-01
9.979343019714226326e-02 3.208375230924342958e-01
1.877735966064835171e-01 2.410168698980227342e-01
8.820895191776101374e-02 -2.892211609993166066e-01
1.072688987597346655e-01 3.357698412990424153e-01
-3.449717770861155941e-01 2.079229883878782603e-01
-2.771843725846332429e-01 2.116271110246505938e-01
1.678600490772155229e-01 2.099006651220528541e-01
3.919905586664287345e-01 2.637044340408601917e-01
1.122130331111786949e-01 6.499817797451767909e-02
1.158766271984943419e-01 4.898659116891382892e-01
1.225491314082775007e-01 1.422033196394167920e-02
-3.787937788577175890e-01 2.400368526539996550e-01
1.123398458594770943e-01 -2.927913726599591371e-01
-2.740323470996196553e-01 2.408602359524180114e-01
3.276189739189689920e-01 2.143201846399449551e-01
1.065214044475853994e-01 -3.497578949409962945e-02
1.008194209024805277e-01 2.687508704066353671e-01
-3.917730007733535302e-01 2.485706680182711015e-01
1.025622194673845300e-01 1.530004762626924197e-02
2.360135894025428005e-01 2.314023793988567723e-01
8.465712594996521734e-02 4.212393718182770863e-01
1.179978418950705654e-01 2.207489891246338098e-01
1.221965170069381212e-01 -7.901706379455586404e-02
4.791434018575110310e-01 2.159400469687551283e-01
6.470538268971182116e-02 1.982721501685776877e-01
1.227519566998459544e-01 -1.344309124958658064e-01
-1.400368491292890427e-01 2.525369426710566412e-01
1.744767452503975802e-01 2.110514084827206371e-01
2.417366586990012944e-01 2.213963322733599748e-01
-1.073732995037895988e-01 2.043993817880357389e-01
1.190212301500619407e-01 -2.464042304702196429e-01
-3.213089395738834009e-01 2.218258623885062120e-01
-3.657261957917277151e-01 2.124829333732798364e-01
9.439236907645398578e-02 1.462055596698312865e-01
9.881916089283104832e-02 1.511921633192515602e-01
1.124529721828038120e-01 -2.212529833432539395e-01
3.960175731593279513e-01 2.138227790645315096e-01
-1.094169181164847959e-01 2.021506351774796650e-01
4.654069869364509948e-01 2.046399763316534282e-01
1.179176687186628270e-01 -1.717630539330237127e-01
-3.572027993994891792e-01 2.542334532213635923e-01
1.216304011466464718e-01 -7.171507765575901860e-02
1.014367254558400377e-01 3.200602813123151202e-01
-1.268226873550438727e-01 1.908185437892636616e-01
-3.395231255291524253e-01 2.394465986567321236e-01
1.010233604139604280e-01 1.441227769351872690e-01
1.028377214199995837e-01 1.967568119416812644e-01
1.097301853574236263e-01 -3.964615288760291456e-01
3.257964770317844927e-02 2.016518209193399747e-01
-2.455884809636057486e-01 2.515047332712875283e-01
-2.934850793574617089e-01 1.920169152413859770e-01
4.749425366903744505e-01 2.274146969323932455e-01
4.137202445662697681e-01 2.336394321485381065e-01
9.251561454653678407e-02 2.525427475540266142e-01
8.630420936698701695e-02 4.593491387873726017e-01
7.493173591763813146e-02 2.398258529533863204e-01
1.046994410486432603e-01 -4.902298066843221447e-01
3.635057594308931384e-01 2.411280678015041978e-01
9.554002589465226958e-02 -4.120770767383752364e-01
1.105581765771046499e-01 -2.635268638414474118e-01
8.771577064872737584e-02 1.684582290338773047e-01
9.148723208473319435e-02 -3.031693301470922419e-01
-1.213415763140557324e-02 2.189000758325643226e-01
8.466544959122601632e-02 2.224225675393597390e-01
1.108000308699464975e-01 -1.393823368714819377e-02
4.654963422883772184e-01 1.997728716154543172e-01
9.371867975246206406e-02 2.152810072535999986e-01
4.995306731676973921e-02 2.404082960270119695e-01
-2.968626655827865113e-01 2.101050497528780259e-01
-2.957404229436952914e-01 2.183327474190719375e-01
1.140834360638788292e-01 2.910873048999176316e-01
-1.166669676293686786e-01 2.388687384915371137e-01
1.038191720181667055e-01 -1.425590902420470485e-01
1.004159587271458154e-02 1.971819906387568544e-01
3.674777278409159242e-01 2.414548804691477590e-01
1.102172631838604921e-01 4.383489939383807821e-01
4.443216005119218215e-01 1.935046814652819913e-01
1.199412546263103341e-01 4.388437021184778963e-01
3.624380081532234676e-01 2.075823035711941156e-01
2.009502041611783696e-01 2.531021094569936292e-01
1.040889999477312422e-01 -4.800488515624874442e-01
2.052025111056944295e-01 2.016039050220091999e-01
1.170322545223375643e-01 -1.584646893047018112e-01
9.975023343584177304e-02 1.209663795830462352e-02
1.169408886592203656e-01 -4.697350992277553594e-01
1.880029770308916381e-01 2.528189015046244936e-01
1.020736235230290667e-01 -2.093977258939486719e-01
2.909254530062419519e-01 2.444284591796068717e-01
1.243190153727675717e-01 -1.194885412511879075e-01
1.229472343161737147e-01 3.258420807360163929e-01
1.113322205916256191e-01 -6.851958938404612010e-02
9.481320495634915080e-02 9.178849140818434726e-02
1.000789691100903989e-01 6.338380594377912569e-02
-2.381234592362053704e-01 2.083268540855941486e-01
1.170884061234417350e-01 -4.951506323427531386e-01
1.195750968865687547e-01 3.023707013232354024e-01
1.062382169310864821e-01 -2.062966608625546039e-01
2.284896253802937149e-01 2.508930304156516966e-01
4.698608909909953724e-01 2.348094423117653706e-01
2.287596574237830138e-01 2.370345951900139081e-01
-9.396527140371491171e-02 1.989348462544583418e-01
-3.809742032372178677e-01 2.221807538748388211e-01
-9.392487087439282956e-02 2.555446134924714841e-01
3.036550158233364272e-02 2.319811962401422401e-01
2.512695257173591656e-02 2.228472977597318883e-01
-1.508191264898823825e-01 2.055839799622493080e-01
4.914303192143882892e-01 1.914189760186687517e-01
9.635344745557328228e-02 1.897011250963344109e-01
-3.123772246893575799e-01 2.469819556391004145e-01
9.767629659095400374e-02 -2.793332227820204405e-01
1.132283318682908435e-01 3.859952318686687978e-01
3.446537190972243092e-02 2.316364607118842622e-01
6.768806710414909666e-03 2.201031955217899183e-01
1.168075939919128725e-01 -1.470283867079843487e-01
4.207124388442244900e-01 2.418569982561429299e-01
1.060655417050631044e-01 4.434172474556241639e-03
2.333320143368668997e-01 2.023353376104967127e-01
9.822298925771921763e-02 1.068142760676231706e-01
-1.907123881982278890e-01 2.056271559610521882e-01
-2.799819555979500274e-01 2.089237153361063193e-01
1.253022405500201497e-01 3.704842157716579099e-01
1.153515261319116858e-01 -4.370900748734694030e-01
4.369522129130205546e-01 2.538279061493012856e-01
-2.096294161432787906e-02 2.027578058633481284e-01
-8.299201071460760026e-02 1.931739505660861056e-01
-4.257275146997445692e-01 2.467425042179262062e-01
-9.518420747840672380e-02 2.225628425373218366e-01
-1.020419401508290136e-01 2.023920526433768963e-01
9.148760127842292533e-02 -3.404972633379903524e-01
-2.450344470605880787e-03 2.001646067747969715e-01
-4.633324280865225298e-01 2.406355441355730873e-01
-7.703467231984373331e-02 2.559922502523959142e-01
3.090731795654185765e-01 2.060589864533771687e-01
1.144968666693885195e-01 -6.684064894354779796e-02
2.315614186841650213e-01 1.950396576322906972e-01
-1.407048745253371980e-01 2.067259931974788634e-01
8.436061965653085526e-02 -2.561593538026846195e-01
-1.277778849329656019e-01 2.229252274410320478e-01
8.877997833495265834e-02 3.960355845757548288e-01
1.159090139743179648e-01 -2.284036426804270103e-01
9.653493176349503546e-02 3.161237051748165827e-01
1.922785909242985536e-01 2.036528536382682386e-01
1.010173307083733762e-01 3.088875589962124524e-01
8.539637846287329026e-02 -1.668369690327592414e-01
1.239270468292826832e-01 -2.604739868968934946e-01
-1.546073340339003677e-01 2.392052265023129065e-01
1.068925431889108379e-01 3.079264071964983307e-01
4.902380012117304453e-01 2.356906181677722589e-01
8.423997180179143562e-02 3.761304079473879458e-01
1.116461252801562720e-01 -1.960629528354036477e-01
-1.793072437067853020e-01 2.451155142540892840e-01
1.119514593767741983e-01 4.362490754080573518e-01
9.476182032679969502e-02 -3.025673817512887220e-01
-2.954581433528342682e-01 1.920069996948957636e-01
-6.999017258719031354e-02 2.508034699209387153e-01
9.760598503233486323e-02 3.801855182863195237e-01
9.469959320276533088e-02 -1.248148222575625743e-01
8.145391866328954844e-02 2.034186911267441555e-01
2.453660411301666899e-01 1.999771784884237791e-01
8.291451417175155214e-02 3.161081691914023883e-01
2.095562646138451335e-01 2.467549139636828759e-01
2.561738911501325600e-01 2.602588059255735997e-01
-2.893012480324934632e-01 1.913664340856524593e-01
-7.266643812804707281e-02 2.428269098531282699e-01
1.102274160549866489e-01 3.719976688132018428e-01
4.626109825247085583e-01 2.541828634805617382e-01
1.181924614885860869e-01 -3.337711881322324992e-02
-3.490753432800542955e-01 1.978238045787085175e-01
-1.764614314910417647e-02 2.366305917291903205e-01
1.017023380082776596e-01 4.428141751057101949e-03
4.654917300454194384e-01 2.297272974607796892e-01
-1.348028528874647414e-01 2.497396052390048471e-01
1.468811958106623905e-01 1.911787561655645673e-01
1.093072220500436176e-01 5.182184904922615409e-02
4.616706920361757227e-04 1.964874013779291939e-01
-4.790840752193895602e-01 2.257622601103348448e-01
8.819065288559568838e-02 1.185712090805290941e-02
1.174638447802034413e-01 -4.952086763080196796e-01
1.236017904713749838e-01 3.717366738453603547e-01
9.776090974372309006e-02 -4.963549497836989843e-01
-3.475206351694754003e-01 1.899596045235427688e-01
1.249922004636412343e-01 -8.597304777500880402e-02
4.472796532784220069e-01 2.612276680682829033e-01
1.137472784142556925e-01 2.172593877455405442e-01
