2.724506416832815914e-01 -1.101816013091688751e-01
-1.945650924822687200e-01 -1.386989569936701860e-01
7.985762871548440778e-02 -1.342168567972534809e-01
2.156061533692313903e-01 -1.250207360560846581e-01
5.344562409685327253e-02 -3.646719806550711152e-01
3.414906743689649637e-02 -2.124090266738550836e-01
-4.830278074546030531e-01 -1.075720462439251346e-01
2.885441814442890607e-02 -1.696147116005408684e-03
2.703941009096072490e-01 -1.072414107987726961e-01
5.100564470239865589e-02 4.817949283910269997e-01
4.859587998397152386e-02 1.320017682162695216e-01
9.287585577328028030e-02 -1.205396441165964561e-01
2.827444330893927882e-01 -1.332732551855680958e-01
-2.387430316672918273e-01 -1.154430437730613601e-01
-9.491899121710534182e-02 -1.280877853547086609e-01
2.803919426557976990e-02 1.236510732013264002e-01
5.201816961858807264e-02 2.944803297112631446e-01
2.691151762848853490e-02 -1.864578370268238361e-01
3.028452974925044394e-02 -2.949896390264767909e-01
4.196109530688452161e-02 -1.156984908923447408e-01
-2.042559591897523674e-01 -1.262836856482776327e-01
4.592519420220664284e-02 8.204166642316457203e-02
1.918195500764129369e-01 -1.186635838257896758e-01
1.808116907106999127e-01 -1.086455504756311807e-01
5.342721069764888586e-02 1.223464288238107489e-02
-4.593341286849009775e-01 -1.244629197855755542e-01
-3.028446354817232455e-01 -9.987066082703988101e-02
-4.435102961376999886e-01 -1.392646194291006223e-01
3.997080644976025443e-02 3.720488899289799978e-01
2.994036298698087295e-01 -1.356450366070318658e-01
4.522835748842001236e-01 -1.023491066745163547e-01
-8.069772138667763439e-02 -1.321715296835338505e-01
4.385266125922826497e-03 -1.184373309507216199e-01
-3.084833694677426852e-01 -1.196324247306811417e-01
-4.747465763450731124e-02 -1.225917706190114975e-01
1.869280801017767502e-01 -1.140174690918797085e-01
-2.717619593829543323e-01 -9.932835803088380100e-02
2.819028874544660113e-02 1.912497899109510957e-02
4.745580018536339484e-01 -1.350998990313778680e-01
4.637181979906968010e-02 3.746168539041416778e-01
1.271350446480566942e-01 -1.405762387237832201e-01
3.046331079514918994e-02 -3.814430976626096426e-01
-3.542686093005391612e-01 -1.200365970792797166e-01
1.908650577336989951e-02 -1.071477638467851490e-01
-1.013013558999764641e-02 -1.419165409437913583e-01
4.826867882526764131e-02 -3.975482183751565257e-01
-3.224975571429997689e-01 -9.663481469374923805e-02
7.236845378668133044e-02 -1.055069978138071241e-01
-4.758946044209813042e-01 -1.343053195181199699e-01
5.435248148662030765e-02 -4.993744205403386482e-01
-4.432718570271351188e-01 -1.315091839196504964e-01
4.086898343058997796e-02 1.035983719416864179e-01
-1.746095370354660004e-01 -1.316579506368962260e-01
-1.468272024607666371e-01 -1.223536927313481071e-01
4.540018111333521400e-02 7.094532480881554637e-02
4.819886936908945874e-01 -1.298354411169788669e-01
5.496642854810096512e-02 2.023411363893850012e-01
4.050455412126674481e-02 4.076208588476794015e-01
3.920607599333192361e-02 9.094281078658372763e-02
4.049503126332076874e-02 2.492818776758167765e-01
-3.571904935918525092e-01 -1.403228841404857707e-01
4.545875233386142966e-02 3.823826487264742058e-01
3.484014311031500277e-01 -1.371987660936458964e-01
-2.943880102930644949e-01 -1.085541428149225940e-01
1.258205201937498963e-01 -1.129027255150791831e-01
-2.915366081696889600e-01 -1.253806354886759511e-01
-9.723984358669113259e-02 -1.065018555943292311e-01
3.787268526512925781e-01 -1.110818069176040535e-01
-3.195798265455751519e-02 -1.138225004800885731e-01
-2.135822660440842569e-01 -1.269699248024285243e-01
-5.730530829987912078e-02 -1.256118947346268611e-01
-2.520288601187931077e-01 -9.722392095207510465e-02
3.960695918728251996e-02 1.216012799782989484e-01
4.467335768079250258e-02 2.673765852195270076e-01
-7.702525353229039418e-02 -1.168770973474242414e-01
-1.843011757076198354e-01 -1.261017797247871997e-01
-3.786813621431008858e-01 -1.399603960780114731e-01
3.287515906606519600e-02 -2.634827076224682818e-01
4.457346022868668989e-02 4.701160460706232946e-01
3.377037469861476904e-02 3.768788526984204745e-01
3.254213254206717032e-02 -3.217624413705791886e-01
3.190806519668087926e-02 2.758777830938454745e-01
4.467043638841872166e-02 1.882346017428968565e-01
6.534391107206038996e-02 -9.627652724486113200e-02
-2.070980813278266996e-02 -1.145906558162977928e-01
2.834988724656339887e-02 4.862065787815651463e-01
2.600717800195162521e-02 -2.254871518412675524e-01
2.626276427962237481e-02 -1.277438152344870792e-01
-3.167816491729746886e-01 -1.214312537326990293e-01
3.794521163213537829e-02 1.739450504085688909e-01
4.462304270898517222e-01 -1.183970590508909293e-01
-3.536263344265946351e-01 -1.039624968524638371e-01
5.538509320471829422e-02 7.934182977128911851e-02
1.989961227808662025e-01 -1.293481892821938262e-01
3.791042112977716094e-02 -3.888128186408510434e-01
-3.235648354437470342e-02 -1.332235247262694156e-01
-2.475016901171173123e-01 -1.169370997093522879e-01
-3.082111392831622387e-01 -1.060482740328572149e-01
2.068200541572943196e-01 -1.188683254515402465e-01
-4.692650693432243170e-02 -1.246561611065670760e-01
7.928822021258075115e-02 -1.225843746273782564e-01
-4.977904326227147180e-01 -1.318781877952642789e-01
3.074572861783042566e-02 -3.495857039012558731e-01
1.225576493056682592e-01 -1.342796363415302840e-01
4.519249937367331160e-02 2.962913896621081067e-01
-1.025192501879038653e-01 -1.051570823432209645e-01
3.038218084317667600e-02 -2.968768427072547844e-01
-2.408179325091859280e-01 -1.309134628218695529e-01
-2.574921639316629651e-01 -1.334531770713262011e-01
4.146538211581762834e-02 -1.045993361186507986e-01
5.418202795700111096e-02 4.093047298336444095e-01
-4.275539846503548791e-01 -9.850707493366839262e-02
3.207729004175163823e-02 -1.230670112137093319e-01
-3.650238974632319389e-01 -1.127471758389799739e-01
-5.388864927361247670e-02 -1.350455150372306123e-01
-4.134651820308031800e-01 -1.396347323333815282e-01
4.440800421385450170e-01 -1.048925602805772517e-01
2.668771051674134753e-02 -3.742458821419764048e-01
2.736648698366636046e-01 -1.123522568913430941e-01
-1.434632202793850730e-02 -1.216635017681324538e-01
3.522071940407167645e-02 4.258101867553004682e-01
2.878760414566761128e-02 3.851297922319876221e-01
-6.072932182147772195e-02 -1.144757966574535546e-01
-4.587381757520342385e-01 -9.698285871949452464e-02
2.770842816202379044e-02 4.241847291583450419e-01
3.425683048948091614e-02 -6.071000885260724456e-02
-6.979011130046985922e-02 -1.114154173293888661e-01
-4.558670173181960106e-01 -1.245672698618830454e-01
-3.031044073816375750e-01 -1.391757841904379678e-01
4.052479312574941428e-02 8.687371591829651241e-02
1.875821462390439009e-01 -1.221031559742736805e-01
3.311964288129859435e-01 -1.379472576334280776e-01
2.644046064858929235e-01 -1.163750899263934491e-01
3.085792584418277640e-01 -1.317834044582606445e-01
3.465777972931949336e-02 -2.603696409188716032e-01
4.686340531343036186e-02 -2.569407677712994831e-01
-1.265103248013977888e-01 -1.225995790607569136e-01
3.518733779148353058e-02 -2.818641475916590089e-01
-1.497071882386399322e-01 -1.089827113877891440e-01
2.226961728575251875e-01 -1.353621185384180636e-01
7.127178415898882680e-02 -1.085471239743132088e-01
4.730884699103882207e-01 -1.316391980666256067e-01
-1.424473993210191303e-01 -1.254878738106656177e-01
-1.380472585950881514e-01 -1.232017479734196508e-01
-4.015328984410749813e-01 -1.212137989554604722e-01
-3.831671662180266003e-01 -1.006628119665698984e-01
-1.781107561099704029e-01 -1.321735717195954285e-01
4.676822507420609343e-01 -1.035698654318026879e-01
4.949329207209789416e-01 -1.270553281931342537e-01
3.392722710939222175e-02 -2.784730184903980721e-01
2.664399586020615995e-02 2.008258564549786351e-01
-2.589137362144510179e-01 -1.179067662691071217e-01
4.143101938218907154e-02 -3.716505522488252611e-01
3.376001563527841753e-02 -1.214065716415042573e-01
4.900173045146249962e-02 3.872421355480821781e-01
5.119713546360815659e-02 3.866506376782212762e-01
-4.809169641501787051e-02 -1.319934474136008618e-01
-2.024083016425015646e-02 -1.319052031714480488e-01
8.719880846928429463e-02 -1.047814580769964588e-01
2.350662081072739662e-01 -1.021112724782522463e-01
3.281923464691871573e-02 1.529997575877022342e-01
1.594623613317385225e-01 -1.322113656709800189e-01
-9.610370342116225650e-02 -1.275689465743479190e-01
1.604948074093471844e-01 -1.268158438700186519e-01
2.472184143497702102e-02 -2.505757471236214062e-02
2.822926305385420331e-02 -2.101567763223447516e-01
2.168844331521524449e-02 -1.378638541083642144e-01
2.871046102775335340e-01 -1.222207713350600411e-01
2.998341079274458032e-02 1.838409031851808706e-01
5.367219663248601336e-02 -3.489173411211683451e-01
-4.668769235187693045e-01 -1.304027916356211847e-01
-1.474298097449656675e-01 -1.086282770935184105e-01
1.648516147198276771e-01 -1.400483508077747796e-01
3.500141313118687592e-02 3.098898994074109625e-01
-3.551865871235331262e-01 -9.559568660530126660e-02
-3.929323159032056534e-01 -1.022855145323068315e-01
3.272205995788336486e-01 -1.087102688703767139e-01
-3.420038389722001027e-01 -1.173910399936362037e-01
-1.013751578773528506e-01 -1.410479087315246183e-01
9.304694735788188176e-02 -1.223312509811119719e-01
2.961684756340345892e-01 -1.397778943303772392e-01
2.671787429410299453e-02 -7.148703634173714239e-02
3.683593576317001350e-01 -1.018873447072181637e-01
-4.550379102956723099e-01 -1.149079813145128526e-01
4.861090410223001257e-02 2.776899813959122776e-01
5.416398361562879682e-02 1.400153643500604561e-01
5.454302874088112763e-02 -1.156932290668868379e-01
-3.185888479787946093e-01 -1.402515237471670950e-01
-3.264467208474223225e-01 -1.051601769080982018e-01
-2.841467205313353839e-01 -1.262196554644877677e-01
5.033981408879739661e-02 -1.908422771083572167e-01
4.900016172841770157e-02 2.156745176731038605e-01
3.251903169223890888e-02 -2.050955461619572429e-01
3.724488953264104563e-02 7.417617455404090787e-02
-1.628556560414334831e-01 -1.050474465845174787e-01
2.081725791270970793e-01 -1.419857290299023633e-01
-2.624787806368213960e-01 -1.015702933823616760e-01
4.529392230314921441e-02 2.411497565576119495e-01
4.343692065677262626e-02 1.856402898841047477e-01
9.872675712681999727e-02 -9.651593853422069103e-02
3.938770018072486057e-01 -1.223869023170766068e-01
4.440168346448424286e-01 -1.401309447593627189e-01
-2.232284726261736241e-01 -1.057700110571229146e-01
4.055062294145295176e-02 -1.626036818554436048e-01
-2.758311007529352654e-01 -9.690242190708076020e-02
4.802191557723709536e-01 -1.234351770044831431e-01
3.853447849248825552e-02 2.714597990136081718e-01
2.987616061443165716e-02 -2.366022141632101450e-01
2.733509631643937787e-02 4.691791255604833566e-01
-4.989052717808893922e-01 -1.119353410433970852e-01
2.905968017057924957e-02 -2.487350250768420867e-01
3.337623554879820542e-02 -3.880455006677734353e-01
8.375268018384574020e-02 -1.165112203944144165e-01
-1.288310595735761011e-01 -1.208270359708110142e-01
2.719237408640562403e-02 4.341389511840254567e-02
2.973123301708884281e-01 -1.286734028336242730e-01
1.882624692801294630e-01 -1.126590640554157030e-01
3.735621819295729118e-01 -1.172197047760565880e-01
-4.140242617472976727e-01 -1.111579335050715267e-01
-1.427571079304276180e-01 -1.128242421836449516e-01
3.233383311213477995e-02 2.643569863213651727e-01
-1.943317328107784236e-01 -1.369816744710706802e-01
3.780033465091130473e-01 -1.204755139167568156e-01
-4.842585323450774304e-01 -1.136574856077261497e-01
4.010915730136597190e-01 -1.112884639776064999e-01
3.648566421928856052e-02 -1.507330677437899169e-01
3.580094285430065471e-01 -1.400860963575573104e-01
5.042615386794557786e-02 -2.801895746948741550e-01
-1.173359420285242649e-01 -1.362709975542866214e-01
3.339139276924196764e-02 4.010763800623367015e-01
-4.886347942242451614e-01 -1.210980335121505380e-01
-1.902008794130550795e-01 -9.990429172905079813e-02
1.021331954036396317e-01 -1.217586995031180175e-01
-2.130214500503617714e-01 -1.057553782639641948e-01
-7.483272473076663100e-02 -1.069792487058646158e-01
3.670135676108909895e-02 4.773775627278583622e-01
4.311837242566404216e-01 -1.189720250120985812e-01
4.892466455791166791e-02 6.899390307325381499e-02
2.436625442205542225e-02 2.225974836943187540e-01
-4.445708857710628514e-02 -1.275417578071003089e-01
-3.642284089674753256e-01 -1.412346908206316698e-01
-2.944232905088273178e-01 -1.160268987722726797e-01
5.483951805876796648e-02 -2.239997467534660114e-02
6.788445997282566147e-03 -1.047617442723371983e-01
5.330308570719377581e-02 -1.849987748169851232e-01
-1.777945965276168661e-01 -1.295934000476371972e-01
4.572904082747142329e-02 1.879863749815409157e-01
4.770209328045404984e-02 -4.340336538101325914e-01
-4.815539690537293804e-01 -1.260686075380265114e-01
2.514784376432854796e-02 3.148317661071253770e-01
2.437397362137172507e-02 1.134554576134833015e-01
5.011188407077582507e-02 -1.516851987719685102e-01
-2.777923895642095964e-01 -1.340921736983744506e-01
-4.151827814850173048e-02 -1.083188357538172886e-01
2.536217204825108595e-02 3.480892644240503042e-01
2.382176455623807865e-01 -1.226605406274354770e-01
3.419433607736810377e-02 -4.279520805303111963e-01
2.677377691400706361e-02 -3.189744502684732641e-02
5.290766304165217537e-02 4.631723718450992955e-01
-2.740507152214128883e-01 -1.414844867556326324e-01
-3.641413273317830601e-01 -1.374120350075728192e-01
-3.298816725409634554e-01 -1.195043332303933337e-01
4.491375517627049785e-02 3.271865961876520013e-01
-2.558702735608775480e-02 -1.036842967741320454e-01
1.965877395174047138e-01 -1.025504061018598367e-01
4.206410231271719979e-01 -1.333491094493034490e-01
3.265196671227464931e-01 -1.045364365717211808e-01
1.983104290695505423e-01 -1.342762389633809228e-01
-8.723010372137895985e-02 -9.614288278792881837e-02
4.888373206918639191e-02 1.837440296274636120e-01
-4.641326687257345540e-01 -1.361857212709363107e-01
-6.255170555225408879e-02 -1.059902222752169276e-01
4.315038153123784692e-02 -2.104406572733084069e-01
5.261109342008041256e-02 -2.263632814633790291e-01
5.371934656540044983e-02 -2.920289549953898334e-01
4.220867510674564116e-02 2.962460440765506409e-01
3.067349746735470450e-02 4.252363279858195622e-01
3.411884665475106715e-01 -1.124731475906639577e-01
3.434201624246946416e-02 1.760633310045511823e-01
-8.223300432454938580e-02 -1.127874357179389220e-01
4.374305031077219130e-02 8.413226334801859885e-02
-2.968447603206292307e-01 -1.338030328761313781e-01
1.878201166596347171e-01 -1.357353098306546269e-01
-4.046660316293694271e-01 -1.038911998979012985e-01
-4.704562634785869335e-01 -1.348114383221363788e-01
2.995013727719331165e-02 -9.797399939428752536e-02
-3.652298668637672385e-01 -1.204270545563070893e-01
2.846735313295822856e-02 1.842105146924341019e-01
2.951572893756393423e-02 -5.373883965885051239e-02
5.062288293860062183e-02 2.046452790745445505e-01
-4.904438198474936339e-02 -1.356308279408109385e-01
-1.741835234668265286e-02 -1.239508465542132898e-01
-2.184942996099601409e-01 -1.040790402685556337e-01
-4.186517983212486582e-01 -1.021403373027522932e-01
4.631804432006458860e-02 1.513703501239875848e-01
3.543015336590926712e-02 4.743547698709373872e-01
-2.442970999078127869e-01 -1.292188666951237241e-01
-3.585294114817172417e-02 -1.108296816319329636e-01
4.765757059538060503e-01 -1.076910121669343301e-01
-1.564153842303578346e-01 -1.171968755891608094e-01
-1.290476415793051501e-01 -1.083506786786881948e-01
3.133589913799728066e-02 2.819995729205835300e-01
3.191366343272187267e-01 -1.402639699220828984e-01
2.058070642471283573e-01 -1.235925527342022212e-01
-1.619104633449273134e-01 -1.414463808699462088e-01
5.545524245936805929e-02 -4.755661986910204586e-01
4.541912592903796231e-02 4.458623418820006901e-01
-2.043156313108303035e-01 -1.397681547424834969e-01
3.709360981717135797e-02 3.127281937925541211e-02
3.738005847924263936e-02 -3.478540482881314899e-01
4.816535460257830303e-01 -1.280175942927513910e-01
5.127768180770586604e-02 1.038674819159024487e-01
-9.695096017263327148e-02 -1.020927929889505759e-01
3.065952620787484317e-01 -1.058036051174393588e-01
-4.192041552023469952e-01 -1.330934883707955985e-01
-2.062145196104767653e-01 -1.267426687504804583e-01
3.809310607943450222e-02 -4.017340759138078310e-01
5.295472465407369267e-02 -9.199710647050418633e-02
-3.977780231380625420e-01 -1.394251897595288892e-01
2.456988824394413795e-01 -1.201984571945404756e-01
-4.660248598063166936e-01 -1.187441874481410808e-01
2.249672491829245446e-01 -1.081003170128876922e-01
-1.470363099721646583e-01 -1.355745859364068107e-01
5.156610550792528613e-02 1.156007757211154896e-01
3.589486353587589829e-02 -4.015339607972875369e-01
4.123126546426136851e-02 2.588670288461754065e-01
-3.825916912261869696e-01 -1.005367604948373961e-01
1.364718939709980150e-01 -9.641232280124978349e-02
3.714608354772008791e-02 3.423762149837327184e-01
2.547528810334240834e-01 -1.097283751689992481e-01
4.640392101664669866e-02 -3.454745397266778539e-02
-8.062515568468853200e-02 -1.337984023344257478e-01
1.759897067769210510e-01 -1.038540061650901070e-01
-8.695345012881583457e-02 -1.201147263832900158e-01
-4.935818714996720313e-01 -1.287397392261948603e-01
2.624989527448235993e-01 -1.144097837898272463e-01
4.473582554130994815e-02 -3.691239811598873155e-01
-1.005392602088451826e-01 -1.241260595110684761e-01
-3.123789516544828171e-01 -1.124202116664642093e-01
2.963794445345049322e-01 -1.127810907248643080e-01
3.129115114568137290e-02 1.209683610572501733e-01
-2.328176920323766774e-01 -1.377782052058224016e-01
3.772957816713184975e-02 -4.340247585910987915e-01
2.663196107415226610e-01 -1.235269160287321144e-01
3.077069784968811117e-02 4.952636703355431935e-01
-4.485320218143840076e-02 -1.233486193066573033e-01
4.225694839315385920e-02 -3.293739202971176505e-01
4.701753237643058192e-02 -1.052671090542260934e-01
2.015696665192217019e-01 -1.129302500870528192e-01
3.102869400200953809e-01 -1.156989300168950185e-01
-2.699982645898306721e-01 -1.194603328600996051e-01
2.002985381636319673e-01 -1.261092566521907488e-01
-2.200327332071595476e-01 -1.279049540822948527e-01
3.669518931419804009e-01 -9.958347967273417645e-02
3.528406734235500775e-02 -2.808724506430907430e-01
3.025809910053423035e-02 1.114383767852873408e-01
4.713687587305425142e-01 -1.231850612091052177e-01
1.664620401085975532e-01 -1.388166654719220627e-01
-4.356814898681119486e-01 -1.153834543141343261e-01
-1.365658695363038966e-01 -1.027363232637643620e-01
3.239268848426724023e-02 -1.305242972202125262e-02
3.676559483013552843e-02 -3.184641415490668814e-01
5.592944494743845585e-02 2.599166121673180951e-01
1.080098469502595027e-01 -1.300092042910312440e-01
2.939068995130811324e-02 2.467768394431462120e-01
-1.880535897479307383e-01 -1.101789406789732695e-01
2.704815586538178440e-02 -2.832124573841288129e-01
-4.034499608245628588e-01 -1.187207896195464629e-01
-3.094947097315137174e-02 -1.087563749781922384e-01
3.375185041495731841e-02 -3.718946296990406353e-01
3.724179320921494618e-02 3.216875288742959693e-02
1.531566099058389030e-01 -1.271811164960766627e-01
3.001167072347635800e-01 -1.083161456730847849e-01
5.862511082620491809e-02 -9.596263002776628248e-02
4.628657663414603718e-02 4.461474841321896312e-01
-2.224831731397808321e-01 -1.152294557329536229e-01
2.397088279141473821e-01 -1.061935447392408083e-01
4.923008548418852381e-01 -1.182626961893556983e-01
1.761106852308517157e-01 -1.208623506842280149e-01
4.071062634746818176e-01 -1.389169761918438439e-01
-4.023113035697121198e-01 -1.170420626560724209e-01
3.611933960909097241e-02 -4.045630812936054088e-01
4.023303086809411067e-01 -1.391363967790523182e-01
3.622117722352691249e-02 -4.454830476170131837e-01
3.437244360965978629e-01 -1.245552626591103218e-01
3.633378995882661222e-01 -1.311430890787624870e-01
2.193374790550366438e-01 -1.005976719309426004e-01
5.531503028016326873e-02 -3.733384671277698574e-01
3.122114365586703411e-02 -3.295144233756763796e-01
3.129542785380823311e-02 -3.960554839055417942e-01
