-4.846361263009711928e-01 -6.528737728160882714e-02
2.082793215805091025e-01 -5.129047575591716424e-02
2.708200372823585944e-01 -5.837775388586796677e-02
3.854042127583701127e-02 -5.959819934797483398e-02
1.445765481208317604e-01 -5.666422177209606836e-02
5.053638707037533262e-02 -2.370655699289158092e-01
4.719172217447109574e-01 -4.847264971592413207e-02
5.754571011929188185e-02 -4.522590454199849619e-01
3.845634470424041940e-02 -1.349271665851785595e-01
4.248563376673808456e-02 1.669067825083418999e-01
3.891234411220456657e-02 -2.040808736452310868e-01
7.895907201829055477e-02 -7.200469507746831699e-02
5.494774782744338282e-02 3.876920473695438796e-01
1.394003320959492642e-01 -4.501236751376069822e-02
-4.980516637633698451e-01 -5.733193182827578394e-02
6.172099629490490624e-02 -2.855029590059249278e-01
-1.835884070774913557e-01 -4.643235220925023832e-02
4.043306804950841382e-02 -2.091650993603373365e-01
3.087057048825524452e-01 -5.194394932224644101e-02
4.931380308104216237e-02 -3.091980457950990191e-01
-3.622552308486008954e-01 -4.621367834094780580e-02
3.861858335787397012e-01 -5.573347172197962163e-02
5.697047000047239518e-02 2.996511261679343230e-01
1.237476665860769431e-01 -4.373265886421295878e-02
-2.638209190788669556e-01 -5.868121845986784546e-02
3.421782054560329467e-02 -1.987949589174641263e-01
8.910928879598767338e-02 -5.245190532432464359e-02
3.651552441665948390e-01 -6.326870594035804984e-02
3.980914575375726905e-02 -1.381081278858120598e-02
4.706787898505282453e-02 -3.567695261767261927e-01
3.498165456152902975e-01 -7.038535706293824745e-02
-3.324572086508019719e-01 -5.686171501336667600e-02
-3.839873186831389562e-01 -7.016176535897522548e-02
-6.764336474537757660e-02 -6.661805672399567779e-02
5.230750886445945103e-02 -3.716665312884764871e-01
9.687120210530408837e-02 -4.415649255762177372e-02
5.634719165527368734e-02 -2.938047660472246081e-01
-2.174963000261370683e-01 -4.129042394778859038e-02
6.659929462209590589e-02 1.225233197572911381e-01
5.259575877246480680e-02 -1.408670194591251645e-01
6.423748968882514454e-02 -1.129070755029790707e-01
5.524187887208265035e-02 8.737455186390241657e-02
-3.304261260558394309e-02 -5.241013154323892476e-02
5.897351664195027432e-02 1.819180853050769153e-01
1.350611819564728755e-02 -4.060509875833639981e-02
3.808524343551189517e-02 4.175402062888876609e-01
6.092157983022394863e-02 3.049608415207072376e-03
4.804746674977944387e-02 -4.339385586208301948e-01
3.897060909677818596e-02 -3.317391264612064017e-01
3.927283222048406630e-01 -4.730953619889566308e-02
5.211518762718558850e-02 -1.537330634431856025e-01
4.102754469304648044e-02 4.895102931384475164e-01
6.616275674278093710e-02 -7.218856692934039199e-02
4.778684202908856093e-02 3.531464771169283701e-01
-1.219064947560267731e-01 -5.959389251726909809e-02
4.192447502555551875e-02 -2.948114270032681228e-01
4.390958799828570402e-02 -6.509197688831225292e-02
3.479653014990495841e-01 -5.773060077836178472e-02
4.011524167150659625e-02 3.312913995165307490e-01
-4.276783013898640684e-01 -6.629743883043237584e-02
-4.514020860490437492e-01 -5.801715229852966171e-02
-2.175152140716624105e-01 -6.111977669934776092e-02
3.527454921037642688e-02 3.888969014751273434e-01
6.432290749632196825e-02 -2.335128326374695806e-01
4.846660926110624157e-02 1.902070047353906501e-01
6.098595429229836107e-02 1.899551901062170867e-01
-1.985996231716360416e-01 -7.193974172111405885e-02
6.714837922633110079e-02 4.913054230165149194e-01
5.411346459950461263e-02 1.859423851301097441e-01
-1.915050638014050843e-01 -4.211231945971150026e-02
2.093894462243989230e-01 -4.691163202928694265e-02
5.804255698126203900e-02 -5.451165894776277554e-02
4.192860534944686801e-02 -1.548909134889583372e-01
3.593789710909522928e-02 -1.961874754322588954e-01
5.092394138345290866e-02 -4.339590552785037580e-01
4.340079969494026191e-02 -1.571326408438866729e-01
-1.296267323015168893e-01 -4.681769271778635222e-02
4.493153742957867181e-02 5.599488286248999191e-02
5.909304866496289943e-02 -2.731099175541377155e-01
4.686656694009883051e-02 -6.208111716323094775e-02
4.802515644691018881e-02 2.650213692301915946e-01
-4.922317649558931585e-01 -4.106653417523065119e-02
8.606041843049427875e-02 -6.968232117790040814e-02
2.527460710861388904e-01 -5.353556724090458019e-02
5.986655651548289381e-02 -1.296858951791213244e-03
6.100463289801871802e-02 5.091834128006944571e-02
3.503347051314604776e-01 -5.448240122381542427e-02
5.048678488957503152e-02 -2.745242078650893536e-01
-4.144655931458918197e-01 -4.017437532116052701e-02
5.537468901437170299e-02 4.171665549443026588e-02
4.730600733491896470e-02 -2.844594457980660351e-01
1.046306053716002937e-01 -6.699337500728363981e-02
4.734187272382328615e-02 -1.373705221345614680e-01
2.228117215574904053e-01 -4.472165172872066830e-02
-1.332310642553140578e-01 -4.504178759815147259e-02
2.622491021816847345e-01 -5.232425483480196426e-02
8.276508302925067451e-02 -5.823619195797591352e-02
1.487175474625761495e-01 -6.454336074181177274e-02
-8.639266149749225132e-02 -6.410972800530656546e-02
-3.194718960991840273e-01 -4.516511404656942119e-02
-6.385278043019759764e-02 -4.971440205809596335e-02
5.581762874007822894e-02 -2.616765026773457681e-01
5.154175467111499209e-02 -3.848286548578127020e-01
4.306353374895399710e-02 -2.790240003579159689e-01
5.745968633589815244e-02 -4.533212870371275960e-01
6.545209179585520509e-02 -1.964694886065402324e-01
6.596691689815747939e-02 2.518286941342415819e-01
4.030086350066119927e-02 1.640676817923392150e-01
3.678679091585490557e-02 3.848519065844508980e-01
2.582822925686373283e-01 -4.999787346679707145e-02
3.726957622560600480e-02 -6.041536475146047636e-03
2.518853253605146669e-01 -4.545971787852454149e-02
4.769352703110141256e-02 -1.439132689543211052e-01
-5.318866587192538908e-02 -5.901514449913303206e-02
4.082347633258442965e-02 7.574025377829407546e-02
4.442228573598461239e-02 2.924742879172221866e-01
-2.114183870071548732e-01 -4.748391271139207337e-02
-4.572711119384964551e-01 -5.500118856839275594e-02
6.598726788464759352e-02 -3.898899561263285962e-01
4.617843394832743531e-02 5.244420459808762924e-02
1.300714283629278434e-01 -7.244891697355548832e-02
6.645943689297417745e-02 3.009062661835500974e-01
4.662388969849384779e-02 -4.930713796791885706e-01
6.031284509598289212e-02 3.116670870546212058e-02
6.172090943835295551e-02 -3.587229082608333064e-01
1.508972922120732640e-01 -4.073322067413198688e-02
3.459093351731334920e-02 -2.308945593330257173e-01
4.994171148886472622e-02 -5.240559893995655472e-02
3.982011147257868977e-02 -2.435480461249975859e-01
4.169238917257045429e-02 -3.455912513563057509e-01
6.748548518346331182e-02 1.218540695430551102e-01
-2.469773512744829480e-01 -5.636898464748107962e-02
6.645179116999055946e-02 2.431619372836072435e-01
5.349324258323440162e-02 -7.909283796389177112e-02
6.006304874891355006e-02 -3.748836520453158183e-02
5.799542119599654377e-02 1.142536230026619526e-01
1.245092614318260571e-01 -4.827503739354721546e-02
5.177943297723131000e-02 3.573303704352792654e-01
-2.585620380732819301e-01 -3.917181078970566332e-02
4.909936442866648099e-01 -3.975870267360148702e-02
1.802574426531122764e-01 -4.765765334054961055e-02
-2.894703583575712891e-01 -4.205769918070345614e-02
1.030758337482720055e-01 -4.740889540982473616e-02
3.441764769655533129e-01 -7.085920837662151861e-02
3.951974260873764022e-01 -7.093295986266434650e-02
7.025650172518316250e-02 -6.334880937582376692e-02
6.519102255123732093e-02 -4.314489471803575338e-01
-5.309778954827393260e-02 -4.310507074157376994e-02
3.481463628099404906e-01 -5.161859021717640772e-02
3.399473440319653594e-01 -4.316928771553318889e-02
-5.334545410980195967e-02 -5.075927486247200360e-02
5.391430560059318200e-02 -4.867031463881896780e-01
4.885406151619076098e-02 -4.699631721959464103e-01
5.285675752345220246e-02 2.630378992543260797e-01
-1.516842100836190976e-01 -5.458746765141575530e-02
5.174422867339822929e-02 4.869288802677294026e-01
4.629016679688470193e-01 -3.867515572047364181e-02
4.447730512003367220e-02 -8.699987908962092398e-03
5.364620344729209567e-02 -3.459194890144768886e-01
3.653637793615795992e-01 -5.977145340616996094e-02
3.603912381445673052e-02 -1.406842122799856210e-02
-2.149713011848171096e-01 -6.385676894725278441e-02
9.873306547766214081e-02 -6.025465362562654192e-02
4.061306004045051044e-02 3.288746696770937783e-01
3.965072020867577152e-02 -5.106393827240840455e-02
1.667638683081638096e-01 -6.457721599771348853e-02
5.414658480144396435e-02 -7.695501996116516086e-02
2.647303540719958548e-02 -4.423773330007396698e-02
3.729690564688292742e-02 -3.027891616876664527e-01
3.829556293184654958e-02 -9.085332340889196168e-02
6.379439514404106060e-02 -2.259813153279982556e-01
4.311663257688536088e-02 -4.817534657172942714e-01
6.349688373557260679e-02 -3.321499865806553098e-01
3.911864078392890409e-02 2.642391745956895743e-02
-2.106996223846856475e-01 -5.567316197415861367e-02
6.450967355268233394e-02 -3.646550632101696054e-01
4.926258709807226355e-01 -3.920772972102848364e-02
4.305199062086907391e-01 -5.830225411733169771e-02
5.010790832635358960e-02 -4.879732848060107653e-01
1.945996373766923915e-01 -5.250373947249997730e-02
2.273572905035581293e-01 -7.013451325003772219e-02
3.428114776287105592e-02 3.824372093110783855e-01
6.436120215799434607e-02 3.775629357370199335e-01
4.283754972310269693e-01 -5.076177592762021185e-02
4.210522435484698178e-02 1.664244940366543801e-01
6.141440882041870886e-02 7.263951386321176873e-02
1.918558544810217148e-01 -7.027580077052697494e-02
3.654673153273613195e-02 2.469720363623650883e-02
4.803979868861323332e-01 -4.224595459225832794e-02
4.483943045795713012e-02 4.014370169542399447e-01
7.260969290773300333e-02 -6.536100657780574696e-02
-4.700535862208736759e-01 -3.914392355541140844e-02
-2.757319080295860259e-01 -6.249281742273349316e-02
5.790523437777983506e-02 1.936275533612407118e-01
2.509590073573735314e-01 -6.561190314945275492e-02
3.311191004903232260e-01 -5.204936220862321772e-02
5.859564125552352287e-02 3.738569612446295265e-01
6.771663764203450508e-02 7.367023775080216996e-02
-1.800998561745782434e-01 -5.795038026200449721e-02
6.389225174613444302e-02 3.418001245810822208e-01
1.134222803133849711e-01 -4.178506321819330793e-02
4.780591870330792581e-01 -4.711218714218523562e-02
4.372505309074670166e-02 -3.722049244584912930e-02
-1.053578082801165383e-02 -5.258293792740176276e-02
1.880964294851072971e-02 -4.630722126242270420e-02
4.725625620625228951e-02 4.040405464045526696e-02
-1.954197529617416329e-01 -6.887460533155598252e-02
3.491049109159560793e-02 3.793967614284377010e-01
5.572553793191159510e-02 3.332011305475303109e-01
6.682128724917002494e-02 -2.934448732530573478e-01
-7.231682836007835569e-03 -5.997541341202239362e-02
-1.169684984059227162e-03 -4.914786702929729856e-02
5.393389684219784819e-02 1.535791433261995964e-01
4.566805634687809423e-02 -2.677469395928413487e-01
2.124741635842716247e-01 -5.944513998610001515e-02
-3.561886561866908218e-01 -5.482863384366265525e-02
-2.039249963238853880e-01 -6.102317407756885359e-02
5.828453554440371498e-02 -1.439418123638469549e-02
4.302085216902407083e-02 -1.462935150437717491e-01
4.268372062173857451e-01 -5.900392219248429271e-02
4.583040251933220288e-01 -6.487733346788338018e-02
3.740103660648885775e-02 -7.757881828414048275e-02
-3.964293230156075154e-01 -6.424805220357676649e-02
9.999945345880589809e-02 -6.524369726433343342e-02
3.838662216480126510e-02 6.304609615009038048e-02
6.284081980496047937e-02 -2.373746771588489679e-01
6.444520078281656961e-02 4.727108259135646140e-01
4.143353303158525680e-02 -4.722082936424707444e-01
4.339323137728514634e-01 -4.138108848208754686e-02
6.182121604310963914e-02 2.385006358790136005e-01
-9.941811587779358916e-02 -4.866677436969923942e-02
5.152328666146432923e-02 5.965271466905841535e-02
-4.241869745120446789e-01 -6.893533814785579583e-02
3.843778900378636010e-02 -3.226489069493718720e-01
-9.373468288544573035e-03 -6.199878201691766400e-02
3.620598280558610105e-01 -5.802702568204087807e-02
2.072101120465078550e-01 -4.577189599162745370e-02
6.527580833816626349e-02 2.881730294124973391e-01
6.357880393144621500e-02 8.060326780159043913e-02
4.183422818119852948e-02 -2.225350554840703765e-01
3.479346597417511955e-01 -5.365713776516467526e-02
6.458119106325921344e-02 3.349200651403989593e-01
-2.259004573811876915e-01 -3.941695444558090955e-02
5.255102620611107334e-02 -1.551985489883672686e-01
3.286288507984350682e-01 -5.588232977971374638e-02
-7.754356882303370391e-02 -5.790086318166109969e-02
5.397117585766897374e-02 4.276247320703409072e-01
4.353242798517631407e-02 3.869164067749913949e-01
-1.312226561981977291e-02 -6.682051226562901736e-02
6.066599010408990633e-02 -1.161565248137088613e-01
6.291575246776015540e-02 4.021635190129860815e-01
4.648773298060894232e-01 -3.882039992750141444e-02
-1.562178485889079704e-01 -6.932922257766926943e-02
1.933202531698559046e-01 -5.622162548494613610e-02
-2.826031299302057542e-01 -4.168946241200510716e-02
-1.147782907094838656e-01 -5.792119903235015688e-02
3.657009085994600284e-02 4.703344643351149434e-01
3.969829427586690773e-02 8.848847003551452151e-02
3.616238579904940131e-01 -3.915543347369332405e-02
3.370816135640191114e-01 -7.226645903698569740e-02
-4.686716450763313002e-01 -5.268803281612022271e-02
3.467851690656476027e-02 1.558606564554165796e-02
4.567047274272750812e-02 -1.084433179098232003e-04
-8.302079372871984386e-02 -5.033363422732295422e-02
1.251141211108274254e-01 -6.612026563822082093e-02
3.756812922772911900e-02 1.076946237320616229e-01
-3.293070017653899617e-01 -5.646558503292986586e-02
3.710193197759660277e-01 -3.851164488176272993e-02
6.264543206887462912e-02 -1.634231718261645039e-01
-1.673813711664757786e-01 -6.202978651360102624e-02
3.543087483116846848e-02 2.069512079559632234e-01
-4.796645596641152531e-01 -4.323755752526248219e-02
-1.302915177189883922e-01 -3.949185520475650968e-02
6.547259980149666703e-02 1.192858697252974221e-02
4.808936842241506859e-02 -2.412703877128136165e-01
-4.349134129818034156e-01 -4.950039075634837804e-02
2.040308964583972262e-01 -5.565152858068611597e-02
6.625171932970630451e-02 3.220769934766954945e-01
3.465803898113095638e-02 1.406941181938706764e-01
4.590239743369262104e-02 2.259542501199677256e-01
6.561537627493996272e-02 -6.775276071273472756e-02
-2.422270948858644690e-01 -6.975689231655846090e-02
-3.122186818232297600e-01 -5.317618751547492639e-02
4.029550876049792230e-02 -2.713977933034117385e-01
3.036786029469235038e-01 -7.095814156904389769e-02
-5.669641013952608777e-02 -5.429279636261774566e-02
-4.875740270273417609e-01 -6.768155423630251022e-02
4.524614932156334479e-02 2.285766240389184301e-01
-4.470918480437680032e-02 -7.175466098622940159e-02
4.497363046624420768e-01 -7.076309499896760169e-02
-6.088467442810652219e-02 -7.177860116069434415e-02
7.690937225788041509e-02 -7.001166947736892077e-02
6.693581683035354501e-02 -2.806303735816827460e-01
6.058608995032510602e-02 3.619442945460760175e-01
-4.003731619806835118e-01 -6.351807951410548547e-02
5.970363086906083083e-02 4.642841831229561622e-01
4.011750661791124717e-02 1.225496475086227388e-01
5.128350897571087863e-02 3.284177252075394238e-01
-2.423514540758695546e-01 -3.885767505863479965e-02
4.048598102691903788e-01 -6.089719864879417077e-02
4.273440249640148014e-02 5.025333860509151318e-02
4.353861436539874230e-02 1.725388684930738714e-01
4.601984675716319639e-02 3.533463924457923566e-01
4.024259677738861729e-02 3.307167761983527132e-01
4.428241206512519845e-01 -6.496873341006259572e-02
5.824900186694481619e-02 -2.848290605479733006e-01
3.474049444730864522e-02 -3.919906190776889510e-01
2.084507954964843757e-01 -3.874378976160997023e-02
9.029998490761070862e-02 -5.543513169414282515e-02
4.343876556160530811e-02 -4.630248676001400554e-01
3.906761889887777617e-02 -1.053779519368169826e-02
3.813874368209106969e-01 -4.951032868177418500e-02
5.236440785081730720e-02 1.062485840256249814e-01
6.581193849624411563e-02 -7.420683721595378035e-02
5.185338069169309616e-02 3.911855926033086517e-01
-1.428448230404344432e-02 -6.305501349626208007e-02
-1.463354722380656447e-01 -5.714080032433033196e-02
-3.109182426730399129e-01 -6.167270040644667883e-02
5.786067500526514973e-02 2.991609793373946058e-01
4.635830219151071407e-02 2.477187635582748237e-01
1.438855833464863787e-01 -5.688784414528080813e-02
5.427694803239879739e-02 -2.415200471181024877e-01
6.512545718907236658e-02 4.862267070927711599e-01
-7.686528207128684453e-02 -4.580869093760564503e-02
-3.387355396045691469e-01 -7.200646375641628349e-02
4.689871823039082344e-02 3.746522028168015606e-01
3.507912996203903511e-01 -3.841515982678600505e-02
5.286930210275730957e-02 3.537367032039727688e-01
6.601794319273202039e-02 -3.627819614065472820e-01
4.691601150683577526e-02 1.148485909715146747e-02
