3.294650529228582148e-02 -1.723397244325453048e-02
4.744317528781216708e-01 -2.459012628599555050e-02
2.268720724680198808e-01 1.376434742419996304e-03
1.704356670058271295e-02 -2.048248775420113965e-02
4.185086623904465952e-02 -1.682382701264062419e-01
6.113572959828939002e-02 2.349377924109576909e-01
4.285790445254433756e-02 -9.668772164895000909e-02
2.079391692278695913e-01 -2.563755238214249221e-02
-1.896580593760600619e-01 -8.601803970327615012e-03
4.028426040289702081e-01 -1.399737565480374535e-02
2.611303968973781586e-01 -6.076418435069119717e-03
5.526563672303397290e-02 4.767973336777231452e-02
-3.662010806051032574e-01 -1.785812670662467738e-03
-5.606129767328049684e-02 -2.649926867892959947e-02
4.603821415776954140e-02 -3.550306785365273665e-01
4.589609438249953044e-02 -4.440528393339679969e-01
7.131524092614738297e-02 -4.405812812662376343e-01
4.954198062481980358e-01 -2.281210688691504007e-02
-3.985395869494859911e-01 -2.693708463380872775e-02
3.974595738228300368e-01 -1.029424019809743740e-02
6.928258521656971425e-02 4.046356331123840411e-01
6.291350564750364249e-02 3.445922612800977891e-01
4.950681056598794649e-01 -6.287639161292268852e-03
5.370692801599608046e-02 3.757041932476170576e-01
5.623480646417811091e-02 3.245073358128325314e-01
-8.771760348678514507e-02 -3.626939097608361529e-03
-6.640534784658758127e-02 -7.710652352069025106e-03
4.530587658850437904e-02 -4.568735980865499258e-01
6.381419104270913412e-02 1.192794117527036235e-01
-4.060807133892652132e-01 6.594802585114800664e-04
3.878205916750064874e-01 -8.170315955810081299e-03
-3.406778199728308643e-01 -1.317030122325291153e-02
-2.868217269582299389e-01 -1.082296595978426978e-02
7.580065258577128873e-02 4.636867239386572859e-01
6.307408693549210188e-02 4.864719766255185540e-01
6.314879004480700164e-02 -3.524573656314730075e-01
-4.437636386958044854e-01 -7.895122176298730032e-03
1.306528209425089626e-01 9.647017340416175202e-04
4.197329469546762226e-02 -3.275911553059606129e-01
2.620458333970461240e-01 -1.224525032000578495e-02
4.844329010370862498e-02 1.300516871022031617e-01
4.525385012495197756e-02 2.885195444406195575e-01
4.412467120124730080e-02 -1.938649159800854838e-01
-1.217212032502101859e-01 -9.970733988477253895e-03
-9.595313677349748271e-02 -2.633122242457341944e-02
6.277065791289948571e-02 -4.618069201460742734e-01
7.312416234334961906e-02 1.120771874907859900e-01
4.348396082418781727e-02 -2.910720252412645204e-01
-4.646443462931004742e-02 -2.489498267366896389e-02
6.941642037115669517e-02 -3.086690938967954212e-01
4.328760390614294629e-02 3.801820921150349530e-01
1.291624436598187708e-01 -1.164893402231381714e-02
6.150595978973805167e-02 2.782551236914773130e-01
1.269654106745440325e-01 -2.223014104744513997e-02
1.653246069916446404e-01 -2.502759415341615501e-02
5.802092243884415801e-02 -1.778678111120501892e-02
4.823575374839184082e-02 1.404782767346048900e-01
4.554443339392033607e-02 1.433776164944474685e-01
7.399775158300170297e-02 3.823207146863415451e-01
6.594629510429106389e-02 -2.702210821263415497e-01
2.236266605943053598e-01 -1.268464666970581245e-02
5.956434892089457200e-02 2.701784359008596592e-02
-2.511622215679176762e-02 -7.427621257667382793e-04
4.617886654223202214e-02 -3.910482456476342961e-01
4.405300076622620242e-02 3.628058410930818933e-01
7.365498278763704665e-02 3.120063109460690098e-01
-4.573825033383759342e-01 1.771478406561888264e-03
-1.681310492737412288e-01 -7.497041232240375663e-03
5.046122265181607336e-02 3.588359054293304151e-01
6.089384616754556223e-02 -4.414219624923302332e-01
6.235904338708297967e-02 3.950058085938090713e-02
-2.463083180300257302e-01 -1.940453791646568060e-02
5.469180566307718649e-02 -5.227304893194628654e-02
7.240697353876035525e-02 -1.390606486402129471e-01
4.517001558014377416e-03 -1.786497960238464522e-02
7.482838053000695488e-02 -2.974813701730488757e-01
3.124575202557138276e-01 -2.221467170857749363e-02
5.810189590005754301e-02 3.480585296901281822e-01
-4.143348653245524371e-01 1.389442801133067285e-03
2.589452538066795428e-01 -2.423390858572438411e-02
3.110810177550065170e-01 -2.275355758382213711e-02
-1.014240842245437424e-01 -1.607254087599285786e-02
7.279399844251732699e-02 -3.245894959604161967e-01
7.514063252761660205e-02 1.519460586289725912e-01
-4.183968031935434428e-01 -1.747075984071122523e-02
-3.434583755193955090e-01 -8.634540944457480549e-03
2.102130126227624851e-01 -2.854555986347317997e-03
6.342030361091000046e-02 2.218170384874776913e-01
7.046791846734934417e-02 2.842691245188133653e-01
9.387033338463524057e-02 -1.571106884981798846e-02
6.700708567197266596e-02 -1.415437929349926405e-01
5.056702977573890312e-02 -1.360854691137157735e-01
-4.408095032912642264e-01 -3.550457493459613367e-03
4.119953310693225124e-02 2.447748664901149285e-01
-3.051412513369824442e-01 -1.956351747236129146e-02
5.147615033659214134e-02 -1.554458076176914449e-01
4.567558371705715548e-02 4.270044505712907723e-01
-2.172383806596213107e-01 -1.843109355391947535e-02
-8.499812868394995835e-02 -5.392162524311405747e-04
5.842253339195202511e-02 4.485100273754808464e-01
-2.071159305646347315e-01 1.685993518460215945e-03
5.593931053917788887e-02 1.118418226280246675e-01
-7.752371609871411273e-02 -4.090217121979433657e-03
4.397238812674564290e-02 -2.370883168105548666e-01
7.576637232013438972e-02 4.177071482162036942e-01
6.120061339701821090e-02 1.800803949686832217e-01
7.136258541747275697e-02 -4.572210021485907383e-01
5.937097994339424201e-02 3.501339816042771114e-01
6.494098997257924388e-02 4.981969131977461718e-01
3.614241970571235862e-01 -2.047364737997214856e-02
7.276218930233313564e-02 -2.143956325175165878e-01
-2.226694675288166669e-01 -1.778857418498369647e-02
5.078760320883857204e-02 -1.167950434301258111e-01
-3.930872882458154027e-01 -8.371160741536987082e-03
6.210080875414114576e-02 1.745711540303034326e-01
-1.921928480623358304e-02 -1.033446821859784759e-02
4.276347170902550232e-02 4.231660487126803760e-01
6.926070507067449977e-02 -3.873817757689146379e-01
-4.389026705149554619e-01 -1.565842249200088965e-03
6.662388481150782749e-02 4.218507974400802496e-01
-2.808976928950925878e-01 -1.952377410467709407e-02
4.856166945604700746e-02 -1.670930344401677647e-01
4.234276631753541853e-02 -3.152529829636532277e-01
3.737172225172579187e-01 -6.342602585800105608e-03
1.153422818553923035e-01 -2.098801419724805051e-02
5.821458941347634752e-02 2.647398027264814546e-01
-6.631764867232048388e-04 -1.593006637213745247e-02
7.296842864359187608e-02 -2.684434643619645344e-01
4.305982441669053973e-02 7.731539121537134296e-02
4.291179748731299703e-02 -4.335022077236417859e-01
7.137943172879823717e-02 1.662166994710893020e-01
6.405368032535119216e-02 -4.189641213426205102e-01
3.608426214587495684e-01 -1.345518547726298753e-02
1.774134403749291211e-01 -2.292601690009288262e-02
5.489504060275851582e-02 -4.843677154321017753e-01
4.977011399805297831e-02 2.049614753646504806e-01
4.612182102347087698e-01 -1.843453319180510253e-02
4.551769540885253207e-02 -3.623999537137270188e-01
3.542334925913540600e-01 -9.695115371957996331e-03
4.628871894094432893e-02 -6.952297110720828677e-02
4.698252713134876135e-02 -1.659206537724335906e-01
6.867237230745626420e-02 1.701293169800599525e-01
7.375379652582458867e-02 -4.082081370013579402e-02
6.400771678417027655e-02 3.052091120263489277e-02
3.558507899975482669e-01 -4.671485787984819282e-03
7.551104136977593306e-02 2.973171392874744967e-01
4.856240326319016809e-02 1.406555097388413333e-01
-8.927289207293376272e-02 -1.094348941296141575e-02
4.811454972317974477e-02 -3.741263552638981471e-01
7.082916208188339002e-02 5.240338327124582918e-02
5.894382686248900161e-02 1.150616698445072750e-01
7.018335744790948905e-02 1.235071829045696346e-01
7.211757613733937866e-02 -4.837238560015774125e-01
4.471407638113911176e-02 3.575033752402867471e-03
-1.293242520711590515e-02 2.163280280045976056e-03
5.962634249934528619e-02 -2.523810452677794913e-01
4.546989681268365224e-02 -1.767034711698427518e-01
-1.091491714079309006e-01 -6.040079781252094548e-03
-3.963776400927634391e-01 -1.720901954627251929e-02
4.705089861424127662e-02 4.436992421821639443e-01
4.199258216876311511e-02 -4.435343882449351849e-01
5.223159169736035778e-02 -3.311923200054082139e-01
6.461774868989178522e-02 1.635912519401886422e-01
3.013339704156403620e-03 -1.948005308652467349e-03
-2.204290096242171870e-01 -2.415432517209936680e-02
-3.860135979663171790e-01 -1.678261056181962196e-02
6.802980946065495527e-02 -1.985513439613445508e-01
4.784580752574074669e-02 -4.222908432711808269e-01
-1.093060085637125312e-01 -9.179020916133762142e-03
-4.374793009961736034e-01 -6.536419831623119236e-04
7.574961643603483896e-02 1.573082797153319001e-01
3.107897714183844862e-01 -9.683838957066370767e-03
-8.540341886015589967e-02 -6.699037203890978454e-03
6.518703399726710757e-02 -6.515989923453069377e-02
4.931949240321564787e-02 3.807503135265875027e-01
1.073221859953336077e-01 -2.397385980815325279e-02
-3.784471478035211778e-02 3.856401666847419918e-04
4.964770361910514351e-01 -7.154427400927310110e-03
-1.017118108446161129e-01 -1.544030179624100718e-02
7.580864677340226621e-02 4.404488364376567544e-01
6.787235055773033210e-02 4.090151492719494852e-01
4.912080202490819447e-01 -2.113912539463835838e-02
-3.578083941650526123e-01 -2.546982554718490999e-02
4.348276184167487735e-02 4.635828560976672508e-01
6.592460859891213776e-02 4.688022602422708962e-01
7.295299722704606804e-02 -3.079416247060876577e-01
7.160391250598641122e-02 -2.468807605416800666e-02
7.206572783445663877e-02 -4.681511164522381696e-01
4.549925979176439039e-02 3.987106319445463676e-01
3.105769903680414279e-01 -2.293919560934787327e-02
5.009730846115012515e-02 -6.035383770322777508e-02
-5.825835993910943866e-02 -1.590325316205765116e-02
6.337669803973733362e-02 3.003253571690973622e-01
4.178965457573358133e-02 1.663110548015963586e-01
6.055669086218384844e-02 2.063464665559489042e-01
1.996773044584384538e-01 -1.596205077581813736e-02
-2.452710657116892179e-01 -1.535552868199940857e-02
-3.937224117522764022e-02 -2.588479294826873112e-02
-5.421386555390239614e-02 -1.105171337199495341e-02
4.974157781770083275e-02 -1.001327818323548557e-01
4.835841099883486649e-02 9.972279186545418561e-03
-9.922113705656221416e-02 -1.949309374206786849e-02
7.109720854937751078e-02 -9.326399404121832326e-03
6.528776594138574474e-02 -9.767988287955242654e-02
4.582494479474996663e-02 3.039033377799439384e-01
5.488712312363808188e-02 1.619693263776744718e-02
3.651846762591288709e-01 -2.402762120950141522e-03
1.296639108590171841e-01 -1.057141230951574862e-03
-4.151286181366222738e-01 -2.603710517216872855e-02
2.747525793555138929e-01 -2.071864762182018538e-04
-4.133509867181611730e-01 -1.961129994596511050e-02
7.232039897599673584e-02 -3.732746491982933401e-01
7.304385997337581315e-02 2.622987865145176567e-02
3.753465140470870764e-01 -5.756715514577348536e-03
7.421775234909422370e-02 -2.373762447405234344e-01
2.917932377122178789e-02 -1.321808718848849207e-02
-4.267053576267882953e-01 -9.061363522670062842e-03
5.879799116959583127e-02 -4.316411215084657860e-01
-1.829597392352600993e-01 -1.608540094302113310e-02
5.819571378997812072e-02 2.644383705712919364e-01
6.198682118753529036e-02 2.021131061008103469e-01
4.878881601648310529e-02 -2.573920331423663610e-01
5.870834680734526856e-02 2.433660289927366271e-01
-4.500467281328458524e-01 -1.743600950488832790e-02
3.093184633168487574e-01 -2.586549658076320313e-02
5.444336376657454846e-02 4.142901520471240495e-01
-4.383627054758290065e-01 -1.691069052223326263e-02
2.097356214268655261e-01 -7.537955861826595161e-03
6.294763959803062470e-02 -7.462012842961640580e-02
4.129164607295598977e-02 2.450359945160032193e-01
-4.842793072568708501e-01 -1.960992428406460597e-02
6.455542889086207659e-02 -2.157747108453961227e-01
4.993532374153808462e-02 4.105559249687618095e-01
7.382747450520954491e-02 -5.276551115339900289e-02
4.896995174454499278e-02 4.796644626809472012e-01
6.508850605401594880e-02 5.443912294089547910e-02
7.273869428562962369e-02 4.795058988764282493e-01
4.233064594140767412e-02 -4.362127051833128988e-01
-2.710812058490682519e-01 -2.511231615216813484e-02
4.190932006253089703e-02 -3.196418190200401854e-01
5.155356985476489129e-02 4.246086067912324680e-03
1.690913796271955594e-01 2.215321400337422197e-03
7.325698384489076620e-02 4.725733553524125163e-01
-4.142351061936904166e-01 -6.108044025911585351e-03
5.509196513371183990e-02 -4.660312777183711619e-01
-2.952963265722419184e-02 -1.062699744681527836e-02
3.927423523808841743e-01 -2.087682275734237258e-02
7.031241645317698463e-02 -3.447285697558906126e-01
1.870884793589484563e-01 -1.861085501668402475e-02
4.408705245425192931e-02 4.794753469913742849e-01
4.870336822482189687e-01 -5.298427783908765676e-03
-1.159332082297899191e-01 -2.060118161014146132e-02
7.032031674941563448e-02 -1.039705559016147474e-01
6.030829764735745613e-02 4.825450759123448563e-01
3.880176759130982145e-01 -2.480591303088797162e-02
-3.334655668870751821e-01 -2.126405956868748781e-02
2.766972755146741569e-01 -2.023949834394200842e-02
9.292247867392500194e-02 -2.550552851063325743e-02
7.255693664894791173e-02 3.869547725418487349e-02
-4.405170986553132995e-01 -5.404810969567463985e-03
5.635726181428635240e-02 -2.723594804619643428e-01
4.806516319727471842e-02 4.008069873824968710e-01
-4.319049117311304364e-01 -1.572493335546831794e-02
7.006722147021393621e-02 1.757530430293074986e-02
6.341388389983382279e-02 3.839614879692050398e-01
1.557028991660314166e-01 2.112681702065022371e-03
6.026839100287895157e-02 1.121143225616502148e-01
5.213768759672587905e-02 -2.635271611989838947e-01
5.496984651780190134e-02 -4.491900943044131456e-01
-3.896385216448189359e-01 1.335294897604977216e-03
6.115263072735011018e-02 1.805896765713299601e-02
4.362630169977455008e-02 -2.258640528387645396e-03
-1.880545267107148755e-01 -1.522261317113082768e-03
5.417877141599614088e-02 4.146667181637445632e-01
5.928335301277576352e-02 -2.214520556682582075e-01
5.737687830299964542e-02 -2.266161039362505347e-01
5.877921293209509290e-02 4.682808240659854793e-01
4.186876842303639545e-01 -2.354539995343796210e-02
-5.372336959441847970e-02 -2.547683054953797654e-02
2.857640288042555543e-01 -4.760339149655568036e-03
-4.346425225693189009e-01 -2.558043342156335331e-02
4.721100545991692155e-01 -1.800760273118040544e-03
7.085802764332638226e-02 1.528866145284082378e-01
6.476698198918673377e-02 -2.013944785135649562e-01
2.200362986896903239e-01 2.490645571429528360e-03
7.388260438089633286e-02 3.816367517814035493e-01
7.208730253833040003e-02 8.993614319929077450e-02
5.186426032452717827e-02 -4.775607468026762392e-01
7.500667136671912427e-02 -1.630827899260132163e-01
6.554718289662797570e-02 4.412918328753915320e-01
-3.051624797791174792e-01 -1.937492752532732343e-02
5.437888551192615605e-02 7.347905721250302946e-02
6.418673352210402250e-02 2.556932041072553785e-01
-3.236927706129469895e-01 2.848597732950652883e-03
2.544041135001517961e-02 -7.633137500713926826e-03
4.268876542215438441e-02 -1.725869070443594167e-01
5.236060564780997684e-02 2.968652547342174319e-01
-1.832010705558082542e-01 -7.133671605748070910e-03
4.686771736398265276e-02 5.736474116463752271e-02
-1.811433719489607963e-01 -1.253637583159472602e-02
5.666172771442201661e-02 2.601217864072812302e-01
7.267888134602329409e-02 6.242725314853336815e-02
1.058817010856601959e-01 -4.184491895928066363e-03
-2.454105778335591292e-02 -1.803067373288502750e-03
4.894525139289274129e-02 1.129975358859884871e-01
6.100850468909657653e-02 -2.137446884232221400e-01
6.670989610885957877e-02 3.552281601824366364e-01
-1.806264580601706360e-01 -2.076702945536745837e-02
3.482781923565959614e-01 -1.152748647758106149e-02
6.944192777448354725e-02 3.573080472342580194e-01
4.223918728692988012e-02 -4.890640981391947140e-02
4.234757742673567193e-02 3.698463208710657257e-01
6.574501794469878035e-02 4.729302473499579218e-01
6.465982544989090641e-02 -4.945029345690278300e-01
-2.229685714312111822e-01 -6.348993138104885858e-03
4.326952920599247410e-02 1.763362259279200872e-01
4.734044387966155343e-01 -2.895096975562672093e-03
