4.861174815590206810e-01 9.535413399705439108e-02
7.008867002326313322e-02 2.052435612385759001e-01
-4.974601908960517571e-01 1.049224378134222535e-01
2.575174273371967359e-01 1.103629767287125363e-01
1.390701725640647313e-01 8.426708159175444468e-02
-9.855328576839339494e-02 9.818565877444129786e-02
4.852822410536602460e-01 8.768032768401390342e-02
-4.085267257715242684e-01 7.988898486462747695e-02
4.960031608042536622e-02 8.558710167050620488e-02
1.268521855107483942e-01 1.001212667622984887e-01
1.079994732948563740e-01 7.836770662627057238e-02
8.803328566429591273e-02 -2.739308249398104689e-01
3.743257742876241467e-01 8.576683621388958567e-02
-2.368173551962375889e-01 1.034194579001871395e-01
6.960106642174701541e-02 3.027545789850183411e-02
7.881245841723205636e-02 2.488877433374899750e-01
5.235827409681503841e-02 7.235912905191799194e-02
-4.444048802143920618e-01 7.566205105954815213e-02
1.057717344594527598e-01 8.432323619564874306e-02
7.875563281373987312e-02 4.944463454308959394e-01
6.273185802799718935e-02 1.492550690142813163e-02
7.632510488238608559e-02 -6.451385584320434852e-02
-4.085387414357666280e-02 7.244887830307666921e-02
6.766889634878892057e-02 -1.276189955885215221e-01
-2.512647556534876037e-01 9.614801773364234361e-02
9.021815592229376346e-02 4.933111977445656660e-01
8.213210008068760892e-02 -6.014591825888038201e-04
-2.506714434752085330e-01 1.067827107859049551e-01
8.283573638349583934e-02 -3.443808016248603998e-01
-7.668454085480436166e-02 9.955669572054637317e-02
-3.401772795145889816e-01 7.866391645834946988e-02
5.881620072289339696e-02 4.416686875924146216e-01
5.960408574106357271e-02 -8.187701180889805919e-02
2.269425796235624571e-02 9.160656986603876728e-02
3.467048147050526552e-01 1.096399865784063454e-01
3.215377220449147089e-01 7.267633059486644509e-02
-3.147528225836146998e-01 8.633962990878352173e-02
-1.729026482369946383e-01 8.564381616403182740e-02
1.096579977925647986e-01 7.630422293002547818e-02
-1.248547363558260015e-01 8.314003504862366167e-02
7.262534684660504336e-02 -2.197326311454365078e-01
6.032854582791102871e-02 -4.275380453597553698e-01
7.667079778610985663e-02 -9.969074459822424572e-02
8.492188479612006180e-02 -3.888826578201511897e-01
6.682933367477672526e-02 -5.845057961104693778e-02
4.454448738336737046e-01 1.063141893654933057e-01
8.425324614982765414e-02 -3.339556806872944206e-01
5.637313587207126719e-02 9.557507145840826723e-02
6.165879991593103959e-02 3.099481689773305737e-01
7.646602051690187807e-02 3.694601509481629797e-01
1.560246154119226958e-01 8.340506001997149976e-02
8.495514333193765477e-02 3.121585966190312256e-01
8.667855986004768809e-02 3.820805485185221340e-01
6.893260286523761327e-02 4.675511345174565569e-01
8.699844351832786149e-02 -3.305955739450928688e-01
3.316328035017762632e-01 1.053281097559038981e-01
4.145268626123731481e-01 7.210267960500282847e-02
8.023844861521967076e-02 -6.021943005112195824e-02
7.025032015476939673e-02 1.608322546573370815e-02
7.597340898297433309e-02 1.299237221763838157e-03
-3.758281494846134052e-01 7.172406748698390011e-02
-2.322826414552611185e-01 9.507529234590172962e-02
-6.310438473812196580e-02 1.052593187489140325e-01
2.065545953684295721e-01 1.078833248784654142e-01
6.495188771913440462e-02 1.317955862401495315e-01
9.302517466723891904e-02 -1.284263225354030924e-01
5.922591257238385420e-02 -3.450290478255437776e-01
6.279424326386873201e-02 2.320388267070816468e-02
6.058101135586613228e-02 -3.820567284223939097e-01
4.209941475629492835e-01 1.046716570769588017e-01
3.746868849951592306e-01 8.893701254725860927e-02
9.165420284176561960e-02 -3.119528640052743329e-01
1.469217823299274750e-01 9.786833817901019472e-02
6.785378352616955322e-02 -2.936652988096913885e-01
1.533126848639219109e-01 7.561340002835392760e-02
8.004199236091513736e-02 -1.134822839433884401e-01
7.882504046539873244e-02 4.667661087044370216e-01
3.981069882237241453e-01 8.444465275867152343e-02
5.944966227039538698e-02 -4.277138344746684862e-01
6.211696028281010751e-02 -1.310083850238730196e-02
3.008400512450325470e-01 7.581695763184748138e-02
4.093510654354547418e-01 7.743070640588400888e-02
6.177164731147333221e-02 -2.010892621303436156e-01
6.121006952316154770e-02 4.517180155039106637e-01
8.431727309002978732e-02 2.590122462812104454e-01
-1.340507832850382774e-01 1.060235502702886468e-01
8.812980472605891347e-02 -1.327381257629416389e-01
4.885680490683657062e-01 7.735659960927143697e-02
4.971885939850257952e-01 1.027002387228248548e-01
4.608222115041414879e-01 8.759350415212219243e-02
-3.932199637379025781e-01 7.426134845636844783e-02
5.877410722105247398e-02 -4.353836776559710797e-01
8.177267451904934870e-02 2.870609738999851945e-02
7.778805245088404874e-02 4.880253675964432158e-01
7.562214648501486280e-02 -3.966652689044480873e-02
-2.395051143348996270e-01 7.473423736498940873e-02
5.896158297682807525e-02 -3.911175719373023441e-01
5.314157306855460394e-02 1.055015291591882010e-01
1.547047285464935307e-01 7.352960065778524346e-02
6.253058249400877955e-02 3.748208176963832017e-01
3.747430901060175845e-01 8.476399921747945765e-02
4.566172449901827468e-01 7.215656168962270023e-02
-4.100101427216884531e-02 9.785287666737985113e-02
8.264964593090806666e-02 1.066015342627449902e-01
6.370545467359467473e-02 2.661696245790639015e-01
8.640150962196080364e-02 -2.334496905021966606e-01
8.045825858620048177e-02 -2.371401065629141769e-01
5.541644632510711599e-02 9.035140884316161802e-02
-6.894642600614153682e-02 1.022514032336759859e-01
7.272533929328750535e-02 -6.190575750522087084e-02
2.590657801859029830e-01 7.713260027573476396e-02
-4.356981930373690082e-01 8.601623873862829228e-02
1.874229297577272302e-01 1.089799376773085138e-01
-2.473904147496629458e-01 7.460361701819151481e-02
9.577167298315947264e-02 -4.371058783055601360e-01
9.423058230862468854e-02 -3.637083599211105023e-01
7.837662461855399165e-02 -1.767679282811049912e-01
1.144600604415586531e-01 7.852167469341586603e-02
6.280986910386920918e-02 1.819322482195229185e-01
7.691920993909584503e-02 2.538857860843407588e-01
-3.447398742354604861e-01 9.218743424578923484e-02
7.804150107900131861e-02 3.363034746391656560e-01
7.894606106752588559e-02 3.465782891167699109e-01
-2.238409331773751898e-01 9.473804119220541331e-02
-4.543529575414948507e-01 7.323969543729613729e-02
-3.228470832611742836e-01 7.164361628274662497e-02
6.127179106295865818e-02 -4.769818167100359219e-01
9.029474253285418861e-02 -2.715267377507761815e-01
6.321372977443173724e-02 4.424710242996180432e-01
7.896818077791523116e-02 -3.998369844467506429e-01
7.275842973200585817e-02 8.708739009065991077e-02
-1.949850202727064774e-01 7.521496229276680712e-02
9.478695725132413319e-02 -3.151654222358544200e-01
-2.748381732763905960e-01 9.066462940925001934e-02
-4.383854713708578155e-01 9.225108079331534316e-02
4.399117426985431623e-01 1.015937703682849858e-01
1.054185954050267382e-01 9.304193420042528029e-02
8.944670382886688031e-02 7.510402899983803504e-02
8.176715307079829298e-02 4.709185923801703089e-01
-1.919722224993100079e-01 7.275435452282708049e-02
6.545216399863929002e-02 1.807649582819205181e-01
8.496310712476418114e-02 4.693383181109207491e-01
8.197438733853623649e-02 -1.155370212546298347e-01
-1.339295898933479112e-01 9.389956270883725864e-02
-1.864429539700217520e-01 8.060363535543879632e-02
-4.058324670125501576e-02 7.831408343334633759e-02
-4.075863419240084440e-01 7.876673506627629440e-02
7.335632695618987675e-02 -2.654277724175569952e-01
1.194663099020798480e-02 8.894212752764951713e-02
2.969480121973177011e-01 7.684389499899946241e-02
-1.170194990080998254e-01 9.019852536942385424e-02
1.918563107003440349e-01 7.596001070919389253e-02
7.867905845526690367e-02 -3.599312675985690824e-01
3.079153946227530803e-02 7.866862018235842857e-02
6.332101999605688203e-02 -4.217316314465694438e-01
9.154807732656600194e-02 -2.920274752665550366e-01
6.482867913923462400e-02 -3.696655111112259195e-01
6.018601110240751062e-02 -3.478514811223409886e-01
7.379038230734313863e-02 4.448019023465781263e-01
-1.291790908392509429e-02 1.016572582749881715e-01
-8.423344196127613426e-02 7.159849048774780123e-02
-1.911054512474605893e-01 7.367875854922578682e-02
7.276220288061463481e-02 -4.664990535293481733e-01
3.872256544739688389e-01 7.363571332891383214e-02
8.452433612857246370e-02 6.407879634440716288e-02
-3.363802347171478413e-01 7.037685994204789797e-02
2.347376531156484258e-01 9.602242667120985953e-02
8.948239745521768818e-02 4.734109110880345694e-01
-1.485008982428269730e-01 1.012615547418841411e-01
6.356746371674648621e-02 -3.117554775220209295e-01
4.909697019094304560e-01 7.436632133550247215e-02
7.824964260191891174e-02 6.872444090070928269e-03
2.284750425913353311e-01 7.346657241711174180e-02
6.833897682723844014e-02 -4.130132324865050109e-01
-2.473832633879199383e-01 9.046294979074820386e-02
-1.047535342389492863e-01 8.078077592149246478e-02
4.122594033710501593e-01 1.010326104427337057e-01
6.622519544105953671e-02 4.161047043884779084e-01
8.095018510734897088e-02 3.356770497708696510e-01
-3.620280219585442216e-01 8.948425582018171287e-02
-3.037471599799510535e-01 9.799169621007552955e-02
4.959006536165146972e-01 1.074711385177696821e-01
7.197951828032611576e-02 -8.382398379889222095e-02
7.390950432111742519e-02 1.865310656537997325e-01
7.269507245497364156e-02 1.605434059335486552e-01
-2.786433226039586319e-02 7.964976089386999192e-02
-3.257700190438016508e-01 7.698364849826389023e-02
-6.554236182704220592e-02 7.526817304768562700e-02
-1.705358284143104752e-01 9.708699016875421695e-02
3.235075629403431074e-01 9.751911096698107073e-02
6.504917052093595053e-02 -3.003522783350449643e-01
2.297431963727595283e-01 1.021237621043326049e-01
8.461226542660904570e-02 -2.947273513766078823e-01
-2.768092666813590785e-01 9.183671833212270208e-02
7.494089494164768439e-02 -4.752824347973627628e-02
1.378947201090645613e-01 8.475443982485986183e-02
8.282266951080152761e-02 -4.629559217465850640e-01
-3.892406943210909853e-01 7.845427406719995833e-02
1.313496994452656441e-01 9.577379092059412624e-02
-3.393055986261707124e-01 1.097704360381416278e-01
8.811859953444556304e-02 -3.024250732907307615e-01
-4.075414588732551024e-02 7.451749621950165547e-02
2.138235492582751807e-02 1.070949689807683125e-01
1.310295023978206297e-01 1.062269313010566485e-01
3.680117904861042177e-01 9.856015062076739497e-02
2.591734585969219795e-01 9.729235763252197522e-02
8.541154206348444689e-02 4.771517098702010573e-01
6.746409565803779262e-02 -2.481513406264030941e-01
5.914961480100011659e-02 -1.210053171012150930e-01
3.720831942069813270e-02 8.812546231246154438e-02
6.974202728020617581e-02 -9.532407450768953794e-02
7.365989032842967799e-02 1.787962970855249134e-01
7.868058906334918223e-02 4.159801848193099838e-01
6.882803106802104498e-02 3.626595144993183251e-01
9.247153120555373640e-02 2.884200765848867754e-01
-4.371982672095376943e-01 1.031149372965388666e-01
7.015466684569637845e-02 -2.081276497389961122e-02
9.655698299139903185e-02 -3.985048764532472809e-02
6.135479449950675956e-02 2.907017315717803640e-01
3.949882085534011100e-01 1.048064787878909554e-01
6.452979790577473285e-02 -2.520901524548627703e-01
8.272211611761803862e-02 -4.917677443898321732e-01
7.089516303977583256e-02 2.669889864758611120e-01
2.031938518627175450e-01 9.945882130927796716e-02
4.380689272683171431e-01 7.464464080472610341e-02
7.416848437168388486e-02 -4.303830832689437003e-01
1.425304426562183924e-01 7.303000165269035726e-02
6.899915397229294811e-02 1.911722067766202793e-01
-1.031922375711858963e-01 9.190564536085854552e-02
-4.218548693032063701e-01 9.114737481344081793e-02
-3.450290581748286511e-01 8.593013979928099122e-02
4.051483546020029358e-02 9.191641073811451790e-02
2.382044063129216127e-01 8.633379829413989626e-02
6.172800257168720162e-02 4.130866184072705671e-01
7.569006831654490064e-02 2.437666311613018166e-03
-9.978686192324326409e-02 1.002857209242894454e-01
6.255002729427405761e-02 1.963024968854240049e-01
8.925054820620814677e-02 2.216752217442174988e-02
-7.998222037400859463e-02 7.144329675248750622e-02
8.182145790386086137e-02 6.863319478827634157e-02
6.094822108331088284e-02 -1.083959808017068704e-01
-1.319564363526192219e-01 9.585220917685577380e-02
3.033770594549616284e-01 7.456716483019409925e-02
6.763593684395174943e-02 4.348405301460067651e-01
4.424194936703694792e-01 1.013607177969396700e-01
6.028897374546793309e-02 -3.667340080384970946e-01
1.001229594344176244e-01 9.514431074873119787e-02
-1.704934901605760222e-01 7.348290859885697746e-02
7.582004997994207240e-02 3.643188206371612559e-01
3.192535866937096234e-02 9.199262330387858455e-02
3.523120676664496242e-01 1.017954924100160641e-01
7.556029910151096374e-02 -4.648887890630692965e-01
3.540686935714162376e-01 1.069483644168924830e-01
9.588386073033372536e-02 7.745430839515787813e-02
-4.954378073650385073e-01 9.434173784715005340e-02
9.219034132744385879e-02 3.325434965547092725e-01
3.962606357779899779e-01 1.049980530808130030e-01
2.828897437733601805e-01 8.082852013325947382e-02
8.527745370958561555e-02 1.029012093174536124e-01
8.249865151796076379e-02 3.189371112961388866e-01
3.001193009633096320e-02 7.575036176113358888e-02
6.221123265609540542e-02 -3.346830964191889191e-01
6.027189185833858875e-02 3.377997138401884758e-01
6.498555841601239003e-02 -9.074954397735757183e-02
3.025935609117220704e-01 8.207496666544256136e-02
-9.024154487307001204e-02 7.184712438698548365e-02
4.384462448068768836e-01 7.775878853036344296e-02
9.694476194463008678e-02 7.716846680458222529e-02
6.823421111876193379e-02 -4.530607909859496463e-01
9.025374447627176888e-02 3.828882744933301829e-01
-1.059663985572175671e-01 8.063765792484212103e-02
-2.975080059982468939e-01 9.064657267523135165e-02
7.419526486199345960e-02 3.422427230670654907e-01
-3.290118334093514729e-01 8.445887091287695991e-02
-1.644492167037503449e-02 1.013158769424211680e-01
6.627421691934853865e-02 -4.035869941751570877e-01
9.446058421278569206e-02 -1.263129691049965642e-01
7.171436245042706048e-02 4.285858201010905866e-02
-4.667135156485207048e-01 1.074074734252521424e-01
2.643975216957351604e-01 8.520016408955433107e-02
3.494503005671901752e-01 7.856520173225722825e-02
1.667394578462335630e-01 7.665709597009706666e-02
3.483734718825737264e-02 7.741319277280511724e-02
7.167920937341387688e-02 -4.253521765665809751e-01
6.710894260362842978e-02 -4.126824537725639619e-01
9.406174699318492483e-02 9.217329992896172719e-02
2.847852150260636872e-01 9.281808140921510297e-02
6.929063668265844633e-02 1.378026004224450762e-01
9.604810848743772222e-02 1.270090295196392161e-01
2.499962736177809841e-01 8.037851226068504218e-02
-2.996907887128230641e-01 8.095589992495955123e-02
2.650366728135111760e-02 9.349051140756248213e-02
3.876036571541504605e-01 1.094300648366457462e-01
-5.800324400333889407e-02 7.806576613874860460e-02
-2.482225973398390906e-01 1.058639269909492642e-01
-3.850697114044970837e-01 1.077469049192087969e-01
-4.494905108708703301e-01 8.658332028680015835e-02
8.577631592358114787e-02 -4.578915093970685746e-01
4.058431156608682810e-01 7.530815522841660670e-02
1.181952785845350462e-01 1.010286619667728480e-01
3.740481861585188694e-01 1.017425862357856925e-01
9.057001551268384354e-02 -3.315461647015509605e-01
-4.172557244693536616e-01 9.861171479605423951e-02
4.342046623552057172e-01 9.153982704657015468e-02
7.659894350785168005e-02 -3.852370551563965018e-01
-4.159783676327581947e-01 9.317890093393466078e-02
7.904257262185787614e-02 -6.577213910112444939e-02
-3.769607974906660219e-01 1.001014031593808751e-01
7.847750930475139164e-02 -3.070861056406917200e-01
4.372345961633199440e-01 8.062188857034202627e-02
3.193565355823290153e-01 7.293861543118651536e-02
8.678115778288042481e-02 4.812746264049779787e-01
4.629154966603266086e-01 9.605682151862637852e-02
9.560073101820787400e-02 4.370040886563265614e-01
9.099712835261142274e-02 4.813441617396244654e-01
-6.273727693675923422e-02 1.055271373525833445e-01
-1.256317081368760746e-01 7.196511160934093709e-02
-7.375694032037638515e-02 7.194543965302524491e-02
-3.665720666074762102e-01 8.148305970747649063e-02
8.225234578470552727e-02 -3.349479979531899687e-01
8.620212175344532657e-02 3.798131674489090281e-01
5.930117073262974881e-02 -4.859612029354464235e-01
6.358999370592910427e-02 4.689234821962050548e-01
-3.757923680414998469e-01 9.813937718096166218e-02
-4.083583480929412479e-01 7.909931810497117244e-02
4.183207857237053462e-01 8.650026228531448869e-02
-1.474037915924431008e-01 9.722651433621742889e-02
-3.744050840024134574e-01 8.124104990293479212e-02
3.868021381948392179e-01 1.084178256324517253e-01
3.606416408144237362e-01 1.039552213596718344e-01
6.555472303340392770e-02 -5.961532009359893358e-02
6.505730594117986598e-02 -4.034416652459886787e-01
-3.940130256082968740e-01 9.054524415201248289e-02
-1.844384379489445447e-01 9.172804209598839353e-02
-4.649533288373763895e-01 9.051854585458019020e-02
4.444577764380471807e-01 9.564896033943981468e-02
-4.124015577623192375e-01 7.024359151514414368e-02
-4.263448513655804240e-01 9.286202930895703922e-02
-3.172842199132205332e-01 7.243185013805353289e-02
3.795494786397903830e-01 9.595308952890280185e-02
2.065548750169424741e-01 8.368240929608516954e-02
6.359240782460728880e-02 -3.836661914759377234e-01
-6.701990351447606464e-02 9.117739518761369677e-02
8.753155312607829863e-02 -3.391332907904581750e-01
1.847942617719389169e-02 7.951478256509436626e-02
9.182304299944521464e-02 3.909545275008319276e-01
5.985459630912226547e-02 2.432097482216044604e-01
4.296723078872602963e-01 1.060186131995987102e-01
-4.383502557695049262e-01 8.091070915210663017e-02
9.365470129085506912e-02 -2.646575251161542575e-02
8.269512891916874775e-02 -7.871616039691320399e-02
9.521099746074934700e-02 2.888946859540461043e-01
2.926034999058587660e-01 9.547731232752099118e-02
9.368042995383618621e-02 3.196980405778603318e-01
9.263132401275953054e-02 -3.765706342180492605e-01
-1.033638833786598710e-01 1.048067125983956904e-01
4.845746889723008266e-01 9.450652581529495055e-02
-2.333930759772601116e-01 9.413172890307086593e-02
7.750937716385464249e-02 5.257822617814489341e-03
2.380404712725709970e-01 9.770270325017804680e-02
3.056895931912294584e-01 8.745044002825430596e-02
8.084096739085311345e-02 -2.195375696361301365e-02
6.152920248663895642e-02 4.608505847944737166e-01
-3.738179375798379445e-01 1.050815128847253366e-01
-1.218462802456320437e-01 9.233751715029658858e-02
8.783234979759202421e-02 1.363428542230834539e-01
-2.813203968385644682e-01 1.033313773670563318e-01
7.923795615787354585e-02 3.433967297780660122e-01
1.111282228572811892e-01 9.881164038706335973e-02
1.975500266145516770e-01 7.490278445035836175e-02
3.675070479403018675e-01 8.951377449664521535e-02
5.960907676231563812e-02 3.666733486398867647e-01
-9.864434323565385299e-02 8.962310235434456374e-02
4.553536072896664511e-01 1.022450289906619014e-01
1.038189597046634827e-02 1.057671146843820464e-01
-1.855709410851471564e-01 8.301492710466429337e-02
8.213708361078386755e-02 -8.061796950513555604e-02
7.464438309105692060e-02 -4.558378309907626935e-01
9.128979153625349507e-02 3.744031475735432046e-03
-1.487483668008048321e-01 9.413010659546894310e-02
2.724460108434170191e-01 9.759038294003175018e-02
1.674259740342731728e-01 9.732907970914062012e-02
9.529707795314101837e-02 5.390457679071003483e-02
1.554690417426551896e-01 1.087012010712207211e-01
8.819789117527609967e-02 2.298480189671369134e-01
8.227235859513393201e-02 -1.450756261892286458e-01
8.878677725553918432e-02 2.636129625328227366e-01
