-4.655150058966796012e-01 -8.402390966768569225e-02
4.176814868162097572e-01 -9.205632825027076915e-02
4.797432260506850898e-02 -9.990191884785304399e-02
-2.363931839580990513e-02 -1.127767989801823356e-01
4.093764493264711035e-01 -1.039981046986376834e-01
-3.565769170992288961e-01 -8.707764980778365249e-02
1.997941247217642768e-01 -1.017957277632896007e-01
4.890413827320351237e-01 -1.034780990795634015e-01
4.368895958678076230e-02 4.050277665554591344e-02
-5.072532581148381237e-02 -7.854074376836450710e-02
4.525606632287482167e-02 1.511702568429696969e-01
-1.127658506160623686e-01 -1.099194798626285108e-01
6.444536503313580411e-02 -7.924571516812528582e-02
1.483717024067134904e-01 -7.682561913798569009e-02
4.332006007456501440e-02 4.496967555157121987e-01
2.876775308759962346e-01 -1.021764625216838862e-01
1.417241182555162293e-02 -8.779709498356913500e-02
4.484726632263724699e-02 -4.208897889664415803e-01
5.387714002761467835e-02 -3.966152047642061973e-01
3.282135309837186377e-01 -8.553898637777068714e-02
3.131051906485649017e-02 -1.891299590786565954e-01
5.879316152092617376e-02 -3.727827062127658797e-01
3.277786512529468066e-02 1.923500740354930905e-01
3.111103751708843568e-02 -2.111857816790765341e-01
-4.769943340150931688e-01 -1.064161373510481567e-01
5.138659591274918892e-02 -6.128597109701461321e-02
1.752723851322502968e-01 -8.709917128961042199e-02
2.093775852139477811e-01 -9.465221585067051802e-02
4.122622894323546561e-02 -4.307880673634941759e-01
4.310555097560946347e-01 -1.012175144863046716e-01
3.442957960839754250e-02 9.757877035427409140e-02
6.830712140928629772e-02 -8.124738241129592087e-02
3.239311269061806442e-02 -7.682347906828312922e-02
9.270007883866115961e-02 -8.052694586632869189e-02
5.719518038321791398e-02 4.594969394033725507e-01
3.838232386748663405e-02 3.442151597329482504e-01
-2.351936121218517473e-01 -1.095129678895336856e-01
5.705919708088125208e-02 -4.103790080530275164e-01
-4.673044130989486566e-01 -8.600942933950894709e-02
-4.606385899252726235e-01 -1.011949639080977903e-01
2.464644897497872966e-01 -8.866353949417216107e-02
-1.885178146838295543e-01 -1.035034662668856686e-01
3.481899275906530367e-02 1.116513452453514743e-01
8.110376257949580836e-02 -7.660896984603737803e-02
3.126311472523946033e-02 4.049038142804883833e-01
-4.159662064998871367e-01 -7.683496673392353760e-02
-4.185421770406396735e-01 -8.878629216373090660e-02
3.283282494287220743e-02 1.039328501162359863e-01
-5.208988787712220958e-02 -1.066331057410551120e-01
2.939126863808139145e-02 2.798377628644543869e-01
5.155259184428806485e-02 3.373503031003280972e-01
1.487999572418389205e-01 -8.442999536878348366e-02
1.341038612716567435e-01 -7.516193297944473439e-02
9.635258792378020853e-02 -8.947048357658249351e-02
4.005732893014979368e-02 -1.111371475700553280e-01
5.149345095295487784e-02 3.698050452539203281e-01
4.144122764505475676e-02 -1.692011474398446014e-01
3.597853314527394986e-01 -8.711758828742388605e-02
-3.709191545015814162e-01 -9.381072123237021998e-02
4.353012907416942134e-02 8.200813334421463985e-02
3.935513257303674406e-01 -1.023707314717527961e-01
6.045967256818418623e-02 -3.104512107776074004e-01
-2.461225689681000306e-01 -9.426413655519905177e-02
2.577528391361928461e-01 -7.815725015259977759e-02
-2.500587076923013186e-01 -9.643357924399997838e-02
5.172987614126811629e-02 1.640341984238053996e-01
3.451719521654421641e-01 -8.147046899514753804e-02
2.922997592691067847e-02 3.144505006289443072e-01
3.133095332088764451e-02 1.048564210825724263e-01
3.054334643369971403e-02 -1.625615730319637242e-01
4.302835691391437845e-02 1.440149853912242595e-01
-3.572439696317866176e-01 -9.518651733427729855e-02
-2.197875439421416166e-01 -9.104889827409301528e-02
5.336245252842486408e-02 1.153966733393418931e-02
-2.617501624234220836e-01 -1.016827443941931142e-01
3.298207810590794153e-01 -1.033612479427528097e-01
3.901862521684085205e-02 -4.985162779005463118e-01
4.259486174810511727e-02 -1.062276550496690231e-01
3.193359398593309528e-02 4.933490019839928964e-01
3.839220072195985711e-01 -9.093446954035322438e-02
-2.872024145961571406e-01 -8.164508389356261997e-02
3.699638759597789761e-02 4.333424862978081382e-01
-4.574489757653595889e-01 -9.383978153054572946e-02
-2.169096758853982232e-01 -1.010128152496200249e-01
3.514153924949259267e-02 1.691805492400938471e-01
5.156216233949695305e-02 4.699879002364497627e-01
4.506536020698648226e-02 4.018756733659678559e-01
4.818475821495293854e-01 -8.910048820639127065e-02
-2.638383776639389167e-01 -7.741546691119172152e-02
9.442842916946625476e-02 -8.289025745127920342e-02
5.985298741057520910e-02 4.003618794990752017e-01
4.516713370332468003e-01 -1.014272483358599208e-01
3.055862951457499754e-02 -7.454461623553798599e-02
3.626731324097565157e-02 -2.960285927004414619e-01
4.665172985037483455e-01 -8.293070738568775191e-02
3.505875936076907617e-02 2.260355226508229398e-01
5.932812841763601686e-02 1.547349399390236524e-01
2.046587881835549849e-01 -9.185169804488557688e-02
-8.563259460935679357e-02 -8.844128610032664373e-02
4.000784312858396419e-02 2.522026271429611555e-03
-1.267855479084613046e-01 -7.952410471126802882e-02
-2.288763882956560414e-01 -8.580547834188634315e-02
5.017728064496695950e-02 2.914188326828833775e-01
-1.610185635727590103e-02 -1.122753899292630031e-01
-4.339556145179496172e-01 -9.426052143894969593e-02
-1.014205508406652578e-01 -8.575721340077124832e-02
-4.124923042636909898e-01 -1.097369432702737235e-01
-1.299959678143075559e-01 -1.042002443159655289e-01
-1.475313403217574093e-01 -8.175093772649588697e-02
3.616054887418318486e-02 -3.471438725449668139e-01
5.112334374963178885e-02 -2.312022091012744252e-02
2.925167104539485585e-01 -1.072201617705876853e-01
4.757707770125740865e-02 9.960514810381482231e-02
5.759457167155079826e-02 -3.120279933649452442e-01
-3.979243814692665637e-01 -9.176671496838439968e-02
6.049440964609154037e-02 2.596200167632896072e-01
4.703143638510876023e-02 1.174768495890655684e-01
3.605411598753016644e-02 1.640707127094953588e-02
-2.156488644684195766e-02 -9.880806988298385107e-02
4.553465346967444649e-02 -2.093273639463800739e-01
3.891671498453102007e-01 -7.632842157869390576e-02
5.374753426551537316e-02 -2.560037660279332883e-01
4.482371281910189076e-01 -8.287881346616288170e-02
-9.849789817677745418e-02 -7.963032106011436184e-02
4.934895115639337249e-02 -3.221664255782332731e-01
2.284543674213925790e-01 -8.297091141573742501e-02
3.667724885725478501e-01 -9.807681372806609232e-02
4.111082463599124992e-02 4.004031756358983341e-02
4.739633178258796375e-01 -1.108870250815263692e-01
4.523973230513345101e-02 7.065900708157579757e-02
4.748118854206750949e-02 -3.887943202217453154e-01
-1.007605873069825630e-01 -1.142546295990016780e-01
5.367995619417909037e-02 3.422580341094744183e-01
3.350102860918358072e-02 2.369028219530294743e-01
5.887378269719689694e-02 -7.933247210583305176e-03
3.282011040736602103e-01 -9.231886940713651679e-02
4.884840047942438090e-01 -1.107488038673475339e-01
-2.952830335572599330e-01 -9.127235570225167294e-02
-4.445826102559857773e-01 -8.271731066630449991e-02
5.604079181011267785e-02 -3.522731620890654503e-01
7.551438621936246154e-02 -8.364073488469936368e-02
5.940093197888107746e-02 -2.619337060397984862e-01
-1.984110621991971302e-01 -9.807609175386933220e-02
4.045984919002743041e-02 3.829067417949559848e-01
5.952190758835851359e-02 -2.981590073909917704e-01
4.486984287716595521e-01 -8.602900209775898865e-02
-8.503755764285436669e-02 -1.121068236767227555e-01
5.349839070272321973e-02 -1.426698045263110615e-01
3.995792905499118142e-03 -7.539054770265518624e-02
-2.814698437666574016e-01 -8.442668810622877551e-02
-4.486983701632177857e-01 -8.203510087458620870e-02
4.624459055542795571e-02 -1.454972065398428827e-01
-1.202760760968732967e-01 -1.010971426848207289e-01
-1.997907949473187728e-03 -8.520514983656302110e-02
3.913351685032218086e-02 -2.825634813788108213e-01
-1.789272383300520852e-01 -8.852883646528852957e-02
4.034742260527612867e-02 -4.178779307343553073e-01
5.123770016305329023e-02 -1.964710560065204836e-01
3.176635331129940010e-02 -1.474596107958662250e-01
-4.340392853095312864e-01 -8.353595198270780120e-02
5.550974742822301078e-02 4.067008115177425109e-01
4.049069014321193816e-02 -2.617126517852620404e-01
3.212471369245251118e-02 -2.743744360559990936e-01
3.576184051595343583e-02 3.649518877976110076e-02
-4.974511817797804270e-01 -8.726282063163726122e-02
3.457943422367926178e-02 4.921905339062448981e-01
4.428560628302891100e-02 2.982337995238230066e-01
3.758372314514168977e-02 5.156559754111500471e-02
2.919172748025455899e-02 3.170153949545121419e-01
1.029314647837265007e-01 -8.940783765790150106e-02
3.717927147431776547e-02 1.231867942973674523e-01
-1.383526411716433646e-01 -9.213829413039598126e-02
-4.979122851043817910e-01 -9.450124421914551931e-02
-4.727141588207313116e-01 -8.282401175288445216e-02
-4.833338002747468165e-01 -8.173407217023942462e-02
-2.457081497308215567e-01 -9.029557494284090602e-02
4.294926835264714082e-01 -8.797320614780257397e-02
5.245758470262618101e-02 -2.992540207302882838e-01
-1.513606946939005660e-01 -9.048579332946105058e-02
3.308684547212525917e-02 5.112656923393843478e-02
2.936010731161564635e-02 3.181705992072191291e-01
-2.072048417551564103e-02 -7.804983650268160211e-02
4.895695997211200190e-01 -7.914534494904845729e-02
5.397606881878480589e-02 3.665652086024345779e-01
-1.661282632078525667e-01 -9.250444190363293906e-02
1.907853371843973855e-01 -8.891417916922828013e-02
4.743100912659592439e-02 4.275299933148392073e-01
3.098872820802289763e-02 1.571561366755563904e-01
4.973687096210765990e-02 2.125296243834842169e-01
7.164450583915793480e-03 -1.039703189068387212e-01
3.180699604424712668e-01 -8.572180861313949407e-02
5.166003092547566400e-02 -1.588530620142974970e-01
1.109080314682550084e-01 -9.217546079252558755e-02
8.383638802143100754e-03 -1.028218016821653702e-01
-9.892447280481275751e-02 -1.068584661375188150e-01
5.838077728748203299e-02 1.639577079368681467e-02
3.228854743330938915e-01 -8.753372036026485503e-02
3.485762244454337910e-02 1.792468045931533416e-01
-1.952021124647159711e-01 -9.969120861021996127e-02
4.599745283655332084e-02 -3.390473006973573344e-01
3.234300603521158557e-01 -9.251114643687086136e-02
5.898775112364318396e-02 3.926733148225816095e-01
5.392846110487903299e-02 -3.674473764419582400e-01
-1.858350089367966085e-02 -7.997335071254252359e-02
3.780341012579579996e-02 3.993567003623594847e-01
5.736572824679064819e-02 -5.612804159339512822e-02
5.461426645961120485e-02 1.338261402102022268e-01
3.331114520953537550e-02 1.906894266611446342e-01
5.633531808609881786e-02 4.445310664103342413e-01
-1.111292037604189042e-01 -1.084884074690261047e-01
5.921403135884650837e-02 2.914271045221626943e-01
2.972904290256750404e-02 3.890363507536765963e-01
-1.253858992523478877e-01 -1.043118286702957587e-01
3.671239238710156672e-01 -1.131342469150081742e-01
5.245520072672438250e-02 -3.605970605804886819e-01
5.493080619859447289e-02 2.921315916708204785e-01
5.740699364591250742e-02 -3.188994499485430234e-01
3.855540113101185717e-02 1.447818036176908851e-01
2.380805921668803782e-01 -1.034404548946342706e-01
3.648586036492854623e-01 -1.026561060980578644e-01
-2.427181027384603951e-01 -8.355930479715145687e-02
3.439417040832304373e-02 2.677973538261642084e-01
-4.111213558891728681e-01 -1.131991062461807918e-01
4.567770695437645134e-02 1.313775200629869744e-01
4.714439775880874262e-02 -1.846527307531505846e-01
4.655191560018212549e-02 -3.301286348729053355e-01
-2.526110105770098535e-01 -7.768702897360446613e-02
2.871992210067420004e-02 9.953382215140071931e-02
1.873674700146351624e-01 -8.159451146264984356e-02
1.395397756977595494e-01 -1.040461965765405727e-01
-4.757273781089466080e-01 -7.880020952999799988e-02
5.858739483166430784e-02 -2.817091756280498682e-01
-1.180202154897226352e-01 -8.622229415550364262e-02
3.721774094889389595e-01 -9.543974172921154686e-02
2.534980949045582133e-01 -8.452114767306528886e-02
2.292297699770570185e-01 -1.080346068349246069e-01
-2.697131008858698609e-01 -1.142181169128321239e-01
5.376887891119286333e-02 -1.921694612320246076e-02
-3.036083605144970221e-01 -9.699819664344766501e-02
3.135621862253379355e-02 -4.057369456914575734e-01
3.389531451772410664e-01 -8.397231140282079842e-02
-2.936352124854646473e-02 -1.024799842660245597e-01
-2.922616595706084563e-01 -7.963123643957092934e-02
5.654824389385548766e-02 1.628044899894797171e-01
5.405248641635274076e-02 3.512922193674816729e-02
3.076927966409884752e-01 -8.331747030220715278e-02
1.644348547543769135e-01 -1.141009971073188023e-01
-3.146112633392076363e-01 -1.045035849139113182e-01
-2.978524629036490845e-01 -1.090960623159465959e-01
-4.144475505279500149e-01 -1.034898859773775159e-01
-8.941590031094548419e-02 -1.091639501858794326e-01
3.695214355540343831e-02 -4.423663650276699055e-01
3.249094818015707542e-02 -4.384590074259652193e-01
-9.149031927220108162e-02 -8.603370074777605403e-02
4.497441243325228655e-02 2.220987340822908607e-01
4.512072290410285014e-02 3.009320694978836475e-01
5.985827482959893420e-02 3.709315956967801364e-01
4.612884488096485880e-01 -9.656936995498976994e-02
3.043996561597783757e-02 -2.605678883192739104e-01
5.125914484049531872e-02 9.769348870962679676e-02
4.586716978775051690e-02 -3.470741484886671335e-01
3.240823044215312976e-02 2.219242488497252808e-01
1.174514128055251794e-01 -7.676110408611092062e-02
3.766498319184885535e-02 5.441088426187401517e-02
5.425821091884508451e-02 4.801333310922084596e-01
-3.203028649812584838e-01 -9.447491354992609836e-02
-3.280555860437354143e-01 -8.991234087309618594e-02
-3.847850264070274973e-01 -1.032528226200425392e-01
8.410953134608645243e-02 -1.000361658286041955e-01
4.103641877861211595e-01 -1.014091843441575769e-01
4.382561119699949215e-01 -7.431825359321564406e-02
1.179555295943324200e-01 -9.642740878745115207e-02
3.546623570441040929e-01 -9.162166204309418749e-02
-2.711194452073120154e-01 -7.899549552147289155e-02
4.462780491832717411e-01 -8.625155525252148347e-02
1.369982509368525836e-01 -9.473260685612061582e-02
2.589492445534510301e-01 -1.093091085841048082e-01
-8.689438162473839267e-02 -8.759350247350683460e-02
-1.595918895505866741e-01 -1.018058459043250652e-01
3.355265139710372768e-02 -2.254407867186211112e-01
3.557089337868658552e-01 -1.045443726038340904e-01
3.190861139457423779e-02 1.838203816441119631e-02
2.616913550365658203e-01 -1.133098332329776081e-01
4.480811464920986253e-02 -3.219970741192261787e-01
5.442906134386638062e-02 -6.477721574685035844e-02
-1.998060770045422263e-01 -8.682322768618033759e-02
5.713497475535289638e-02 1.277906508628108284e-01
4.395450309597537242e-02 1.067724991242723354e-01
-1.753185352740138647e-02 -1.114656109018761221e-01
4.449043990302048446e-02 -3.696353950136401778e-01
-2.697446432045510489e-01 -7.725465630610151013e-02
5.055269313067800585e-02 -2.529089106772187678e-01
5.568175631365490652e-02 1.297590175424289116e-01
4.012876828030673693e-01 -7.914489276235314730e-02
3.764176957988408789e-01 -8.889738128809687723e-02
5.544177363247981827e-02 2.398786473215386295e-01
-2.446038705874270525e-01 -9.066288272490474753e-02
5.704374706374959469e-02 2.123630503297141425e-01
5.048402471817670101e-02 -2.188669573745393171e-01
3.007847170045885310e-02 1.926301834257373446e-01
1.546725274872621236e-01 -9.215964647032093282e-02
-3.044470593478639797e-01 -1.124202104598076568e-01
3.478791770972717856e-01 -8.940667604111118827e-02
-4.016170635962722502e-01 -8.973870831482877453e-02
2.198315705444003898e-01 -9.611005326088006839e-02
3.090785199786526549e-01 -8.168465801886126698e-02
4.805049761213397996e-02 3.183855370968591281e-01
4.312374875314035627e-01 -8.597526017622991734e-02
-4.903784049642645471e-02 -8.985959649247432512e-02
-4.411582652344192557e-01 -9.190408636267966003e-02
-9.314112342175662196e-02 -9.000795922401982896e-02
3.614776222170512643e-02 2.817938327671363208e-01
3.809382337220703629e-01 -1.017981187531570297e-01
-2.849765458863479095e-01 -1.051954395533032383e-01
-3.254902824286611818e-01 -7.536804460935997430e-02
-9.016231177162115085e-02 -7.431693699380492735e-02
-1.682644265693447050e-01 -7.944353251021263329e-02
2.787423690676006371e-01 -9.467432669909381371e-02
-3.840597697372249986e-02 -9.975570705349179335e-02
-3.582928316129955215e-01 -7.887887324654530019e-02
4.847318248507291871e-01 -9.377627676140642965e-02
-2.257092565467557765e-01 -1.116523046288061538e-01
-4.562945589491752552e-01 -8.221245391053155771e-02
8.192940225124167863e-02 -7.725308919028939236e-02
1.972913990305856791e-01 -1.105734547487192687e-01
3.468139835152295181e-02 -1.658809705511066213e-02
5.728751681307198140e-02 -4.656665616306844280e-01
4.323347972459745669e-02 -4.508710180949938584e-01
5.088808652854814873e-02 1.837834899601528127e-01
4.911075884619509058e-02 -1.954888910545087288e-01
4.501034454384145178e-02 -1.936113225055491327e-01
4.767803868095370490e-01 -1.054083833221475253e-01
5.616366038827358409e-02 -1.018906705470079554e-02
4.241866705328523057e-02 6.971879332667474394e-02
-2.311342989151340399e-01 -8.948343244939083174e-02
5.763908259422112490e-02 -1.295458575512714594e-01
3.513686564808693458e-02 1.689029091552656237e-01
4.546109224005523419e-01 -9.812311227187864304e-02
2.713648421940658695e-01 -9.364351763735911938e-02
2.900748970871662724e-01 -8.131148245673558428e-02
1.479640652292997238e-01 -7.842118742351822380e-02
3.278054887797021699e-02 -2.766484031445315406e-01
5.862044768623575486e-02 -1.353011206115417586e-02
1.501204293098691300e-01 -1.049321714560235153e-01
4.321255923568212420e-02 1.058274980853962655e-01
5.042949888848347051e-02 2.114507289030315151e-01
5.580466474795608978e-02 4.222692979161789539e-01
2.310507002792338005e-01 -1.053614038462448166e-01
-4.313133578377139621e-01 -8.089369346349073453e-02
2.777185340244676670e-01 -7.581823053613989671e-02
-2.986062518506406027e-01 -7.488503824244796547e-02
1.103297854034752667e-01 -1.075833688047076464e-01
3.654459478077176637e-02 1.104191035064161497e-02
4.212642279909006859e-02 2.263659044019911137e-01
-5.224629150444937142e-02 -9.920984512049024762e-02
3.436305193302158223e-02 -3.784654510195466504e-01
1.817512746780629573e-01 -7.511682564599742040e-02
3.133226227746988002e-02 -4.054162439697137632e-01
-2.305333115013381562e-01 -1.127995120191931377e-01
3.963053244140302134e-02 -7.485524113198682716e-02
3.078457928392841492e-02 2.043261517947038142e-01
-3.785540912607630037e-01 -9.821552627064700225e-02
-3.317847554503550178e-02 -1.130832908056818020e-01
5.889364501042904099e-02 3.287157927704436045e-01
