7.169293678253541025e-02 -5.082476926429335684e-02
-8.022901977073648716e-02 -5.559794710906795778e-02
4.895490221358533844e-02 8.545867499649917320e-02
-1.775802165182946979e-01 -4.112524364865088877e-02
9.526495076031404885e-02 -6.008374368742608329e-02
2.473949552263342566e-01 -6.527489736771241446e-02
4.283932413550473051e-02 -4.780539889244119767e-01
1.747740559537122040e-01 -6.968955676496513263e-02
4.645516068408839239e-02 -2.362381974705882737e-01
4.797379478188998903e-01 -6.057616126052067784e-02
6.533030334770151271e-02 2.096567850583570536e-01
-3.457899277296982987e-01 -5.264784807640554565e-02
4.296298820770660942e-02 -4.308106734184644626e-01
1.457561519673524764e-01 -7.119874143338411621e-02
2.995753814049930686e-01 -5.250908045988644801e-02
3.665738686979014282e-02 -2.697402622821076790e-01
6.223453950523405442e-02 -4.534586444167914010e-01
6.518679921660630594e-02 -2.682790882158704315e-01
-5.033549923944968807e-02 -5.213034556257944985e-02
5.457102253098311540e-02 1.291431210577527189e-01
5.263089168571943866e-02 -1.508338209402668717e-01
1.280603754629027202e-01 -6.064561599109430379e-02
-1.174232587999718413e-01 -4.740900845800211094e-02
4.678091875524093002e-02 -2.420121095587742799e-01
3.426584475307548061e-01 -6.274442521606815593e-02
4.580990492787824220e-01 -7.193384680631642603e-02
3.714618480942177836e-02 -1.890900487106025318e-01
-3.573411839287854441e-02 -4.970872978737361780e-02
4.385993443317082185e-02 -4.213797669807963775e-01
2.489356563495732644e-01 -5.606371216733241347e-02
4.782295437622563483e-02 3.561457685165655418e-01
5.195220314512272175e-02 -3.311486751665999595e-01
-2.563520608034661752e-01 -5.650357281381612751e-02
5.532643141722792812e-02 -4.253122405856796240e-01
5.418782673328959021e-02 -1.991880649112220958e-02
-7.293125175104098190e-02 -5.173523851164463228e-02
3.423615097626431236e-02 3.480999351750401205e-01
4.707177684741647994e-02 3.712136574329916172e-02
-3.986559773800535389e-02 -5.570895131735931205e-02
-2.242312478446976121e-01 -5.306719436407469903e-02
6.087821720538111325e-02 -4.391415348167727606e-01
-3.916755227358190705e-01 -4.134051668741467456e-02
3.737650486258270455e-02 -2.788522742172020452e-01
2.440036135763169467e-01 -7.109446152730303226e-02
5.609028598287602030e-02 -1.335363258468180714e-02
-4.352398132722120616e-01 -4.672665440767920231e-02
-4.571080310109701950e-01 -6.676201228574585311e-02
5.140679617124732648e-02 -1.800597857493274612e-01
4.234092816545398374e-02 4.829995411286733820e-01
-2.059009457767013718e-01 -4.214471097841077096e-02
-1.326658791847152852e-01 -4.381735191562585729e-02
2.856095777251832502e-01 -7.331560115075763662e-02
-3.439223681906640184e-01 -5.810912868598827608e-02
-4.424219984076968037e-01 -6.672504319767602610e-02
-1.044285539357401316e-01 -7.258036755102803550e-02
2.185176993456846573e-01 -4.880117408173834104e-02
1.851980089030585974e-01 -5.858119563905372917e-02
3.551110975943039261e-02 -2.909721636454165594e-02
4.615627116104947802e-02 3.438901534671795490e-01
5.509017145022887529e-02 4.600202706066384151e-01
2.973724653516370831e-01 -5.960839742739421077e-02
4.858243055566346946e-02 -1.646765567920724926e-01
-3.195974520801587726e-01 -6.808778243783619732e-02
-4.052196162241850086e-02 -4.855622747375798465e-02
-3.847022014821540603e-01 -6.088653365837304321e-02
2.790066359727019218e-01 -7.084080449933627399e-02
4.639561704989469959e-02 3.190596084452476111e-01
5.563302447493112535e-02 -2.052890320284423975e-01
1.959563770280573491e-01 -5.468042717639365335e-02
5.197919539943984812e-02 -1.568040332673615866e-01
-4.105717425078139193e-01 -6.883342847535889319e-02
4.122279374720960732e-02 1.259450020661242453e-01
4.816128771331362746e-02 1.561851825966864560e-01
-2.709774310171928491e-01 -5.482118975162042496e-02
-1.840457060646611964e-01 -6.325361084971936609e-02
3.888116692003407149e-02 4.398757898080455364e-01
4.998395723989235151e-02 4.443973056582576353e-01
1.580724889157720803e-01 -4.158523731438501514e-02
1.889704326765453413e-01 -4.847138024171993020e-02
-1.883977394475109257e-01 -5.493790180591007211e-02
3.118355940452092190e-01 -6.103638211462447671e-02
5.611384515617567903e-02 1.179058804492205681e-03
3.560627620173784091e-02 -2.475901349288580633e-01
5.534767285440556073e-02 1.056687923729084932e-01
5.496542046054009312e-02 -2.204909906014638210e-01
5.027726337081028785e-02 -4.161412844819664114e-01
4.112200547935853656e-01 -6.647535441375329590e-02
4.364491292109817788e-02 -2.484339963427369957e-01
-2.059452197654639827e-01 -4.016443954785864356e-02
-1.422856321801841961e-01 -5.894202844533447117e-02
3.567723396576272243e-02 -2.754737154211213124e-01
5.768979939489216058e-02 -2.003969190697074687e-01
6.047423963423481652e-02 3.725303489106699395e-01
6.329103855671192047e-02 -4.362083199736180861e-01
6.180359249725697612e-02 2.319223791973824556e-01
5.013578387689832105e-02 -4.933041571349400245e-01
3.764839684028098432e-02 -1.982107585328207744e-01
6.675677324645257205e-02 -3.599789111662927699e-01
4.572752453689732377e-02 9.323535578732577989e-02
3.402161281323956565e-02 -2.670914227064872248e-01
6.325969408211984391e-02 4.917937386729378524e-01
6.496305861122131375e-02 3.459918688058494229e-02
4.947303599877050928e-02 -2.195028187960083033e-01
-1.310034543515141703e-01 -6.157497366863684540e-02
4.282617238945294336e-01 -6.605852556313662749e-02
-1.231619475339126302e-01 -4.113191871768362429e-02
4.049058071682698490e-02 1.236458273186358259e-02
4.086891470870768206e-02 3.491074164754081055e-01
3.029170809253596275e-01 -5.278985839087868559e-02
-1.397183698283978037e-01 -7.253489895746045857e-02
-2.190066780822341741e-01 -7.240460886766730830e-02
5.503119022706115526e-02 1.798393433059775059e-01
-2.555577810848046472e-01 -5.368345783913908154e-02
1.681170214275516939e-01 -7.199717553817452931e-02
-4.361477896959944367e-01 -6.237601112468871278e-02
3.275414487020399390e-01 -6.845020609477858731e-02
-5.765276585756651251e-03 -6.517671370932964781e-02
-3.490885609288755242e-01 -6.053189840398254251e-02
3.421224808614030666e-01 -4.812016632955096185e-02
4.963607853487883581e-01 -6.347189906193251296e-02
-8.361346647920764319e-03 -4.689358950455102537e-02
4.868055236990720402e-02 2.140464656477601979e-01
3.267118171458972542e-01 -4.736751816895978795e-02
6.385510072826938721e-02 -1.974844500964452187e-01
-1.470214081722137633e-01 -6.882077808833841903e-02
4.203953140676663924e-02 -1.293217176426749715e-01
2.363517004076344241e-01 -5.392424455501587666e-02
5.360669155494901528e-02 -2.179809106657807360e-01
9.855937935227387925e-02 -4.211688399763402479e-02
-6.467034244940450538e-02 -7.262333324855752004e-02
5.194460261241073962e-02 9.394528039252536544e-02
3.741328416964256887e-01 -3.967016369816511734e-02
-3.764667920297330994e-01 -5.755994468738989678e-02
3.057970074335621957e-01 -5.682166789520981531e-02
3.957885578329112253e-02 1.587207063935900386e-01
6.426993966909744227e-02 2.043867067130143989e-01
5.913187691944354896e-02 -4.096501661133526984e-01
4.068578928177490894e-02 1.592577267918415806e-01
-2.439968975633522996e-01 -4.257000693865686802e-02
5.908167246810702711e-02 -4.673903409678926701e-01
1.189940919003457109e-01 -6.345065748292255670e-02
-2.831798140598418279e-02 -5.053371965754360762e-02
4.078688012541031860e-02 3.316626884756879168e-02
-1.342907641511542627e-01 -5.945008886024905070e-02
3.446880952941455689e-02 3.581742460877640477e-01
3.698048784081555684e-01 -4.687909072694562695e-02
-2.859887562879892542e-01 -5.250673781118286865e-02
6.363468831996466069e-02 -9.391113380975335545e-02
4.509672230210193256e-02 1.156022264699341218e-02
-2.024789119676572158e-01 -4.822752238926841795e-02
5.868664394978806431e-02 -1.020832437620377009e-01
4.116250992875813974e-02 4.573512931377905488e-01
4.291110659165542351e-02 -1.333603198327760753e-01
-2.751169996673364926e-01 -6.141077834832286975e-02
4.470536113954448609e-02 -2.687893969336739852e-01
5.204431989512015022e-02 -1.484334214195043300e-01
4.248589615320941260e-02 -3.837879809133226683e-01
5.769095685730585288e-02 3.260623756300593534e-01
3.486915137780011165e-02 4.973322346697303109e-01
1.311306112416432690e-02 -6.330689328578442687e-02
4.068754861439882742e-02 3.924891219746340365e-01
3.636080872498625993e-02 -3.963780738321468489e-01
6.314263701811384522e-02 3.507370612516924613e-02
2.145769903783967258e-01 -5.838641032808500331e-02
-3.458306435847454674e-01 -6.266828881924035866e-02
1.505259496664230756e-01 -5.302280283037963393e-02
6.305694162107589040e-02 -3.337949873886396635e-01
-2.128175677703236790e-01 -7.062946700224015384e-02
6.529853398002571918e-02 3.727074892587156629e-02
-2.830734778066060775e-01 -6.207878549467693574e-02
1.143129672848619549e-01 -5.490778964815956620e-02
4.040774133425950598e-01 -7.051621182870659865e-02
5.193161551763614270e-02 -1.796405637181728299e-01
5.527352066208490733e-02 -4.158947639676034980e-01
4.955164262546907228e-02 -3.586958820191127328e-01
6.077879714282108381e-02 4.099307937008866976e-01
4.675532172014462695e-02 1.735495215917953749e-01
4.367282605265967454e-01 -6.723248706806028707e-02
2.753556674678074856e-01 -4.267625680143871669e-02
3.728325409671351398e-02 -3.750232430631151859e-01
3.088868552589518757e-01 -5.272461595395416811e-02
-2.756439404751122035e-01 -4.459039706185463636e-02
-2.078930951253761261e-01 -7.118894960450072862e-02
-3.660761430275983885e-01 -6.774311355897244535e-02
5.500912499742693917e-02 1.860376976983076913e-01
5.667789155587255046e-02 1.846196419017004375e-01
2.331653318233739558e-01 -7.080492207036359620e-02
4.259165174757562067e-02 -1.916426929662039536e-01
5.703676760668441315e-02 -1.797235869763242899e-01
-2.291730528684319257e-01 -3.969197951710234928e-02
-4.058825112937124446e-01 -6.995152926620362699e-02
2.487525575249218690e-01 -4.422446239021382564e-02
4.631842455884971343e-02 6.940344520355290481e-02
5.232954583931825887e-02 3.291572544335276129e-01
6.330804207690032825e-02 -1.676261835655799004e-01
5.541879224166579299e-02 -1.602946766475318308e-01
3.967273613188182502e-02 -4.402721973373798781e-01
5.497939376230243091e-02 4.157184125802534380e-01
3.541530212269972111e-02 -1.146958597891000187e-01
3.445731079801050978e-02 -1.873554745379295561e-01
-1.540281226254502922e-02 -4.771451988087171969e-02
6.477502432939385990e-02 -1.721202278948944508e-01
-1.164634420432860695e-01 -6.705612850492481680e-02
4.227808025912294099e-02 3.797579227832195148e-01
5.127040356721279668e-02 2.780196392847078535e-01
6.362477197842220100e-02 -3.288239155339792719e-01
5.499263736237491873e-02 3.796093796259306652e-01
-9.679852466121263710e-02 -6.175126668416242026e-02
-3.269398809401389272e-01 -6.776265955876370484e-02
5.089182043970552627e-02 4.121262495146511551e-01
4.707523681704879337e-01 -5.102415742857924208e-02
-1.645116449648348356e-01 -5.105122365683401053e-02
4.880070013301740506e-02 1.859549703507601404e-02
4.682006059743215598e-01 -4.529540400097153974e-02
1.354116393668874929e-01 -4.428258210429025787e-02
1.240893606504552826e-01 -7.350112750304527154e-02
6.876745134491879519e-03 -5.528345372672860414e-02
4.639953128296413487e-01 -4.202296121034598819e-02
-2.945996385028949449e-01 -6.106979940214307678e-02
7.923931642674530984e-02 -6.774774406711070451e-02
1.745189463417007314e-01 -5.333151151456727579e-02
6.405029708831377899e-02 4.464537068099564410e-01
4.047205572268486318e-02 -2.729518416865553965e-01
5.885640142944970066e-02 3.908094112934582531e-01
1.936887629171795133e-01 -4.571603620991471217e-02
4.124599193157552079e-02 4.503310312521678904e-01
6.723452338843116660e-02 -3.024294971409784427e-01
-3.302248707852387666e-01 -4.487257428524660252e-02
4.537560880113211681e-02 -3.435307508219731520e-01
3.962582270881698232e-02 2.399468204335976074e-01
6.663133360994610843e-02 4.394481501972952175e-01
4.742313653908259985e-01 -7.223381763731595573e-02
3.013743291918871137e-01 -5.957638254754471507e-02
5.527131218569214521e-02 -2.390081963964096889e-01
6.132170566498840181e-02 4.337414897957603266e-01
1.912269685854155465e-01 -4.248303420014942766e-02
-2.518263188002914932e-01 -6.647839374378305966e-02
5.752279508554081211e-02 6.930883786142327807e-02
1.566700131583695921e-01 -4.809339284887026444e-02
5.210623176336270923e-02 1.286223069190397528e-01
4.081435726313975554e-02 -1.743895122460026315e-02
-1.826719956205760109e-01 -5.613492663708319341e-02
2.759593429731924674e-01 -7.069898061628165920e-02
-4.792843741910367550e-01 -5.404718705726307970e-02
-1.281911907142395668e-01 -5.922330517026308527e-02
-3.123199355043314585e-01 -6.227362915516576614e-02
1.353770079762952605e-01 -4.201354547142377438e-02
6.166239303616016798e-02 6.364200887431525899e-02
5.429899569206364518e-02 3.195596606005289830e-01
4.433045478309960430e-02 8.018824546205916004e-02
-7.787470414390851303e-02 -5.858368113458434223e-02
4.792642251810363963e-02 3.598275665034300630e-02
6.462871338370346219e-02 -1.328301682921495530e-01
-1.367835402793925459e-01 -6.291840218435373888e-02
4.829091528229145780e-02 -4.032363763130795142e-01
-3.244252538181485734e-01 -5.214870545810201818e-02
5.872023860832076281e-02 -4.950157282813714144e-01
5.770097945966845554e-02 -4.896170477389795161e-01
4.450301912687359973e-02 -3.675362662989375417e-01
3.266410714677704386e-01 -6.435078948526407050e-02
5.854957040327757323e-02 -4.471431703665577073e-01
3.735527167130703319e-02 -1.947994159539861991e-01
1.305036243801861451e-01 -4.510416464253808044e-02
4.210154297946766544e-02 -2.337820241019251677e-01
6.476210402131576949e-02 -4.884727051879413917e-01
2.929247136901379500e-01 -4.826125125447100483e-02
4.876097686814655496e-01 -5.600860456627032580e-02
5.539281155821484948e-02 -3.609048590660565159e-01
-5.442134664571229852e-02 -5.048323383375108442e-02
-4.571298960985167303e-01 -6.911532204315462558e-02
-5.211276572662726370e-02 -5.144433605544984633e-02
4.564461242474626701e-02 -1.809110794076745909e-01
-2.344032420698705099e-02 -4.006617500021447675e-02
-4.304141677503858787e-01 -4.119116963424607203e-02
3.743636711964315467e-02 -2.736401272777501115e-01
4.007568137260802965e-01 -5.651136302965742431e-02
4.121717134198743526e-02 -1.776230044880067194e-02
3.808746365956816593e-02 -1.153740280687975961e-02
4.079399384909787596e-02 -1.397569184464960701e-01
1.394786911267718033e-01 -5.806744707396793714e-02
5.736157293032739801e-02 3.596959835497027802e-01
6.526790667337623031e-02 1.362063216336496518e-01
2.807363761088724763e-01 -7.156716242513516679e-02
-2.808195836070914719e-01 -5.922401819464750972e-02
1.614740363177691318e-01 -6.764343537934802697e-02
3.997223597138954698e-02 -4.933687767780586819e-01
6.107222766578568329e-02 2.427542074368317371e-01
-3.800303032737982756e-01 -6.574399906351369172e-02
4.437811257233992279e-02 -1.526678689836630243e-01
3.675856839645985641e-02 -2.226501367128240760e-01
5.702377029406169306e-02 2.331030814344180468e-01
3.882442854554113421e-02 1.934030467398764053e-01
-2.338942831338729489e-01 -4.722059031005532148e-02
-4.145157484408013016e-02 -3.999276762167858212e-02
-4.352099778432392263e-01 -6.608713680402500401e-02
5.833222438243368391e-02 -4.634742228506864015e-01
-4.273317162299091754e-01 -6.014306186670925758e-02
-1.688856141344874384e-02 -4.634606531457263756e-02
6.509350056895202297e-02 -1.582668727684023446e-01
4.145739831051665769e-01 -6.806718571588687983e-02
3.984198804191219079e-02 -4.779171186879460631e-01
4.154831371720596467e-01 -6.126695128613779406e-02
3.737918855978006327e-02 -1.046798439080948162e-01
5.102616177743990455e-02 3.180222074411288569e-01
-1.869957955681048611e-01 -6.997539176913325498e-02
5.609108436089926819e-02 4.404519088425769002e-01
6.735359726601364283e-02 -1.504226410656689383e-01
6.094175484098673934e-02 4.885167125382952058e-01
7.917185844424468044e-02 -5.604833828483757330e-02
6.119938233139110562e-02 -3.617002674904268300e-01
2.523420978928869740e-02 -6.478058647743401011e-02
6.697211644364653438e-02 -2.575359878626980459e-01
4.587420686831583660e-01 -7.283687896695101305e-02
3.885355883191243809e-02 1.524389610789131932e-01
-3.234524642367525571e-01 -5.322412464820791556e-02
4.154983933339317925e-01 -6.436992875524827351e-02
4.748825576486466193e-01 -6.704174018922881562e-02
4.022723753061641094e-02 -2.889860699701524149e-01
5.773383286264077707e-02 -1.622900930958691701e-01
-4.088258316232122880e-01 -6.197193028024106098e-02
9.150823649677641836e-02 -4.518626098874611863e-02
3.920066451776470506e-01 -5.220385005512617749e-02
6.650067272469106783e-02 -4.334259680451441055e-01
3.918578207390044366e-01 -6.281620075397975622e-02
1.676886346352730595e-01 -4.859266189255684321e-02
-2.590472379919539492e-02 -5.631907795965129804e-02
4.183054706377886678e-02 -1.670364590666256754e-01
-3.807693566765643078e-01 -5.165226301840808443e-02
4.647201276462975539e-02 -1.325366814598490928e-01
5.090208783823557681e-02 -1.614153148905012047e-01
6.739563379292468071e-02 4.835677502233020064e-01
-1.015899423154683623e-01 -7.031591589448116242e-02
6.484410000564733156e-02 -3.588981592561796274e-01
9.463905272834016724e-02 -7.151813401159279326e-02
6.402019789238244662e-02 2.093994901546641918e-01
3.696212472332248700e-01 -6.895912478277932411e-02
9.986469950274701191e-02 -6.576245338939579188e-02
5.802949944725510623e-02 4.754393147596488456e-01
4.949403578293454231e-02 3.461377480844044507e-01
3.792133502723257221e-01 -6.934338571035558729e-02
6.746301252524955494e-02 -1.083157803890386628e-01
-3.243761995848588597e-01 -6.026097092272730826e-02
-4.729507689338919851e-01 -6.332040824991280736e-02
-4.337049278520588302e-02 -5.090725610783741750e-02
-2.542478320823371440e-01 -6.820532596448192209e-02
6.270412773840428056e-02 -3.640448307865614685e-01
3.414396005833664205e-02 -2.475970466129573389e-03
5.107072278561997081e-02 -4.470445076553247743e-01
5.532654105436773939e-02 -5.518508190103577071e-03
4.891830137532772182e-01 -6.185863332077978782e-02
4.880293518295841793e-02 2.260643619496985890e-01
4.308732875084042568e-02 2.133171133881743842e-01
2.858288138636728704e-01 -5.127985196281814595e-02
6.539797485775900032e-02 -1.617376009213998822e-01
6.314911170852122169e-02 -2.447075354204711894e-01
