1.373390416121719193e-01 3.404564211703470233e-01
1.832236051671412014e-01 3.963648660795755507e-01
-4.947092344756990334e-01 3.088763289485393360e-01
1.697261203792853612e-01 3.703085171459119529e-01
6.199466193917091417e-02 3.852918407096920239e-01
-4.482486606245474903e-01 3.370929432991847108e-01
1.224115655552194815e-01 -4.698545723552833842e-01
1.243048541855958922e-01 -2.824899684740866945e-02
-3.035141349391490273e-02 3.530297972549901742e-01
1.134815383398602995e-01 4.797649984652254673e-01
-3.534251319651519063e-01 3.029846232253016192e-01
1.136588044847094414e-01 7.403187273209677066e-02
-2.678400516398407039e-01 3.605358502010085342e-01
1.217366090398206424e-01 2.822080433068548944e-01
-2.112993259632678367e-01 3.892875345502844198e-01
1.738875342042522920e-01 3.801309862470461098e-01
2.995524407125856881e-01 3.011773608277409364e-01
1.736805285685918410e-01 3.938247839673714168e-01
1.012827006574562594e-01 3.126344586463832842e-01
2.885301358885379308e-01 3.554241306537644363e-01
1.335887400535996639e-01 4.901345345939599474e-01
-2.904837053975872774e-02 3.438044868386654906e-01
4.014361571018547625e-01 3.725599577659292061e-01
3.781442900817211239e-02 3.395921659460721109e-01
1.502029728136115017e-01 -2.454994988639634945e-01
4.307521290215707843e-01 3.613026379237863628e-01
1.399475843461056579e-01 9.438594858888471606e-02
-2.240537753477177541e-01 3.197818302412360758e-01
-4.949345019021180736e-01 3.839303054826795902e-01
1.163105170213367678e-01 2.863890630905292500e-01
-3.992912838971858225e-01 3.041307824301168194e-01
-3.479152322827324673e-01 3.034294395498203789e-01
1.186490209321452438e-01 -8.821854688966723756e-02
-3.317412512589413831e-01 3.956642137016643801e-01
-4.557500405020694645e-01 3.551646846210596564e-01
2.317001763322797947e-01 3.411928576941047897e-01
3.155171828332304917e-01 3.750437891959046421e-01
2.165081390777449100e-01 3.408670246274221327e-01
1.359765314704953765e-01 4.950841236055354422e-01
1.291484549542334381e-01 -4.091763408602759888e-01
3.873953608891400613e-02 3.540711223766705995e-01
3.408878137345543458e-01 3.966467403989093476e-01
-3.693822071313042077e-01 3.538696549825267601e-01
1.438388015669769260e-01 3.233851542157610837e-01
-1.646567790655968366e-01 3.912401197907392492e-01
1.445370336014355495e-01 4.462761405406443505e-01
4.586821717893506678e-01 3.570305338319643695e-01
-2.631709312157687330e-01 3.592368066868696364e-01
1.531623731660576304e-01 4.756891539588303797e-02
1.123547212750922730e-01 2.666509785381049324e-01
6.726220006851568733e-02 3.422126892448678070e-01
1.446730910458996489e-01 4.111775136311804912e-01
3.546681324854502604e-01 3.100091386661162352e-01
-4.161472378338504363e-02 3.744790035346470258e-01
3.569043331236537719e-01 3.975926590768401603e-01
1.124550879983634566e-01 -4.984184763139285490e-01
1.360845702724412520e-01 -4.455173163105126122e-01
1.452946456648207540e-01 -1.854638680438688292e-01
1.311004661390492432e-01 3.462134948017394631e-01
-3.719103958884832917e-01 3.799010873185152404e-01
1.957826205316041124e-01 3.922983617381934351e-01
1.169660676964933144e-01 3.634318583027351668e-01
-2.913015056078199772e-01 3.849913679458413229e-01
3.966436676023614716e-01 3.429818229742898072e-01
1.867986455046205529e-01 3.457358336658972187e-01
1.523273192590390845e-01 -1.770168484990061186e-01
1.052160293623567444e-01 2.363020170602845305e-01
1.065572607955963536e-01 -2.269328775976926504e-01
2.081742720204682318e-02 3.586405943566677301e-01
-4.813710757725763179e-01 3.928079600412274219e-01
2.770369906756724454e-01 3.725070061772896013e-01
-3.245498270075134473e-01 3.557695998485453925e-01
-4.850675784625824161e-01 3.952286823816315575e-01
-7.244853766911640847e-03 3.777452580976161656e-01
2.380319083861361928e-01 3.310314081424560184e-01
-4.641152140721918062e-01 3.859928531926656303e-01
1.496934127138974668e-01 2.851542907080906186e-01
2.823970350131550511e-01 3.879899112449392007e-01
-2.008756572185683709e-01 3.476850817913189617e-01
1.081502898981760996e-01 -1.792446648978193169e-01
8.226410109823212302e-02 3.712133724856011563e-01
3.853444150676584856e-01 3.910059140943588085e-01
-2.221296651736445193e-01 3.471946038244876354e-01
1.275772609885402753e-01 -1.992904041004277538e-01
-2.199369442372274275e-01 3.660839877951551635e-01
1.584266482595386716e-02 3.014824275162687472e-01
3.214025830198664613e-01 3.075097413113032641e-01
1.119742377329004945e-01 4.709437779879104280e-01
1.448328219523595806e-01 8.597393750459503270e-02
3.730429456813256772e-01 3.569424978034333451e-01
2.346636382626354767e-01 3.812814978054916981e-01
-4.520328636827120050e-02 3.374059602050760720e-01
1.429417547885751816e-01 -9.752840953685004699e-03
1.347428507407639753e-01 3.335771346658815695e-01
1.309078901424591823e-01 -1.507990045606457663e-01
1.214132484074582630e-01 -1.403951655333789406e-01
2.038047748034997886e-01 3.532183655842658920e-01
1.295766337462479489e-01 8.629196793308979707e-02
3.764307296657166679e-01 3.309884436630489146e-01
2.103021366403405867e-01 3.963634729443148430e-01
1.309877907180224677e-01 -3.559901406785158651e-01
-4.118455780598440086e-01 3.887904059142496260e-01
-4.744499748822368357e-01 4.016436040362744153e-01
1.332757215252280414e-01 -6.687092040376318991e-03
1.258900668405837919e-01 4.851882777080773756e-01
-8.028290792212333660e-02 3.076862582581882943e-01
-9.767463222345773577e-02 3.554150902011279367e-01
1.341068742046123141e-01 1.267782752471061647e-01
3.209579621124800664e-01 3.598684558367174491e-01
-9.876201760732794543e-02 3.106339656060860266e-01
-2.723203966145603117e-01 3.519186712212462043e-01
3.073286490015996186e-01 3.012100388440680510e-01
1.437260293639612829e-01 -3.879846505274294755e-01
-1.184272985256733524e-01 3.077923816872796259e-01
-2.168715496798732101e-01 3.007461521196945764e-01
3.680914909765021781e-01 3.292787623741360026e-01
1.129025230024618409e-01 1.878740982336954968e-01
3.298730413758319546e-01 3.590481373630085571e-01
-9.123901959568025966e-03 3.621995886075932702e-01
1.285623325452366350e-01 9.040370410717868399e-02
-6.667686148408957791e-03 3.635273149884905575e-01
3.505467276546504474e-01 3.812186997307241976e-01
1.216413600093046998e-01 -4.729328602030721251e-01
1.532031486164666667e-01 1.979149509007809282e-01
4.733801931732140034e-02 3.959930858069155013e-01
4.888934961127437973e-01 3.154765717869522090e-01
1.060125199273372898e-01 -1.230882841367675340e-01
1.230148559193342539e-01 -5.678529316793812232e-02
1.147122458265434908e-01 1.979835410888060032e-01
-4.967843034267085400e-01 3.329854813143656722e-01
1.939770145866888118e-01 3.281145099381523877e-01
3.668023130120148245e-01 3.897093549401207113e-01
-4.114312041581003054e-02 3.338435372533861134e-01
3.473495309072455184e-01 3.783873154189383303e-01
4.514280165359684238e-01 3.430488465529040187e-01
-1.342455428181639210e-01 3.857234206510145036e-01
1.404493620159715794e-01 3.622147775358338651e-01
1.260747269679058924e-01 -2.925191550347576719e-01
-3.397053571741313061e-01 3.412728423983240056e-01
1.757813533500539593e-01 3.134073471630789420e-01
4.257934872663560188e-02 3.391565537078721215e-01
-4.612077964846460487e-01 3.293873819397292735e-01
-2.919007273396445612e-01 3.650712248005558713e-01
3.541705537134894888e-01 3.121110334616152837e-01
1.228859339700381081e-01 -4.258633168055624418e-01
1.056909154551045615e-01 3.152558960115863229e-01
-3.097773800700540647e-01 3.759549095011786024e-01
-4.799853939706666406e-02 3.083542534108305588e-01
3.048437268630453945e-01 3.415491840817519442e-01
-5.893185174177451024e-02 3.023889774179450152e-01
-6.215285691548944058e-02 3.077603252656817556e-01
1.295696987050906079e-01 3.231102516824435611e-01
1.448102278544277643e-01 7.718676231411025768e-02
1.439284748163981442e-01 4.699148974622291419e-02
2.512979863800273161e-01 3.474949991396326654e-01
1.179368515608574253e-01 4.285950754829049858e-01
-2.118504843392010617e-02 3.050888186806673952e-01
1.386575303483978949e-01 1.014760781166803572e-01
1.031589927754092972e-01 3.146783959439573009e-01
4.383151992144954656e-01 3.030774020229548560e-01
4.216537433455432859e-01 3.301442149427213923e-01
4.700759580362601220e-02 3.752322115567398031e-01
3.016901836259524572e-01 3.676751302326397575e-01
-1.062319490864014337e-01 3.166772536501445412e-01
1.227128007381540487e-01 1.597145350573295763e-01
3.127121082250360340e-01 3.616974457015279532e-01
9.733210717235252218e-02 3.553740228314313798e-01
-2.301408604079269171e-01 3.094659091331385392e-01
-9.141602124282532937e-02 3.064835518521431545e-01
1.533237193902466933e-01 7.315900559829935368e-02
-3.959596238694578219e-01 3.884692569220813407e-01
-8.204650772295785099e-02 3.170708603980323392e-01
-1.106776293430046243e-01 3.624651488304277969e-01
1.098153910394096267e-01 1.085889356623255253e-01
1.382371254716678877e-01 4.046162574070200080e-01
1.369270452309778729e-01 -9.651750947066028985e-02
1.195154622000702549e-01 -1.325215680560037912e-01
-3.289009754018461518e-01 3.649701630707148370e-01
-4.215204639826031219e-02 3.390741122178206890e-01
9.017930508983074134e-02 4.069831459170915045e-01
1.457174764200434014e-01 -2.228358379171013759e-02
1.049907208208706866e-01 3.878171045076364010e-01
1.049492005317242960e-01 1.106024706934300994e-01
1.525770026781463340e-01 1.250678306593311362e-03
1.251954660759424520e-01 2.823286687674375628e-02
-1.627157108958289244e-01 3.356580829684668865e-01
4.610292925751335869e-01 3.564843483256265877e-01
-1.654728327839791735e-01 3.355816594712218714e-01
1.081139127614924034e-01 3.300719344751572581e-01
-2.918385476220937136e-01 3.305181748556719201e-01
1.458586006008250058e-01 4.986350283463076849e-01
3.369268589626237542e-01 3.500364285430563882e-01
2.020258515712995973e-01 4.034250237293007801e-01
-4.332352750510014561e-01 3.370357227382548837e-01
2.810836293740333058e-01 2.994719426326969414e-01
1.406435234790600619e-01 1.293495623217699730e-01
-2.820479488928713252e-01 3.404002275211837070e-01
1.180636357834882189e-01 8.034534610722787740e-02
2.371166360320442479e-02 3.395100146574181466e-01
-2.507732971705244340e-01 3.168602010753036602e-01
7.002251146011850835e-02 3.450699461646934418e-01
3.304704292851123881e-01 3.964309830367219734e-01
2.267874007046344342e-01 3.950404083408022293e-01
3.774872815849945606e-01 3.185582583279332747e-01
-3.112436209142466215e-01 4.061346090547267584e-01
-1.364189642902178257e-01 3.952831375597624097e-01
-1.220431026068178326e-01 3.317195600002803557e-01
4.237075866738593266e-02 3.440276887375741666e-01
1.323992733177589143e-01 -3.267444219852351228e-01
-1.048529225498069373e-01 4.046801673031290569e-01
1.317976649987828708e-01 3.836288250371553410e-01
-1.656210234886288379e-01 4.016608663721414896e-01
1.118413928814399050e-01 -3.783257011520627655e-01
-6.692389507672946714e-02 3.372812949854255837e-01
-4.746692356687676195e-03 3.685338160078799330e-01
-1.739250422587560463e-01 3.852769675429740248e-01
1.221160509210997835e-01 -2.086897288686371255e-01
-8.544858710224567666e-02 3.048251270547767122e-01
1.084460415315149362e-01 -2.331400862595301993e-01
1.451818443208758858e-01 -4.576502538033845324e-01
1.125243959058710441e-01 -2.584729418669085010e-01
1.295156197241097429e-01 4.668041670370006724e-01
1.192391010936754148e-01 -3.609920801402703994e-01
1.244149138869194982e-01 -1.152523574999124722e-01
1.466435058771409228e-01 -3.744745043542191398e-01
1.200374060694833211e-01 -7.671168529212879506e-02
1.272959536682983783e-01 2.907345367237854639e-01
-4.995003453127617732e-01 3.841709743662259369e-01
2.776121907239336162e-01 3.993086896066105895e-01
-1.620698237812353559e-01 3.886027338571408363e-01
1.141266350496799031e-01 -2.545926938766553960e-01
2.706691797135307720e-02 3.911742978426208106e-01
-1.741875536158923321e-01 3.748708638601372378e-01
1.326785890375699051e-01 -4.300642353640742321e-01
4.292838109562184812e-01 3.238286628304689607e-01
4.134804826798776922e-01 3.362915031889551765e-01
1.121491594365227051e-01 5.345964617246534711e-02
1.429028398732702376e-01 -2.044208769862848607e-01
-1.676927335719019529e-01 3.081853944967192227e-01
-3.079466494968273738e-01 3.887245538961873192e-01
1.494630080349906853e-01 1.819626873785841203e-01
-2.036076746127091219e-02 3.097725775388496805e-01
3.424407308119197246e-01 3.591098717066807389e-01
1.146130621899765778e-01 -3.638688104042486771e-01
3.412382919617986676e-01 3.178542215188674414e-01
-3.798146383217902988e-01 3.834304238528135622e-01
-5.894878485107479804e-02 3.577771890144396671e-01
-1.620740434918110928e-01 3.848050009669066185e-01
-4.360360979459549924e-01 3.375876478623344168e-01
1.277985089644083638e-01 2.522277732439581754e-02
4.188700074707010224e-01 3.366723657418884130e-01
-5.999404901903371279e-02 3.029880524388913754e-01
4.542083484726933129e-01 3.297179315383743647e-01
4.404580827310292657e-01 3.945894061843220335e-01
4.790418674387222353e-01 3.182358965786039606e-01
1.252801855827340161e-01 -3.020686777572224591e-01
1.118702890310133702e-01 -4.208622127901631149e-01
1.115221074403506263e-01 1.864691263243457575e-01
-2.034152424535172754e-01 4.071184099266040857e-01
1.304330233530341943e-01 1.271752178837801672e-01
1.182674281288911278e-01 -4.529846236870418430e-01
3.432462446524628952e-01 3.930206075847529901e-01
-7.372887005473027777e-02 3.282447710756210002e-01
-4.781368294623896675e-01 3.951753313153758551e-01
1.370688163734182785e-01 -1.256963896796586821e-01
4.805832911590177670e-01 3.800185702349575534e-01
-4.682652219088013767e-01 3.155848014727812290e-01
1.236730509719727866e-01 4.941908018891154608e-01
-2.330061743231955917e-01 3.225480354995819976e-01
-4.595966174302462681e-01 3.405654637369704973e-01
1.069436696051627722e-01 4.583858738086874496e-01
1.072378352972614968e-01 3.257260785303016659e-01
-6.463801334167795787e-03 3.597491715098992682e-01
-1.664127461311231126e-01 3.612533874014931534e-01
-2.865032363110139313e-01 3.632488888138681871e-01
4.480106801181458209e-01 3.285635216244701118e-01
4.076377294032584864e-01 3.918883414025478018e-01
1.519526321314821349e-01 -4.742797989912272971e-01
-1.460144830378625747e-01 3.713968722176852477e-01
1.660167038197061240e-01 3.228697975511286566e-01
3.778840097864323289e-01 3.238658061217336570e-01
1.183727922130652921e-01 4.827487571202503380e-01
3.736724555103912992e-01 3.220321444784360887e-01
1.231708647478412244e-01 -2.742236792254764133e-01
-3.649123308814865574e-01 3.570413882800126393e-01
2.774021400216875044e-02 3.149919147579939294e-01
1.617155621567892831e-01 3.815432698003442535e-01
2.180177119822829246e-01 3.791337403708323617e-01
-4.559159448694318773e-01 3.365406905191583586e-01
1.508008902153133990e-01 1.369135233533519402e-01
3.624716546629277447e-01 3.678901043155666795e-01
4.410932124590163372e-01 3.530844990824663077e-01
1.278194531411031010e-01 4.601879595856620542e-01
1.316995960675547694e-01 1.378202568788169380e-01
-2.999176126065671300e-01 4.048685593697981533e-01
1.056747896860907865e-01 -1.744122365235641903e-01
2.052034875760759824e-01 3.082158031003099374e-01
1.102413688390020408e-01 4.260329313656874284e-01
1.091178519366493571e-01 4.835009400840113436e-01
4.797465938347376113e-01 3.106542590217498123e-01
-3.689518796044399807e-01 3.960102193214483091e-01
1.380721914795217664e-01 -3.464562880026550440e-01
-4.568494021223962198e-01 3.534294333829429702e-01
-9.151432953524640812e-02 3.202645950783783446e-01
1.241532666987703593e-01 -2.667431916622998722e-01
1.511804992295524563e-01 4.782744686092575970e-01
-2.930293497263145586e-01 3.681951328633995546e-01
-9.225615167971046304e-03 3.020307080804521815e-01
1.201141692120777371e-01 -4.836763026286289291e-01
1.876143726776621223e-01 4.083193672202345414e-01
1.248148346138833187e-01 -4.916442182816690432e-01
1.430204544137482214e-01 9.328520741048729192e-03
2.998394015168379667e-01 3.531766452088931363e-01
3.733059382957722994e-01 4.038653281941610995e-01
4.291247016055064201e-01 3.340314878483406913e-01
1.478375652338299595e-01 2.641997853711002264e-01
-4.665146845176560975e-01 3.908226808532921925e-01
-8.150643889277575660e-02 3.989176985316008617e-01
1.062617769823420710e-01 -2.708349298318047937e-01
3.188259767546406387e-01 3.473699624446436873e-01
-3.999077057953899228e-01 3.182840494621689276e-01
1.934091642941424549e-01 3.462291922716207448e-01
1.096434271097453950e-01 2.554592877098696979e-01
2.312446047526808268e-01 3.923342185664905335e-01
1.264268639321906029e-01 -2.756850489538692495e-01
1.047830762411855465e-01 3.473480459756379535e-01
4.033979975547563601e-02 3.555348276759006110e-01
-5.615633262118824298e-02 3.479726996303562636e-01
1.446594080312815223e-01 3.049698546041419434e-01
1.973107410759233904e-01 3.069546235982421045e-01
-2.252036552810762204e-01 3.363472015416643091e-01
-2.997067445961539844e-01 3.299837915989802806e-01
-4.037352910847821219e-01 3.855397618442217844e-01
-2.247676632401366392e-01 3.229371523519177778e-01
3.636893078143476066e-01 3.849945697489334240e-01
4.380261364516874201e-01 3.001692175181128741e-01
1.346633380597622720e-01 -2.428155489142808099e-01
1.237654284345921507e-01 -1.689843690425464340e-01
-2.534662991509194496e-01 3.742347900139528782e-01
-1.034824923530880403e-01 4.082218750882516956e-01
-3.435337242678568881e-01 4.058653809249911371e-01
2.506854472071791129e-01 4.071033002873691853e-01
2.473160525212049210e-01 3.968532865883229732e-01
4.724375976345901451e-01 3.050231704249907194e-01
1.284062868121924605e-01 -3.060033934339612127e-02
-4.427318678412501818e-01 3.787706076741289563e-01
-3.845179694841152074e-01 3.646594212842507732e-01
1.048913629597164610e-01 2.656412349186011435e-01
1.048095343385258005e-01 -3.137817179570139281e-01
9.371158222451669850e-02 3.486397111314145647e-01
-1.774391412426139514e-01 3.528144084749222920e-01
1.081289219446205374e-01 -3.897830673495733533e-01
1.404541676443926690e-01 2.864745054545325686e-02
-4.731045469563692762e-01 3.984847412380313481e-01
1.076452415852331423e-01 2.341954737399605246e-01
-1.121299289733068694e-01 4.088856138210069657e-01
-2.528197091245159012e-01 3.277435971183716434e-01
-9.456102577628233696e-02 3.592702406827866790e-01
1.181468532309558617e-01 3.094219996579419263e-01
1.218429050666517410e-01 -4.975806276994404476e-01
-2.408883297338563212e-01 3.177676239046638429e-01
-2.610505702019205732e-01 3.662214708842628230e-01
1.502743256925217485e-01 3.113139689532646859e-01
1.474777361087261651e-01 4.781951735297704786e-01
1.420620441306496007e-01 -8.510857663150894759e-02
4.165052546585421567e-01 3.957526076761815892e-01
-3.824045555054165213e-01 3.751325862654488752e-01
-4.510749675678612514e-01 3.569227939409315153e-01
7.342288944637009873e-02 3.804306009910339847e-01
-3.138339166051570261e-01 3.103073521187080797e-01
1.201719477903890887e-01 1.645264616861525919e-01
4.205050927189585286e-01 4.055162032974014563e-01
2.826777122758050709e-02 3.449253305898275501e-01
-3.740221369905306625e-01 3.407118530030823766e-01
-4.249224637858564080e-01 3.902877536824659321e-01
2.484195071293411328e-01 3.355837858779778804e-01
1.218204260469969435e-01 -1.842677764939937290e-01
1.518983458573068823e-01 -2.163097448508345400e-01
1.536471012347269127e-01 6.642871268001504514e-02
1.311645670338722480e-01 2.691744133856549537e-01
1.227382404767501933e-01 2.209590523484646907e-01
-1.388202511830231023e-01 3.562542631024506745e-01
1.462554063535115301e-01 -1.532935747573533902e-01
-2.952494531096300223e-01 3.325584792803625289e-01
1.353145598988663156e-01 5.871265558283134123e-02
1.047057078695753374e-01 -1.735315913110293540e-01
3.303908733693368127e-01 4.006751757870746777e-01
-1.166819273319847916e-01 3.719350371604972505e-01
1.072199939375407807e-01 4.810688125284423577e-02
1.371422130310836485e-01 1.720607939389290353e-01
-4.300343810283701051e-01 3.337567768371854093e-01
1.021366380352539682e-02 3.607833131253229686e-01
-3.522207588752153118e-01 3.270057944921468396e-01
-4.077158332376895622e-01 3.717047457576929670e-01
1.237868080675047500e-01 2.852993147769868898e-01
1.213633590045442023e-01 2.535834774164857919e-01
-2.699769561722353828e-03 3.485599393356795250e-01
4.740930501584786905e-01 3.012505549286073059e-01
1.528026802743561730e-01 -4.308670621077322904e-01
2.537770613570337064e-01 3.793220552747949004e-01
-2.493314109879961604e-01 3.730851054602443151e-01
3.699965704358059160e-01 3.963926899407071991e-01
1.457803434253682751e-01 -2.025580410479145277e-01
-1.257652011728304098e-01 3.683414573660602764e-01
-3.665171171236629721e-01 3.622043795015036372e-01
5.510573616877889602e-02 3.290365177212168923e-01
-4.200627258466965719e-01 4.026805570240249432e-01
-4.081367229901171623e-01 3.549507033737877570e-01
1.262782657759864424e-01 -2.699034440812120295e-01
1.306042170303756134e-02 3.480174611539793572e-01
1.309517996614094626e-01 3.788013705790281849e-01
7.601712146929962000e-02 3.122262686104533280e-01
1.504492487765761721e-01 -1.397883806008284324e-01
-4.072796996093662747e-01 3.376419787018309915e-01
-2.121717952412830455e-01 3.254333461364207203e-01
-4.973263513439485362e-01 3.655833168474100781e-01
7.498096518806529609e-02 3.537502260809325394e-01
-7.861842132616592149e-02 3.312887899836107763e-01
4.693971120678414044e-01 3.452152887704973416e-01
2.668501583925910747e-01 3.927899084582465727e-01
1.352431118818085976e-01 2.069207101585482933e-01
1.169992922308036309e-01 -3.103009610535180096e-01
4.936944852668267991e-03 3.425676899277098064e-01
3.138602773737766416e-01 3.856680770188681828e-01
-4.930270915762774431e-01 3.911399190027371464e-01
5.452281876420383977e-02 3.446534940253377366e-01
-1.609144355376440627e-01 3.475677770269947064e-01
2.821965388300088362e-01 3.239628175960990175e-01
3.416726079469980526e-01 3.509066729826235687e-01
2.324624401187836975e-01 3.227068064930946889e-01
1.524035146421390818e-01 -3.237111625060200559e-01
-7.619227059653732592e-02 3.716008166488469211e-01
1.887906267524437354e-01 3.013189336635586635e-01
-1.842777279232311605e-01 3.703727765443440845e-01
-9.086077909408751818e-02 3.836908976811099770e-01
1.319457330718944998e-01 -1.283685396907403575e-01
1.173653733046473580e-01 2.030594911582348505e-01
2.522301237735040669e-01 3.566020426499474372e-01
1.373560298380478439e-01 -9.372939240264921423e-02
4.324372470462064522e-01 3.609866547939688530e-01
1.971661861705679142e-01 3.826830449733891193e-01
2.431725602069134684e-02 3.645916231994295043e-01
1.367747571627001557e-01 4.335951256193514292e-01
1.449641023196343026e-01 3.996079518292573463e-01
-3.471336588334199558e-01 3.577019895332791410e-01
-3.387449708297474160e-02 3.747619831030416515e-01
-2.268303249817813505e-01 3.049772542296453892e-01
1.283599562257158322e-01 3.482217745691305044e-01
1.288949290299519213e-01 2.191351249080264463e-02
4.983481110726614149e-01 3.600719143734906202e-01
-1.907043310974144701e-01 4.046816228592337028e-01
1.257305635444159186e-01 -2.940122630578124729e-01
2.572335434968794354e-01 3.220226430043188204e-01
-9.921715812451115113e-02 2.993410700472537433e-01
5.474494631886672735e-02 3.712606767679976771e-01
1.521588592558338338e-01 -4.870898797812140968e-01
8.664495092222113115e-02 3.333218648293824193e-01
3.412232073884589045e-01 3.494011020748005736e-01
-2.248577579653155967e-01 4.095656237121440002e-01
1.121632364722384700e-01 -3.040134176969698787e-01
1.151375508278073001e-01 4.607184887347844926e-01
4.462339583354077988e-01 3.905350286518110003e-01
-4.132355329058001736e-02 3.378022217104210689e-01
4.867850096577880370e-01 3.147007661268456102e-01
-4.419160861802208240e-01 3.523817439207427293e-01
-4.356593143625462350e-01 3.214589019841240791e-01
3.004372026304688026e-01 3.698729036131201964e-01
7.900704009499837088e-02 3.303852181968922608e-01
-4.099390472340200819e-01 4.016620640738624015e-01
1.502665535814654563e-01 7.356687750122736791e-02
3.915538952038610798e-02 3.111671605445194277e-01
-1.951672281213217008e-01 3.175822141619277783e-01
1.232367341796589688e-01 3.236274719643755793e-01
-1.589032690140067539e-01 3.247639361213954245e-01
-2.853023834374506240e-01 3.130052983740978512e-01
1.113864258099653837e-01 3.530120087878232393e-01
1.765105412380936212e-01 3.981238733917690231e-01
-2.290526803377888054e-01 3.427038633810819412e-01
-4.642031550113194793e-01 3.331509767347502482e-01
-3.276028861757115385e-01 3.911764978735178255e-01
1.457721943324896685e-01 -4.874089696730274923e-01
1.640901934211036473e-02 3.882768296261419616e-01
1.185021757553341715e-01 -4.087840502883364202e-01
1.201995530621786656e-01 -3.628523226309023908e-01
4.438635994944659657e-01 3.887086704381389479e-01
2.859062814875429348e-01 3.098863436130305793e-01
4.855771488890125998e-02 3.917983110196096019e-01
-4.492213032428293840e-01 3.856230653708561107e-01
-2.866609104136743635e-01 4.018248842010954114e-01
-3.310714738183108130e-01 3.021383736151304067e-01
-1.978100874988546476e-01 3.749153223374525057e-01
-3.567817468540845915e-01 3.966414928704533605e-01
-2.097504600908907113e-01 3.804486565644723539e-01
-2.985715327494286031e-01 3.223789240339903772e-01
1.514578053104492783e-01 1.680076247284505442e-01
-4.898535241244987848e-01 3.356815632662278892e-01
-4.574061342981301514e-01 3.373557358132907025e-01
1.198869594805841432e-01 1.809996308744388216e-01
1.516876975198547806e-01 2.171537213354941542e-01
1.091942370133106577e-01 6.607149196487549503e-02
1.080904692908657427e-01 -1.246163613378068469e-01
1.072978879118144935e-01 3.421820947960992898e-01
3.757097587603637212e-01 3.799764066184041500e-01
4.784962634333899123e-01 3.413855046879646915e-01
-1.561286425131985789e-01 3.421317664897918220e-01
2.777396556074825940e-01 3.010801163443487249e-01
-1.933893523022230942e-01 3.566760592856416112e-01
1.455821445036361572e-01 -4.893036201521206996e-01
1.141478026771879373e-01 -7.770802538423327022e-03
3.378587010660778489e-01 3.364308890380545147e-01
1.399757599877493597e-01 -9.822288402186674094e-02
2.772817259448011606e-01 3.752166014503142133e-01
1.217699778412983935e-01 1.035397684111660777e-01
3.119683948553986230e-02 3.547612522342235009e-01
1.095429698097005744e-01 -2.232154068936460511e-01
1.460150417623760077e-01 -2.647074272794548433e-01
1.354383942727087620e-01 2.936085635236065361e-01
8.391302253553778456e-03 3.476144679214385746e-01
-3.477414202780280128e-01 4.055015775609052131e-01
1.379538957914765440e-01 4.559434399751882694e-02
1.468146015653835068e-01 -1.878041921251492052e-01
8.155532148500288514e-03 3.741421281507130159e-01
2.859860807794885051e-01 3.226811947665214619e-01
1.360998062818609133e-01 -3.659069929519432884e-01
-2.587310204517020429e-01 3.442978654186822363e-01
2.049140951422387946e-01 3.213192423116679741e-01
4.599725260420488571e-01 3.070220772094702788e-01
-4.096423026929102429e-01 3.927927820803803760e-01
2.842981361469443247e-01 3.130318602967674391e-01
1.450597894542881017e-01 1.373155809647168546e-01
1.085446469508700718e-01 -3.694716362034590196e-01
-2.720718679456298750e-01 3.802156283519171343e-01
-4.756472478553763761e-02 3.759625434614651818e-01
-4.108178358598100210e-01 3.663015657742064723e-01
-3.664824371811400416e-01 3.262565174829975545e-01
-4.493724304306484507e-01 4.049183408171026510e-01
2.217613804286594492e-01 3.957742331239194611e-01
1.482658978830508900e-01 2.543440937372499766e-01
-1.439583400606458952e-02 3.041366389962468775e-01
4.727804524216677740e-01 3.434311161531191647e-01
1.124240147699970827e-01 1.662644239620738595e-01
1.772428381796364860e-02 3.544885563536311901e-01
1.494622286894330410e-01 -3.013755243330863420e-01
-2.389273578060546743e-01 3.819928931233855796e-01
1.197209692160977612e-01 4.991058211253398547e-01
1.529414498874727135e-01 -2.256116317034849716e-01
1.122058176100574345e-01 -2.636600396932405888e-01
-2.124955598775133403e-01 3.247091517049861542e-01
1.118844546287267594e-01 3.616128199187673697e-02
1.506270535985820835e-02 3.071093896635653797e-01
-4.485336284605169199e-01 3.714470955518479611e-01
1.009878667319763501e-01 3.151892108607299292e-01
9.322587007770988254e-02 3.657815486515700876e-01
1.403304711683326378e-01 2.541400851922545057e-01
-3.836070856106115201e-01 3.392419230488588067e-01
1.351172127755945196e-01 4.925882478226425443e-01
1.264634329459872752e-01 -1.202510586057928821e-01
2.141999964834098158e-01 3.171333196460980330e-01
-2.981748732798683577e-02 3.171623735407810285e-01
4.994263727406731412e-01 3.715009007433301980e-01
1.418164190709814143e-01 2.103776810242286022e-01
4.537473459206410320e-01 3.142827661685557716e-01
1.309275836565153561e-01 -2.184909151394872628e-01
1.071988411224512605e-01 3.757499651522984152e-01
1.178897660196414066e-01 9.399955265051973541e-02
1.438442670687031244e-01 -1.279512022707561814e-01
-2.860270900337702482e-02 3.509030002310009611e-01
1.167139655496256534e-01 -1.153819498965326096e-01
1.440079275166646910e-01 -3.487680294768262801e-01
3.220960266838899244e-01 4.008923276830189675e-01
-4.074246875068536777e-01 3.199394873040514176e-01
-4.746895447573132865e-01 3.081119928565169142e-01
-4.323749825787768231e-01 3.188828034752662077e-01
1.452061252112911705e-01 4.769460838561561111e-01
1.097477491824340179e-01 -7.181775731075512592e-02
2.262828287950242601e-01 3.458557194186476780e-01
-2.626873266086553471e-01 4.017594579826035961e-01
1.285158818657471391e-01 -1.065339677782028982e-02
-4.157279095600003860e-01 3.053919113026624110e-01
1.496359076701346824e-01 -4.936261059364873693e-01
3.019262193889434842e-01 3.775950546581799960e-01
1.218589678024570855e-01 4.297342497290722596e-01
-3.651442686441136454e-01 3.439053160690599409e-01
-4.895405657526575860e-01 3.074957342812081329e-01
2.699548510960999570e-01 3.750791107375737177e-01
-1.298884976668962521e-01 3.120775784065413783e-01
-4.940248480007921605e-01 3.262574754953774248e-01
-5.541253920622124518e-02 3.986788891460719686e-01
1.237687784073233654e-01 -1.905703330860442080e-01
1.255714296491026172e-01 -1.646380515875685013e-01
-5.187596135751593174e-02 3.588255568080802593e-01
4.812835027866130266e-01 3.026589697197209494e-01
-4.968812780695770481e-01 3.502599182987296000e-01
-1.685301815689257410e-01 3.735425896461168627e-01
1.416977303085951156e-01 -2.459401932595020046e-01
2.533877482676919479e-01 3.880929855945538520e-01
1.382524276534472518e-01 4.377715521355233230e-01
4.827128034131167311e-01 4.055371708712141032e-01
4.207622575927558728e-01 3.445399796552425231e-01
1.267294268318537309e-01 -2.263908540475140230e-01
4.192126195538138367e-01 3.101412525183295799e-01
-4.807447322950334501e-01 3.698741783454770893e-01
4.718957655725375400e-02 3.860278629761616509e-01
1.087145600966694658e-01 -2.186337973037000282e-01
2.335149284460039665e-01 3.588842331976670463e-01
-4.569157090382092168e-01 3.663464267191911539e-01
1.400650325145428310e-01 -4.885687160375847826e-01
-4.247624123087905268e-01 3.925454108990545921e-01
-1.209262451468904320e-01 3.157879533521850135e-01
4.912262689193297449e-01 3.608649261028931132e-01
-2.192245437418069987e-01 3.727635123091431746e-01
1.530675860433263757e-01 -2.105551702959104210e-01
1.337850681593963920e-01 1.438692832640078301e-01
-2.440137457915744212e-01 3.523307845490305512e-01
1.533698743580946822e-01 -2.444713407467885569e-01
-3.546299590883474906e-01 3.653782902100511931e-01
1.218167655790551862e-01 4.479677409496507501e-02
3.859420649676492676e-02 3.951100828859350766e-01
-2.372843427767236113e-01 4.033506835960040116e-01
2.870914562533719572e-01 3.150409781281701127e-01
1.121265002031390789e-01 -1.759450876933916774e-01
1.387974275630889931e-01 1.487696650672269971e-01
2.256916245059584769e-01 3.934854019860206664e-01
1.060183189713674867e-01 2.258352464925313940e-01
4.620077882839883632e-01 3.086545201425351381e-01
1.491254472928689179e-01 1.288098471495482400e-01
1.508631450666576557e-01 -1.134760817175384240e-01
1.404101300636415584e-01 -1.157149025469528247e-02
4.771244387983099022e-01 3.074367304781765453e-01
-4.660025900551659772e-01 4.060054290409013111e-01
-1.668864216634324826e-02 3.878320646785307080e-01
1.518047852618996663e-01 1.846664215760288608e-01
-4.625023409700279586e-03 3.936649866666227515e-01
-1.890016550422976005e-01 3.491353708300756198e-01
1.289245993765492093e-01 3.572984144077298030e-01
1.511339181177391300e-01 4.524796676514666327e-01
1.070930601538505611e-01 -1.276916829164593814e-01
-9.968835010555865406e-02 3.425675395210956431e-01
-2.779685714726630730e-01 3.630759292444963870e-01
1.219146142808276156e-01 -3.240844631488841721e-01
1.141129043878256200e-01 -4.399376162302920390e-01
1.402792033095497937e-01 2.490855760721726320e-01
-2.630195733381101020e-01 3.307715102977148991e-01
-2.200743640356639386e-02 3.907814414582181373e-01
1.230216775289411091e-01 1.884389411781218771e-01
2.743651040402598218e-01 4.042840879594226111e-01
6.281909970981935931e-02 3.327879521474766955e-01
1.710496218561415871e-01 3.232323707654307654e-01
-2.994688293418378278e-01 3.339990930620858611e-01
-5.365875647188755870e-02 3.513349493058900430e-01
9.263040722072779509e-02 3.228580550277014849e-01
1.218456196031049155e-01 -3.597177369359291221e-01
2.471945405179877264e-01 3.495291106802028702e-01
-4.548494952833695981e-01 3.172963489516380520e-01
-3.744422127272390988e-01 3.917471594544481572e-01
3.495379169024160904e-01 3.878255146639748574e-01
4.064538070880188148e-01 3.414863297419250543e-01
-7.102429782244812362e-02 3.998321815573145921e-01
-2.670197156787748050e-01 3.714361484936893332e-01
-4.145874236726537765e-01 3.837295654089522001e-01
3.891629555381822536e-01 3.031721224307959428e-01
-4.660292812296337184e-01 4.071732829879650684e-01
2.992417898414329036e-01 4.006136566316169656e-01
1.873734036159644400e-01 3.737985612326260032e-01
2.273965392668374497e-01 3.120273350488755870e-01
1.242735767568524663e-01 -1.363265600076235540e-01
1.277173042506528633e-01 2.678099005311733727e-01
2.826070231261721410e-01 3.733219586050904315e-01
-3.951763839621974528e-01 3.157696465639674432e-01
1.392046829693254217e-01 -4.356079601925249012e-01
-3.554417638733167184e-01 3.511409275103335448e-01
1.104635674134921697e-01 1.332457282678281008e-01
1.155088917974382845e-01 -2.427029407755798562e-01
1.299200610762242247e-01 4.542570373184784405e-02
1.099703346381074587e-01 4.207565318497556994e-01
2.104097074569132308e-01 3.472849796752067730e-01
6.163853051927492555e-02 3.379166237012447560e-01
4.939032291741973779e-01 3.010349714737986515e-01
1.602197124715487586e-01 3.885562550488758093e-01
-3.117718082619665987e-01 3.153054589075554581e-01
-3.498355200302987189e-01 3.803991283381091826e-01
2.939949958122967111e-01 3.815759476312400311e-01
-3.389260460386547269e-01 3.452615359791521010e-01
3.248996221405601181e-01 3.631394568056763861e-01
1.055160034078580500e-01 4.865964071297924631e-01
-3.104772986857307071e-01 4.020204879007635013e-01
-4.115155572728625977e-01 3.567647802388831391e-01
6.558153583643966389e-02 3.295044843648748945e-01
1.429024343030893540e-01 4.957916332882723598e-01
7.491129324918188725e-02 3.202491321078921871e-01
2.648201892364935306e-01 3.648904105583198332e-01
1.489429455821343895e-01 7.915280080199982304e-02
-2.981091222279315112e-01 3.574457997082536309e-01
3.057974504810418992e-01 3.347850669908171151e-01
4.420176928555707985e-02 3.696652106858745457e-01
-3.317449513749485268e-01 3.695314956904062198e-01
3.412011081928045808e-01 3.012556635499380464e-01
1.289278874149168974e-01 -4.035587857355465990e-01
1.207779241194080200e-01 -1.100351754032002916e-03
1.485818625948648330e-01 -2.926576118421101436e-01
-3.365517059802349831e-01 4.043363004611320033e-01
-2.694861706499265264e-01 4.038922042398975787e-01
-4.268868170785250493e-01 2.992153789870020120e-01
-3.462965323484715752e-01 3.271402967611558577e-01
1.101131806311154149e-01 -1.090194232523072904e-01
4.572875972118096710e-01 3.519383763732355508e-01
1.509163739475992694e-01 1.801197518610614390e-01
1.381313848986238657e-01 3.381661705754661629e-01
1.275819125854874558e-01 -4.030733015169679634e-01
-3.256999785183610774e-01 3.709336692612467123e-01
-6.182761788368118516e-02 3.417338795868168910e-01
1.438417028094618466e-01 7.252520566701525784e-02
1.284508735132537938e-01 -2.038457793346319935e-01
3.347682649779358810e-01 3.432865072727027123e-01
-2.455625495985479523e-01 3.078211513830142465e-01
1.310010453997281221e-01 4.581788958309510607e-01
1.512145021622413044e-01 2.074898304535377491e-01
-2.580698297700418919e-01 3.384136878789331115e-01
-2.931426371422636290e-01 3.382178938343641805e-01
-2.854782981191057445e-01 3.013538517528192573e-01
1.146944462953166655e-01 -2.859923643872785970e-02
2.517805115961517792e-01 3.972327942885475194e-01
1.782731063620213163e-01 3.729592352374115904e-01
1.536485752583820474e-01 -1.405763801482738939e-01
3.039207695610923743e-02 3.489359295045543208e-01
2.198637487597296936e-01 3.510552851834221055e-01
1.486728746127305989e-01 1.279418183303911993e-01
-2.567170454082340347e-01 3.745308856097793182e-01
4.217650037867233248e-01 3.712411151769657858e-01
7.054521479751130197e-02 3.613772623592145239e-01
1.325288612346418038e-01 1.652799741093047281e-02
-3.014142461746786017e-01 4.088172312132032360e-01
8.843110429572853537e-02 3.320220375270708235e-01
1.088249148163719093e-01 -5.872884692593849376e-02
1.707521896025058217e-01 3.532320781008883026e-01
1.505307682748504572e-01 -4.123515518581872819e-01
-3.871164339058369430e-01 3.489937024451944536e-01
9.299718826678093908e-02 4.001512854949810238e-01
-2.824050431712965548e-01 3.456727776933288254e-01
-4.534457858422857868e-02 3.269191013487445785e-01
1.107934601678930431e-01 -3.818800348030779723e-01
3.715530178330284095e-01 3.176823695064792119e-01
-2.918641918241015043e-01 3.564204292808166308e-01
1.339386176768445624e-01 -2.472750993865459046e-01
1.202558822281465378e-01 -1.187106962323140058e-01
1.267875347210867254e-01 -4.835032315456438967e-01
1.058920204392941322e-01 4.056443515471186423e-02
1.152572849648455522e-01 6.192247350712598575e-02
1.434091052823102119e-01 -4.000417079593947545e-01
-4.724370754934654748e-01 3.242139341053013046e-01
5.145582667434367430e-03 3.339985557451825571e-01
1.139489154413948491e-01 -2.571962807617350633e-01
-2.081776494652631815e-02 3.676460442088592684e-01
7.288073999286059923e-02 3.731454309958683879e-01
-3.071487989218057990e-01 3.427581865590345611e-01
2.291437417411040789e-01 3.990969565562841881e-01
