3.234862518334613579e-02 2.391369084324834748e-02
-4.255564914955720646e-01 -6.996656811516177576e-02
4.808008138024089106e-02 8.653556256290739768e-02
-2.008245164666511151e-02 -7.336550945892417186e-02
-1.611526897634295574e-01 -7.208301196026523083e-02
4.052140269726856037e-02 -2.009438587870343573e-01
4.592347240649385931e-02 -4.399211958611589646e-01
-9.617369118453822363e-02 -9.939918291694760377e-02
-1.116709736285773635e-01 -7.758244363039024094e-02
9.791957504102843934e-02 -6.949036005984343678e-02
5.549484705940055385e-02 1.442605315630909324e-01
-1.106704775406720520e-01 -8.585506253450225778e-02
3.271890276049849167e-02 -1.882642522883291036e-01
3.543596164579067009e-01 -9.068128382457396608e-02
4.222977733621424701e-02 3.491527604250426187e-01
-3.037881781584580443e-01 -6.893587474402940174e-02
9.177713111954355352e-02 -9.724866765868345198e-02
1.132957464232853262e-01 -9.089737002264630661e-02
4.494012457602070132e-02 -1.031405364324023965e-01
-1.284671737575058259e-01 -8.209879806419140280e-02
6.148415490284808715e-02 -3.752115527941333184e-01
5.535121314004198823e-02 3.852939729081629183e-01
-3.056041514633102141e-01 -7.200044087258861136e-02
6.016481860967504147e-02 -4.476782794484424066e-01
4.762662713857546137e-02 4.468782925436149966e-01
3.616131466647620751e-01 -7.413563576956516687e-02
6.170660022712382009e-02 3.596332432996507400e-01
1.387427850976802324e-01 -9.214532137196873585e-02
-4.123518830765350307e-01 -9.173266964241177934e-02
-3.561827393992875734e-01 -7.018686520839456655e-02
2.193253952201013046e-01 -7.702457273058971321e-02
5.180724503743505682e-02 -4.112651310110186920e-01
-2.365256059995501925e-02 -7.109889050946571754e-02
4.851089995724676696e-01 -9.217457901456738156e-02
4.816279362075692738e-02 3.899132756488739027e-01
5.580632047559719311e-02 -1.372058504948114876e-01
3.265913516806595585e-02 8.771104401303309039e-02
-3.349556542577732943e-01 -9.792656959418044593e-02
-4.265356880069879342e-01 -7.679377298407863428e-02
-2.669651574008014006e-01 -1.026292130256343249e-01
3.585913465215783136e-01 -9.711069463481503128e-02
2.476617718737972318e-02 -6.423105022229225192e-02
-5.136482647406959146e-02 -9.884655327426361549e-02
-2.326143763295138722e-01 -6.429166019056054004e-02
4.108732925327862606e-02 -5.225543631347506768e-02
3.851143448600613528e-02 -1.092071862996948362e-01
5.701734860918927783e-02 2.085829426256360364e-01
3.279839270179385480e-02 -7.704078489108256989e-03
5.352242799240958249e-02 -8.158465843791795624e-02
-2.512999879356603294e-03 -7.515104404290307016e-02
2.631641888447737720e-01 -7.061385251902796423e-02
3.437211835637243862e-02 1.734865105598160095e-02
-3.736736164377540970e-01 -8.244133153586508111e-02
-4.537037458409676205e-02 -7.405095526049210175e-02
4.287554136532234494e-02 3.580009197063682702e-01
4.466910104755570377e-01 -6.487198835607466130e-02
-3.319097947740251575e-01 -7.037644952564725553e-02
1.957768358488668481e-01 -6.639687626516443952e-02
-3.562791455566126642e-01 -8.005618688118010251e-02
2.675918576337906751e-01 -7.189546887574838063e-02
-2.129708543608044291e-01 -9.720409922925599133e-02
5.837800832334427703e-02 -3.827934854091359362e-01
-4.722385734563383508e-02 -6.413745685232430382e-02
7.387226113621059298e-02 -8.456793057364220267e-02
3.381019620461678254e-02 3.934154799366642585e-01
-4.744147134148126721e-01 -9.135226460866574527e-02
-1.126081208920045595e-01 -7.659500861128987204e-02
5.718564971371775663e-02 6.635651767094463693e-02
-2.220188215227909545e-01 -6.729233644214283050e-02
1.146444302248424973e-01 -8.868810295036178015e-02
2.055740856083558832e-01 -8.545430756343119771e-02
4.709431179257128619e-02 4.276753136172293246e-01
4.591826442932928076e-01 -7.772847844002150897e-02
4.342076956546815358e-01 -7.506954993500436490e-02
3.206574135229223188e-02 3.330746186606614589e-01
3.164606147043469431e-02 -3.544992064081442518e-02
-7.006347817651459309e-02 -6.608126336134956258e-02
4.466238537485056614e-02 3.522002682726455003e-01
5.960090299233045119e-02 2.527272312552991673e-01
1.073059977178407731e-01 -1.016558626505648100e-01
-1.164970704375606347e-01 -9.868493450850557291e-02
9.556899340288560474e-02 -9.890357731892951421e-02
4.801756223252906519e-02 6.748203762147675366e-02
3.971541148576596125e-02 4.765528914948246042e-01
-2.208702450605199985e-01 -9.137542740210247150e-02
-1.427712193476349256e-01 -6.826080958379465713e-02
3.710737939774533256e-02 -6.483217173503308395e-03
-6.465032887291521924e-02 -8.045449949670091527e-02
2.378982934006589334e-01 -7.601143300911239464e-02
-3.487279262964060322e-02 -9.950466452054840261e-02
3.325674190675287356e-02 -2.558071447728222925e-01
3.532431419999682021e-02 -1.349466412205360122e-01
5.785174448276519943e-02 2.093882749235177476e-01
1.766275037380445889e-01 -7.090618571149187588e-02
-3.439875492096470255e-01 -8.036793852038248698e-02
3.940568264139687749e-02 -2.092166667947921166e-01
4.806114512988501897e-02 3.504145725254006472e-01
-3.798714729513870125e-01 -8.456934253781422939e-02
-3.703290190751287181e-01 -7.273819750170296139e-02
-4.017608179031270099e-01 -7.564266563929067377e-02
5.969474761688875475e-02 -4.479970435064796197e-01
3.222884516812418720e-02 -2.856830396958354168e-01
5.493010798695896479e-02 -1.922650476291299926e-01
3.073074905738293339e-02 -9.239534015523687138e-02
3.033875713001765728e-02 -8.603454873774019074e-02
-2.248690639619772558e-01 -8.039648026098522582e-02
3.387354305252943121e-02 3.440248084248964666e-02
4.986566967842420706e-02 -1.224512005081745958e-02
4.267004136317464891e-02 2.630541379594608653e-02
4.532779227086070062e-02 -1.973065825127269246e-01
4.452858991766228680e-02 3.892454979261765757e-01
4.280196842595263007e-02 2.653225445756983714e-01
1.655218684890443770e-01 -8.432554949116954912e-02
4.061552126282054198e-01 -9.608319122741570961e-02
3.040593339588296695e-01 -7.211328805038497158e-02
4.141397046200235854e-01 -6.535614413287693658e-02
3.643272008451381438e-02 4.528365638561758777e-01
3.515512131201448121e-02 -4.020479320268059986e-01
2.522232670594074522e-01 -8.025401074445781546e-02
1.583566867555372681e-01 -8.423330578259569101e-02
3.745039752839486313e-01 -9.809272586205475264e-02
-4.991743005832124380e-01 -9.542126306446541140e-02
4.848661025818875592e-01 -9.439405531902755886e-02
3.958897193626498279e-02 2.098630079800489767e-02
1.834692522635830159e-01 -6.706840288355198076e-02
2.807671181006543559e-01 -7.891596396494127141e-02
5.787408608818100930e-02 -4.129994445141366155e-01
3.835650642223087381e-02 4.080335708346677359e-01
-1.181603169478900872e-01 -9.822081797900539257e-02
2.444431569667965265e-01 -8.410493623624371029e-02
3.312175861241506425e-02 -3.395188387304370892e-01
-4.528000502827834728e-01 -7.044188703244946836e-02
-4.015179928234907658e-01 -8.872792914447757973e-02
6.272900481769305703e-02 -4.475621555522258932e-01
1.971869624460671488e-01 -7.231702816711482740e-02
4.420069453932518044e-02 -2.051173086834237047e-01
5.027427050569410749e-02 3.534222640023118034e-01
3.568274047763331236e-02 -1.254081350772859871e-01
9.268436255553336167e-02 -8.627719613761009043e-02
4.752191231493195778e-01 -8.378793817670759925e-02
4.931342244430314548e-02 -1.464500076552973651e-01
2.659287439752835436e-01 -6.601250381796741618e-02
3.077155878858905957e-02 -3.587919795057675776e-01
3.531514354102849307e-02 4.126887583735652232e-01
4.064064303893960561e-01 -1.010409746726114166e-01
-1.026056957387946333e-01 -9.629768596111021317e-02
5.175869656451359546e-02 9.840915803556660180e-02
-1.005663176869613373e-01 -6.554425510465566873e-02
-3.086552159172714083e-01 -1.014429902141896767e-01
4.885691314760098880e-02 2.011431182379019855e-01
-2.461572852276230350e-01 -9.781720056180898126e-02
6.063368942686975238e-02 1.140977296129038754e-01
1.289797307524289671e-01 -6.617137855849608563e-02
3.013911229231769351e-02 -2.487215088944384478e-01
-1.332776842971754583e-01 -7.872124491774157296e-02
3.406920370294763689e-02 4.129283413737390163e-01
3.161776868672397933e-01 -9.600556048557173927e-02
4.856817344771208189e-01 -7.749120158021149951e-02
-1.136215346587170494e-01 -9.156889654462740946e-02
5.030995558302420179e-02 -2.961123458009737863e-01
4.606703733960915148e-02 -2.151426120759087901e-01
9.039270020736522859e-02 -6.988367922074845140e-02
3.354043238162274232e-02 -1.410909442842854800e-01
5.940712892478350327e-02 3.060053842293033455e-01
4.107208377188548143e-01 -1.011569048285232419e-01
5.249575726182087454e-02 3.878005413256899736e-01
-1.075649189694204422e-01 -7.147724191456006348e-02
5.694601001002941310e-02 1.233538826391483711e-01
3.675154878311358564e-01 -7.941266743918484750e-02
-3.783618830163240077e-01 -7.892826272406594512e-02
3.710284999750634860e-02 -4.009112254316488100e-01
3.100593228588599537e-02 2.966713763801724912e-01
4.141080727884438595e-02 -2.728270363724527581e-01
4.935982092566831847e-01 -7.351986948751887407e-02
4.310065016142576866e-01 -8.307160134849378430e-02
3.360533947099531016e-02 -4.132163912796114058e-01
1.937104029554916895e-01 -7.847498771690863961e-02
-2.612387357789758280e-01 -7.375079795144956485e-02
2.911311220825942847e-01 -8.761310308597447527e-02
-8.116904253174261896e-02 -8.673796031922720307e-02
3.101375365035541343e-02 -1.177986166776335830e-01
-1.770678821112089407e-01 -9.373630002240207482e-02
3.957762866373046862e-01 -6.907078911756570072e-02
3.726864665493268003e-02 2.531233912226522609e-01
4.322994027831272845e-02 4.924334895998306871e-01
-3.072182800286691329e-01 -7.185586431915857997e-02
4.140168302706137560e-02 -7.614443615488475370e-02
4.967822280567812943e-02 -9.410414211059003886e-02
5.053301248360042575e-02 -4.640890270629413061e-01
3.561905872888204705e-02 -1.888532509313224361e-01
5.799230783549558232e-02 -2.610871151453024730e-01
5.544078310747602156e-02 3.764070924742667357e-01
5.206319947708237805e-02 1.974956267839161894e-01
5.606989742212886707e-02 -1.024356232908525399e-01
5.219696184727229404e-02 1.871531675248951920e-01
-4.361651954739461656e-01 -9.829309594382307225e-02
3.078151338512269408e-02 -3.676026534393452838e-01
4.137717344306537370e-01 -9.364399893624653082e-02
2.916171645286503855e-01 -7.941263186473801472e-02
-4.928421172897786695e-01 -8.452802209051524240e-02
1.857669811769490087e-01 -9.313850306436044502e-02
3.309427894003003079e-02 4.215117101296338431e-01
-5.057516470928591357e-02 -7.514332261476863728e-02
4.323774470607433251e-02 3.987020404008970731e-01
-3.869849779321623551e-01 -7.290473809298936292e-02
1.112731749142872317e-01 -8.599545463939872736e-02
3.776229392049790246e-02 3.022863403313190700e-01
2.544125772055949586e-02 -7.066251865068207128e-02
-2.115929413023937000e-01 -7.454894091890351682e-02
-7.718812005822273115e-02 -8.012719205280693924e-02
2.048749467938996149e-01 -7.776853131790661955e-02
4.185532198386026081e-01 -9.972475033143979317e-02
6.113186128091863125e-02 9.581252042445198569e-02
-2.535885666568828967e-01 -6.961269982838580450e-02
4.468434553462019565e-03 -8.004952557900235632e-02
-4.138527164989391771e-02 -1.020113269006895917e-01
6.906173518355063212e-02 -8.405505999828233321e-02
3.809602311817383846e-02 -2.538326182977235224e-01
5.003018094732680776e-02 3.386639799999650036e-01
2.958616129067300760e-01 -6.599887290349704116e-02
1.986095185355770676e-01 -6.745010953872809800e-02
5.107125131001089002e-02 -1.092077847884281860e-01
3.757259427656464146e-01 -1.006790750304343840e-01
6.048053847331080757e-02 -4.507433866636467723e-01
-5.239196451926608766e-02 -7.104380660564935113e-02
3.302818680298869047e-02 -4.082434307555194986e-01
5.533756888175012101e-02 2.908801775922541522e-01
5.057232643516340609e-02 3.882908553716069022e-01
3.558370927741416612e-02 -8.249760793838400996e-02
-4.600905391022338531e-01 -9.036202561038131353e-02
1.983230982867479897e-01 -6.789468794824415898e-02
2.946777598989751557e-01 -6.979428337071857946e-02
5.457632814147572731e-02 -1.351608113208858652e-01
5.412895543282103539e-02 -3.505827583283765980e-01
3.801802041729995807e-02 1.678526147442369609e-01
2.942751651650591382e-01 -7.816033854669013348e-02
3.026795711899932240e-01 -8.293945741226993462e-02
-7.639016294590450507e-02 -9.250851888409605817e-02
-3.325873080587238295e-01 -6.786015294963687605e-02
1.856084062587862737e-01 -9.192804754358008257e-02
3.804105182676945640e-01 -8.038894609185431861e-02
-2.770672493037379391e-01 -6.996956747385940645e-02
4.140427297970405984e-02 -3.598855375004827994e-02
3.162597026207036865e-02 7.860223139381028457e-02
6.220259794831017874e-02 2.911612428577736722e-03
-2.161908691817251427e-01 -7.470931476021636097e-02
3.531957059229995366e-02 8.424215939551671362e-03
4.044370249700074416e-01 -8.204304886826274679e-02
4.651556493349573440e-02 1.481492771936292474e-01
3.635379878189837211e-02 -9.624919231167194944e-02
-3.484998889231597508e-01 -7.098815579971218259e-02
-1.577567157849936175e-01 -6.538105687950357403e-02
5.238541235464022616e-02 1.101821963555127404e-01
5.403217312306185516e-02 2.165663548571747921e-01
1.143882522661643364e-01 -6.685745017225042108e-02
3.479741907629365638e-01 -7.131150792433471608e-02
2.679852200930105122e-01 -8.647330601537461803e-02
-4.566888427084597746e-01 -9.364786014451909057e-02
-3.176970279516535545e-01 -9.545716943967486046e-02
2.972563592165422541e-02 2.337337665449553681e-01
-5.191460703475958560e-02 -9.488570452114153397e-02
3.698435654989429278e-02 -4.664359848933139485e-01
5.470181938594809168e-02 -3.473421967342732453e-01
1.466614931768031038e-01 -6.983885594071737035e-02
1.064038919910045289e-01 -8.676104167844767012e-02
4.590529252654240722e-01 -9.925471396909424371e-02
5.772583534724395893e-02 -2.075762014277789946e-01
4.843440427417677885e-01 -9.937913321747682271e-02
1.772689158708551371e-01 -7.272714248878908716e-02
3.274744506084470430e-02 -1.139336564744792835e-01
3.715589203833323806e-01 -8.779198443171509769e-02
4.808717095206427317e-02 2.127958968845732324e-01
3.122364675545696855e-02 -2.178492204209814265e-02
1.400305455138184385e-01 -8.499543976705647985e-02
4.874923843278355928e-02 3.634342956604234010e-01
5.540416992140029251e-02 2.352170397884512099e-02
4.279781501782031761e-02 -2.907554397978980854e-01
-4.025340783484793183e-01 -8.381943234083355510e-02
3.106773283993025103e-02 2.964621870802364167e-02
3.088697156940815036e-01 -1.012066757605492029e-01
5.410578095732787585e-02 -2.478108196034374267e-01
-2.444006166216030618e-01 -9.863310359381716186e-02
4.762698113043040138e-02 -2.227903174816002752e-01
-8.086963939106928123e-02 -8.508446638998201639e-02
3.856441095698526222e-02 -2.959925548381022731e-01
6.225449543161709620e-02 4.243345021257179939e-01
1.822473661865683381e-01 -1.002791021848290498e-01
-3.158276393269418003e-01 -6.447395299464764307e-02
2.623164299790317067e-01 -7.238206363547983191e-02
-3.660596151714712310e-02 -9.955897512047862108e-02
6.089435367877560346e-02 4.827528696960845522e-01
-2.551944495802319635e-01 -8.161892655089075799e-02
-4.016063594501437795e-01 -8.108272539549532532e-02
5.233336296287183220e-02 -4.288150058581861046e-01
3.342594572437240785e-02 -3.878965425627126651e-01
-9.906179404447557069e-02 -6.398692460226496070e-02
5.248356484239280473e-02 4.394309504635597330e-01
3.771743564720075881e-02 4.605633199751364426e-01
6.009386185902687583e-02 2.367021957512464025e-01
2.147243889049288423e-01 -9.088532016549044634e-02
6.039629469229146341e-02 -4.087569641888777472e-02
4.191725898004251549e-01 -8.624096324848740114e-02
4.022341503526681850e-01 -6.525394168886733404e-02
9.438884095259036933e-02 -7.056455760137914091e-02
5.393599006615001912e-02 4.685127427321524873e-01
4.216847602895357205e-02 2.273201859098838984e-01
3.650916444695528895e-02 1.911565910682699876e-01
3.762116103388346566e-02 2.401303300744007663e-01
5.273731286050686862e-02 2.596418629808996403e-01
5.231721875571149205e-02 -4.262272236604928155e-01
1.758606510676854473e-01 -7.375045317949269208e-02
5.864968401495918027e-02 4.327124663844967856e-01
4.402658518266999721e-02 6.266754566423715644e-02
2.754172037538739071e-01 -7.458557032185630931e-02
3.153895178203658389e-02 4.120858764337000935e-01
2.379541026225209244e-01 -8.332145583758754359e-02
2.427918816875851427e-02 -6.527566843729837309e-02
-1.420494437957159350e-01 -7.563515547216137502e-02
3.867917188193537026e-02 -2.540525170176610725e-02
4.114741507842167856e-02 -3.073585924007085080e-01
4.567552568763733056e-02 -2.409130815643489854e-02
3.696063756489742502e-02 -1.585334759474239519e-01
3.293110665647414059e-02 3.715623465804371861e-01
-1.556934825392987110e-01 -8.627440722726997802e-02
-2.489444104001369285e-01 -8.869373363209209771e-02
-3.583768590334883708e-01 -7.245354380068136368e-02
-9.980527545712802873e-02 -8.728495229072819050e-02
-4.377575976932998048e-01 -1.020390093129248665e-01
3.223403668154264379e-01 -8.411546088343824223e-02
7.655276208749306477e-02 -8.678513337670812344e-02
4.003436137346838564e-02 1.577695075923325474e-01
1.173845013525760539e-01 -9.761675941428638037e-02
-9.562386455334026536e-03 -9.128910229766928897e-02
2.339338128694588015e-01 -6.941280366188096185e-02
1.824847794951987012e-01 -8.655821649572081888e-02
2.306178582284666989e-01 -1.017529730499979745e-01
3.895621558794581940e-02 -2.101684402947721075e-01
4.377567481703745766e-01 -7.248038820658619930e-02
3.627152214359974369e-02 5.571231009047661331e-03
3.010577306636896822e-02 -3.979928389433334823e-01
-1.396778574425538988e-01 -7.380098203804730250e-02
1.893364910938756251e-01 -7.763723438443126401e-02
-3.306347902115227555e-01 -6.480980470968589202e-02
5.949207348774010473e-02 2.802218888397665086e-01
-3.763333295004731571e-01 -1.024085420344879038e-01
6.116786347163960524e-02 2.762365527530279419e-01
4.980968168195287760e-02 3.673881363479353235e-01
5.904163906977899501e-04 -9.163366744394307872e-02
4.925140521834003859e-02 -4.237875192645295108e-01
5.700394861304292071e-02 4.200444968315226735e-01
4.010860823815191045e-01 -9.542962188326142847e-02
-1.672872738713206964e-01 -7.385644211392694558e-02
3.649389658367074851e-02 -4.338499708686605061e-03
3.820500073338906066e-02 -7.877124221718090347e-02
