6.846477202332112988e-02 2.541072033649764972e-01
5.028936228959068888e-02 2.673431159672656765e-01
-3.529751247656198743e-04 -6.141960774621701979e-03
2.313361855554205704e-01 -1.354402223346828915e-02
4.952889821771289114e-02 2.640779460575748416e-01
4.821829888992318347e-01 -6.616107008746485718e-03
4.309508665279659922e-02 4.061468214010022226e-01
6.951850581807339502e-02 3.932319410702541651e-01
6.536442910147388652e-02 -7.100717115713650607e-02
4.371650947948624299e-02 -1.726511053699325560e-01
2.673152746942208946e-02 -2.398576922581019399e-02
7.715587842865967438e-02 -2.287463580600967994e-02
1.004132013199254825e-02 -1.006802017379671010e-02
3.391561620754593998e-01 -2.389444159599618533e-02
6.650165101164418058e-02 -2.597822476837493566e-01
1.289563860417241026e-01 -1.882138315934889228e-02
5.167347896918905725e-02 -2.546209273404018703e-01
4.305596621288320103e-01 -1.876769926298760272e-02
4.109734901296845377e-01 -1.645045571427117270e-02
6.749942243344397852e-02 3.608543613951437079e-01
4.723669491940618581e-01 -1.565820665824102509e-02
4.736115951302755089e-02 1.651483490385767805e-01
-2.970000029296681054e-01 -1.947203293031396498e-02
5.347722818164712955e-02 4.303616775754078860e-01
1.076954018470903662e-01 3.168392377007278604e-03
4.563882945889696785e-02 -4.274919144005362437e-01
3.545278366993956931e-01 -4.822655546765641787e-04
4.890228287524269746e-01 -9.017121626864743611e-03
5.981530612964625071e-02 -2.605840825608563005e-02
1.168887141283019293e-01 -2.255744393368452894e-02
7.488053383990367351e-02 -2.537766741747286003e-01
4.990264411918998722e-02 -1.031990842170115164e-01
7.192747373238295161e-02 2.760140596591584838e-01
-4.943714368620453214e-01 -1.062652226161431290e-02
6.041320067047917242e-02 -1.396244250865513736e-01
7.563973593537831608e-02 3.972511012091729521e-01
5.550279378486999704e-02 1.085971767960883794e-01
-4.844287681971733983e-01 -9.770325648733813040e-03
6.678420421691211306e-02 -3.755663620835049121e-01
4.865545297132434222e-02 -9.691688197237924296e-02
6.509938155181760333e-02 -1.435010525892420619e-01
6.539978011640001920e-02 3.818577477944345988e-01
7.387468109765260582e-02 -2.352608892171333954e-01
1.077623554881997903e-01 -1.685776264448113348e-02
5.921741140618597132e-02 9.251619013466816366e-02
7.142770671100351354e-02 -3.446546071652843990e-01
5.730680964469792027e-02 -4.007892897504726770e-01
6.796583390130839231e-02 2.014845888475536029e-02
3.745855121165274637e-01 -1.049579487781859832e-02
6.591548017567461226e-02 1.162427308594182751e-01
1.825501957310571299e-02 4.172649234497005644e-03
2.448636666473728019e-01 -1.662795622781354510e-02
-1.114880293084838936e-01 3.972705735939552341e-03
6.216189426686280495e-02 3.084704325645877265e-01
5.423917030536762329e-02 -2.822983453713219237e-01
5.272744818056029903e-02 3.950775668141992547e-01
1.019255922579462847e-01 -1.300796045560659309e-02
6.288831019839058456e-02 1.501892328318509273e-01
1.104902785415645683e-01 -6.681494094047391030e-04
-4.965850973852036221e-01 -8.306407887539446477e-04
3.925376872917806237e-01 -1.169948051606639616e-03
5.795411639242242785e-02 4.806728584640185264e-01
-2.600464404340625535e-01 -1.670900412372744448e-02
5.947734933823922709e-02 -3.439131349262199988e-01
1.222543989768840600e-01 -1.185060571401430618e-02
5.924207500498335222e-02 1.034902523839911215e-01
-2.840617049913173320e-01 -1.937497164506007952e-02
5.601154588474410723e-02 -2.454296080508286959e-01
-1.561808077820414642e-01 -1.657791251806961519e-02
-2.696726122552486338e-01 -1.421370018321765905e-03
5.605567337605643630e-02 1.038925044680671927e-01
7.289789503161325790e-02 -1.681979742735913996e-01
-3.397272102494519608e-03 -7.110807640200000890e-03
5.991075218996522178e-02 4.893235779121661855e-01
6.058580471338947948e-02 -2.809049636437951358e-01
4.613032837562847099e-02 3.907472771064405270e-01
5.431529937321644130e-02 -4.165801424055861624e-01
6.561694531940409636e-02 -3.815303686577204978e-01
1.793679004346320216e-01 -2.270792682911138005e-02
4.004999821910052438e-01 -1.508972283194753850e-02
4.941110622443711797e-02 -3.272518469742160541e-01
5.880080531806863853e-02 -3.559039474617323728e-01
6.696906441025718415e-02 1.715129559636902057e-01
7.432531360441874124e-02 4.662160857542004821e-01
2.499046015179885449e-01 -1.086892622579527234e-02
7.550491322064900590e-02 -2.123357530188466624e-01
5.494574261759432865e-02 4.226768798380926562e-01
7.610618588678585983e-02 5.921810521421810858e-02
3.241936105862320838e-01 -1.078477349733930613e-02
-3.319944206357645644e-01 -9.646893946601564629e-03
-1.732006088914982422e-01 -7.594380511517506704e-03
5.811934599375812027e-02 -2.303406678252695183e-02
7.120830864593119536e-02 4.570558798207974283e-01
5.354989695797507387e-02 1.603175993308736391e-02
1.573962248351037374e-01 -2.232337991583210890e-02
3.705206900685980020e-01 7.143712046144834460e-04
6.365677038660200182e-02 1.376781938318093479e-01
-4.902797934560481075e-01 -2.074925582307041161e-02
-4.024552458949416378e-01 -5.228927457198717654e-03
5.576328039077493859e-02 -2.305786239006435423e-02
4.498326217478780809e-01 -1.069620267829241023e-02
3.043061703187507350e-01 8.874917252970071502e-04
4.813529113171466367e-02 1.667781864863350227e-01
4.413111729595875499e-02 1.314147125835470886e-01
5.589819837968401650e-02 -1.189377397268742698e-02
4.840333177825328903e-02 6.800799536586410454e-02
3.107082705590455962e-01 4.656005060832080211e-03
-6.136054993129491653e-02 -2.412343988528287131e-02
4.639013237485523078e-02 4.831762563534766075e-01
5.285985745738641661e-02 1.218164712181166731e-01
-8.291604753276282658e-02 -1.493313533631857037e-02
-1.997139218024004403e-01 -1.142820500927077543e-02
5.203844521304390458e-02 3.235618941749386357e-01
5.380265654003635323e-02 3.328076319898997104e-01
-2.874806366167075300e-01 -9.538597828532502376e-03
-4.397078544816644952e-01 -2.266376147905713179e-02
5.299573643030719428e-02 -7.761250989597512362e-02
3.178083920301609799e-01 -1.342191387611901821e-02
6.516411979004199662e-02 2.672113569075357242e-01
2.176228851312924650e-01 5.037322174418323861e-03
2.902204822324118139e-01 4.372733984540189134e-03
-1.567404595717639681e-01 -6.701373888852057981e-03
6.242685679001869214e-02 -2.956827321796388075e-01
4.281771395329014851e-02 -4.876360109361911332e-01
5.751566305264543821e-02 -4.722532344138908877e-01
6.592459299172415133e-02 -2.651240199652936669e-01
-4.541400183755297526e-01 -1.840216912927261639e-02
7.082826589965784958e-02 -2.010800428265907547e-01
-1.734724010726765853e-01 1.837891829588045312e-04
6.182917940768284382e-02 8.488527125980860344e-02
-2.786236030625273141e-01 -4.081708452915999707e-03
-2.232794608050109320e-01 -2.048583618419141938e-02
4.994480930456435264e-02 2.071671777286905325e-01
1.207295477679731777e-01 -2.355198002586766926e-03
2.978763656068255106e-01 -1.616000279074381041e-03
5.156110826515059031e-02 4.111927502502191745e-01
-7.561046014278083316e-02 -1.908256548619546855e-02
6.254594873296048796e-02 2.012702138656565776e-01
-4.341398014873826261e-01 -1.434356591527641278e-02
5.445708955067407597e-02 4.768894079346729376e-01
5.740240547260055948e-02 6.867384644748242284e-02
7.263976528714422010e-02 -2.469698147812577904e-01
4.346143281783154677e-02 -1.146236717870835475e-01
3.394689663259823353e-01 -3.594151492372299472e-03
4.547956005363231746e-01 4.153606811739596338e-03
4.749972458538664899e-02 3.079597493821117915e-02
-4.581073925500619426e-01 -2.151411546001769093e-02
6.694837237345774295e-02 -1.105611733337074076e-01
-4.511381012747223140e-01 -1.937973972878759277e-02
1.059856818481047513e-01 -1.304074110378439233e-02
6.796062729397223112e-02 4.277324999785067083e-01
5.272140709614192566e-02 -2.805970357412188587e-01
4.521634447495459508e-01 -2.287222052730020216e-03
6.163079298841911413e-02 2.049283388473074341e-01
-3.536500633935509841e-01 -1.993838422395688426e-02
-3.012598982340658482e-01 -2.228072414238690957e-02
4.388929523815038314e-01 1.496930868787882396e-03
6.112216896121158705e-02 -1.536932240907562530e-02
5.166071254592052853e-02 -4.720952523884797136e-01
5.551612246408643703e-02 4.896627133207293037e-01
5.778013215732324959e-02 2.684231355543148512e-01
6.692250139690991695e-02 -4.372957843610826290e-01
6.787439695720198785e-02 -3.784923399899604579e-01
-4.232522714215721793e-01 -1.685925383636566188e-02
7.431331225549819841e-02 1.442294589878875266e-01
7.274881846430469867e-02 -1.758723617806683404e-01
7.177889686391669688e-02 3.834795834439252982e-02
-4.543168442809494278e-01 -1.190294117854762135e-02
4.397628736494896273e-02 1.759909803266079820e-01
-2.073586159131390882e-02 3.987525451328521875e-03
-4.873807836057705289e-01 -2.396802550524923525e-02
6.568431990936407505e-02 -1.316971786504984587e-01
3.041733216192480382e-01 -3.332327864901896142e-03
-4.401034296646443300e-01 -2.407320978575921977e-02
6.082352699947501939e-02 -1.399456942502341761e-02
6.401734019805405129e-02 -1.614383920115201043e-01
6.111332449595152649e-02 -1.348805912478765467e-01
3.656269331088836116e-01 1.464404636825511474e-03
1.581600029266266860e-01 -2.426825915203600914e-02
-1.953814573750392025e-01 -1.785989879614058307e-02
-1.317192905346291631e-01 -8.240468140132573005e-03
1.825444051116786870e-01 -7.983699448009362598e-03
4.276108390852528807e-02 -1.237535142800400001e-01
-2.265010997026239981e-01 -1.862002978475685300e-02
6.865663766219742836e-02 -2.643832595553488041e-01
6.457571950307638975e-02 3.688135699961067049e-01
5.036238142466786805e-02 2.999235224905205666e-01
-3.092810413964952598e-01 -1.050060089986992740e-02
-1.754682493307436753e-01 -1.064961286852073030e-03
6.623144324280971773e-02 3.172198776971442147e-01
3.991434550161938599e-01 -2.228668554710377947e-02
1.372500878145010983e-01 4.886539568558778690e-03
-3.983973890267644702e-02 -1.081414619900078478e-03
4.863539762736024397e-02 1.877508881112831540e-01
-1.778772962942727354e-01 -9.894151528874073342e-03
1.556961531243983288e-02 -1.073471482824384093e-02
-3.970030768422384559e-01 -1.787758274623874044e-02
1.752119588989009547e-02 -1.660122447200984563e-02
3.929893184335763179e-01 -1.544720621004636030e-02
6.260190199461590499e-02 3.405835516360811166e-01
4.629486741258570515e-02 1.320637492257088486e-01
3.543133667688563859e-01 -1.697098780536265838e-02
-2.545523056200654777e-01 -2.279990436779366636e-02
9.973115890945183359e-03 -1.377847905414342211e-02
7.307041259796498434e-02 -3.109032569301541926e-01
4.291985501223727351e-02 2.241836702009625260e-01
7.334822189015766103e-02 -4.451092415563594473e-01
-1.812383556593761824e-01 -1.269146950935473583e-02
7.435037008423794891e-02 -1.657752913250193361e-01
5.849984554328324649e-02 4.986263577755581933e-01
-1.662226238417464641e-01 1.106627351606381815e-03
4.287715189268337390e-02 4.931035702564291467e-01
5.698684675197740468e-02 -4.148509715745440918e-02
9.209867511014002694e-02 -2.148016516341444415e-02
4.997821323324147524e-02 -3.739037675742108435e-01
-4.095294418394972435e-01 2.487746111270450200e-03
-2.441735642518044758e-01 -2.087025287190324985e-02
-3.286098485670128078e-01 -6.839153517844143160e-03
5.054312017730588913e-02 -9.538968868721509065e-02
2.195969784650040335e-01 -2.277092333512509281e-02
7.459550782823409776e-02 -4.919638060931752488e-02
4.177846303901852076e-01 -2.369451552414281181e-02
4.784224385112112454e-02 1.181079218968970057e-01
1.119819792604322961e-01 -2.090178852799939868e-03
5.399778914904174165e-02 1.616850158577026741e-01
3.796639712403044875e-01 -1.879163181464471588e-02
5.785714882067871656e-02 -1.417686275817096053e-01
7.324896004632419633e-02 3.275276079491782344e-01
6.080025308658087990e-02 9.186187689698255276e-02
1.188835202733381502e-01 -1.472203784040404528e-02
6.711029057752149196e-02 3.477524707610406551e-01
-2.110717285330282467e-01 -1.487708212086880089e-03
5.863701283756606042e-02 3.002239376092947776e-01
7.433556562143450730e-02 2.983167107480931834e-01
5.802338131486894923e-03 -1.549110361039218731e-02
7.228195991955621569e-02 -1.747714980961411202e-01
6.690193350779505277e-02 1.615968659310301758e-01
4.388545565054191577e-02 2.757097178738343590e-02
6.058499368070968671e-02 -2.047673645448324642e-01
6.441146537549036211e-02 4.511722656959632483e-01
7.140216900055873506e-02 -3.551139941433267833e-02
-2.454189652525347043e-01 -2.312247334869843574e-02
4.359126178708550015e-02 4.768436266260922540e-02
-1.739907311184332173e-01 -4.849467013543717897e-03
6.185215098194041250e-02 -3.464834240846738078e-01
5.466608387276972181e-02 2.729033094718591457e-01
-4.772665255408116147e-01 -5.583329334849063130e-03
7.554424418267935426e-02 -7.567453911102017816e-02
3.560668945558405074e-01 4.975878783189724430e-03
5.820154898607188265e-02 3.226061765054898389e-01
7.331981079693827841e-02 2.602749854471700930e-01
5.015222998312385272e-02 2.690778652323233544e-01
-1.683512434578871009e-02 -1.388839857573942460e-02
-1.441992194094073865e-01 -2.300882557020433872e-03
6.293928149578886799e-02 8.748290304749106738e-02
4.824934663306779115e-02 1.499415875479966909e-01
5.992720912193538751e-02 8.171780162504860279e-02
-1.475084918628518649e-01 -2.438628605992221310e-02
-1.541562776613785157e-01 -1.715757746875423706e-02
6.890724107700052503e-02 -4.533128512348665318e-01
4.404908052277045627e-02 -2.925885156561541800e-01
4.411350290479076897e-02 -2.382757263771060341e-01
5.830931349778722961e-02 1.626926929437675362e-01
6.106087271767179914e-02 4.103822929099142369e-01
4.951392313725727634e-01 4.018370945083504786e-03
5.382135887062777790e-02 1.855973208813477271e-02
6.938379416934314925e-02 -2.970622981821506858e-01
7.589183386259401587e-02 -3.011513550634337122e-03
1.349368887373642023e-01 -3.482441754578347037e-03
6.667068428274547376e-02 1.599949217799520040e-01
-2.895085638027118380e-01 -3.046303567101449339e-03
7.379885258213658705e-02 6.700599143846541761e-02
3.611312077195233394e-01 -2.267911679112244450e-02
4.554329401196743898e-02 -4.281717911310118918e-01
6.998845796317665346e-02 -1.991400607205922046e-01
-4.780076546985116970e-01 -2.010395630493311270e-02
4.121706022175919415e-01 3.158245097461986894e-03
-3.890692032641609455e-01 -1.892507214163896556e-02
4.502428284255495239e-01 3.843135664680752406e-03
2.249167125820148438e-01 -1.544195979741957991e-02
