1.886503081526935688e-01 1.786911971506870422e-01
2.541069395282243848e-01 -3.253991566954603787e-01
2.426152764984307320e-01 -2.824890343227975942e-01
2.433199307874558404e-01 -8.488779901969978336e-02
1.846915782010333240e-01 -3.100617736853364947e-01
1.890132214079410788e-01 4.641915019355542515e-01
2.428386796304823347e-01 -2.551726947740188267e-01
2.114975325550714214e-01 8.764698889341837607e-03
2.322573559956336853e-01 -4.250506334507789807e-01
2.472669271599586827e-01 4.537686050021537687e-01
1.899373384616029892e-01 -1.249569273317964191e-01
2.375057617982593294e-01 3.837881136170806506e-02
2.185893676383979800e-01 -4.107024206624199092e-01
2.253392168315363486e-01 -1.497717084792509201e-01
2.457213191861146173e-01 3.917598039034578816e-01
2.152440059959470631e-01 -4.530671869073489288e-01
2.119316964016090266e-01 1.504349295216292903e-01
2.522974833335581701e-01 -1.859643066992053839e-01
1.867306768218445212e-01 2.009371829476618299e-01
2.079175663166267229e-01 -3.153631956668369041e-01
2.371296565350922148e-01 -3.395418341332724355e-01
2.136296379718727323e-01 2.644678250862912972e-01
2.046586835904267154e-01 -2.135593940505539079e-01
2.179822434999179048e-01 5.528721940155245651e-02
2.164680252342443545e-01 1.545008786089419051e-01
2.070445175108260871e-01 3.806228588791735756e-01
1.865971741115435290e-01 7.287246677997816224e-02
2.408188033601079692e-01 4.083380916097498758e-01
1.895670486777385477e-01 -3.211658123704157486e-01
1.899221019210990402e-01 -1.352963208402498951e-01
2.226725622370318014e-01 -3.491373050909086784e-01
2.082260781404731143e-01 3.410518386323291296e-02
1.884749231806600589e-01 -2.746728474324851010e-01
2.111494841739633976e-01 3.996781316867292766e-02
1.883396499447698158e-01 -3.213508998682392814e-01
2.401224202049724310e-01 -2.990937404022645518e-01
2.023478597061493245e-01 -2.806434133224011696e-02
2.448536472790902030e-01 2.472226407562606587e-01
1.855957390685627484e-01 4.349282701618029101e-01
2.541923096359760548e-01 -2.579633497965364564e-01
2.116966898430525656e-01 -2.425187806704129923e-01
2.453273672944165096e-01 6.198186288217744089e-02
2.290549524987733898e-01 4.845960680333509796e-01
2.255273209715197291e-01 -6.073604338916960277e-02
2.342381475016401815e-01 2.209088677157929892e-01
1.894433146942717805e-01 4.939038315971195914e-01
2.112895974862053494e-01 3.130653309212555468e-01
2.523701988562646603e-01 1.828300241163901552e-01
2.152636718499826296e-01 -1.803688755395058685e-01
1.980444974147282933e-01 2.244517732892373774e-01
2.362717139431841362e-01 -4.639430020797777887e-01
2.350409074592431091e-01 -1.439840157520838604e-01
2.159258319746401034e-01 -6.032709346397291394e-02
2.330707434321456217e-01 3.214906670248401932e-01
2.000639227129585862e-01 1.119987080396789292e-02
2.463202850963154278e-01 2.171726431568579141e-01
2.032413241087811517e-01 1.492095038902417903e-01
1.887170327224045874e-01 4.640819746322568662e-01
1.920656724420288786e-01 3.712345797702801820e-01
1.831915229888668728e-01 -1.592207113308939936e-01
2.455321566197065097e-01 2.207393938975044101e-01
2.297008617916972417e-01 2.094470159020943578e-01
1.908336685352404194e-01 -4.210777929254616581e-02
2.011030757916819622e-01 3.267479380429910707e-01
2.197427088560882646e-01 -3.801635091528049459e-01
2.045215942453798563e-01 1.827582688104086861e-01
2.203759403272443906e-01 8.694374216349221030e-04
2.494289138739255174e-01 -3.613150816911798735e-01
2.540508266516009472e-01 -1.805711664472621214e-01
2.541184881532166928e-01 -8.988923370293733228e-02
2.550192776109586612e-01 -3.610743023982315725e-01
2.164843066070957223e-01 -2.781811342700847289e-01
2.166299372778752730e-01 -3.270842623360096235e-01
2.435388360844965572e-01 -4.150487076510815942e-01
2.057929099502582293e-01 -2.630054059293548407e-01
2.484618842018969653e-01 -9.962669995200801321e-02
2.314139476821694963e-01 -4.907696752158071662e-01
2.065215228369060574e-01 -3.118393472291084434e-01
2.318668866285404917e-01 -8.633297069581380434e-03
2.205265670284322077e-01 -3.056768984090290076e-01
2.056444209272693113e-01 -1.167857172914084085e-01
1.928227530291032332e-01 4.455351280128863056e-01
2.269503968160339058e-01 2.120100241962354914e-01
1.849042417267281468e-01 9.512833369566175978e-02
2.525738560417485346e-01 4.413701480268269473e-01
2.421743381658008065e-01 -3.373913511606655424e-01
2.357111429937427394e-01 5.335272374464938849e-02
2.188487127165733570e-01 1.281464558467878545e-01
2.056461082512917038e-01 -2.579372170939728814e-01
1.911881695897768019e-01 -1.840399771025605924e-01
1.938929303696894646e-01 6.528167131874151874e-02
1.880213464353763797e-01 -4.990302067779137651e-01
2.302834896482210958e-01 -2.756591355943831534e-01
2.333157667136208646e-01 1.678888086696267434e-01
2.311190761515296010e-01 -4.626343730395640064e-01
2.312121023752479188e-01 -1.410285561854413006e-01
1.863644310366676660e-01 8.690281122331122710e-02
1.967785534811268278e-01 -1.411872295520096854e-01
1.999593862431218172e-01 1.670921437772630025e-01
2.509597969336512246e-01 1.147066785091077623e-02
2.019295557352505099e-01 -1.210193981619547277e-01
2.537037183731339907e-01 3.100309199391960702e-01
2.113063858789976379e-01 2.327526868471063715e-01
1.995217083220240939e-01 -1.732354585670202729e-01
2.372031570450421345e-01 2.615250386691631013e-01
2.535225702627842415e-01 1.076088382035720326e-01
2.038177187806616830e-01 -9.250402310646876902e-02
2.329192040479149961e-01 7.939471348934146189e-02
2.010938188460914544e-01 2.893973401341349838e-01
2.106731820526571708e-01 -1.439294339445518212e-01
2.162894308979183000e-01 -1.271217906711076262e-01
1.994097341776710497e-01 -4.928894140761368448e-01
2.114691246091863208e-01 3.873699949896531880e-01
1.948279010079174700e-01 -9.368499240558381125e-02
2.420633083261185536e-01 -1.676481659708729532e-01
2.099651739191183974e-01 -2.401195455358013930e-01
2.001926664933060263e-01 3.522385201356712514e-01
2.237148226646910043e-01 3.428191372667009906e-01
1.998582333091180052e-01 -1.155402216720373687e-01
2.059701191264777798e-01 -2.115493009032876071e-02
2.051208742308565647e-01 2.012570510000094570e-01
2.171302220688815510e-01 9.117594199170553360e-02
2.346654348480894381e-01 1.690354311080285443e-01
2.495298364206274266e-01 -2.049153166818284966e-02
2.285944712635338272e-01 -1.020134136938910530e-01
2.384084065271531161e-01 2.369149014660918429e-01
1.834233754436611630e-01 -4.177139106001110935e-01
2.024686487300763060e-01 4.521270661952793146e-01
2.196702453498514673e-01 -1.191505071415566164e-01
2.060941714718048656e-01 -4.964140446632476777e-01
2.344422587953337578e-01 1.830754757367564212e-01
2.436559513305414093e-01 3.914475794705607470e-02
2.331064631090086214e-01 -9.281846429097195816e-02
1.880902653159101101e-01 2.924988262590429988e-01
1.985685925139190067e-01 4.285677769097941958e-01
2.322837802629065251e-01 2.689004492474265096e-01
2.304948526737946590e-01 -2.206337382869780761e-01
1.906519605659131589e-01 -2.381209554315678600e-01
2.005814762052092748e-01 -4.899822525677750562e-01
2.545738884483571551e-01 6.041880585828895978e-02
1.842725574893577800e-01 9.236113192569217478e-02
2.051869229230207647e-01 8.416358457418882111e-02
2.246697560844869157e-01 -9.677865018880238424e-03
1.924652740869600143e-01 -7.807127084454834609e-02
2.302808265830591505e-01 -8.044071045848810719e-03
2.518988671409508884e-01 2.529480431606927482e-01
2.218437815324418860e-01 -1.213353779068147009e-01
2.520321556766164095e-01 -2.607760482122459811e-01
2.353652351935553444e-01 4.008262924486087897e-01
2.066197252013327601e-01 -2.691890157111361814e-01
2.159067777763127305e-01 -3.951244889842847607e-01
1.887461537694494762e-01 4.655211615113130641e-01
2.206542935088009472e-01 -4.539454141795467024e-01
2.426573532118772025e-01 3.147499894366612150e-02
2.445045034199724299e-01 4.705283494104893771e-01
1.986157824552742257e-01 4.346787730158288010e-01
1.852496074156165795e-01 1.559442163616897581e-02
1.840486445102540447e-01 4.272608963989141806e-01
2.461915160349430476e-01 3.418475169733560248e-01
2.098565281629030110e-01 8.862804255143197363e-02
2.148993324237711278e-01 -1.220419704791997351e-02
2.070630006792949507e-01 7.387167477134959359e-02
2.147700837337715996e-01 6.097082229783401530e-02
1.863037391901385398e-01 -3.157257622541531639e-02
2.450517173046843356e-01 -3.150299289525758661e-01
2.359990141009875586e-01 4.013883600225708337e-01
2.504894021216184097e-01 2.451067400510357208e-01
2.381404896481134070e-01 9.929822788087605545e-02
2.133686353783452727e-01 1.221755147539205222e-02
2.491673365142967889e-01 -4.132418594707675252e-01
2.028664847311837383e-01 4.926323241713204126e-01
1.913787620408634593e-01 -3.392135069631063704e-02
2.379362997871692365e-01 2.254516687468443026e-01
2.034311097650566280e-01 2.580909475078261295e-01
1.991542256042765358e-01 1.295672410755460691e-01
2.501209920206001192e-01 1.216993542909271531e-01
2.324103344414160111e-01 -2.036826392068250557e-01
2.234835617075977554e-01 3.718758367616216143e-01
2.545432343012041798e-01 -2.409803170015214491e-01
2.052224031889159361e-01 -2.529850370324234765e-01
2.233026099047773494e-01 -1.755624404414081186e-01
1.831515019018097323e-01 -4.609786118936397559e-01
1.929164281726153396e-01 -4.591897715329409380e-01
2.426501249950983041e-01 4.214863484372043390e-01
2.076545690025650703e-01 -4.363546542732349431e-01
2.097314109241998903e-01 -4.873690766525822227e-01
2.508535560171902823e-01 2.277266082672813052e-02
1.887557060613843651e-01 5.816325976835046152e-02
2.539106620555111604e-01 -1.973002482843840832e-01
2.509910790942976311e-01 -3.896333207472375548e-01
2.219534046120851256e-01 -3.340647313265432405e-02
2.096811404938803136e-01 4.350826237640590399e-01
1.925479887669562240e-01 2.829283850681763024e-02
1.901923896949602177e-01 3.922149903295354401e-01
2.280184795325762570e-01 4.299836554213731787e-03
2.074045269888604714e-01 -4.024345060395526641e-01
2.061068468426054956e-01 -1.051720393878778914e-01
1.914826167985094196e-01 1.950902448943154788e-01
2.409223247747461771e-01 1.073399868257362000e-01
2.414470368644111575e-01 -2.776374314105877206e-01
2.215773684626825002e-01 -1.283105406252705860e-01
1.931422865746506012e-01 -4.492002705316711086e-01
2.051289641337491476e-01 -2.085644995849291750e-01
2.360829489166383910e-01 4.321378863643244861e-01
2.526515758349769936e-01 2.293327813230313650e-01
2.247322500748706320e-01 4.108077359160530184e-01
1.953097128726970499e-01 4.472361451947515221e-01
2.183181096812167876e-01 -5.886039406403942298e-02
2.284685406603590430e-01 -7.555532533094766467e-02
1.861130555886240101e-01 2.405632516400021403e-01
1.996070022536284849e-01 -3.385012416959223280e-01
2.246217575834130731e-01 -4.917891400916507560e-02
2.258710692322140057e-01 2.519765572005231435e-01
2.428139949751790816e-01 3.666200606601655032e-01
2.212430330650477783e-01 -5.357301280001358634e-02
2.444242330886835513e-01 -2.112720838663473266e-02
2.147086149356279838e-01 -3.049098423063337782e-01
2.030826880371945364e-01 3.690973100984100697e-01
2.523119968181396500e-01 3.865782324100075495e-01
2.170442862882562274e-01 -4.312630650968896084e-01
1.971224864585454650e-01 2.889597302819303382e-01
2.341853961210497159e-01 -3.486823424187411868e-01
1.892080614348513601e-01 2.281273715015184056e-01
2.010806905897550845e-01 3.370924457328396961e-01
1.962063424744833195e-01 2.561997644969756793e-01
2.074883229119649508e-01 -1.149193116201000509e-01
2.212970687693479599e-01 4.169730237617084168e-01
2.062099354384772099e-01 7.422022028853869635e-02
1.888346645370643229e-01 1.036640825279863121e-01
2.338203959019730105e-01 1.922448231481137526e-01
2.383744431638360473e-01 1.022019898946956440e-01
2.099269250121101882e-01 1.013934117142247793e-01
2.443171375181159011e-01 4.197272883758510487e-01
2.193844134044851124e-01 3.146808066227481104e-01
2.301937096702241226e-01 2.867062006975551469e-02
2.106060374756962839e-01 1.016665712719337922e-01
2.222587965267085464e-01 1.895355140856628262e-01
2.023418356722785916e-01 1.516878431180688214e-01
1.997467235368726168e-01 -8.550037438629243258e-02
2.489492251810678791e-01 2.948993592533372121e-01
2.258726944950757431e-01 4.746816355252085895e-01
1.960168694507360421e-01 -3.317075137923887196e-01
1.863154948558410906e-01 1.658090244846274208e-01
2.021356099165853015e-01 9.456916118125890947e-02
2.378823795944068342e-01 1.952687454847846782e-01
2.527750077231638581e-01 4.474278961117850173e-02
1.929498380463635643e-01 1.706086363286452023e-02
2.463734124030262373e-01 -2.522290717746332733e-01
2.549902657922906712e-01 1.784571395584956255e-01
2.301247699436965721e-01 -4.240912211035592350e-01
2.497276547414976067e-01 1.540509737492115061e-01
2.219360624470673171e-01 3.587123495844224408e-01
2.167024777380590628e-01 -1.765176602414130214e-01
2.542586318824384684e-01 -2.343571560144479538e-01
2.321726477201783156e-01 5.506606755479093174e-02
1.872167587185233906e-01 3.294110943554451332e-01
2.352633408588452602e-01 3.024098134272352745e-01
2.419158960527503233e-01 -6.191520473334388708e-02
2.500818115252196883e-01 -2.564141205074945695e-01
1.921079073311715568e-01 3.759009915478007668e-01
2.015412291476984530e-01 -5.312388579610871631e-02
2.028217335264379528e-01 -1.914229262348404736e-01
2.281157434389023964e-01 2.010993259999066529e-01
2.409350603274876823e-01 3.484255995071831036e-01
2.470186417324933270e-01 7.880689982442057318e-02
2.163318039358704814e-01 1.572924155598738327e-01
2.509187069454332786e-01 2.016526010713768358e-01
1.890005810490245075e-01 4.890703066897306162e-01
2.365946249048138661e-01 3.104779416017922067e-02
1.972670439186948732e-01 -3.006776977956406860e-01
2.102914622202434192e-01 4.468385567558941229e-02
2.542215034365491455e-01 -3.897340234294233152e-01
2.543557184437938989e-01 -6.710765938867924163e-02
2.538524648671823813e-01 7.015674483580192078e-02
1.892009059687452810e-01 3.108267636417667568e-01
2.369545343441746832e-01 -4.276888098654998416e-01
2.236505840419604763e-01 -1.270624599204084326e-01
2.382934117094520632e-01 1.353530724998206480e-01
2.239034028295969758e-01 3.578631722852778640e-01
1.872850560996698333e-01 -7.192131218641051316e-02
1.866780688749226647e-01 4.944825631227717233e-01
2.518139837633720512e-01 -4.099795073040649607e-01
2.468463080443377144e-01 -2.340940287933139796e-01
2.154153693829271576e-01 2.316405250931447002e-01
2.310129608523785461e-01 2.771547257635479378e-01
2.013579741034791093e-01 3.475627826828516787e-01
1.883709101458017621e-01 -2.033956371185519085e-01
2.195532002190031529e-01 -2.007401956973153823e-01
2.392366263965768347e-01 2.940451787915464577e-01
2.068199756311552839e-01 -4.229309138505048526e-01
2.395602125812880123e-01 -3.131936118165119520e-01
2.033087516150113849e-01 3.511592318570628812e-01
2.165339888405806157e-01 -1.913108917489927396e-01
2.425835118193007123e-01 -4.878608575050551455e-01
2.425772371287383544e-01 4.467030975870596166e-01
2.476480899969114580e-01 7.115979554119833406e-02
2.107802007410251033e-01 4.728695163727928419e-01
2.429587942591990846e-01 3.937736618474070305e-01
2.429221495018962784e-01 -1.459494603379698496e-01
2.310331024760510221e-01 -1.013585464948156822e-01
2.046846278508153150e-01 -3.396401629741564454e-01
1.878227618204579841e-01 3.575523675299477899e-01
2.420170283512729226e-01 1.094968955098415409e-01
2.366115525333117864e-01 -2.969578463870758966e-01
2.034375197282661807e-01 8.400940256940747641e-02
2.147383910629595549e-01 -3.645126555252748979e-01
2.391988717221728011e-01 -2.334333536422513733e-01
2.051417036212083156e-01 4.116612067573771627e-01
2.354355240016442474e-01 1.117644741494957517e-01
2.180136873559155308e-01 1.027592973957386357e-01
2.484481077500254598e-01 4.450005397887464298e-01
2.078736359208621653e-01 -3.431970758469649052e-01
2.328118128245166840e-01 4.913353058052952749e-01
1.900400698025438428e-01 -2.676543418045898015e-01
2.162113421831147742e-01 4.041723272955555224e-01
2.279346071203744994e-01 4.432236806997009726e-01
2.414426082548298824e-01 2.286378556571996290e-01
2.230780547453797835e-01 1.196393248356950600e-01
2.534459304044129890e-01 2.531899276294268253e-01
2.149629559736090378e-01 4.945105582258402244e-02
2.537317838005502812e-01 4.363684687135649387e-01
2.516792957991896840e-01 -3.141503238801152120e-01
2.288951128454836947e-01 4.908943115781640998e-01
2.171788856922651778e-01 1.222500715267823557e-01
2.341820648810246652e-01 3.278480634656587567e-01
2.132324510564911346e-01 4.612484648484045380e-01
1.895603056628092364e-01 1.692714485469670738e-02
2.323817438956103931e-01 -5.115068420298818364e-02
2.470419718668066533e-01 -1.800591075377248051e-01
2.417583077878502351e-01 -3.895644974954932671e-01
2.297740002206780652e-01 1.316447095452061289e-01
2.382972747919334111e-01 -1.715791074877706102e-01
1.968630314856980590e-01 2.764293274247144883e-01
2.258804439318575774e-01 -4.814133838952228128e-02
1.869681513718801646e-01 1.430360904731234895e-01
1.896903469263009345e-01 3.784475011987731286e-02
2.121576005949835642e-01 -4.393637843977141744e-01
