-4.063373859060676052e-01 -3.212772399458840855e-02
1.967405403180398915e-01 -5.401205105883921664e-02
-3.615806696954837474e-01 -5.725407358137890590e-02
-4.693026718404571529e-01 -3.060455912742721107e-02
5.338456736868080199e-02 1.559150642207730586e-01
5.231333285930639398e-02 -1.027251048688920809e-01
5.482846104298444434e-02 -4.843034703371263960e-01
4.510964482052104429e-02 -1.136913306011401170e-01
-1.326521762193711984e-01 -3.157288864698393205e-02
4.888907917920176649e-01 -4.052677985890840162e-02
3.653984205769345017e-02 -4.003201566388900901e-01
5.585271939202396396e-02 -2.128622209273867139e-01
-1.371323784201864404e-01 -5.689031661304266851e-02
5.476307567900928763e-02 -2.617177661493421681e-01
-3.303265940439215065e-02 -5.209587912262081399e-02
9.123396136468953088e-04 -5.767117724827786063e-02
4.720560705728182871e-02 9.950883894891704440e-02
3.916138609727037867e-02 3.378786906367206022e-01
5.388307961298699489e-02 -2.069112901039421581e-01
-2.957236048077543922e-01 -4.279546424887004097e-02
3.983837153877811676e-02 4.824610166601841499e-01
7.846262017522043219e-02 -4.699631950578941897e-02
5.424496176187842966e-02 2.537808087847065464e-01
-1.818915975489774350e-01 -6.298917171479867516e-02
-4.695091729182907514e-01 -5.875291760798129204e-02
5.256206494942217144e-02 4.608435991495731798e-01
4.773320485755830900e-01 -5.776086857446693923e-02
2.931022559475364719e-01 -4.091654691485790973e-02
4.926367906860623647e-01 -4.956908807075566248e-02
3.410911180681230892e-01 -3.981607220381233603e-02
4.722443460932879145e-02 3.813792671770848131e-01
4.060767362029575889e-01 -4.124337453038884327e-02
4.313075140199296165e-02 -4.334191054558345080e-02
1.047610693310697672e-01 -3.982292283517829823e-02
5.717981205651778698e-02 -1.034792858090327616e-02
1.116066119553770219e-01 -3.754669618195571879e-02
4.964310596343194382e-01 -3.944911631522363127e-02
-2.466758119179869313e-01 -3.474836234290124004e-02
6.475378370054230004e-02 -1.527030873547319256e-02
6.412610339876223531e-02 -3.393107889069005845e-01
-9.455122178443242653e-03 -6.281620719221148175e-02
5.294809175261494527e-02 -1.633753989635046144e-01
3.140474296895745532e-02 -6.278153415637932611e-02
6.631849384432264571e-02 -1.572982368540386533e-01
2.936158526715371142e-01 -3.950059714820131074e-02
-1.584177234156172176e-01 -4.532486487317533008e-02
-1.050633155059998991e-01 -3.030218442519294619e-02
6.071659883484648024e-02 -2.661589317815341582e-01
4.441765504267679576e-01 -4.635448803118380479e-02
4.559895260218926882e-01 -5.353885943601699449e-02
-4.202689847722872463e-01 -4.646383867914716248e-02
-2.907719418166460068e-01 -5.079127884996958997e-02
-4.702097201896209278e-01 -5.601032622143997663e-02
5.487368947506510164e-02 -7.974866084876253147e-02
4.629701806998387514e-02 -8.635230528021820007e-02
-7.141179235059103014e-02 -5.873547204689733015e-02
-2.814770725369407645e-01 -5.813564225183331935e-02
5.379648420938554221e-02 5.078869690448239993e-03
2.909193728807611956e-01 -6.095593001121202281e-02
3.578039513847532938e-01 -3.430822354541751551e-02
3.022968733730110324e-01 -5.775153332491378411e-02
-4.034902585806690034e-01 -5.754281275897243919e-02
-2.692301702717843082e-01 -4.798909204427037611e-02
6.885828810173644232e-02 2.432191026278254231e-01
6.105468310519845954e-02 -4.650236916394219211e-01
5.763067738981819677e-02 3.152148436938111420e-01
6.873761530319966173e-02 -2.790620179078490137e-01
-2.257948533104005007e-01 -3.203311210579773416e-02
3.375208675978570438e-01 -6.003873698306672058e-02
-4.965619693023317627e-01 -5.015357279922072475e-02
3.941029894164171932e-02 -4.605651044848625419e-01
4.087608209195470188e-02 3.963330191268891189e-01
2.903589120100980026e-02 -4.482793594050049624e-02
6.475820505007690020e-02 -1.124623666908244335e-01
6.137214736696217088e-02 -2.617088653238369700e-01
4.827192578825501013e-02 2.750361093716835459e-02
4.027951019065267868e-02 1.014494219191491853e-01
-1.785370492360297545e-01 -3.415540647960291221e-02
-1.271462851333664545e-01 -5.019781550534541115e-02
6.662754425941597169e-02 4.121249076678864531e-01
5.326338639281769094e-02 2.724497469492785928e-01
-1.632678452012263914e-01 -5.607215751643790380e-02
3.959031961954118106e-02 -2.187402619789238223e-01
-1.754611286606463372e-01 -4.489509978152517178e-02
9.320717949731327501e-03 -3.134094422630806509e-02
4.485973584912084089e-02 2.200377297257172238e-02
-3.093365994572524480e-01 -3.506235327434537030e-02
-2.947780982176267939e-01 -4.605570939591951962e-02
-1.272064400598894585e-01 -3.010156207938019524e-02
6.676517964442485464e-02 3.354657538655229088e-01
4.859872505050655267e-02 -4.071513121547165603e-02
-3.576008788166719077e-01 -6.092873927538466905e-02
4.221172896302072264e-02 -4.939923335986292630e-01
4.618520958706717749e-02 -2.294416596204256198e-01
-2.748682599409595362e-01 -5.721394286210290669e-02
4.718323434077964507e-02 -2.431741679356114183e-03
-1.910623121824346349e-01 -6.254033664343072729e-02
6.432296059537068178e-02 4.544834275691036485e-01
4.603544852186568503e-01 -4.256553315598099463e-02
5.017423609065518875e-02 -2.403606441030544660e-01
3.024448005733257894e-01 -4.702112364354582574e-02
6.274088351922402218e-02 -3.858420002459292952e-01
2.928213365129531676e-01 -5.618392802799565544e-02
1.928238343501303964e-01 -4.873003981360146675e-02
-2.964306020900728811e-01 -3.207308362444738492e-02
5.204738714345424899e-02 -3.730460174937100248e-02
5.312990138977846666e-02 -1.886164237424813317e-01
-4.623170224217653113e-01 -5.075844704869048041e-02
-3.330258368164021876e-01 -4.223581766335815502e-02
5.971842694467266455e-02 -4.448154476990191508e-01
-4.146454607565841499e-02 -5.511685027856028096e-02
5.970970162347299937e-02 -4.706359241014511641e-01
3.914182679246624996e-02 -2.011808641917331997e-01
1.648627041536570026e-01 -5.497996923579584472e-02
4.695987792739155786e-01 -5.587305831853317528e-02
4.861878034306510443e-02 -2.834401196854898775e-01
1.345895943243634596e-01 -3.691946755708674921e-02
6.006835754700001750e-02 1.700635531723144744e-01
3.633353566256602996e-02 9.418425260146967570e-02
6.819305267877862065e-02 1.837190236290525691e-01
2.478110802700640436e-01 -3.910809680871962790e-02
2.914035606010945134e-01 -4.846403796354437077e-02
-3.315785116895021423e-01 -4.906759638515467703e-02
4.301547412636352874e-02 3.684061762422718989e-01
-1.231258703730039317e-01 -4.413609598265400003e-02
-1.416754618579829650e-01 -3.900869874276258198e-02
5.990500563490563923e-02 -9.513617548657327117e-02
-3.287858920518084149e-01 -4.290371342124355003e-02
-9.446536004162675582e-03 -6.133422146349754023e-02
9.951116595988573899e-03 -5.010482901955426449e-02
9.143000626046804413e-02 -4.392482574541567431e-02
4.789511166215743021e-02 -8.259718447529884600e-02
5.632690528677930519e-02 -1.416883428183010052e-01
1.342431413327883627e-01 -4.689515650712605677e-02
5.236180669326795378e-02 2.198712852028742448e-01
5.670350737443785594e-02 4.451971904341950337e-01
5.318137154952284895e-02 -4.454065029706274492e-01
7.475492961015506310e-02 -6.083397583173366652e-02
-4.221726005655885849e-01 -6.044105636606678100e-02
-9.729741436202277161e-02 -5.168240225472975347e-02
-4.117571629138602196e-01 -4.680532169581097524e-02
-1.958137875245103965e-01 -4.753865489000541622e-02
4.780524534653907143e-02 -3.517141392482627804e-01
8.151530660164474362e-02 -4.763090491417876216e-02
-3.428646482473463042e-01 -4.937323043438401893e-02
2.975110043899837908e-01 -5.321604187971518130e-02
1.943268129407165201e-01 -5.611699777738354822e-02
4.270942591090109985e-02 -2.590912457687533088e-01
3.824771319742514830e-02 -1.215740762634459626e-01
5.175480613102767524e-02 -2.626599612417712670e-01
-3.464617645684978653e-01 -6.278841875880780687e-02
-1.436786927982435236e-01 -4.492689885622302981e-02
5.734571232523366646e-02 -3.354006443931607517e-01
5.547328088365965915e-02 -4.059399470764543105e-01
3.037275613764829352e-01 -4.449143606875460843e-02
4.802021571695761493e-01 -5.703624998778533683e-02
2.176569389477047700e-01 -5.370928208286118721e-02
4.711961519251484098e-02 1.443345405330959119e-01
4.195892277204948950e-02 3.359997860900149069e-01
4.319530365528712057e-02 -1.130324166183270806e-01
-3.655979357597027857e-02 -4.296051868847272637e-02
4.071689404427351056e-01 -3.056085815733933231e-02
4.498626776009356787e-01 -5.001467471097342798e-02
6.131317124068302871e-02 -9.726702216208127361e-02
3.775758980230803363e-02 -1.652307867066852287e-01
6.724858050475002180e-02 8.965060361323151650e-02
4.779470713133415760e-02 3.559121492119783348e-01
4.656034330807357069e-02 3.979196507110692727e-01
-1.972060348576066824e-01 -3.637050988073875502e-02
-3.807362899968315118e-01 -4.961461056309535156e-02
5.242767722545438325e-02 -3.321291859876881469e-01
3.161204397254125942e-01 -3.222380877507324826e-02
-1.984859098881537331e-01 -5.722652804474448462e-02
4.301574771737870506e-02 -4.454216677909617061e-01
4.043465342703744803e-02 -2.067789439779676997e-01
4.685848415998439265e-02 2.722164137825890950e-01
5.708607179562985579e-02 -4.621203057202910580e-01
-1.665796780352273299e-01 -4.884945322697786807e-02
5.839301947723130048e-02 4.803548368087140474e-01
5.102783730263282802e-02 2.248575917768116383e-01
4.634785600022572893e-02 1.972598890073450351e-01
9.934984364283516722e-02 -6.196323088694577486e-02
4.659525584780743745e-02 -4.987268139863804128e-01
4.154661264743397808e-02 8.374356541665850528e-02
4.087801873165486377e-02 -4.239832382004816713e-01
-1.523718526897938075e-01 -5.938961376232421152e-02
5.161922759548664974e-02 1.756604625415050247e-01
3.683958679861176755e-01 -3.774658019803467379e-02
5.702525383313272744e-02 4.205581453086146837e-01
3.736465940862776502e-02 4.186129543241828843e-01
4.024256679699989014e-02 -3.151917735516804875e-01
4.862882971945348132e-02 -4.198762109560726374e-01
4.453356445763045901e-02 -4.408807470909881232e-02
-4.363607615694887754e-01 -4.557721522381119605e-02
-5.562878322997377722e-02 -6.093380455010499741e-02
6.207215483933026245e-02 -1.986853130823180713e-01
5.480951337977324478e-02 -3.905724501196936593e-01
4.925608949090898303e-02 -3.224820913485240137e-01
-3.440131644335443495e-01 -3.336125049694815825e-02
4.204199516496254230e-02 2.180553395097272196e-01
5.289170148513455683e-02 -3.825498418178722160e-01
6.853772467088936615e-02 -3.852788572519378896e-01
4.970537550314957365e-02 2.872891971916202714e-02
5.173038130128226886e-02 -4.704849963397162993e-01
4.298223934067546548e-02 1.312795858306472496e-01
-3.734723229593464033e-01 -5.735948004719682025e-02
-1.300228588233606208e-01 -5.050709614505510814e-02
3.934353087196662546e-02 1.822955883258657872e-01
6.003374214963386191e-02 -1.203912714655798188e-01
4.691977834833668259e-01 -3.901354940991930143e-02
1.043784333940297460e-01 -6.232816475110192211e-02
5.912033765607660474e-02 5.030326049507616304e-02
-2.254805461089010032e-01 -5.419903779131440835e-02
-1.699354562870292185e-03 -4.376157169836702998e-02
4.208308335042154624e-02 -7.112697013872881779e-02
6.638614193693959109e-02 1.083635613248679075e-02
4.220287880907802602e-02 1.527215324749131575e-01
-2.199258810133705166e-01 -3.775473147115415706e-02
3.713612066750304752e-02 3.180186332188915665e-01
3.426503090942160101e-01 -4.395783642806827540e-02
6.275008729373665606e-02 -1.281408764377031106e-01
3.482481355723502370e-01 -5.320111858904430502e-02
6.342692294732732439e-02 8.496280105376363689e-02
5.095061063157879655e-02 -3.871941486613498240e-01
3.606971619539822704e-02 2.078130207714119493e-01
-3.890147321854978690e-01 -6.023476549766459964e-02
3.188614978596492344e-01 -4.000282360390217118e-02
6.799621276549860927e-02 -2.608061014155937940e-02
3.859862234529742864e-02 2.329839167160587809e-01
-3.646898049212481396e-01 -5.337426478833606769e-02
3.818853150063505897e-02 4.194465827496007826e-02
5.416501896895364876e-02 3.118144320152912430e-01
5.142527386286943614e-02 -1.121784083519417052e-01
-2.289148506875008371e-01 -4.455199707861423608e-02
5.937481538765521094e-02 2.125482992663926263e-01
5.037129980592180978e-02 1.208757342231508991e-01
-2.676834736338820075e-01 -6.080442484003445447e-02
1.651680466192150254e-01 -4.299532534682570795e-02
3.941284671041312970e-01 -5.749534825068569610e-02
-4.065759411251578248e-01 -4.930457549226496816e-02
6.831124170813696050e-02 3.481808967049416781e-01
-1.711524795531531584e-01 -4.490349620578804046e-02
2.164385293355813866e-01 -3.673024256270573940e-02
3.932206473403487834e-02 -1.884319069634887711e-01
-3.684160153303682739e-01 -5.759033337212804415e-02
5.484416700141747647e-02 -1.667016806095025228e-01
4.257876931248421037e-01 -3.159606907662393382e-02
1.723152944340714532e-01 -6.172738715686409972e-02
-4.338243497444635999e-01 -5.386097323973915163e-02
3.707480119468236079e-01 -5.973401922556986765e-02
6.739148265447814090e-02 -3.981441739121769352e-01
-4.183271961110580639e-01 -4.775463788721467928e-02
-1.860197923037527623e-01 -4.449350613150993006e-02
4.806292759214791932e-02 1.121989813460239072e-01
2.411577568643030745e-02 -4.495147823204748150e-02
6.796348648055283714e-02 2.164596636635193194e-01
5.240008575976828897e-02 2.885755010666555265e-01
-2.346453025427951422e-01 -4.006507904705991496e-02
5.874028028638733634e-02 -4.457374848946958901e-01
4.590321208480696580e-02 3.082272832414523211e-01
1.794062325321281737e-01 -6.168349392428496003e-02
6.861797699423088925e-02 -1.464088847466882282e-01
4.345962455175289563e-02 -1.693965324164973252e-01
2.866999324426683371e-01 -4.872781314140228748e-02
-2.811925074299973515e-01 -5.572105002288119113e-02
5.665898479225905948e-02 1.924373553987142049e-01
1.954548745166292401e-01 -5.537992995209084501e-02
5.499242401403880987e-02 1.890556211486216220e-01
3.782791486547354420e-02 2.120526302958221088e-01
-2.484166107228437115e-01 -5.759707646866563113e-02
6.874292041525975616e-02 2.216744055108833544e-01
6.120718937446589791e-02 -2.891289046500162829e-01
-1.444314387906866504e-01 -3.530712616429554362e-02
-1.893252098510851411e-01 -5.953869194301253387e-02
5.078415638361954976e-02 -1.715229362495387377e-01
4.121509034754122780e-02 -1.482906094549216736e-01
4.317147905998121038e-01 -6.172887936289661592e-02
5.574730415143824835e-02 2.964447968415879764e-01
1.549746442465638196e-02 -4.209840975003598107e-02
-2.113441398302833285e-01 -4.710297009477004693e-02
-4.101835923212497903e-01 -6.113571736473932816e-02
2.062879464092178816e-01 -6.238615391136304034e-02
5.512772058924142460e-02 4.151116876201995654e-01
-4.851551914204202953e-01 -4.255921741740542608e-02
3.702225804180303559e-02 -1.448057223231974389e-01
2.879232702461915760e-01 -4.806389908049868431e-02
4.289515801299114139e-01 -4.177920274652202615e-02
-4.040852598917248351e-01 -6.097705876222025978e-02
4.615528974681881724e-02 -1.942161497788480462e-01
-3.131522245821581896e-01 -3.369255307810659072e-02
-3.596436429367574350e-01 -5.391348913766569328e-02
7.910962452116376831e-02 -4.726497921366545896e-02
1.297323523021184366e-01 -5.262998578062549893e-02
-1.756946250067344950e-01 -6.025487346280156142e-02
2.828637009697870797e-01 -4.787307890007508338e-02
4.144861131225252571e-02 -1.992330272345909092e-01
4.931370392948042358e-02 4.393709180847240603e-01
5.859906788952318202e-02 -4.080876324834548097e-02
4.065284140094482801e-02 6.187928618267213299e-02
4.631441702398044757e-01 -5.404325905714935097e-02
-2.348653343711138985e-01 -3.352571924999625530e-02
6.256265239733371786e-02 -3.003742530024106072e-01
5.820671767131313512e-02 -4.237026731474401453e-01
1.620574833522170355e-01 -5.613773183301318248e-02
-2.939173852384424634e-01 -4.185606793897500566e-02
5.902639716121094171e-02 -4.015142204151412875e-01
-3.027591613890984190e-01 -4.402195657588126032e-02
-3.174201037389379199e-02 -4.099408678857663357e-02
4.206762598590307878e-02 7.670647098664229446e-02
3.387691247168908015e-01 -3.955449372897834603e-02
3.391906409426406199e-01 -5.451109336172910158e-02
-6.926404957325249523e-02 -3.891292788274469672e-02
4.810216182605164814e-02 8.288145160312943016e-02
5.336644069591478523e-02 -3.115445458301980830e-01
-7.037716932704174422e-02 -4.067726840025698287e-02
5.141797742284281991e-02 2.532852619397216731e-01
-3.268324535999211911e-01 -3.962811862016579756e-02
6.660994784207252550e-02 -1.341767368862383236e-01
6.613033964672521137e-02 -4.065189683582648428e-02
3.575697254997423080e-02 -2.037954120371756606e-01
-1.630498963907325294e-01 -3.629779237007113579e-02
3.628752893449457284e-01 -4.670801756144848937e-02
4.443829426762313517e-02 3.858019549016954430e-01
6.807078981767822334e-02 4.784868777101949355e-01
-3.021115246204285620e-01 -4.330155428746673696e-02
8.826240203192958766e-02 -4.819258489273259283e-02
1.280893433875691656e-01 -4.120500879020017049e-02
-1.950615903472697754e-01 -6.197175780332264683e-02
-2.683204127832317099e-02 -3.113110680994579660e-02
-4.145028081405223164e-01 -6.244339210964544584e-02
3.884883639559955082e-02 -3.390615506403246160e-01
