1.858049884086369063e-01 -3.836825845457180195e-01
-4.904750931076872211e-01 -3.977982466016296570e-01
-3.936967156773284460e-01 -3.675727665242793929e-01
-3.263369185020660312e-01 -4.661128600594953708e-01
-2.183876865278205903e-01 -4.691624728773893249e-01
-4.263344249123873775e-01 -4.359439587236381142e-01
3.415600355709965674e-01 -4.328035320994059187e-01
-2.705673325369086779e-01 -4.691631589715630213e-01
3.484384439758375640e-01 -4.207418740801232016e-01
-8.316234805719835421e-02 -3.641890361109242358e-01
9.453771985199665995e-02 -3.779237253957051790e-01
4.166230919752544892e-03 1.838843444967208640e-01
8.881138825730261477e-02 -3.546353075120846077e-01
-9.173692035758684860e-03 -8.563789703536794917e-02
-6.752886803170432550e-03 -2.911678558145991413e-01
-1.277601020314211855e-02 2.936182950559721450e-01
1.439342083122112648e-01 -4.723779539720515119e-01
-2.580054647883602836e-01 -4.602010875938287171e-01
-4.185631902914114244e-01 -3.732752157781815683e-01
-1.164180308664042318e-02 -3.931338631716094767e-01
3.206346255676145729e-01 -4.682970410605847844e-01
-2.085539393495672300e-02 3.287343628363817993e-01
-7.138509811670845639e-02 -4.223216871973473063e-01
-2.835889347307137820e-01 -3.806951865904218968e-01
4.384039989351022903e-01 -3.755434525800168677e-01
-6.801977953146431943e-02 -3.627829515434278784e-01
1.740321829629717376e-01 -3.916069314451787742e-01
-4.853662523419679520e-01 -4.764791845906161116e-01
2.195687564398252078e-03 -5.128454674116789125e-02
3.242609377119265446e-02 -4.717786855109010746e-01
5.279030526196915041e-02 -4.495638070194956093e-01
2.239624897331315978e-03 2.619938572091567996e-01
-4.631733815507261820e-01 -3.958691673218187601e-01
1.766488918082594894e-01 -4.591073594026845450e-01
-3.125635327751249415e-01 -4.643288203266839886e-01
2.971541447163461580e-02 -4.327840221038848911e-01
-3.521072540672992579e-01 -4.021930151251159602e-01
-1.528082742387838477e-01 -4.271562899876457653e-01
-9.969921232258549537e-02 -4.484444727356685645e-01
-1.695685359715575213e-01 -4.389457155446179204e-01
4.946709947247226458e-01 -4.298553800527167290e-01
-2.749954240901127944e-01 -4.552874404561522148e-01
-4.833151574042349186e-01 -3.993383154129075407e-01
-3.731249728123604559e-01 -4.308896384501126331e-01
2.558193564317639002e-01 -4.391117432410233112e-01
-5.145950957143763382e-03 -4.602421717528314415e-01
-9.645574066283524317e-03 -4.949317253889377044e-01
3.989417688853529320e-01 -3.963754280616114123e-01
4.520900997859178538e-03 4.093272979995671301e-01
4.746407679859530049e-01 -3.784612417390137429e-01
-3.922761039603079869e-01 -3.922475657059844023e-01
3.593567788164528931e-01 -4.667677968420365087e-01
1.546362025628160719e-01 -4.044479484039003037e-01
-4.905961785641187456e-01 -3.952994587078852984e-01
4.219819879679220787e-01 -4.071479564408055918e-01
3.434574680774591382e-01 -4.117182059312622933e-01
4.456854482354457581e-01 -4.320904393634289464e-01
-3.918837021889629568e-01 -4.723774404935934257e-01
-1.378150024356060710e-01 -4.447194962335462298e-01
-3.880736230784677110e-01 -3.941297541129684667e-01
-2.266319260693150373e-02 8.890530943858498958e-02
-3.933027287402255379e-01 -4.232913776053303101e-01
3.025765812619549688e-01 -3.912781495590454961e-01
-2.431046590114060990e-03 -2.319916414884100053e-01
5.350297222680766573e-03 1.781947165628307017e-01
2.408059583810840953e-01 -4.238648833670947136e-01
-6.900296909732372974e-03 -2.475376915752869333e-01
6.833509477066013194e-02 -4.484540268142289676e-01
-1.105525883822812139e-01 -4.396200184312403225e-01
-9.391537657606252587e-03 2.952247119415315479e-01
4.360807116421627772e-01 -3.812566113458177863e-01
-8.823156017363831261e-03 1.459331922996698339e-02
-4.533416331191830739e-02 -4.127294682685324068e-01
-4.340464160370505198e-01 -3.667766731909584133e-01
3.829673483142744805e-01 -4.418492578856557662e-01
-1.251850810412726833e-01 -4.283725290444651002e-01
-3.659716580434780875e-01 -4.100855323661269924e-01
-2.032781913582557554e-01 -4.009064722827206939e-01
9.419955311293548572e-02 -3.772964903351768706e-01
-2.652945022047218382e-01 -3.839734525586535607e-01
4.419904082017900304e-01 -4.233287548022011126e-01
-4.051911945790465097e-01 -4.731026253903241052e-01
1.004865333500326585e-02 -4.804430801336527779e-01
1.904475149517860233e-01 -4.622043809457099250e-01
-1.065475729848971431e-01 -3.683817821566953699e-01
-4.969898836102812911e-01 -3.703454856841738030e-01
-1.742267763588365437e-01 -4.686594018860619215e-01
2.302878343715679677e-01 -3.618418576991462299e-01
-4.500681898600503716e-01 -4.725386602644142675e-01
-3.526154100989425944e-01 -3.839002677123781737e-01
4.709231426795156272e-01 -3.949913327202505542e-01
-2.048179826686440386e-01 -4.326978850768734564e-01
3.512100720130795217e-01 -4.412822248305500183e-01
3.438424289682241453e-01 -3.769004384389165185e-01
-7.009306133913817405e-04 -1.770384622854598300e-01
7.904135337996676114e-02 -3.799286952805862594e-01
-2.293496515188875318e-02 4.176461453972590832e-01
2.785026095182089323e-01 -4.189312935897808732e-01
-2.234552580160442670e-01 -4.713902237354544722e-01
9.020050543655910857e-02 -4.400528230796697526e-01
3.829224860645411566e-01 -3.573830682625758204e-01
-1.238848795306468631e-02 4.856988298096925893e-01
3.969608727815777671e-01 -4.025950829911191242e-01
-1.662237522632191711e-01 -3.818005000707992425e-01
-1.802682665539848683e-01 -4.366176689623878504e-01
8.375117203756132778e-02 -4.087096588933575303e-01
-1.043837599265077243e-01 -4.040511591060760299e-01
-2.356911538270390905e-01 -4.728794399848151864e-01
4.526340439319159747e-01 -4.005392651518695502e-01
1.975714232854337560e-01 -3.537112737016346875e-01
-2.619797506127763409e-01 -3.630538312968912829e-01
2.251334307963104298e-01 -3.715859025070596955e-01
-5.370227614777089986e-02 -4.794371884536314798e-01
7.373976092230227763e-03 -4.224091631050779228e-01
-1.398357533916225748e-01 -3.747372117743373865e-01
-2.404257548812780421e-01 -3.522626499810405099e-01
3.694178040128538454e-01 -4.434947446518199277e-01
-1.416653605826745377e-02 -1.509228560487927417e-01
-1.377084278813422991e-02 -4.460092432822749808e-01
-4.235988907318206653e-01 -3.955961164957688680e-01
2.795699995761895540e-01 -3.708223251757908345e-01
-4.196508532545584202e-01 -4.112156155089948806e-01
-1.290962729381278651e-01 -3.769871396816967257e-01
-4.183775482305840399e-02 -3.714561081041000135e-01
-1.194317865249781008e-01 -3.551390298893700725e-01
4.682664560234002238e-01 -3.561023672500477355e-01
-9.676227986079011245e-02 -3.667043778694940581e-01
-1.978864177392913870e-02 -2.467426128301696275e-01
-3.118817858976181689e-01 -4.265010969029536803e-01
-3.206673152942923766e-01 -4.387405257825079952e-01
-1.437449512096882209e-01 -4.735198602501210496e-01
3.398075062463971063e-01 -4.235383440792902521e-01
-1.843916219771157827e-02 3.078326917112242933e-01
2.722184976960037028e-01 -3.947692391400668965e-01
-9.415298861610965631e-03 1.332017219870736957e-01
-1.963432879754616334e-01 -3.884520540877429706e-01
-1.965006216252740412e-02 -4.202626941598615051e-01
2.312385939627619180e-01 -4.677099541492136803e-01
-7.729121106567315991e-03 -3.026731403897912065e-01
-4.112730768883782195e-01 -4.418850972941770205e-01
-1.960008142880431681e-02 3.204751730002400878e-01
3.605772030739313738e-01 -4.200149235261831926e-01
-1.922354118881657303e-01 -4.553105747393674241e-01
2.999997282789417241e-01 -4.582868470285330620e-01
-3.947569348835850978e-01 -3.798627737424375983e-01
3.290216073118046314e-01 -4.048483293658806659e-01
-1.018529281205932113e-01 -3.969118803261864059e-01
3.300382686927917364e-01 -3.801030224975708860e-01
2.818239370969323199e-01 -4.309014301720790474e-01
2.415114470817469883e-01 -4.168267674449052107e-01
4.625360420018531649e-02 -4.178748885912153543e-01
-4.293012574368749723e-01 -4.290576510846932923e-01
-3.851249697196582611e-01 -4.026558575152107133e-01
-4.696442715478854613e-01 -3.663457018852513958e-01
5.706856800857473822e-03 -3.008175790915328385e-01
-2.617134937399671069e-01 -4.108652548965388007e-01
-1.180894849885820719e-01 -4.498474665773989356e-01
-2.334970987567116518e-01 -4.561304633160223609e-01
-1.718267145013661068e-01 -3.692818255543797168e-01
-4.883481016807632580e-01 -4.419980709881849990e-01
-9.108841095599651272e-02 -3.925309070369978892e-01
-2.236147215984612968e-01 -4.483379209416507027e-01
-2.601103071072045081e-01 -3.947235846358555511e-01
-6.512878596426463496e-03 -2.537420571883269860e-01
-4.695167060812011073e-02 -4.544023640050675050e-01
-1.572263481946610808e-01 -3.742683106305026985e-01
-4.373790376744418618e-01 -4.595028215725347476e-01
-1.000629477499864750e-01 -3.645085604071116592e-01
-1.176935213453157436e-01 -4.807381352788777651e-01
-1.385711648629092130e-01 -3.911550945584694183e-01
2.179132705183162155e-02 -3.996751484460514536e-01
3.351746459227997743e-01 -3.995362901701411396e-01
-2.376531220528441679e-01 -3.679066382777786970e-01
5.560050105865022019e-04 -1.377440998870990141e-01
-1.069640793341353202e-02 2.293288672690416696e-01
4.204072673838133989e-01 -3.698188899020397047e-01
2.172188279322860849e-01 -4.673477757054305126e-01
-4.535315744243817448e-02 -4.683410844836406461e-01
4.932168974067063782e-01 -4.267457339112000758e-01
3.417042104740074526e-01 -4.464651677396037632e-01
1.199331389883273591e-02 -4.665422846877569363e-01
-2.935368098458801533e-01 -4.113361126084302821e-01
3.003486363629104261e-02 -4.792310690449721466e-01
-7.854893360128900603e-03 -3.296293242710509608e-01
-1.430972492415163444e-01 -4.105545986083446452e-01
3.052141111407197238e-01 -4.475421701701669530e-01
-2.531004863019559181e-02 -4.431131402383278184e-01
-1.422540460540456797e-01 -4.590929719324786662e-01
2.388519595223111969e-01 -3.525685107418268238e-01
-3.237698761018443783e-01 -4.558723855890656207e-01
-2.218367818087951804e-01 -3.665541237284284382e-01
-1.734473515371445229e-01 -3.700488396206437214e-01
-1.339236282865178262e-01 -4.077520095852474880e-01
-4.927361759432294930e-01 -4.379860742866631407e-01
3.753002547155274149e-01 -4.593660662238020498e-01
5.304338398527785881e-02 -3.819279794463942279e-01
-2.525189502920881512e-01 -4.471257519721087981e-01
-3.118168234507451286e-01 -3.871258707063351956e-01
3.920341576370952597e-01 -3.662955779779427656e-01
1.474090292377262523e-01 -4.770376408385462730e-01
-2.115766165712984481e-01 -3.901755318373089088e-01
-3.537575093147138361e-01 -3.875732269801001051e-01
4.981043812581779084e-01 -4.772470349571139581e-01
-1.450674583088363834e-01 -4.759539128063764446e-01
-2.172459150936613126e-01 -3.970393281085561332e-01
-4.578053868803265702e-01 -4.276225336201052718e-01
3.990546932003397052e-01 -4.396203057149469240e-01
-7.369816527979411447e-03 -2.749907402040552284e-02
-2.378614035837668395e-01 -4.102546608094063130e-01
6.004272085036732598e-03 2.893679131704011143e-01
-1.526838646984662873e-02 1.559811555035736097e-01
8.138922029863659979e-03 -4.292766725709058484e-01
-1.601031013801355041e-01 -4.363669155420055734e-01
-5.701466604987381892e-03 -3.712706685576659948e-01
-3.437605347171557302e-02 -4.458608415417061321e-01
4.868611770683102247e-01 -4.341217506108632218e-01
3.954234840586521305e-01 -4.308575146791953081e-01
3.008255097122918276e-01 -4.277180968528133675e-01
-6.456675551116841660e-03 -4.467080323152443633e-01
-1.819679599635237732e-01 -3.591529332731910884e-01
-2.767114382908077985e-01 -3.752178443317426559e-01
3.572625931986233017e-01 -4.736166940428466754e-01
-2.887458691338884442e-03 3.119259196387977884e-01
4.302883823404693997e-01 -4.408908401680866618e-01
-3.737246381995372735e-01 -3.598853579111270795e-01
-4.661202758430336157e-01 -4.388663216159557345e-01
-3.533690166123926168e-01 -4.089780414492412142e-01
-1.828917703029042663e-01 -4.368894599132013834e-01
-1.879528827056419216e-01 -4.314728822361268978e-01
1.732941908735584624e-01 -4.461288582919220591e-01
-3.805702171030489467e-03 2.399710684197786659e-01
-3.636257833143125007e-01 -3.606626852191988641e-01
-1.590933671463234944e-03 2.348924213342928891e-01
-1.489739178254034790e-02 2.627454319356504753e-01
3.814480027720001942e-03 -2.855081589792081154e-01
6.591429041611429618e-02 -4.385155120108058524e-01
1.801196359458459018e-01 -4.413736004176506134e-01
2.886531627243810183e-01 -4.162448000232220613e-01
3.948129829201374452e-02 -4.042482889832997861e-01
-1.529515487059129875e-02 -2.514698933768850786e-01
1.104294199626476569e-01 -3.917810372300022381e-01
-3.253631047842290291e-01 -4.269792373044227762e-01
2.185944150935497099e-01 -4.621188062396198726e-01
2.964997674197947797e-01 -4.285675768818193454e-01
4.382044089961542044e-01 -4.034020841285741454e-01
-3.583179410659255160e-01 -4.269041618145950068e-01
-9.951725616491491344e-03 -1.256703405856868239e-01
7.137378702346641735e-02 -4.339486154660968653e-01
3.714058644994389091e-02 -4.043260404301196598e-01
3.931011346194412948e-01 -4.193883749843607678e-01
-3.249679457986001108e-01 -4.196155383735180600e-01
-1.741922387196557231e-01 -4.026015581994656367e-01
-4.302814779805501644e-01 -3.742381024925321986e-01
-4.371977525366141926e-01 -4.573729221862972150e-01
2.284957312559746656e-01 -4.113607115514338330e-01
-2.154457476171570685e-01 -4.777370549377073505e-01
-4.906356831038102273e-01 -4.185102125846037469e-01
-2.462994231255407618e-01 -4.743986885144289012e-01
-1.710793105510477474e-02 2.779081681696243811e-01
2.985959794088114405e-01 -3.676360209618824149e-01
-1.413921780033733366e-02 -2.992351642251048771e-01
-4.625955603203549815e-01 -4.646895403316414486e-01
1.349277711110983269e-01 -3.659900739810580950e-01
2.385859150727376310e-01 -4.122669511996006619e-01
4.871647192027316331e-01 -3.593660646179465123e-01
-5.235268495635658770e-02 -4.020684581880873409e-01
-4.327555698174725407e-01 -4.658280946521315968e-01
3.253278058120467886e-01 -3.873321856741672731e-01
1.027369055491722527e-03 -2.051635586890054874e-01
-1.789139733430122892e-02 3.406005611086015961e-02
-5.519437257748949222e-03 3.508780643921877163e-01
1.974707931333029576e-01 -4.296817015431781961e-01
-4.153462663122615695e-01 -4.637917795012197475e-01
3.548645379165182856e-01 -3.740250596524092863e-01
2.207662795032493408e-01 -4.457170294284980017e-01
4.073936172454798443e-01 -4.324225081734910381e-01
-1.552501418367779884e-02 -3.146684229028896551e-01
4.886601633700508041e-01 -3.971925209733923046e-01
-7.497258473749823793e-03 1.038105820105271748e-01
-3.238044821789853867e-02 -3.771058190843630253e-01
-1.779734682942958335e-01 -4.394747538912058271e-01
-3.803584762526401875e-03 1.041613897453399495e-01
-1.092533556782364634e-01 -3.613599916372102205e-01
-6.728204276292093500e-02 -4.592766942270206654e-01
2.702256537004770198e-01 -4.571575748142832074e-01
-6.465441976538388591e-02 -4.797494149402723451e-01
-1.938059401848291063e-02 2.783106353568173263e-01
4.217898209267261223e-01 -4.345841184914107647e-01
2.290388497205408935e-02 -4.183564747600563294e-01
-1.115874926302705683e-01 -4.235016787530846427e-01
-1.167591951125290795e-02 1.191370844216971259e-01
-1.802324661798826444e-01 -4.426340266775841137e-01
-6.379161670193056466e-02 -4.671197031869543936e-01
-4.964505769717653116e-01 -4.211548053329924324e-01
-3.401963455943012304e-01 -4.350706683995506641e-01
1.400254974761810933e-01 -3.937889092715298744e-01
-7.970271983660870418e-02 -4.011197353440821844e-01
-5.565682201340194091e-02 -3.589503131787684653e-01
-1.353622598668402510e-02 -6.642834826991017572e-02
1.214867497056203449e-01 -3.604655608537759015e-01
-7.584002801196898513e-02 -3.727229180257465302e-01
6.217265155736073634e-02 -4.435344778340077898e-01
4.748633427399582274e-01 -4.081707281443330837e-01
-4.972888534485334633e-01 -4.479300325185944232e-01
-2.420574865812464838e-01 -4.139433862039255674e-01
2.960762831243632931e-01 -4.790269936574321763e-01
3.998237282717923557e-01 -3.628270410015942415e-01
-4.684828535579678155e-01 -4.776545901150512918e-01
-9.338089865299703529e-02 -4.562111051894804925e-01
-2.141004110121558224e-02 2.544266932807593973e-01
1.725586861221749535e-01 -3.907312614106721593e-01
-1.304850063071263389e-01 -3.648204921658996236e-01
6.243750572664885645e-02 -4.431104236134916219e-01
-1.648395315751459700e-01 -3.967269928161569759e-01
-2.999991368098534616e-01 -4.108509527191684940e-01
4.995932311471329434e-03 1.150261250077866393e-01
-1.984410675482390918e-01 -4.180154866677046055e-01
-2.522452775843087025e-01 -4.327982289926115556e-01
-2.844908948352401490e-01 -4.037916340734777343e-01
-3.848577472324236082e-01 -4.068435473081314369e-01
4.272313975053987356e-01 -4.221180118277270132e-01
3.349541577815084992e-02 -3.595806440572986151e-01
-1.146385601071209237e-02 4.926448953776800810e-01
-2.606054998530991096e-01 -3.622786979771157601e-01
-2.057288659139964171e-01 -3.533661523088730272e-01
4.213628396674901078e-01 -4.227890922712242983e-01
-1.437509650843205034e-02 3.693578344056296370e-01
-1.220762316248436008e-02 3.392028372579437567e-01
4.573366755829120223e-01 -3.897900792005337678e-01
-4.239079279857661531e-01 -4.021054041939918777e-01
2.599543609703497404e-01 -4.405002430333447849e-01
4.834950905311542479e-01 -4.551961644196375056e-01
-3.178587886736339296e-01 -4.441046398237961101e-01
4.795296923549055013e-01 -4.735729962415143879e-01
-9.188752360589003132e-02 -4.632680999439799940e-01
-1.845608647839369620e-01 -3.999576876645986045e-01
-7.209448888259606392e-02 -4.712263027328595921e-01
-4.024785884321901985e-01 -4.775009267239225252e-01
1.272760519577105232e-01 -4.166329660138837765e-01
5.137613425708620341e-04 -4.507203235922477846e-01
8.461203340718181920e-02 -4.512469304811972393e-01
-1.770228613187818656e-02 -2.307152043222789883e-01
-7.972521251923303520e-02 -3.835052341525875264e-01
-9.000081998697950780e-03 -1.736851904389246082e-01
-2.261221650957390139e-02 -2.468316322261310258e-01
-7.465964258774027140e-02 -3.743919979493095518e-01
2.809723193977862188e-01 -3.573529710983078811e-01
1.151155926031988130e-03 2.710498635907904186e-01
-2.197155264810213282e-02 -1.791050383164262128e-01
-1.326290129088857350e-01 -4.141014010025041436e-01
-1.181452315570530320e-02 -9.637047780171903444e-02
4.558634332365530950e-01 -3.537806413545231399e-01
3.581184899170507530e-01 -4.706643418196885253e-01
-5.549627325527661803e-03 7.207311392837723041e-02
4.075925054545239679e-01 -4.631525203472345309e-01
-1.549937230566167390e-02 -1.299070119503716869e-01
-4.464316650236606066e-01 -3.529365691008158334e-01
3.602657461323721666e-02 -4.305921081928564265e-01
2.538652986724017069e-01 -3.752706237688419044e-01
-4.335135608769900006e-01 -4.494958771186006175e-01
2.092490590889258817e-01 -3.549225436966352287e-01
3.722241483997468237e-03 3.922004972631828457e-01
1.461204236916596733e-01 -3.830735921956273105e-01
-8.188132463597952437e-03 -3.959567145932996191e-01
-2.697921610360136668e-01 -3.803067555553560908e-01
-2.089707848814175151e-01 -4.603337427196576570e-01
-1.805885193432887892e-02 1.668035555788405233e-02
3.673368310775686485e-01 -4.516654805799676931e-01
-1.637076404085346937e-02 9.449662381408086009e-02
-3.026162776918365216e-01 -4.212343790485825190e-01
-2.264850143261398774e-02 3.601946295746505378e-03
-2.810925791195995060e-02 -4.494379276948181623e-01
-1.386416591382884089e-01 -4.016500889717276035e-01
-4.168018349466118266e-03 -3.038627333235607297e-01
-5.591135398318070049e-02 -3.781277153483429965e-01
-1.707167343811477611e-02 -4.652057114181264996e-01
-1.103933957616842765e-02 -1.639852964598907947e-01
-1.891722372578256151e-01 -4.346227137190543655e-01
-2.378810961004016455e-01 -4.768917471055977853e-01
-1.737078833962747426e-01 -3.897811554482287777e-01
5.449858376809446625e-03 2.985320967010043347e-01
1.911033985022113635e-01 -4.526404152881713383e-01
2.522388454330977137e-01 -4.533683006728352893e-01
-3.159935228841804777e-01 -3.782256161215277190e-01
2.429761557150970086e-01 -3.653187731005786976e-01
1.575141905139608722e-01 -3.599443886698384665e-01
-2.922706414317352008e-01 -3.882865259548410330e-01
-3.423152911790179331e-01 -3.674967717278248003e-01
-4.868563352145899303e-01 -4.012061797880548397e-01
-1.986074731850103747e-01 -4.323992201212545350e-01
-1.337864998281257378e-02 3.112532706239024005e-02
2.023655849064499579e-01 -4.175180337062343039e-01
-1.393233974592822388e-02 1.792191103271164598e-01
-2.727633282203235643e-01 -4.565138268876651750e-01
2.514324142844396315e-01 -4.405171876417570687e-01
-9.936715039371457614e-02 -4.030441642030124783e-01
-4.592582700099834270e-01 -4.375443803927855368e-01
4.880880086939732854e-01 -4.711212793752181938e-01
5.498278765879494046e-03 -4.867549096752477045e-02
2.620249150242697223e-01 -4.012632314443099757e-01
4.443355708540475124e-02 -4.657764474116617981e-01
-1.705209119222368397e-01 -4.501187536378551401e-01
-3.961409390773190653e-01 -4.311603982795658707e-01
-3.973456677243336621e-01 -3.588249749487536500e-01
-2.145337662639890119e-02 1.571430443149988143e-01
2.849903924348249351e-01 -4.447979775769372868e-01
4.152096078940545887e-01 -3.769746684248357349e-01
-2.417232767448977970e-01 -4.288822064463000405e-01
-1.005927369541192995e-03 4.032410462843156740e-01
-3.735531199241730604e-01 -3.548463559586334526e-01
6.872443010469708735e-02 -4.037339890031358403e-01
4.938966890111879948e-01 -4.322469806297783990e-01
5.001159942990729412e-02 -4.324169039774078405e-01
2.065723625847654121e-01 -4.004795138541938915e-01
8.673219965381562258e-02 -4.636189971365543006e-01
4.000051492834206801e-01 -3.642679638447315904e-01
4.040529944514255067e-01 -3.748385062316270666e-01
3.743817265821868245e-01 -4.300616501086826915e-01
-1.487446107938089623e-01 -3.744399066373920171e-01
-3.512853032068915526e-01 -4.554586403852961540e-01
2.100350375430578564e-01 -4.673531049298144113e-01
-6.897929629895926951e-02 -4.092967010863983734e-01
-1.706709327709198254e-01 -4.612246632924323908e-01
-1.995523129786416217e-01 -3.719058302263741345e-01
-3.981640058404195548e-01 -4.750152785367366404e-01
-8.200747943102404403e-02 -3.639905467568669284e-01
1.350508079234215009e-01 -4.142641514672037450e-01
-2.110783863609196898e-01 -4.609918276344029398e-01
4.733083036963632306e-01 -4.693780196809909100e-01
6.677720030374922899e-03 -4.762908747549742250e-01
2.814354801234445480e-01 -4.603406729616522641e-01
4.222621486724423834e-01 -4.423586116085722608e-01
-1.502409766056048701e-01 -4.545505422369925386e-01
-4.168419602036177452e-03 1.510823204665115993e-01
-1.197525100043239643e-01 -3.755294102322914718e-01
2.877025738270853061e-01 -4.002114578014509538e-01
-9.434552072262691880e-02 -4.013108549015745874e-01
-1.616909340363570369e-02 -2.532687336378114384e-01
-3.439664661508258225e-01 -4.267632895252536640e-01
4.534310989043498497e-01 -3.799199228381315852e-01
2.011028919352693123e-01 -4.724572341698746181e-01
2.423216000120921310e-01 -4.707808765821618335e-01
1.590603856649233094e-01 -4.706645046775503882e-01
-9.648047689866479093e-02 -3.744990053389963824e-01
2.105559755045015580e-01 -4.554956632985693865e-01
-1.087332961200422332e-01 -4.464175208824382457e-01
-6.707901889566048048e-03 2.658965261110831646e-01
3.045414236574747191e-01 -4.350109374936229623e-01
6.924666397567502685e-04 1.332399706866888023e-01
-1.320264285976135987e-02 -1.345428455809930535e-01
4.560507085892264723e-01 -4.304547973718936271e-01
4.992762526781123755e-01 -4.262651485837478660e-01
5.287258150266860302e-02 -4.505942355208931716e-01
3.513753489155670984e-01 -4.219775051004436284e-01
-1.584910312329300686e-01 -4.778398922910858104e-01
-2.209630122428818400e-02 4.090431839196894126e-01
-4.504314231163542015e-01 -3.810663402859670867e-01
2.157138271594595258e-01 -4.004587982588347916e-01
-4.600344520751024069e-01 -4.265557934010431040e-01
5.030935581749829133e-03 3.036950511605276404e-01
-6.681541376127086984e-02 -3.836410206314070370e-01
-4.719107813452253497e-01 -3.607132733581210893e-01
-1.495375427911216359e-02 -4.613316559698045216e-01
-4.710327512215480850e-01 -4.644178793582239839e-01
4.863335131182263682e-01 -3.911890941142762701e-01
-2.945639313493422229e-01 -3.640696565119294625e-01
7.426308752299426441e-02 -4.580492066140098295e-01
9.827147371030298117e-02 -4.298389990412918582e-01
-3.838380290452096943e-01 -4.238726313144316471e-01
-3.040932436477379319e-01 -3.551811515353543447e-01
2.992852883614790516e-01 -3.828992490188692921e-01
2.755088923735566908e-01 -4.466279174770055871e-01
-1.116361249587072280e-02 -4.509030942379614881e-01
1.174636501809115385e-01 -3.659737830322717933e-01
-2.223097472205197711e-01 -4.185202103965434128e-01
-2.792155341256056245e-01 -3.785028410668174192e-01
-2.608917723512623743e-01 -3.636582870642220966e-01
2.179632316388870894e-01 -4.029288155556487450e-01
-1.563923210579987177e-02 -3.451951831813999672e-01
-3.612086852745214349e-01 -3.631978113144406217e-01
1.809292478728419251e-02 -4.119660086255665377e-01
-1.806167708184081011e-02 -1.323361678964335431e-01
2.372842065410539769e-01 -3.740242158211978252e-01
3.491802943964006367e-03 -7.105616217814614277e-02
-3.809789810514360164e-01 -3.927538375236546697e-01
-7.887350496693090740e-03 -6.260382540942832641e-02
-4.438009154272578582e-01 -3.564009458779386907e-01
-1.483275080365475951e-02 -1.998742129048041161e-01
4.621816209396478747e-01 -4.426512709969108172e-01
4.433722571256591971e-01 -3.775744344277470743e-01
-2.877933503169487484e-01 -4.045809890774753059e-01
-3.955039652901981562e-01 -3.837835859094104185e-01
8.672447023252616294e-02 -4.603118945549948826e-01
-3.453668380110536118e-01 -4.383390157266653375e-01
2.885641217685360749e-01 -4.380493626461486878e-01
-1.283204539334392713e-02 4.147715400458285018e-02
9.402113598507855219e-02 -4.391525067826087536e-01
-2.690675648372399253e-01 -3.584211816596386546e-01
3.961276880429208669e-01 -4.005005921601790808e-01
-4.134862006556216940e-03 4.680213657434736385e-01
2.387135749328251899e-01 -4.488777108252062220e-01
2.698586803377841514e-01 -4.190030807904929766e-01
1.483755032536567819e-01 -3.552261801032408073e-01
4.549121262589298498e-01 -4.313416431961156761e-01
-2.052107995488769987e-01 -4.768946665839824961e-01
4.993152920255331528e-01 -4.162565976290859560e-01
3.452510072420474918e-01 -3.911722513699128490e-01
-7.729608655847708398e-03 3.661026447257271776e-01
4.490756761401347719e-01 -3.926907238169278225e-01
1.557258604393374490e-03 4.383939844497849458e-01
5.052455598496430333e-03 -2.071833743441392484e-01
-1.850704014426604038e-01 -4.070585958516720337e-01
3.900351094036182964e-01 -4.332061439439736095e-01
1.229161914521124110e-01 -4.299427990265537458e-01
2.718667876029590147e-03 -1.692883946084280389e-01
2.584065075420971525e-03 5.418227497524197300e-02
-2.404064746280321074e-01 -4.065049464677247260e-01
1.430826232263691100e-01 -3.546677159321938166e-01
8.121001014151874031e-02 -4.221536286051286169e-01
-2.931857082783561053e-01 -4.463831374640793159e-01
-1.496300513923058961e-01 -4.448838897612196197e-01
-4.099983260614978864e-01 -4.480695176197445617e-01
3.968636255945989788e-01 -3.582352614423137682e-01
-3.153959446241232367e-01 -4.231096792552091479e-01
-2.440547131108410372e-01 -4.215932506316211192e-01
-4.691720756408002124e-03 -3.261427315246701042e-01
1.906831764945483565e-01 -3.653873814395854902e-01
-3.154581097514935761e-01 -4.271464147714553183e-01
-3.219682960843792685e-01 -4.315031775989491836e-01
4.133085610884688066e-01 -3.815622795931615796e-01
2.258969325435421505e-01 -4.398079558455721960e-01
4.404604622189857155e-01 -3.532310807209254611e-01
1.597051488072018799e-01 -3.670296212073802522e-01
-2.470210013199245491e-01 -4.672526255460658362e-01
3.835131359999300882e-01 -4.709031503845753086e-01
3.294210289394032820e-01 -3.593188341392280494e-01
3.651414440296008035e-02 -3.533048665292043422e-01
-3.344586277325367618e-03 -4.547264642744208718e-02
1.385874248111029772e-02 -4.289888529527201566e-01
-2.322913179850061294e-02 -4.214528341395583633e-01
3.595031130583570267e-03 -4.642977449806456880e-01
3.542845749682158596e-01 -3.986004856595207757e-01
4.887828515102130567e-01 -4.398698711654834836e-01
3.262472087577172886e-02 -3.784491332244115380e-01
1.890340049676004774e-01 -4.104619272335412461e-01
3.883208496682100108e-02 -3.824104307891973420e-01
-1.262497563504416664e-02 2.982832536623081232e-02
-2.004047691115358187e-01 -3.814211743324059656e-01
-1.248010278877387247e-02 -2.826940063082786780e-01
4.739660886462010447e-01 -3.542650098355514254e-01
-1.671897904215778885e-01 -4.093881262083521877e-01
2.596507535186753923e-01 -4.485402086871365102e-01
8.053817015795194934e-02 -3.911376805183233163e-01
1.155528075806340205e-01 -4.099433145149721236e-01
2.447441314254183986e-01 -4.099717828394605634e-01
1.682024653022679006e-01 -4.065275922843427647e-01
-4.769001460990074381e-01 -4.162158418720441899e-01
-2.994864672319481613e-01 -4.791457907437870478e-01
-2.826276347706772052e-01 -3.890475966399794538e-01
1.455760628010126512e-01 -3.665252130130554065e-01
-1.667067749079890193e-01 -4.152395295622887117e-01
-4.041589776688085944e-01 -4.559591859274236825e-01
4.407395040010275711e-02 -3.542917213000528198e-01
-5.248138802601332031e-03 -4.417864837997269589e-01
3.345489782685251434e-02 -4.066702017706985695e-01
-3.296331659556853699e-01 -3.971216470832495959e-01
-2.993676437114095590e-01 -4.151816403828298974e-01
-5.424621623788761227e-03 4.465932115799293722e-01
2.693950021201012568e-01 -4.322172789171369045e-01
1.417533907823442796e-02 -3.525303221965093714e-01
-2.689007876146397580e-01 -3.987416251580946369e-01
-9.069101926238976041e-02 -4.174400568802592026e-01
-4.651172607857835262e-01 -4.521083011737770940e-01
-9.110963748348854807e-03 -1.695108321971353638e-01
-2.759513396213316705e-01 -3.879560838343607543e-01
-3.722226510925241705e-03 3.427512294560001171e-01
4.158530656094512334e-01 -4.296302435145474830e-01
-1.369411122127950353e-02 1.134600139266725982e-01
-3.086242636901315173e-02 -4.255630578057927327e-01
-1.534695786429642883e-01 -4.290823516736949061e-01
-3.212520391647766260e-04 -2.093967400831334702e-01
-2.387414475493496724e-01 -3.811807978209947878e-01
-1.253669592883484007e-01 -4.656210884594866872e-01
-3.185464170007797913e-01 -4.461688779953554285e-01
-3.257361701587420111e-01 -4.207225113625396862e-01
-3.291047554301229638e-02 -3.959399074107985417e-01
1.004427699246468464e-03 -1.312548546689394913e-01
4.776141380240972456e-02 -3.831150665735043592e-01
-1.284827245682018670e-03 1.887649114305747222e-01
-7.083528211873080238e-04 3.774196748745527463e-01
-2.081267305317835437e-02 2.523319364423161071e-01
-2.866801233764100232e-01 -3.891643364766369517e-01
2.777584445595282503e-03 4.790570942429346335e-01
-2.226328565525187431e-01 -3.966926797599271692e-01
-5.730685940993862637e-02 -3.757137411504417601e-01
1.109111077182038940e-01 -4.255341662230310851e-01
-2.345080351186159540e-01 -4.452568362732217677e-01
-4.959710856067132134e-01 -3.949398724984508613e-01
2.324694257307419187e-01 -4.649024804265490252e-01
8.975430576436449481e-02 -4.477667100131388356e-01
-8.430103456377058269e-02 -4.675683037005629039e-01
-4.096014198675703710e-01 -4.075757638272465844e-01
-1.172182824631430309e-01 -4.386269394772119856e-01
-3.994219835783484607e-01 -4.257682395423647570e-01
3.330758344898859802e-01 -4.362758875831755923e-01
3.267191540344928091e-01 -3.907382539789878706e-01
-4.281335979817847415e-01 -4.626929270939260652e-01
-7.072279992522734204e-02 -4.100983804982353265e-01
-3.172046613026946460e-04 2.316804313910675317e-01
-1.028409415569225827e-01 -4.692692922555231627e-01
4.629604264387896517e-01 -4.784056191507553013e-01
1.233869071797836225e-01 -4.557411737302606847e-01
-6.953092613103262210e-02 -4.077475349044979991e-01
-1.164693017542262066e-01 -3.834521372822621288e-01
-1.958457307413519199e-02 4.280907175753455585e-01
-8.931201420810452873e-02 -4.524826554625441810e-01
1.739102067002191720e-01 -4.622169916539898837e-01
-4.585750502743622947e-01 -3.970611142554203443e-01
4.265856169438979606e-01 -4.503266689502087861e-01
4.200756093222505205e-01 -3.580268957681221886e-01
-4.359119242693831886e-03 -8.105764979410812199e-02
3.641528952065888891e-01 -4.543388873219817992e-01
-4.428807865654981191e-01 -3.829085067432648204e-01
4.001901123944482386e-01 -4.388814998070721396e-01
-3.826124928784678803e-01 -4.535956621905077313e-01
-4.010658293673698971e-01 -4.159155202947208974e-01
2.953261491724390453e-02 -3.654666969081498129e-01
8.629425951769009728e-02 -4.476297005771323612e-01
1.345806000285351134e-01 -3.794828160832047770e-01
2.376460144671076469e-01 -4.293307602157232505e-01
1.394539701100960816e-01 -3.861932831173544578e-01
-1.425114799509019647e-03 -3.201934536218762339e-01
-1.671462397539791311e-02 7.104660698211417991e-02
2.066502644019645452e-01 -4.370749307604286926e-01
8.215479079824417052e-02 -4.562731137702448203e-01
-1.220957504741522204e-01 -4.616170096481991836e-01
-2.583896646760475146e-01 -4.175116641155269814e-01
-6.241498994529193212e-03 -4.999833859293243421e-01
2.526358028207990047e-01 -3.623021526297424133e-01
-8.355581978554549316e-02 -3.849070006854854453e-01
-4.814546509532160457e-01 -4.528266429183647190e-01
2.797389256334270602e-01 -4.276384065231819687e-01
-4.071041864535248633e-01 -4.617467866124034259e-01
-1.095874037702189163e-01 -3.836559542360121755e-01
-1.396204580961657449e-02 -9.487545887937631761e-02
5.068292401621055099e-02 -4.433889436007759643e-01
4.342433377885792645e-01 -4.765065087060753601e-01
-2.321813804155498095e-01 -3.836691503909852585e-01
3.092858501875690447e-01 -4.174599741017603893e-01
4.671121981213877117e-01 -4.388762828989274389e-01
3.378826419540511550e-01 -4.568441486243131067e-01
2.194160564124283397e-01 -4.275472317846258363e-01
4.919695082924110396e-01 -3.701057871503808938e-01
-1.736385562600972765e-02 2.383736680150937426e-01
-5.199483132882543046e-03 -4.456430798858634912e-01
-2.411919251281680054e-02 -3.943861885454579275e-01
-4.380787453164040057e-01 -4.716844806516493627e-01
4.027467673062778974e-02 -3.946479575945445184e-01
2.608586171823815691e-01 -4.069359169230570838e-01
-6.644300206562092637e-02 -3.713510794805590098e-01
-3.458944730138838741e-01 -4.571131989876985324e-01
-3.988805344569842370e-01 -3.983140557606080767e-01
-2.799869799190668473e-03 -4.422666896910972811e-01
2.872554749591569312e-01 -4.353029059416905211e-01
-2.138772004914490932e-01 -4.329848014084560770e-01
-1.188084074805506596e-02 -1.093322019813366408e-01
3.356312092441724459e-01 -4.438248634333218368e-01
3.288126560194511994e-01 -4.475431873158940421e-01
9.283308369549325700e-02 -3.707813435197802043e-01
-2.970585933065257311e-01 -3.918604770270075477e-01
6.289956436931354311e-02 -4.494052921541171752e-01
5.212071079004365615e-02 -4.676773440217413258e-01
2.346568922613365693e-01 -4.060858383971847063e-01
3.248791958022336779e-01 -4.111267399109820309e-01
3.002003450374303162e-01 -4.008325721226309035e-01
-9.600396932318255860e-02 -4.745132661735816937e-01
-3.787715638898768722e-01 -3.960264983785097836e-01
-4.748789560796405906e-01 -4.593175491648839870e-01
-1.315109218001447866e-01 -4.540480344887763975e-01
-3.359957700874964814e-01 -4.092973415374060453e-01
-1.646491130080496301e-02 4.284369933898111160e-01
4.447433279304321418e-01 -4.550470473727624698e-01
1.291854306560296095e-01 -4.165580506958356244e-01
-2.913351990599721830e-03 -4.198275168652589873e-01
1.954407224918571773e-01 -4.071081262261676548e-01
8.066489056370529376e-03 -4.144789437875213700e-01
-2.236224147797880590e-01 -3.842275247624756807e-01
-2.993706343154000082e-01 -3.997291913992938595e-01
-1.977387863500903453e-01 -3.967802000308191523e-01
-5.381562642109205541e-03 4.936501498644237929e-01
-4.445384098573497145e-01 -3.630744884897265656e-01
9.397346912364856752e-02 -3.708732604698765645e-01
3.388485149265552110e-01 -4.286808307108586069e-01
-1.599562485522787458e-01 -3.728136219721784883e-01
-1.008077768570292410e-02 1.191810227805584210e-01
1.502412655427921573e-01 -3.762890810648717999e-01
-4.982080651934679416e-01 -4.035354828696294804e-01
-3.878285480509716665e-01 -4.499863126301609784e-01
-6.900980944603340994e-03 4.733875459098432215e-01
-3.171307905589519915e-01 -4.609240795360226572e-01
9.394783611733126261e-02 -3.802046641849480269e-01
-1.302782603031819031e-01 -3.719169387065701660e-01
6.285481808619697297e-02 -4.175706542198036608e-01
-2.011939046883293170e-02 4.870421176344837955e-01
2.123732082806584209e-01 -3.656317153645758378e-01
-9.113460108181137276e-02 -4.561201247425403782e-01
-3.316695655371724172e-01 -4.096805396843112845e-01
-4.858668081382448989e-01 -4.406197412193314511e-01
1.191711320229580373e-01 -4.205296784882603944e-01
1.044472334991444207e-01 -3.744018377651895380e-01
-1.365834604174331890e-02 4.881809184924256195e-01
-1.206513257690438046e-01 -3.794635596930959753e-01
-2.127281770649717130e-01 -3.532801287786270228e-01
3.245866043360595699e-01 -3.799606004499367362e-01
-3.478545784513991102e-01 -3.942001103453551814e-01
-8.713716280196126540e-03 -3.452976890245391672e-01
-2.507612128121353701e-01 -4.435168013078724103e-01
4.812787449317430521e-01 -4.244251594002684813e-01
-1.772118453405415739e-01 -4.525709853975766750e-01
-1.477075383496537775e-01 -4.744845238457187087e-01
3.953183139068590091e-01 -3.999822019471577228e-01
3.619973120962706181e-01 -3.728081892434567113e-01
-2.839685625341747954e-01 -4.530844513423963882e-01
2.385202162477402243e-01 -4.319520204099688288e-01
2.132649409243519978e-01 -4.758267733614595096e-01
2.243806890651585118e-01 -3.655240211879551282e-01
-8.707557945583088710e-04 -4.024709381453253076e-01
3.387763527514764395e-02 -4.541046523040054295e-01
-1.471924698448471291e-01 -4.546687017801067654e-01
-1.789402110710103244e-02 2.497301835245688828e-01
4.048529085663918892e-01 -4.234380568744972040e-01
3.352440673947979510e-01 -3.696703115964875552e-01
-4.069875729771740280e-01 -4.212571658806351094e-01
1.931344353134268887e-01 -4.173753890133518052e-01
-3.039173805375579018e-01 -4.110093280855147135e-01
-3.405784306450828636e-01 -4.309653004847604496e-01
-2.072365224146094365e-01 -4.717926045958981129e-01
-1.402905137950083425e-02 -4.963326809453917354e-01
1.787621280966604775e-01 -4.546682421783735384e-01
-5.664259814592731423e-03 -4.160612244185357689e-02
4.046868534263308170e-01 -3.965444845913267402e-01
4.995936542308636596e-01 -4.333174690909621374e-01
-4.273429749075852158e-03 -3.238888731376461383e-01
-3.551376143029745247e-01 -4.743261508785182601e-01
-2.297243249182112645e-02 3.640953524701134869e-01
-2.320932987212106502e-01 -4.128352603999535519e-01
9.027480939341925303e-02 -3.964615471065452423e-01
2.665924246478833526e-01 -4.258842899250906422e-01
-1.920172372147394002e-01 -4.152240762232665139e-01
4.540653391091198365e-01 -4.126315379413926232e-01
-9.941243865351112596e-03 -3.465469808475651892e-02
4.334111153493811486e-01 -4.454200713183509297e-01
-1.617110023124141982e-01 -3.522797607961245525e-01
2.551634861839645607e-01 -4.373874334056025992e-01
5.477537353424066779e-02 -4.350375813418955184e-01
-3.507437452310417925e-01 -3.768865116584622088e-01
-2.591984951618557798e-01 -3.551686789650270182e-01
-3.279083012778744033e-01 -4.294020043981141566e-01
4.574657437080830169e-01 -3.993081379268849096e-01
1.859659426697635176e-03 -7.373901143405270364e-02
-1.245266258615069788e-01 -4.093479627460604453e-01
-3.120793025653053610e-01 -4.482896266784576200e-01
5.932694002710903192e-03 4.013315473672602884e-01
-2.660773556706167442e-01 -4.679097503073953446e-01
4.238416557192163925e-01 -4.537657114411616233e-01
-1.990988716611541420e-02 8.937427354467852858e-02
2.846809560086347446e-01 -3.679966518541684106e-01
2.682773770820974235e-01 -4.520465512678593090e-01
4.754741136654616618e-01 -4.151178905542451947e-01
3.122277554496283303e-01 -4.014110334621808773e-01
-1.790980897269878191e-02 -2.503010311127034093e-01
1.209808773309906105e-01 -4.508610571800006905e-01
-4.975368756678855142e-01 -3.807726058619991250e-01
4.169644893590619406e-01 -3.840847241363500864e-01
-7.568738822481546613e-02 -3.822535858785862661e-01
-1.504049020724396168e-02 5.056558126009824683e-02
-4.842558459759116474e-03 -6.787075854612711900e-02
2.877322612642677635e-01 -4.536310084408805565e-01
-3.261204175577847586e-03 3.552875663689040175e-01
-6.051944051100854871e-02 -3.976916800098468929e-01
-2.585753477292567215e-01 -4.027035034478286812e-01
6.637937268924143375e-03 -9.767763478731539273e-03
-1.238973351853164262e-01 -3.955224237982108981e-01
-1.874032450556555318e-01 -4.351366075927576293e-01
-3.374508286039649141e-01 -4.300933791369818682e-01
3.586860836073171299e-01 -4.082273225768536795e-01
-9.159786040120621031e-02 -3.593569455283990299e-01
-2.042071915432763785e-01 -3.938932374430657024e-01
-3.428064829625079302e-01 -4.597293105345851005e-01
-3.949817648116470403e-01 -3.874671417543691376e-01
3.280181873987229046e-01 -4.196177890232114516e-01
-4.854383465872229575e-01 -4.772829039596028222e-01
-1.032615297768167961e-01 -4.176252269443322396e-01
-2.242762680862147029e-01 -4.529101156183338306e-01
5.743513929936550078e-03 2.717654228799319949e-01
-3.745004561442959456e-01 -4.528106271424129359e-01
3.983699141040901726e-01 -3.890844895267121517e-01
-3.286379424751645351e-01 -4.144004595444017447e-01
2.359832930616868607e-01 -3.924595733080055160e-01
2.832283771802619476e-01 -3.653800266315346823e-01
4.878652027095597976e-02 -3.818878293420815417e-01
2.768446693758492838e-01 -4.348967913978721844e-01
-2.106999741139224946e-01 -3.777618767510717568e-01
1.282095834264953549e-01 -4.181159244882661774e-01
6.992271775028546799e-02 -4.403501206877519225e-01
-1.864918883643124081e-01 -3.913501106704865284e-01
-5.096017458444279669e-02 -4.357851668202398221e-01
2.869276171503780670e-01 -3.933400070521196890e-01
4.452735469355986186e-01 -4.494763447517841071e-01
4.494989756446813312e-01 -3.883352098979112599e-01
4.308730244163250234e-02 -3.856238288553498483e-01
3.474354725137434041e-01 -4.309628486100161027e-01
3.548834073899227448e-01 -4.204013848374300588e-01
-4.840066746241526996e-01 -4.129981260251603947e-01
-2.318308250247913538e-02 -2.673005603183858936e-01
-1.033426860788688728e-02 3.187687551920115325e-02
4.385466828268724804e-02 -4.042123155551694547e-01
-4.038688145162772081e-02 -4.235550004950634495e-01
2.156270021623700739e-01 -3.764829732367017678e-01
5.434838522866747290e-02 -4.087459357473300914e-01
-7.073114237379884983e-03 -3.319676945082996600e-01
-6.497182164415082894e-03 -2.286433195035743049e-01
