-1.235046958360328517e-01 -1.535707748345601642e-01
1.751329339182068345e-01 -1.526786173479135478e-01
3.471678305597125647e-02 1.650880481674584788e-01
-2.966317502332858069e-01 -1.638177188045202293e-01
3.449577062536246519e-02 -2.737408787990575076e-01
2.959491592660201675e-02 -1.789351032383504903e-01
3.599006308142294053e-02 -2.946525091765587190e-01
1.925886171792676738e-01 -1.161239642405119676e-01
-1.776750839956658945e-01 -1.192474253570086073e-01
4.257315681475459801e-02 1.181411791795919930e-01
2.332811249098065698e-02 3.239570876633312002e-01
-3.045912415725530176e-01 -1.212717585285557620e-01
-5.507088727766962233e-02 -1.603956193132707320e-01
2.820152900860595224e-02 1.132330717323367653e-01
-4.929821137779878404e-01 -1.371389550127957158e-01
4.952449521449665548e-01 -1.372344904210441863e-01
4.602035772467616415e-02 2.373761921084361903e-01
1.104639313632242992e-01 -1.543454905372542152e-01
3.504942008680811405e-02 2.808796258044182759e-01
3.536585666709213260e-02 -2.205422896727827764e-01
2.955794135257905353e-02 -1.468696318744221463e-01
1.155084488157496203e-01 -1.233891627851200212e-01
3.173729497258848120e-02 -4.281043189928491755e-01
4.182098400388956083e-01 -1.197229981390920406e-01
3.450606638850572949e-02 4.622318087610222115e-01
1.087529569315331957e-01 -1.436771113140027367e-01
4.627065256706712759e-01 -1.352380734522169448e-01
2.156453590760505357e-01 -1.195806388021499744e-01
4.471434236995619482e-02 4.325976568031696390e-01
-1.149829233531992623e-01 -1.429033123993121990e-01
-2.421433047174084141e-01 -1.562962196846789942e-01
3.738960446130847881e-01 -1.311156576751264513e-01
2.540446798182660615e-02 2.181320792612568837e-01
3.925157640867049658e-02 1.415815549069836532e-01
-2.982379931253830163e-01 -1.495771089180311098e-01
3.931839475740328549e-02 2.386085816309634344e-01
3.124991793402887019e-02 -3.053003930208556538e-01
2.385211568482004107e-02 -2.429083325492276124e-02
2.649038888628885147e-02 1.388868113903726220e-01
4.100955220321029771e-01 -1.343962706524562956e-01
-9.112915438786228783e-02 -1.378497332041423995e-01
-3.853618948103826325e-01 -1.220306131451597276e-01
4.741176483662804531e-01 -1.532628322485046768e-01
3.676786517843289026e-01 -1.490756601556528782e-01
6.364608969243290559e-03 -1.315258333094259102e-01
1.236146254494436825e-01 -1.471143305762910858e-01
4.894393758308102083e-02 -3.392544346334148697e-01
-3.882810046361589995e-01 -1.200375123699344293e-01
2.029420185206223248e-01 -1.626769699544712289e-01
-4.827518932037844213e-02 -1.449491279948786904e-01
3.954548587323791775e-02 3.159209328766391378e-01
5.028049101937748233e-02 3.326623134155957118e-01
1.798959725367658136e-01 -1.555215844012625137e-01
4.224964421539556536e-02 -4.372100175090166685e-01
2.218182969626204537e-01 -1.517805702700405490e-01
-4.186593919479286718e-02 -1.335190472932811234e-01
-2.163041487269036223e-01 -1.196309263148689350e-01
6.095387134343366320e-02 -1.145974764847200733e-01
-1.095275444084793381e-01 -1.562469713987451048e-01
2.916040211586360398e-01 -1.389353189143776035e-01
4.203116810196716457e-02 -4.587227006152190256e-01
4.452988543893822149e-01 -1.259400109830729475e-01
4.268477423288306039e-01 -1.614264239019899128e-01
4.900421446610357945e-01 -1.317541363481187222e-01
2.076044989260024121e-01 -1.204932856915419404e-01
3.087049437282222142e-01 -1.524500564164823491e-01
-4.213933818499996375e-01 -1.429971781925540864e-01
4.774996778699743816e-01 -1.354220271348881566e-01
-1.954066744588585092e-01 -1.364960924194904557e-01
-1.979513951260853943e-01 -1.591464607715453727e-01
4.109351109888843556e-01 -1.236265782632004484e-01
-3.930270385381295917e-03 -1.164900153679152561e-01
4.220721719545650341e-02 4.489107123749314088e-02
-1.440442990132428935e-02 -1.340846900662986396e-01
-2.529936469327832560e-01 -1.263793961790352638e-01
3.231504714385302623e-02 -7.973186592014491758e-02
2.424097635838874387e-01 -1.247735161592137265e-01
2.306621729174673785e-02 4.259159892026858074e-01
3.517456931246287777e-02 1.838216981058347077e-01
-3.050776018682936908e-01 -1.205211454808806648e-01
3.804491543648917951e-01 -1.535557051149450958e-01
4.678102011301632501e-02 -1.916601794705803385e-01
1.525372413033901919e-01 -1.263101838393330123e-01
2.923352219849585376e-01 -1.441775210650931838e-01
3.394440288888600499e-02 4.888688039004440711e-03
2.684603735613322328e-02 -3.082484802859662976e-01
-1.022790064146841260e-01 -1.420013650144003048e-01
3.852166579231963706e-02 2.458263237928600686e-01
3.058039240482003374e-01 -1.189275668150828746e-01
-1.291222501663469302e-01 -1.319907493602362480e-01
5.222419572939041021e-02 -3.589323141963317587e-01
2.848712105290418517e-02 -1.044692829433538916e-01
2.966354109286628571e-02 -1.844618752130713357e-01
2.700243087134807096e-01 -1.295476724525064238e-01
2.056087445487566612e-01 -1.195629731954015451e-01
-3.469706950082536157e-01 -1.586290626998859699e-01
3.484458788969635457e-02 4.385990487312770858e-01
2.991805843147687938e-02 -4.325190036513104630e-03
-2.974830940390346123e-01 -1.208021085001590444e-01
8.936437249079098866e-02 -1.416691033743930905e-01
2.417825635395398631e-02 -4.639237989869345880e-01
2.292452028001501496e-02 6.207761809601863856e-02
2.845878109958654978e-02 -3.341282519721958666e-01
1.767749611285673872e-02 -1.148223779477398621e-01
3.571935275034232582e-02 4.209484630563843366e-01
4.602719199607920864e-01 -1.444292905829601681e-01
-5.345484145429790779e-03 -1.629679318738540550e-01
4.173586268414741784e-02 -2.529597674002941332e-01
4.256489905657606654e-01 -1.178834234447458940e-01
-7.480789984917535218e-02 -1.525842844459078806e-01
2.149629583091628993e-01 -1.186250156751406104e-01
2.381397081645264535e-02 -1.370161734201236214e-03
5.202459775861745239e-02 -3.270111067522529780e-01
-3.448119277981788189e-01 -1.152172184689399526e-01
4.193635571884035684e-02 -6.503371741400154615e-02
4.381384617714634278e-02 -6.124823058294281974e-02
-3.413663713534593747e-01 -1.579818484304763571e-01
1.318908481044012149e-01 -1.349535958333069052e-01
-2.478152539201127214e-01 -1.357107277247626698e-01
4.495418250123588422e-01 -1.483927619706927326e-01
2.284573061323624810e-02 -4.409143909309656273e-01
4.921062805533368278e-01 -1.609014535287773828e-01
-4.992800584170463685e-01 -1.415711998522208859e-01
4.901159026665202756e-02 1.866550397005235506e-01
-4.001811823001584223e-01 -1.249684390224815589e-01
-4.880939908352297518e-01 -1.533521908634187803e-01
-2.550802884891645306e-01 -1.396256770951673776e-01
1.849106528781692127e-01 -1.431632440031833653e-01
3.410551730766797629e-01 -1.250903673276895223e-01
7.392107353428967187e-02 -1.261483590452241454e-01
3.532211680944443710e-01 -1.299105936778761627e-01
2.475945548660296591e-02 3.568624990308122413e-02
-6.390593448921477737e-02 -1.186617811326098337e-01
2.404556656421568128e-01 -1.640092204776847362e-01
-4.546585518091015299e-01 -1.164064446287640386e-01
1.069149666784374730e-01 -1.398738248272960449e-01
-1.664362848909084480e-02 -1.253345173436013482e-01
4.489992337142989509e-02 -1.530369573673191486e-01
3.035846678797049503e-02 3.790293805998306009e-01
2.880347555262774417e-02 -1.639826843994274252e-01
4.205240033983221881e-01 -1.476579686643851863e-01
3.442965742945824914e-02 -5.436666168124926202e-02
1.234337796850207836e-01 -1.640860911840856806e-01
-3.445433427863673348e-01 -1.224591695059982221e-01
-2.906615701945822750e-01 -1.142932272238644797e-01
3.659873452575801434e-02 -2.932229282769804879e-01
-2.576395849845163344e-01 -1.497475912621891725e-01
4.029233146737354332e-02 1.604993374651675353e-01
4.334843582370817572e-02 3.078017217551864970e-01
-2.406359597592021560e-01 -1.431340710307997810e-01
4.796959578955373171e-02 -1.653561182637952598e-02
3.838597594223679410e-01 -1.651659691994118440e-01
2.361348998164569668e-01 -1.322780916282809693e-01
-1.977314474707144720e-01 -1.532922774738173510e-01
2.680603954376351572e-01 -1.148792047105474667e-01
1.719773768919162782e-01 -1.629575758270491725e-01
-4.172588821222076305e-01 -1.161125578795128011e-01
3.909804032925834338e-02 -1.294720796990171952e-01
2.863510299802827230e-01 -1.372033572739864704e-01
1.347922491823131397e-01 -1.350657596826860818e-01
3.303646250322977984e-02 4.743814503655214843e-01
4.513717556105344419e-01 -1.436445254802219962e-01
3.242426995492597719e-02 -1.465257422844910007e-01
3.285110630563471412e-01 -1.568867277009771133e-01
3.171430495122591342e-01 -1.471858262152077046e-01
1.990364824173523894e-01 -1.509692204883691380e-01
1.046186115215710366e-01 -1.345658766919823890e-01
4.887406290357199090e-01 -1.555659970555858251e-01
-8.089315508760264173e-02 -1.655042805118929206e-01
3.892045600435167785e-02 9.340684240231067470e-02
2.757847430335665928e-01 -1.388275997261843031e-01
2.967982006155123198e-02 4.538447668391557555e-01
4.664174501549134266e-02 1.834990547629228308e-01
-3.542132596185125770e-01 -1.640901766435837184e-01
2.142486561752143803e-02 1.685146504020966773e-01
2.331912714666928288e-02 2.627017314770141443e-01
4.406207782135040940e-02 -4.536651329832755986e-01
8.746498739677111001e-02 -1.153786122719676621e-01
-2.792858926137764541e-01 -1.169796318855144124e-01
4.949154620054697640e-01 -1.331629529928775035e-01
-5.886610208776976716e-02 -1.296661856910070743e-01
1.609795473544183286e-01 -1.369686219642700653e-01
1.484195113267914312e-01 -1.178236049745353675e-01
4.840797564672394415e-02 4.936284003135799070e-01
4.526949991917478267e-01 -1.194231688585826179e-01
4.689038819020063809e-02 4.021535865327183767e-01
4.341156951889957316e-02 -2.928456222100609407e-01
3.230909460218289730e-02 2.879472303315627757e-01
-2.490763636552885130e-01 -1.593296214439171576e-01
2.961293482347937545e-02 2.181316586662784829e-02
2.199480467988923493e-02 3.992023484426985291e-01
2.310676466321837097e-02 -3.162512169153417485e-01
4.500541194101415066e-02 1.828905656059636176e-01
-6.574788366373041093e-03 -1.444034451875962910e-01
5.117633986001257629e-02 -2.535449540689087566e-01
1.901792582556239841e-01 -1.462340169709838156e-01
-1.430145112388624407e-01 -1.316135280283536879e-01
3.192810240589438742e-02 1.276676350911868374e-01
-4.802566223074262730e-01 -1.263913047312635873e-01
-3.082097510314577571e-01 -1.598817547105695347e-01
4.230439388630213848e-02 -2.308342569567800595e-03
2.801530396176366011e-02 4.060246766005022323e-01
-3.566533176462516330e-01 -1.522994963533682578e-01
-1.537240579850627231e-01 -1.474368434997308519e-01
4.619179000530138079e-02 4.762452829839703972e-01
-2.979387596524120108e-01 -1.166599566189852055e-01
1.548602005313037822e-02 -1.204860126740227022e-01
5.230112537648035076e-02 2.620202522059522643e-02
4.806167372840941532e-01 -1.374213190983699651e-01
3.976825335031208830e-02 2.308677775448094716e-01
1.537413890350272094e-01 -1.184916446359263187e-01
4.716256071632244362e-01 -1.232879874988228597e-01
2.181073391943230133e-01 -1.402866975733029209e-01
-1.089401879137972262e-01 -1.557535096696138766e-01
3.540617010261271069e-02 -1.858527398291875965e-01
3.328452503397261175e-02 -2.084827822422362642e-01
-2.978563618257965562e-01 -1.447753952061390237e-01
4.283818648212056601e-01 -1.418554341467735957e-01
4.898028854849711955e-02 2.003387664847964267e-01
-2.732734245164261111e-01 -1.517166840697420360e-01
4.998268850959688425e-01 -1.326776296302274449e-01
3.240976054477275881e-01 -1.269702208376217722e-01
-9.075129180080043767e-02 -1.578179005633131293e-01
3.916900676848389384e-02 -4.835575897505375309e-01
-2.997321991814277942e-01 -1.180201532938816023e-01
-1.926638666232305397e-01 -1.601843174459431918e-01
4.237261130940972453e-02 3.750465748965127188e-01
-3.405184587182409350e-01 -1.286140142608989123e-01
4.800158033961099413e-02 1.176072269621595279e-01
2.166218560542276794e-02 4.327272805785287169e-02
-2.909937147768139054e-01 -1.348201618353429554e-01
3.709618488456567498e-02 3.709736072757193748e-01
4.303115422889336461e-02 1.509070474787543858e-01
5.136046131959481897e-02 -3.924733669141823311e-01
2.654604117562731069e-02 3.353310819851345048e-01
4.781288407698629506e-01 -1.432179603710782567e-01
-9.259335082065023315e-02 -1.333491435755295162e-01
1.760887774320656352e-01 -1.506885276805322027e-01
4.377213421254332326e-01 -1.424787593923072526e-01
4.683594721130013294e-02 3.447172077115927546e-01
-3.713069595544100654e-01 -1.644000196223688315e-01
-4.301027986918041224e-01 -1.275015506181957914e-01
-2.779142880184992670e-02 -1.611358514107065210e-01
-2.709650685883732146e-01 -1.192429435855284492e-01
1.822080141278464849e-01 -1.527278145613423233e-01
3.464093541123902664e-02 2.779062447611939657e-01
-4.578209071173584555e-01 -1.582482297946250505e-01
2.547285496624658307e-01 -1.325539261991675044e-01
4.147311556975108449e-02 2.376711203540045059e-01
5.073950941951399507e-02 -3.738917890089452634e-01
3.735906498289476296e-02 -2.952161424994865779e-01
4.918196837804189592e-01 -1.512298537448589775e-01
2.834307987344154567e-01 -1.563482227887081910e-01
3.267067288313862949e-02 -1.183529009953463440e-01
-2.495934923015685758e-01 -1.491091292957185122e-01
4.806588929268262866e-02 1.630555409553899882e-01
-3.235971069518916998e-02 -1.358724177046961579e-01
2.934166362414961648e-01 -1.554916871198751549e-01
-1.944273685270186958e-01 -1.145052884923630776e-01
-1.022629118579666541e-01 -1.443094908879536398e-01
4.958294538860502643e-01 -1.318786494047877733e-01
1.562748282107530029e-01 -1.613995814046731425e-01
4.678086045531650861e-01 -1.364076602524465498e-01
2.730616475601355120e-02 2.132883634091813363e-01
2.359163881179777711e-01 -1.211607457415351252e-01
4.818075716707259648e-02 -4.032935455292689930e-01
4.703627372995489164e-02 1.275051940737393918e-01
-7.036804726086942630e-02 -1.293858544171946345e-01
4.565294131602815053e-02 -2.915872681724536175e-01
2.959526211325916867e-01 -1.406606162017777217e-01
2.280132748363405959e-02 -2.018990140205719763e-01
2.301806859848565256e-02 2.109035883179023463e-01
3.302557972498076921e-01 -1.340110000030022563e-01
-1.160502598746127045e-02 -1.229741124773542360e-01
-8.813617776869397957e-02 -1.270728883184206737e-01
5.044183709644112223e-02 3.584962840722721866e-01
3.201201963395883254e-02 -1.899449408482269952e-01
-2.540003904184044980e-01 -1.240782566379942109e-01
2.230205829986695587e-01 -1.297026461992699664e-01
4.549346072963933452e-02 -1.051611160575760540e-01
4.236408435189709110e-02 -1.085788391963273813e-01
-8.067696704667448593e-02 -1.540910840283982175e-01
2.648871129933527691e-02 4.020350504764205191e-01
4.372617901308617494e-02 -1.495361911007775380e-02
4.792499779776526747e-02 -2.789329048588463644e-01
-4.227303534487636405e-02 -1.201124253283429866e-01
-4.192029660110410116e-01 -1.560085197537952606e-01
4.364146808960756019e-02 1.045114280308552246e-01
3.360411417048065896e-01 -1.604801001682528705e-01
-3.822633988277235328e-02 -1.538740747026824396e-01
3.597021913856501829e-02 -1.082589779224845117e-01
6.421109482096787335e-02 -1.450657722055005427e-01
4.034950321058938805e-02 3.664641728485242833e-01
4.026475470954282709e-02 -3.204409073942819930e-01
-4.331931826658835805e-01 -1.479921460277000556e-01
5.153067291456658872e-02 3.625499236794132996e-01
2.434745629687662394e-02 3.567967408460318568e-01
4.322329243795483000e-01 -1.518605060021499531e-01
9.528348539555087093e-02 -1.244705051375102345e-01
3.789018171889257935e-02 -1.960489919607412146e-01
-4.331357375667691523e-01 -1.351432598959740883e-01
-2.623358911605688792e-01 -1.338938967857358220e-01
-1.190683870517207366e-01 -1.316940262230567038e-01
2.601754328820533591e-01 -1.289327089123692982e-01
3.022525540608189676e-02 -4.518373820743261104e-01
5.875731947534801325e-02 -1.402258008460626204e-01
3.843686184318106935e-02 -2.700525862238385422e-01
4.715502136969361713e-01 -1.353760102701170309e-01
1.368362279182877561e-01 -1.160333154150344770e-01
-4.611066884927988996e-01 -1.232499821559912556e-01
-3.114414295596600324e-01 -1.191401176360078473e-01
2.820993117930559180e-02 1.158141899993080370e-01
2.684261810726444875e-01 -1.209143278201392224e-01
-1.974983209714797905e-01 -1.287362269794050107e-01
3.285845960155131529e-02 -1.677119220585178150e-01
-2.729441205248350766e-02 -1.356696889697411867e-01
4.785857593614573080e-02 -1.044855558852025856e-01
1.320821292180823781e-01 -1.231698904545934781e-01
2.553873799366912500e-02 2.545459065161485013e-01
5.194554359741643257e-02 -2.685320657711308678e-01
4.873299685436294215e-02 -4.390941136216680585e-01
-1.519063418304413826e-01 -1.312209292677445349e-01
2.722354249152673100e-01 -1.475865890619943999e-01
-4.336080328299459774e-01 -1.458034006474654420e-01
1.244339500760498485e-01 -1.392229936317314065e-01
7.811820628607335504e-02 -1.270335774673735374e-01
3.186712742864382664e-01 -1.146850425319160260e-01
4.950611397731292662e-01 -1.547733974524657663e-01
-3.005978308120247355e-01 -1.354682062433716361e-01
-2.303207884911955272e-01 -1.205147898010805463e-01
-1.850621860596987078e-01 -1.219558576842978415e-01
-4.441912715412843493e-01 -1.143007767077904857e-01
3.287842801232078171e-01 -1.285969026889072220e-01
3.475707864745813946e-02 2.894193678679959358e-01
-4.619360003149778349e-01 -1.475310978583617150e-01
3.204811230034863012e-01 -1.154535480238471079e-01
-4.410050620044184688e-01 -1.606800207977500117e-01
2.707996583338272423e-01 -1.346500485846142681e-01
2.519863346645839774e-01 -1.246280250443672077e-01
-4.109552543175798434e-02 -1.424755871148223330e-01
4.442320951632727777e-02 -2.358263201803373343e-01
-3.664477295831257697e-01 -1.490697276264116855e-01
3.720417443986745454e-02 4.860447654766509862e-01
3.830428619084746966e-02 9.083903404704662954e-02
4.360717456275253756e-02 2.971031458138614356e-01
2.537479227683338001e-01 -1.438851072979016044e-01
-6.737599712951669595e-02 -1.565919628909113737e-01
-1.465324808205736851e-02 -1.600176398129515842e-01
3.097552765289890431e-02 -1.499960904084408631e-01
2.093884279261918335e-01 -1.284261619533559884e-01
4.021989637053009492e-01 -1.375696494608992237e-01
2.749631286896403459e-02 3.070603002477948484e-01
2.749401874335988261e-02 -3.651027528446549875e-01
-3.670592383848292339e-01 -1.356093283140613615e-01
-2.157530903845945591e-01 -1.638691933089535535e-01
2.747812921057524171e-02 -2.685519640383982054e-01
2.792453441060960273e-02 -9.706508876280894871e-02
4.635707829736102070e-02 -2.644844841072269137e-02
4.126809638474672193e-01 -1.186365306188392754e-01
2.836242710181591242e-02 -2.216863967602312746e-01
2.432300258486397304e-02 -2.941488883451208736e-01
-2.194201176261174613e-01 -1.338199967966700044e-01
1.146166772790839783e-01 -1.606217644527367927e-01
3.250679565843284102e-02 -4.283016478666579196e-01
3.510453879444697112e-02 -3.638755557132089535e-01
-3.351884221104132200e-01 -1.613160938060504979e-01
5.360221806583131965e-02 -1.189080223107761292e-01
3.542209025142258882e-01 -1.548959036626581520e-01
4.021616865354071813e-02 3.422707162560506555e-01
7.336481314134168930e-02 -1.480454550920655699e-01
4.878510722860962545e-02 4.045215078847195223e-01
4.370132268864224123e-02 -4.012880836506450555e-01
-4.825680584596269140e-01 -1.482214241268451360e-01
4.285652403065742799e-02 2.912431427644739390e-01
4.074215485782817225e-02 2.320751693787844738e-01
5.200777746548623792e-02 -2.052630424927608388e-01
3.220107014482198604e-02 -4.036750430718056837e-01
-7.272827925965819063e-02 -1.554968905056205442e-01
3.910918966781185002e-02 4.186925306041722195e-02
-2.396800920472105245e-01 -1.323256597958775149e-01
4.911933339465046622e-02 3.824112623611127804e-01
3.641591136399047191e-02 -2.600001354312112545e-01
6.347675712975220375e-02 -1.639837057523105823e-01
-3.312123707242561332e-01 -1.289538169014033953e-01
-2.073664140696336311e-01 -1.654455279393129974e-01
3.573557954120648583e-01 -1.147802830581147182e-01
-1.313971707933084820e-01 -1.485093809106584617e-01
1.848394755380387000e-01 -1.479760900504795140e-01
-3.664942610330883532e-01 -1.647702702403986974e-01
-4.371638882991750741e-01 -1.319020346410753053e-01
-2.576409229643934484e-01 -1.150453561509049427e-01
3.846685206625422015e-02 3.189200551809989737e-01
4.389742700347598614e-02 2.809507953664078794e-01
-7.645365016422034365e-02 -1.202713990269393962e-01
4.853661939060804897e-02 -1.902521260712275453e-01
1.202114302296998227e-01 -1.379869440410687043e-01
4.027667015286362506e-02 -5.674863207680913568e-02
5.018612567229141508e-02 -5.513615445159825157e-02
4.449826528828726424e-02 -3.635077788596686732e-01
-3.225705018608790997e-01 -1.510228734378495918e-01
5.185696704739739538e-02 -4.651349165657403528e-02
3.435504778160403117e-02 -3.624376488473761704e-01
3.388133197543985453e-02 -3.556365269609217394e-01
1.771169942150332410e-01 -1.404156499737925223e-01
3.393308818879681166e-02 2.928010070815167953e-02
4.467226677565450110e-02 2.277557745110013743e-01
3.195745757699197664e-02 -3.200398664904693380e-01
1.504200085865313730e-01 -1.359028037685189316e-01
3.928014707012605911e-02 -1.553556500427687448e-01
2.286041523606089365e-01 -1.554654922652773941e-01
2.875624528397768831e-02 2.973127049090629193e-02
4.712599472064826767e-02 -8.282008444026878191e-02
4.666553895876746072e-02 2.553563892574042260e-01
2.478020953361925738e-01 -1.145942049750544589e-01
-4.952082092139604708e-01 -1.544952595515542981e-01
-2.134868966932166323e-01 -1.358846701824691916e-01
2.833351182971366455e-02 3.664965554228627465e-02
-4.740204126969976839e-01 -1.145833341874833433e-01
3.561091056077014816e-02 -3.398873207607582270e-01
-3.027626507818987900e-01 -1.510523934732399542e-01
2.494314466567881805e-02 -4.416379726975329101e-01
2.746897078916841206e-01 -1.224862839563214401e-01
2.556548521968418086e-01 -1.406755582298631069e-01
-3.924653976198908545e-01 -1.174907319771933967e-01
3.007134969679370329e-02 2.976849962008571993e-01
